編號,屋齡,建物移轉面積平方公尺,主要用途,主要建材,建築完成日期,總層數,建物分層
The serial number,room age,building shifting area square meter,the main use,main building materials,construction completes the date,total layer,building lamination
RPWNMLRJKIPFFBC78DA,37,104.66,住家用,鋼筋混凝土造,72年11月11日,五層,五層 陽台
RPOOMLRJKIPFFBC08DA,3,103.04,集合住宅,鋼筋混凝土造,106年10月18日,十五層,十四層 陽台 雨遮
RPOOMLRJKIPFFBC08DA,3,55.64,本共有部分之項目有公設空間、門廳、防空避難室兼停車空間、停車空間、社區中心、機械室、游泳池及管委會辦公室等共八項,鋼筋混凝土造,106年10月18日,十五層,
RPOOMLRJKIPFFBC08DA,3,21.04,本共有部分之項目有電梯間、樓梯間、蓄水池及水箱等共四項,鋼筋混凝土造,106年10月18日,十五層,
RPOOMLRJKIPFFBC08DA,3,.66,本共有部分之項目有台電配電室共一項,鋼筋混凝土造,106年10月18日,十五層,
RPVNMLTJKIPFFBC88DA,25,23.35,商業用,鋼筋混凝土造,84年12月5日,三層,水箱 地下層
RPVNMLTJKIPFFBC88DA,25,151.26,住家用,鋼筋混凝土造,84年12月5日,三層,一層 二層 三層 陽台 水箱 露台 花台 雨遮
RPQOMLRJKIPFFBC28DA,31,130.35,住家用,鋼筋混凝土造,78年6月29日,五層,四層 陽台
RPPNMLOJKIPFFCC87DA,2,30.31,本共有部分之項目有公共服務空間、戶外安全梯、儲藏室、排煙室、梯廳、無障礙樓梯、管委會使用空間、雨遮、陽台、服務台、車道、排煙室兼梯廳、（排風室）機電設備空間、機電設備空間（發電機室）、防空避難室兼停車空間、（進風室）機電設備空間、垃圾車停車位、垃圾集中場、機械室、（電信室）機電設備空間、Ｂ棟水箱、機電設備空間（消防幫浦室）、Ａ棟水箱、停車空間、樓電梯間、消防水池、水箱共二十七項。,鋼筋混凝土造,108年1月2日,十五層,
RPVNMLRJKIPFFCC78DA,7,60.26,集合住宅,鋼筋混凝土造,102年3月29日,十二層,十層 陽台 雨遮
RPVNMLRJKIPFFCC78DA,7,25.46,本共有部分之項目有安全梯、電梯、供行動不便者使用電梯、門廳、梯廳、公共服務空間、陽台、出入口雨遮、排風、男廁、女廁、消防水箱、供管委會使用空間、機房、水錶、電錶室、受電箱室、電錶間、水電、台電配電室、污水、進風、發電機室、泳池機房、電信機房、垃圾儲存空間、受電箱通道、防空避難室兼停車空間、獎勵停車位、法定停車位、變電室、消防泵浦室及停車空間等３３項,鋼筋混凝土造,102年3月29日,十三層,
RPWNMLOJJIPFFCC48DA,23,1.55,共用部份,鋼筋混凝土造,86年5月8日,十一層,
RPWNMLOJJIPFFCC48DA,23,70.33,住家用,鋼筋混凝土造,86年5月8日,十一層,九層 陽台 雨遮
RPWNMLOJJIPFFCC48DA,23,10.72,共用部份,鋼筋混凝土造,86年5月8日,十一層,
RPWNMLOJJIPFFCC48DA,23,.79,共用部份,鋼筋混凝土造,86年5月8日,十一層,
RPPOMLMJJIPFFCC67DA,2,50.84,集合住宅,鋼筋混凝土造,107年10月9日,七層,一層
RPPOMLMJJIPFFCC67DA,2,35.85,本建物共有部分之項目有停車空間‧防空避難室兼停車空間等共２項,鋼筋混凝土造,107年10月9日,七層,
RPPOMLMJJIPFFCC67DA,2,27.37,本建物共有部分之項目有樓梯間‧機房‧電梯機房‧水箱‧泳池機房‧台度‧雨水回收機房‧緊急升降機‧排煙室‧安全梯‧污水機房‧通風機房‧消防泵浦‧消防水池‧游泳池‧台電配電場所‧機車車道‧管委會空間‧防空避難室‧電錶牆‧電信室‧管理員室‧裝卸空間‧垃圾儲藏室‧發電機室‧公共服務空間‧門廳‧梯廳‧行動不便樓梯‧停車位等共３０項。,鋼筋混凝土造,107年10月9日,七層,
RPXNMLRJKIPFFCC98DA,30,120.70,住家用,鋼筋混凝土造,80年3月9日,五層,四層
RPXNMLRJKIPFFCC98DA,30,19.54,共用部份,鋼筋混凝土造,80年3月9日,五層,
RPQNMLSJKIPFFCC38DA,37,78.77,住家用,鋼筋混凝土造,72年11月24日,四層,四層 陽台
RPVNMLSJKIPFFCC88DA,5,.01,辦公室,鋼筋混凝土造,105年1月24日,,地下二層
RPVNMLSJKIPFFCC88DA,5,49.55,集合住宅,鋼筋混凝土造,105年1月24日,十八層,十層 陽台 雨遮
RPVNMLSJKIPFFCC88DA,5,.00,本共有部分之項目為受水池、安全梯、受水池機房、社區水箱、迴廊等共５項。,鋼筋混凝土造,105年1月24日,二十三層,
RPVNMLSJKIPFFCC88DA,5,.48,本共有部分之項目為受水池、安全梯、受水池機房、社區水箱、迴廊等共５項。,鋼筋混凝土造,105年1月24日,二十三層,
RPVNMLSJKIPFFCC88DA,5,.00,本共有部分之項目為排煙室、特別安全梯、緊急昇降機、機房、樓梯間、消防水箱、水箱、電梯機房、消防中繼機房、陽台、中繼室、中繼自來水箱、雨遮、中繼消防水箱、消防泵浦室、機電空間、安全梯  、發電機室、電信室、台電配電場所、大廳、行動不便者電梯、電梯  、１Ｆ門廳、２Ｆ門廳、３Ｆ門廳、台電管道間、消防幫浦室、泵浦  、走道、停車空間、配電箱、資源回收區、４Ｆ門廳、廚餘冷藏室、  不可回收垃圾區、緊急升降機、梯廳、電信機房、５Ｆ門廳、防空避難室兼停車空間、台電專用管道、雨水回收區、雨水收集槽、雨水回收及噴灌機房、６Ｆ門廳、游泳池及中庭景觀池機房、消防幫浦機房  、電信機房室、垃圾處理空間、７Ｆ門廳、機車位、社區中心、防災中心、水景機房等共５５項。,鋼筋混凝土造,105年1月24日,二十五層,
RPVNMLSJKIPFFCC88DA,5,36.12,本共有部分之項目為排煙室、特別安全梯、緊急昇降機、機房、樓梯間、消防水箱、水箱、電梯機房、消防中繼機房、陽台、中繼室、中繼自來水箱、雨遮、中繼消防水箱、消防泵浦室、機電空間、安全梯  、發電機室、電信室、台電配電場所、大廳、行動不便者電梯、電梯  、１Ｆ門廳、２Ｆ門廳、３Ｆ門廳、台電管道間、消防幫浦室、泵浦  、走道、停車空間、配電箱、資源回收區、４Ｆ門廳、廚餘冷藏室、  不可回收垃圾區、緊急升降機、梯廳、電信機房、５Ｆ門廳、防空避難室兼停車空間、台電專用管道、雨水回收區、雨水收集槽、雨水回收及噴灌機房、６Ｆ門廳、游泳池及中庭景觀池機房、消防幫浦機房  、電信機房室、垃圾處理空間、７Ｆ門廳、機車位、社區中心、防災中心、水景機房等共５５項。,鋼筋混凝土造,105年1月24日,二十五層,
RPRNMLSJKIPFFCC48DA,41,78.68,住家用,鋼筋混凝土造,69年2月12日,四層,一層
RPTNMLRJKIPFFCC58DA,41,82.62,住家用,鋼筋混凝土造,69年1月23日,四層,二層
RPSNMLKKKIPFFCC87DA,37,83.67,住家用,鋼筋混凝土造,73年1月12日,四層,二層 陽台
RPSRMLNJJIPFFBC28DA,49,112.47,住家用,鋼筋混凝土加強磚造,61年4月3日,三層,二層 陽台
RPQNMLSJKIPFFBC28DA,24,86.83,住家用,鋼筋混凝土造,85年11月29日,二十三層,二十一層 陽台 花台
RPQNMLSJKIPFFBC28DA,24,11.93,共用部份,鋼筋混凝土造,85年11月29日,二十三層,
RPQNMLSJKIPFFBC28DA,24,4.61,共用部份,鋼筋混凝土造,85年11月29日,二十三層,
RPQNMLSJKIPFFBC28DA,24,7.12,共用部份,鋼筋混凝土造,85年11月29日,二十三層,
RPQPMLKKKIPFFCC87DA,39,99.99,住家用,鋼筋混凝土造,70年11月6日,四層,三層 陽台
RPUNMLRKJIPFFBC58DA,,41.78,,鋼筋混凝土造,,,
RPRNMLSJKIPFFBC38DA,25,83.81,住家用,鋼筋混凝土造,84年10月4日,五層,四層 陽台
RPRNMLSJKIPFFBC38DA,25,10.48,共用部份,鋼筋混凝土造,84年10月4日,五層,
RPWNMLQKKIPFFCC98EA,2,48.06,集合住宅,鋼筋混凝土造,108年2月13日,十一層,十層 陽台
RPWNMLQKKIPFFCC98EA,2,48.06,集合住宅,鋼筋混凝土造,108年2月13日,十一層,十層 陽台
RPWNMLQKKIPFFCC98EA,2,10.42,本建物共有部分之項目有消防幫浦室‧地下室排氣口‧樓電梯間‧梯廳‧電信室‧自來水箱‧汙水設備室‧發電機室‧滯洪沉砂池‧機車位‧管委會空間‧垃圾儲藏室‧資源回收區排風管道‧台電配電室‧用戶配電室‧等共１６項。,鋼筋混凝土造,108年2月13日,十一層,
RPWNMLQKKIPFFCC98EA,2,10.42,本建物共有部分之項目有消防幫浦室‧地下室排氣口‧樓電梯間‧梯廳‧電信室‧自來水箱‧汙水設備室‧發電機室‧滯洪沉砂池‧機車位‧管委會空間‧垃圾儲藏室‧資源回收區排風管道‧台電配電室‧用戶配電室‧等共１６項。,鋼筋混凝土造,108年2月13日,十一層,
RPWNMLQKKIPFFCC98EA,2,1.42,本建物共有部分之項目有防空避難室兼停車空間‧停車空間等共２項。,鋼筋混凝土造,108年2月13日,十一層,
RPWNMLQKKIPFFCC98EA,2,1.42,本建物共有部分之項目有防空避難室兼停車空間‧停車空間等共２項。,鋼筋混凝土造,108年2月13日,十一層,
RPWNMLQKKIPFFCC98EA,2,9.07,本建物共有部分之項目有樓電梯間‧梯廳‧樓梯間‧機房‧水箱等共５項。,鋼筋混凝土造,108年2月13日,十一層,
RPWNMLQKKIPFFCC98EA,2,9.07,本建物共有部分之項目有樓電梯間‧梯廳‧樓梯間‧機房‧水箱等共５項。,鋼筋混凝土造,108年2月13日,十一層,
RPSNMLSJKIPFFBC48DA,37,104.12,住家用,加強磚造,72年11月21日,二層,一層 二層 陽台 平台
RPXNMLRJKIPFFBC98EA,22,58.94,住家用,鋼筋混凝土造,85年11月29日,二十三層,十三層 陽台
RPXNMLRJKIPFFBC98EA,22,12.20,共用部份,鋼筋混凝土造,85年11月29日,二十三層,
RPXNMLRJKIPFFBC98EA,22,4.40,共用部份,鋼筋混凝土造,85年11月29日,二十三層,
RPXNMLRJKIPFFBC98EA,22,5.01,共用部份,鋼筋混凝土造,85年11月29日,二十三層,
RPPNMLTJKIPFFBC38EA,31,105.56,住家用,鋼筋混凝土造,78年11月17日,十二層,八層 陽台
RPPNMLTJKIPFFBC38EA,31,12.43,共用部份,鋼筋混凝土造,78年11月17日,十二層,
RPPNMLRJKIPFFBC18EA,22,24.89,住家用,鋼筋混凝土造,85年11月29日,二十三層,十三層 陽台
RPPNMLRJKIPFFBC18EA,22,4.68,共用部份,鋼筋混凝土造,85年11月29日,二十三層,
RPPNMLRJKIPFFBC18EA,22,1.69,共用部份,鋼筋混凝土造,85年11月29日,二十三層,
RPPNMLRJKIPFFBC18EA,22,1.93,共用部份,鋼筋混凝土造,85年11月29日,二十三層,
RPWNMLTJKIPFFBC98DA,40,43.42,住家用,鋼筋混凝土造,69年7月2日,五層,三層 陽台 露台
RPROMLKKKIPFFBC77DA,,120.38,集合住宅,鋼筋混凝土造,109年7月21日,十五層,七層 陽台 雨遮
RPROMLKKKIPFFBC77DA,,89.43,本共有部分之項目有停車空間、防空避難室兼公眾停車空間、管委會空間、電梯、管道間、車道、陽台、樓電梯間、梯廳、機械室、梯間、水箱及垃圾車停車位等十三項,鋼筋混凝土造,109年7月21日,十五層,
RPXNMLQKKIPFFCC09EA,2,47.92,集合住宅,鋼筋混凝土造,108年2月13日,十一層,八層 陽台
RPXNMLQKKIPFFCC09EA,2,47.92,集合住宅,鋼筋混凝土造,108年2月13日,十一層,八層 陽台
RPXNMLQKKIPFFCC09EA,2,10.42,本建物共有部分之項目有消防幫浦室‧地下室排氣口‧樓電梯間‧梯廳‧電信室‧自來水箱‧汙水設備室‧發電機室‧滯洪沉砂池‧機車位‧管委會空間‧垃圾儲藏室‧資源回收區排風管道‧台電配電室‧用戶配電室‧等共１６項。,鋼筋混凝土造,108年2月13日,十一層,
RPXNMLQKKIPFFCC09EA,2,10.42,本建物共有部分之項目有消防幫浦室‧地下室排氣口‧樓電梯間‧梯廳‧電信室‧自來水箱‧汙水設備室‧發電機室‧滯洪沉砂池‧機車位‧管委會空間‧垃圾儲藏室‧資源回收區排風管道‧台電配電室‧用戶配電室‧等共１６項。,鋼筋混凝土造,108年2月13日,十一層,
RPXNMLQKKIPFFCC09EA,2,24.77,本建物共有部分之項目有防空避難室兼停車空間‧停車空間等共２項。,鋼筋混凝土造,108年2月13日,十一層,
RPXNMLQKKIPFFCC09EA,2,24.77,本建物共有部分之項目有防空避難室兼停車空間‧停車空間等共２項。,鋼筋混凝土造,108年2月13日,十一層,
RPXNMLQKKIPFFCC09EA,2,9.94,本建物共有部分之項目有樓電梯間‧梯廳‧樓梯間‧機房‧水箱等共５項。,鋼筋混凝土造,108年2月13日,十一層,
RPXNMLQKKIPFFCC09EA,2,9.94,本建物共有部分之項目有樓電梯間‧梯廳‧樓梯間‧機房‧水箱等共５項。,鋼筋混凝土造,108年2月13日,十一層,
RPQOMLSJKIPFFCC58EA,8,.04,集合住宅,鋼筋混凝土造,102年3月29日,十二層,一層
RPQOMLSJKIPFFCC58EA,8,82.59,集合住宅,鋼筋混凝土造,102年3月29日,十三層,十一層 陽台 雨遮
RPQOMLSJKIPFFCC58EA,8,18.49,本共有部分之項目有安全梯、電梯、供行動不便者使用電梯、門廳、梯廳、公共服務空間、陽台、出入口雨遮、排風、男廁、女廁、消防水箱、供管委會使用空間、機房、水錶、電錶室、受電箱室、電錶間、水電、台電配電室、污水、進風、發電機室、泳池機房、電信機房、垃圾儲存空間、受電箱通道、防空避難室兼停車空間、獎勵停車位、法定停車位、變電室、消防泵浦室及停車空間等３３項,鋼筋混凝土造,102年3月29日,十三層,
RPQOMLSJKIPFFCC58EA,8,34.78,本共有部分之項目有安全梯、電梯、供行動不便者使用電梯、門廳、梯廳、公共服務空間、陽台、出入口雨遮、排風、男廁、女廁、消防水箱、供管委會使用空間、機房、水錶、電錶室、受電箱室、電錶間、水電、台電配電室、污水、進風、發電機室、泳池機房、電信機房、垃圾儲存空間、受電箱通道、防空避難室兼停車空間、獎勵停車位、法定停車位、變電室、消防泵浦室及停車空間等３３項,鋼筋混凝土造,102年3月29日,十三層,
RPVNMLRJKIPFFBC68DA,,157.38,住商用,鋼筋混凝土加強磚造,,四層,三層
RPUOMLSJKIPFFCC88DA,37,85.66,住家用,鋼筋混凝土造,72年11月24日,四層,四層 陽台
RPOPMLKKKIPFFCC67DA,26,101.57,住家用,鋼筋混凝土造,84年1月17日,五層,三層 陽台
RPOPMLKKKIPFFCC67DA,26,15.82,共用部份,鋼筋混凝土造,84年1月17日,五層,
RPOPMLKKKIPFFCC67DA,26,2.91,壹層：辦公室．超級市場；貳層至肆層：辦公室,鋼筋混凝土造,84年1月17日,四層,一層 二層 三層 四層 陽台 水箱 電梯樓梯間 停車場 機械房 露台 地下二層
RPRPMLNKJIPFFCC18DA,39,88.99,住家用,鋼筋混凝土造,71年2月20日,四層,三層 陽台
RPRPMLLJKIPFFCC97DA,24,121.73,住家用,鋼筋混凝土造,85年5月8日,十六層,六層 陽台 花台 雨遮
RPRPMLLJKIPFFCC97DA,25,43.81,共用部份,鋼筋混凝土造,84年7月25日,十六層,
RPRPMLLJKIPFFCC97DA,25,.08,共用部份,鋼筋混凝土造,84年7月25日,十六層,
RPRPMLLJKIPFFCC97DA,25,3.82,共用部份,鋼筋混凝土造,84年7月25日,十六層,
RPRPMLLJKIPFFCC97DA,25,10.22,共用部份,鋼筋混凝土造,84年7月25日,十六層,
RPQOMLKKKIPFFBC67DA,,131.68,集合住宅,鋼筋混凝土造,109年7月21日,十五層,六層 陽台 雨遮
RPQOMLKKKIPFFBC67DA,,93.03,本共有部分之項目有停車空間、防空避難室兼公眾停車空間、管委會空間、電梯、管道間、車道、陽台、樓電梯間、梯廳、機械室、梯間、水箱及垃圾車停車位等十三項,鋼筋混凝土造,109年7月21日,十五層,
RPXOMLLJKIPFFCC48DA,23,.98,社區中心,鋼筋混凝土造,86年6月21日,九層,地下一層
RPXOMLLJKIPFFCC48DA,23,82.22,住家用,鋼筋混凝土造,86年6月21日,九層,八層 陽台
RPXOMLLJKIPFFCC48DA,23,13.50,共用部份,鋼筋混凝土造,86年6月21日,九層,
RPXOMLLJKIPFFCC48DA,23,.37,共用部份,鋼筋混凝土造,86年6月21日,九層,
RPROMLTJKIPFFCC68DA,42,30.02,住家用,鋼筋混凝土加強磚造,67年12月13日,五層,三層
RPROMLTJKIPFFCC68DA,42,30.02,住家用,鋼筋混凝土加強磚造,67年12月13日,五層,三層
RPWOMLKKKIPFFBC28DA,23,120.99,住家用,鋼筋混凝土造,86年11月21日,十八層,十八層 陽台 露台 花台
RPWOMLKKKIPFFBC28DA,23,16.90,共用部份,鋼筋混凝土造,86年11月21日,十八層,
RPWOMLKKKIPFFBC28DA,23,10.37,共用部份,鋼筋混凝土造,86年11月21日,二十一層,
RPWOMLKKKIPFFBC28DA,23,34.17,共用部份,鋼筋混凝土造,86年11月21日,二十一層,
RPTOMLKKKIPFFBC97DA,25,31.07,住家用,鋼筋混凝土造,85年4月26日,十六層,八層 陽台
RPTOMLKKKIPFFBC97DA,25,6.02,共用部份,鋼筋混凝土造,85年4月26日,十六層,
RPTOMLKKKIPFFBC97DA,25,3.75,共用部份,鋼筋混凝土造,85年4月26日,十六層,
RPTOMLKKKIPFFBC97DA,25,35.41,共用部份,鋼筋混凝土造,85年4月26日,十六層,
RPOOMLKKKIPFFCC57DA,8,.08,集合住宅,鋼筋混凝土造,102年3月29日,十二層,一層
RPOOMLKKKIPFFCC57DA,8,100.49,集合住宅,鋼筋混凝土造,102年3月29日,十二層,五層 陽台 雨遮
RPOOMLKKKIPFFCC57DA,8,36.98,本共有部分之項目有安全梯、電梯、供行動不便者使用電梯、門廳、梯廳、公共服務空間、陽台、出入口雨遮、排風、男廁、女廁、消防水箱、供管委會使用空間、機房、水錶、電錶室、受電箱室、電錶間、水電、台電配電室、污水、進風、發電機室、泳池機房、電信機房、垃圾儲存空間、受電箱通道、防空避難室兼停車空間、獎勵停車位、法定停車位、變電室、消防泵浦室及停車空間等３３項,鋼筋混凝土造,102年3月29日,十三層,
RPOOMLKKKIPFFCC57DA,8,40.52,本共有部分之項目有安全梯、電梯、供行動不便者使用電梯、門廳、梯廳、公共服務空間、陽台、出入口雨遮、排風、男廁、女廁、消防水箱、供管委會使用空間、機房、水錶、電錶室、受電箱室、電錶間、水電、台電配電室、污水、進風、發電機室、泳池機房、電信機房、垃圾儲存空間、受電箱通道、防空避難室兼停車空間、獎勵停車位、法定停車位、變電室、消防泵浦室及停車空間等３３項,鋼筋混凝土造,102年3月29日,十三層,
RPUOMLKKKIPFFBC08DA,26,13.79,共用部份,鋼筋混凝土造,84年4月1日,九層,
RPUOMLKKKIPFFBC08DA,26,89.73,住家用,鋼筋混凝土造,84年4月1日,九層,五層 陽台 雨遮
RPPNMLLKKIPFFBC67EA,18,.03,商業用,鋼筋混凝土造,91年7月12日,十四層,一層
RPPNMLLKKIPFFBC67EA,18,40.63,共用部份,鋼筋混凝土造,91年7月12日,十四層,
RPPNMLLKKIPFFBC67EA,18,.00,共用部份,鋼筋混凝土造,91年7月12日,十四層,
RPQNMLLKKIPFFBC77EA,24,76.76,住家用,鋼筋混凝土造,85年11月29日,二十三層,五層 陽台 花台
RPQNMLLKKIPFFBC77EA,24,10.41,共用部份,鋼筋混凝土造,85年11月29日,二十三層,
RPQNMLLKKIPFFBC77EA,24,4.51,共用部份,鋼筋混凝土造,85年11月29日,二十三層,
RPQNMLLKKIPFFBC77EA,24,41.61,增設停車位,鋼筋混凝土造,85年11月29日,二十三層,地下三層
RPQNMLLKKIPFFBC77EA,24,6.25,共用部份,鋼筋混凝土造,85年11月29日,二十三層,
RPPNMLLKKIPFFCC77EA,39,94.67,住家用,鋼筋混凝土造,70年10月1日,五層,三層 陽台
RPTNMLOKKIPFFCC48EA,39,83.20,住家用,鋼筋混凝土造,70年12月30日,五層,一層 平台
RPTNMLOKKIPFFCC48EA,39,4.01,共用部份,鋼筋混凝土造,70年12月30日,五層,
RPQNMLLKKIPFFCC87EA,,70.08,住家用,磚造,,一層,一層
RPPNMLOKKIPFFCC08EA,5,.01,辦公室,鋼筋混凝土造,105年1月24日,,地下二層
RPPNMLOKKIPFFCC08EA,5,51.68,集合住宅,鋼筋混凝土造,105年1月24日,十八層,十七層 陽台 雨遮
RPPNMLOKKIPFFCC08EA,5,.00,本共有部分之項目為受水池、安全梯、受水池機房、社區水箱、迴廊等共５項。,鋼筋混凝土造,105年1月24日,二十三層,
RPPNMLOKKIPFFCC08EA,5,.50,本共有部分之項目為受水池、安全梯、受水池機房、社區水箱、迴廊等共５項。,鋼筋混凝土造,105年1月24日,二十三層,
RPPNMLOKKIPFFCC08EA,5,.00,本共有部分之項目為排煙室、特別安全梯、緊急昇降機、機房、樓梯間、消防水箱、水箱、電梯機房、消防中繼機房、陽台、中繼室、中繼自來水箱、雨遮、中繼消防水箱、消防泵浦室、機電空間、安全梯  、發電機室、電信室、台電配電場所、大廳、行動不便者電梯、電梯  、１Ｆ門廳、２Ｆ門廳、３Ｆ門廳、台電管道間、消防幫浦室、泵浦  、走道、停車空間、配電箱、資源回收區、４Ｆ門廳、廚餘冷藏室、  不可回收垃圾區、緊急升降機、梯廳、電信機房、５Ｆ門廳、防空避難室兼停車空間、台電專用管道、雨水回收區、雨水收集槽、雨水回收及噴灌機房、６Ｆ門廳、游泳池及中庭景觀池機房、消防幫浦機房  、電信機房室、垃圾處理空間、７Ｆ門廳、機車位、社區中心、防災中心、水景機房等共５５項。,鋼筋混凝土造,105年1月24日,二十五層,
RPPNMLOKKIPFFCC08EA,5,21.12,本共有部分之項目為排煙室、特別安全梯、緊急昇降機、機房、樓梯間、消防水箱、水箱、電梯機房、消防中繼機房、陽台、中繼室、中繼自來水箱、雨遮、中繼消防水箱、消防泵浦室、機電空間、安全梯  、發電機室、電信室、台電配電場所、大廳、行動不便者電梯、電梯  、１Ｆ門廳、２Ｆ門廳、３Ｆ門廳、台電管道間、消防幫浦室、泵浦  、走道、停車空間、配電箱、資源回收區、４Ｆ門廳、廚餘冷藏室、  不可回收垃圾區、緊急升降機、梯廳、電信機房、５Ｆ門廳、防空避難室兼停車空間、台電專用管道、雨水回收區、雨水收集槽、雨水回收及噴灌機房、６Ｆ門廳、游泳池及中庭景觀池機房、消防幫浦機房  、電信機房室、垃圾處理空間、７Ｆ門廳、機車位、社區中心、防災中心、水景機房等共５５項。,鋼筋混凝土造,105年1月24日,二十五層,
RPVNMLLKKIPFFBC18DA,40,107.30,住家用,加強磚造,69年10月17日,二層,一層 二層 騎樓
RPRNMLNJKIPFFCC08EA,24,94.10,集合住宅,鋼筋混凝土造,85年7月5日,十六層,十二層 陽台
RPRNMLNJKIPFFCC08EA,24,15.19,共用部份,鋼筋混凝土造,85年7月5日,十六層,
RPRNMLNJKIPFFCC08EA,24,15.02,共用部份,鋼筋混凝土造,85年7月5日,十六層,
RPPNMLOKKIPFFBC97EA,65,69.24,住家用,加強磚造,44年6月15日,二層,一層 二層
RPXNMLLKKIPFFBC48EA,5,82.12,集合住宅,鋼筋混凝土造,104年8月18日,五層,五層 陽台 雨遮
RPXNMLLKKIPFFBC48EA,5,41.42,本共有部分之項目有停車空間、梯廳、樓梯間、水箱、機械室等五項,鋼筋混凝土造,104年8月18日,五層,
RPXNMLLKKIPFFBC48EA,5,5.06,本共有部分之項目有停車空間,鋼筋混凝土造,104年8月18日,五層,
RPUNMLLKKIPFFBC08DA,24,76.76,住家用,鋼筋混凝土造,85年11月29日,二十三層,十五層 陽台 花台
RPXNMLLKKIPFFBC48EA,5,5.29,本共有部分之項目有機房,鋼筋混凝土造,104年8月18日,五層,
RPUNMLLKKIPFFBC08DA,24,10.41,共用部份,鋼筋混凝土造,85年11月29日,二十三層,
RPUNMLLKKIPFFBC08DA,24,4.51,共用部份,鋼筋混凝土造,85年11月29日,二十三層,
RPUNMLLKKIPFFBC08DA,24,6.25,共用部份,鋼筋混凝土造,85年11月29日,二十三層,
RPQQMLOKKIPFFBC28DA,33,100.80,住家用,加強磚造,76年7月29日,二層,一層 二層
RPWNMLLKKIPFFBC28DA,23,65.45,住家用,鋼筋混凝土造,86年11月21日,十七層,九層 陽台 花台
RPWNMLLKKIPFFBC28DA,23,10.33,共用部份,鋼筋混凝土造,86年11月21日,十七層,
RPWNMLLKKIPFFBC28DA,23,5.60,共用部份,鋼筋混凝土造,86年11月21日,二十一層,
RPWNMLLKKIPFFBC28DA,23,34.17,共用部份,鋼筋混凝土造,86年11月21日,二十一層,
RPWNMLSKJIPFFBC88DA,21,72.66,辦公室,鋼筋混凝土造,88年11月4日,九層,八層 陽台
RPWNMLSKJIPFFBC88DA,21,23.70,共用部份,鋼筋混凝土造,88年11月4日,九層,
RPVOMLPLJIPFFBC68DA,24,88.19,住家用,鋼筋混凝土造,85年11月19日,五層,四層 陽台
RPVOMLPLJIPFFBC68DA,24,26.49,共用部份,鋼筋混凝土造,85年11月19日,五層,
RPXNMLTJKIPFFCC56DA,31,7.38,共用部份,鋼筋混凝土造,79年4月24日,五層,
RPXNMLTJKIPFFCC56DA,31,91.15,住家用,鋼筋混凝土造,79年4月24日,五層,五層 陽台
RPSNMLRJKIPFFBC38DA,13,292.65,地下一層：辦公室，一至四層：集合住宅，突出物一層：樓梯間,鋼筋混凝土造,96年11月22日,四層,一層 二層 三層 四層 陽台 雨遮 地下一層 見其他登記事項
RPSNMLRJKIPFFBC38DA,13,28.16,共用部份,鋼筋混凝土造,96年11月22日,五層,
RPSNMLRJKIPFFBC38DA,13,53.20,共用部份,鋼筋混凝土造,96年11月22日,五層,
RPOOMLTJKIPFFCC38DA,31,7.38,共用部份,鋼筋混凝土造,79年4月24日,五層,
RPOOMLTJKIPFFCC38DA,31,91.15,住家用,鋼筋混凝土造,79年4月24日,五層,五層 陽台
RPPOMLTKJIPFFCC48DA,26,182.17,商業用,鋼筋混凝土造,84年5月3日,九層,一層 騎樓
RPPOMLTKJIPFFCC48DA,26,30.80,共用部份,鋼筋混凝土造,84年5月3日,九層,
RPPOMLSJKIPFFCC38DA,7,114.17,集合住宅,鋼筋混凝土造,102年11月29日,七層,六層 七層 陽台
RPPOMLSJKIPFFCC38DA,7,42.18,本共有部分之項目有防空避難室兼停車空間、停車空間、騎樓、管委會使用空間、車道、樓電梯間、梯廳、樓梯間、機械室、水箱、消防水箱、雨遮等共１２項。,鋼筋混凝土造,102年11月29日,七層,
RPRPMLKKKIPFFCC97DA,28,59.96,住家用,鋼筋混凝土造,81年12月16日,十八層,三層 陽台
RPRPMLKKKIPFFCC97DA,28,59.96,住家用,鋼筋混凝土造,81年12月16日,十八層,三層 陽台
RPRPMLKKKIPFFCC97DA,28,16.56,防空避難室兼停車場,鋼筋混凝土造,81年12月16日,十八層,地下二層
RPRPMLKKKIPFFCC97DA,28,16.56,防空避難室兼停車場,鋼筋混凝土造,81年12月16日,十八層,地下二層
RPRPMLKKKIPFFCC97DA,28,9.90,共用部份,鋼筋混凝土造,81年12月16日,十八層,
RPRPMLKKKIPFFCC97DA,28,9.90,共用部份,鋼筋混凝土造,81年12月16日,十八層,
RPRPMLKKKIPFFCC97DA,28,.00,共用部份,鋼筋混凝土造,81年12月16日,十八層,
RPRPMLKKKIPFFCC97DA,28,1.67,共用部份,鋼筋混凝土造,81年12月16日,十八層,
RPRPMLKKKIPFFCC97DA,28,.00,共用部份,鋼筋混凝土造,81年12月16日,十八層,
RPRPMLKKKIPFFCC97DA,28,1.67,共用部份,鋼筋混凝土造,81年12月16日,十八層,
RPWNMLTJKIPFFCC09DA,26,93.12,住家用,鋼筋混凝土造,83年11月8日,五層,五層 陽台 花台
RPWNMLTJKIPFFCC09DA,26,11.74,共用部份,鋼筋混凝土造,83年11月8日,五層,
RPWNMLTJKIPFFCC09DA,26,12.34,共用部份,鋼筋混凝土造,83年11月8日,五層,
RPPPMLLJKIPFFCC77DA,25,69.34,住家用,鋼筋混凝土造,84年8月26日,五層,二層 陽台
RPPPMLLJKIPFFCC77DA,25,69.34,住家用,鋼筋混凝土造,84年8月26日,五層,三層 陽台
RPPPMLLJKIPFFCC77DA,25,4.67,共用部份,鋼筋混凝土造,84年8月26日,五層,
RPPPMLLJKIPFFCC77DA,25,4.67,共用部份,鋼筋混凝土造,84年8月26日,五層,
RPVNMLLKKIPFFCC28DA,5,13.47,本共有部分之項目為排煙室、特別安全梯、緊急昇降機、機房、樓梯間、消防水箱、水箱、電梯機房、消防中繼機房、陽台、中繼室、中繼自來水箱、雨遮、中繼消防水箱、消防泵浦室、機電空間、安全梯  、發電機室、電信室、台電配電場所、大廳、行動不便者電梯、電梯  、１Ｆ門廳、２Ｆ門廳、３Ｆ門廳、台電管道間、消防幫浦室、泵浦  、走道、停車空間、配電箱、資源回收區、４Ｆ門廳、廚餘冷藏室、  不可回收垃圾區、緊急升降機、梯廳、電信機房、５Ｆ門廳、防空避難室兼停車空間、台電專用管道、雨水回收區、雨水收集槽、雨水回收及噴灌機房、６Ｆ門廳、游泳池及中庭景觀池機房、消防幫浦機房  、電信機房室、垃圾處理空間、７Ｆ門廳、機車位、社區中心、防災中心、水景機房等共５５項。,鋼筋混凝土造,105年1月24日,二十五層,
RPTNMLLKKIPFFCC08DA,5,31.74,本共有部分之項目為排煙室、特別安全梯、緊急昇降機、機房、樓梯間、消防水箱、水箱、電梯機房、消防中繼機房、陽台、中繼室、中繼自來水箱、雨遮、中繼消防水箱、消防泵浦室、機電空間、安全梯  、發電機室、電信室、台電配電場所、大廳、行動不便者電梯、電梯  、１Ｆ門廳、２Ｆ門廳、３Ｆ門廳、台電管道間、消防幫浦室、泵浦  、走道、停車空間、配電箱、資源回收區、４Ｆ門廳、廚餘冷藏室、  不可回收垃圾區、緊急升降機、梯廳、電信機房、５Ｆ門廳、防空避難室兼停車空間、台電專用管道、雨水回收區、雨水收集槽、雨水回收及噴灌機房、６Ｆ門廳、游泳池及中庭景觀池機房、消防幫浦機房  、電信機房室、垃圾處理空間、７Ｆ門廳、機車位、社區中心、防災中心、水景機房等共５５項。,鋼筋混凝土造,105年1月24日,二十五層,
RPUNMLLKKIPFFCC18DA,5,15.87,本共有部分之項目為排煙室、特別安全梯、緊急昇降機、機房、樓梯間、消防水箱、水箱、電梯機房、消防中繼機房、陽台、中繼室、中繼自來水箱、雨遮、中繼消防水箱、消防泵浦室、機電空間、安全梯  、發電機室、電信室、台電配電場所、大廳、行動不便者電梯、電梯  、１Ｆ門廳、２Ｆ門廳、３Ｆ門廳、台電管道間、消防幫浦室、泵浦  、走道、停車空間、配電箱、資源回收區、４Ｆ門廳、廚餘冷藏室、  不可回收垃圾區、緊急升降機、梯廳、電信機房、５Ｆ門廳、防空避難室兼停車空間、台電專用管道、雨水回收區、雨水收集槽、雨水回收及噴灌機房、６Ｆ門廳、游泳池及中庭景觀池機房、消防幫浦機房  、電信機房室、垃圾處理空間、７Ｆ門廳、機車位、社區中心、防災中心、水景機房等共５５項。,鋼筋混凝土造,105年1月24日,二十五層,
RPWNMLLKKIPFFCC38DA,5,15.87,本共有部分之項目為排煙室、特別安全梯、緊急昇降機、機房、樓梯間、消防水箱、水箱、電梯機房、消防中繼機房、陽台、中繼室、中繼自來水箱、雨遮、中繼消防水箱、消防泵浦室、機電空間、安全梯  、發電機室、電信室、台電配電場所、大廳、行動不便者電梯、電梯  、１Ｆ門廳、２Ｆ門廳、３Ｆ門廳、台電管道間、消防幫浦室、泵浦  、走道、停車空間、配電箱、資源回收區、４Ｆ門廳、廚餘冷藏室、  不可回收垃圾區、緊急升降機、梯廳、電信機房、５Ｆ門廳、防空避難室兼停車空間、台電專用管道、雨水回收區、雨水收集槽、雨水回收及噴灌機房、６Ｆ門廳、游泳池及中庭景觀池機房、消防幫浦機房  、電信機房室、垃圾處理空間、７Ｆ門廳、機車位、社區中心、防災中心、水景機房等共５５項。,鋼筋混凝土造,105年1月24日,二十五層,
RPVNMLMJKIPFFBC18DA,7,101.93,住家用,鋼筋混凝土造,102年8月26日,十四層,五層 陽台 雨遮
RPVNMLMJKIPFFBC18DA,7,19.13,本共有部分之項目有樓電梯間、梯廳、門廳、樓梯間、機房、水箱等共６項。,鋼筋混凝土造,102年8月26日,十四層,
RPVNMLMJKIPFFBC18DA,7,56.33,本共有部分之項目有供管委會使用空間、樓電梯間、門廳、出入口雨遮、防空避難室兼停車空間、停車空間等共６項。,鋼筋混凝土造,102年8月26日,十四層,
RPVNMLMJKIPFFBC18DA,7,2.62,本共有部分之項目為車道。,鋼筋混凝土造,102年8月26日,十四層,
RPXNMLLKKIPFFCC48DA,27,2.02,共用部份,鋼筋混凝土造,83年3月10日,十二層,
RPXNMLLKKIPFFCC48DA,27,3.73,共用部份,鋼筋混凝土造,83年3月10日,十二層,
RPQOMLNLJIPFFCC08DA,25,35.40,住家用,鋼筋混凝土造,85年5月8日,十六層,三層 雨遮
RPQOMLNLJIPFFCC08DA,25,.08,共用部份,鋼筋混凝土造,84年7月25日,十六層,
RPQOMLNLJIPFFCC08DA,25,1.20,共用部份,鋼筋混凝土造,84年7月25日,十六層,
RPQOMLNLJIPFFCC08DA,25,4.06,共用部份,鋼筋混凝土造,84年7月25日,十六層,
RPXNMLLKKIPFFCC48DA,27,15.54,共用部份,鋼筋混凝土造,83年3月10日,十二層,
RPXNMLLKKIPFFCC48DA,27,98.32,住家用,鋼筋混凝土造,83年3月10日,十二層,十一層 陽台 花台
RPOOMLLKJIPFFCC57DA,39,80.44,住家用,鋼筋混凝土造,70年11月30日,五層,五層
RPVQMLSKJIPFFBC09DA,24,90.14,集合住宅,鋼筋混凝土造,85年9月18日,十層,八層 陽台
RPVQMLSKJIPFFBC09DA,24,42.19,本共有部分之項目有防空避難室兼停車場、汽車昇降機、機房、水箱、變電室、門廳、停車空間、樓梯間、電梯間及騎樓〈人行道〉等十項,鋼筋混凝土造,85年9月18日,十層,
RPPSMLRKJIPFFBC58DA,24,123.73,集合住宅,鋼筋混凝土造,85年9月18日,十層,九層 陽台
RPPSMLRKJIPFFBC58DA,24,53.95,本共有部分之項目有防空避難室兼停車場、汽車昇降機、機房、水箱、變電室、門廳、停車空間、樓梯間、電梯間及騎樓〈人行道〉等十項,鋼筋混凝土造,85年9月18日,十層,
RPURMLRKJIPFFBC98DA,24,90.14,集合住宅,鋼筋混凝土造,85年9月18日,十層,五層 陽台
RPURMLRKJIPFFBC98DA,24,42.19,本共有部分之項目有防空避難室兼停車場、汽車昇降機、機房、水箱、變電室、門廳、停車空間、樓梯間、電梯間及騎樓〈人行道〉等十項,鋼筋混凝土造,85年9月18日,十層,
RPSNMLKKKIPFFBC77DA,15,200.89,壹層：停車場、住宅，貳、參層：住宅，屋頂突出物：樓梯間、水箱,鋼筋混凝土造,94年7月26日,三層,一層 二層 三層 陽台 屋頂突出物
RPWNMLSJKIPFFBC88DA,3,119.45,集合住宅,鋼筋混凝土造,106年10月18日,十五層,十五層 陽台
RPWNMLSJKIPFFBC88DA,3,59.71,本共有部分之項目有公設空間、門廳、防空避難室兼停車空間、停車空間、社區中心、機械室、游泳池及管委會辦公室等共八項,鋼筋混凝土造,106年10月18日,十五層,
RPWNMLSJKIPFFBC88DA,3,20.35,本共有部分之項目有電梯間、樓梯間、蓄水池及水箱等共四項,鋼筋混凝土造,106年10月18日,十五層,
RPWNMLSJKIPFFBC88DA,3,.60,本共有部分之項目有台電配電室共一項,鋼筋混凝土造,106年10月18日,十五層,
RPOOMLSJKIPFFBC18DA,3,95.73,集合住宅,鋼筋混凝土造,106年10月18日,十五層,十一層 陽台 雨遮
RPOOMLSJKIPFFBC18DA,3,54.28,本共有部分之項目有公設空間、門廳、防空避難室兼停車空間、停車空間、社區中心、機械室、游泳池及管委會辦公室等共八項,鋼筋混凝土造,106年10月18日,十五層,
RPOOMLSJKIPFFBC18DA,3,25.29,本共有部分之項目有電梯間、樓梯間、蓄水池及水箱等共四項,鋼筋混凝土造,106年10月18日,十五層,
RPOOMLSJKIPFFBC18DA,3,.66,本共有部分之項目有台電配電室共一項,鋼筋混凝土造,106年10月18日,十五層,
RPXNMLSJKIPFFBC98DA,3,69.64,集合住宅,鋼筋混凝土造,106年10月18日,十五層,十三層 陽台 雨遮
RPXNMLSJKIPFFBC98DA,3,69.64,集合住宅,鋼筋混凝土造,106年10月18日,十五層,十三層 陽台 雨遮
RPXNMLSJKIPFFBC98DA,3,31.55,本共有部分之項目有公設空間、門廳、防空避難室兼停車空間、停車空間、社區中心、機械室、游泳池及管委會辦公室等共八項,鋼筋混凝土造,106年10月18日,十五層,
RPXNMLSJKIPFFBC98DA,3,31.55,本共有部分之項目有公設空間、門廳、防空避難室兼停車空間、停車空間、社區中心、機械室、游泳池及管委會辦公室等共八項,鋼筋混凝土造,106年10月18日,十五層,
RPXNMLSJKIPFFBC98DA,3,10.79,本共有部分之項目有電梯間、樓梯間、蓄水池及水箱等共四項,鋼筋混凝土造,106年10月18日,十五層,
RPXNMLSJKIPFFBC98DA,3,10.79,本共有部分之項目有電梯間、樓梯間、蓄水池及水箱等共四項,鋼筋混凝土造,106年10月18日,十五層,
RPXNMLSJKIPFFBC98DA,3,.35,本共有部分之項目有台電配電室共一項,鋼筋混凝土造,106年10月18日,十五層,
RPXNMLSJKIPFFBC98DA,3,.35,本共有部分之項目有台電配電室共一項,鋼筋混凝土造,106年10月18日,十五層,
RPPOMLSJKIPFFBC28DA,3,70.95,集合住宅,鋼筋混凝土造,106年10月18日,十五層,十四層 陽台
RPPOMLSJKIPFFBC28DA,3,49.53,本共有部分之項目有公設空間、門廳、防空避難室兼停車空間、停車空間、社區中心、機械室、游泳池及管委會辦公室等共八項,鋼筋混凝土造,106年10月18日,十五層,
RPPOMLSJKIPFFBC28DA,3,18.16,本共有部分之項目有電梯間、樓梯間、蓄水池及水箱等共四項,鋼筋混凝土造,106年10月18日,十五層,
RPPOMLSJKIPFFBC28DA,3,.50,本共有部分之項目有台電配電室共一項,鋼筋混凝土造,106年10月18日,十五層,
RPQOMLSJKIPFFBC38DA,3,139.15,集合住宅,鋼筋混凝土造,106年10月18日,十五層,一層 陽台 雨遮
RPQOMLSJKIPFFBC38DA,3,63.10,本共有部分之項目有公設空間、門廳、防空避難室兼停車空間、停車空間、社區中心、機械室、游泳池及管委會辦公室等共八項,鋼筋混凝土造,106年10月18日,十五層,
RPQOMLSJKIPFFBC38DA,3,21.58,本共有部分之項目有電梯間、樓梯間、蓄水池及水箱等共四項,鋼筋混凝土造,106年10月18日,十五層,
RPQOMLSJKIPFFBC38DA,3,.70,本共有部分之項目有台電配電室共一項,鋼筋混凝土造,106年10月18日,十五層,
RPTOMLSJKIPFFBC68DA,3,150.33,集合住宅,鋼筋混凝土造,106年10月18日,十五層,十層 陽台 雨遮
RPTOMLSJKIPFFBC68DA,3,65.14,本共有部分之項目有公設空間、門廳、防空避難室兼停車空間、停車空間、社區中心、機械室、游泳池及管委會辦公室等共八項,鋼筋混凝土造,106年10月18日,十五層,
RPTOMLSJKIPFFBC68DA,3,24.35,本共有部分之項目有電梯間、樓梯間、蓄水池及水箱等共四項,鋼筋混凝土造,106年10月18日,十五層,
RPTOMLSJKIPFFBC68DA,3,.96,本共有部分之項目有台電配電室共一項,鋼筋混凝土造,106年10月18日,十五層,
RPROMLSJKIPFFBC48DA,3,95.56,集合住宅,鋼筋混凝土造,106年10月18日,十五層,十一層 陽台 雨遮
RPROMLSJKIPFFBC48DA,3,54.28,本共有部分之項目有公設空間、門廳、防空避難室兼停車空間、停車空間、社區中心、機械室、游泳池及管委會辦公室等共八項,鋼筋混凝土造,106年10月18日,十五層,
RPROMLSJKIPFFBC48DA,3,24.17,本共有部分之項目有電梯間、樓梯間、蓄水池及水箱等共四項,鋼筋混凝土造,106年10月18日,十五層,
RPROMLSJKIPFFBC48DA,3,.66,本共有部分之項目有台電配電室共一項,鋼筋混凝土造,106年10月18日,十五層,
RPOPMLKKKIPFFBC57DA,49,106.94,住商用,加強磚造,60年11月23日,三層,一層 二層 三層 騎樓 地下層
RPSOMLSJKIPFFBC58DA,3,155.98,集合住宅,鋼筋混凝土造,106年10月18日,十五層,十層 陽台 雨遮
RPSOMLSJKIPFFBC58DA,3,67.17,本共有部分之項目有公設空間、門廳、防空避難室兼停車空間、停車空間、社區中心、機械室、游泳池及管委會辦公室等共八項,鋼筋混凝土造,106年10月18日,十五層,
RPSOMLSJKIPFFBC58DA,3,25.23,本共有部分之項目有電梯間、樓梯間、蓄水池及水箱等共四項,鋼筋混凝土造,106年10月18日,十五層,
RPSOMLSJKIPFFBC58DA,3,.99,本共有部分之項目有台電配電室共一項,鋼筋混凝土造,106年10月18日,十五層,
RPSOMLOKKIPFFBC28DA,23,41.86,住家用,鋼筋混凝土造,86年11月21日,十八層,十一層 陽台
RPSOMLOKKIPFFBC28DA,23,10.05,共用部份,鋼筋混凝土造,86年11月21日,十八層,
RPSOMLOKKIPFFBC28DA,23,3.81,共用部份,鋼筋混凝土造,86年11月21日,二十一層,
RPOPMLOKKIPFFBC97DA,33,122.26,住家用,鋼筋混凝土造,76年11月11日,五層,三層 陽台
RPOPMLOKKIPFFBC97DA,33,5.67,共用部份,鋼筋混凝土造,76年11月11日,五層,
RPTOMLPKKIPFFBC48DA,24,24.03,住家用,鋼筋混凝土造,85年11月29日,二十三層,六層 陽台
RPTOMLPKKIPFFBC48DA,24,3.89,共用部份,鋼筋混凝土造,85年11月29日,二十三層,
RPTOMLPKKIPFFBC48DA,24,1.18,共用部份,鋼筋混凝土造,85年11月29日,二十三層,
RPTOMLPKKIPFFBC48DA,24,39.45,共用部份,鋼筋混凝土造,85年11月29日,二十三層,
RPTOMLPKKIPFFBC48DA,24,1.79,共用部份,鋼筋混凝土造,85年11月29日,二十三層,
RPWNMLOKKIPFFBC58DA,24,24.89,住家用,鋼筋混凝土造,85年11月29日,二十三層,十四層 陽台
RPWNMLOKKIPFFBC58DA,24,4.19,共用部份,鋼筋混凝土造,85年11月29日,二十三層,
RPWNMLOKKIPFFBC58DA,24,1.54,共用部份,鋼筋混凝土造,85年11月29日,二十三層,
RPWNMLOKKIPFFBC58DA,24,1.93,共用部份,鋼筋混凝土造,85年11月29日,二十三層,
RPOOMLOKKIPFFBC87DA,,67.17,住家用,加強磚造,54年8月0日,四層,二層
RPVNMLOKKIPFFBC48DA,22,57.41,住家用,鋼筋混凝土造,88年1月14日,十五層,九層 陽台
RPVNMLOKKIPFFBC48DA,22,8.47,共用部份,鋼筋混凝土造,88年1月14日,十五層,
RPVNMLOKKIPFFBC48DA,22,3.09,共用部份,鋼筋混凝土造,88年1月14日,十五層,
RPVNMLOKKIPFFBC48DA,22,1.41,共用部份,鋼筋混凝土造,88年1月14日,十六層,
RPXNMLOKKIPFFBC68DA,51,80.50,住家用,加強磚造,58年6月10日,二層,一層 二層
RPVNMLOKKIPFFBC48DA,22,.69,共用部份,鋼筋混凝土造,88年1月14日,十六層,
RPTQMLOKKIPFFBC58DA,39,70.08,住家用,鋼筋混凝土造,70年12月29日,六層,六層 陽台
RPPOMLOKKIPFFBC97DA,45,71.11,住家用,鋼筋混凝土加強磚造,64年7月5日,四層,四層
RPVOMLKKKIPFFBC18DA,36,64.00,住家用,鋼筋混凝土造,74年4月18日,四層,四層 陽台
RPROMLPKKIPFFBC28DA,40,98.80,住家用,鋼筋混凝土造,70年3月18日,五層,四層 陽台
RPPNMLRKKIPFFBC28EA,24,55.08,住家用,鋼筋混凝土造,85年11月29日,二十三層,十五層 陽台 花台
RPPNMLRKKIPFFBC28EA,24,9.64,共用部份,鋼筋混凝土造,85年11月29日,二十三層,
RPPNMLRKKIPFFBC28EA,24,3.32,共用部份,鋼筋混凝土造,85年11月29日,二十三層,
RPPNMLRKKIPFFBC28EA,24,39.45,共用部份,鋼筋混凝土造,85年11月29日,二十三層,
RPPNMLRKKIPFFBC28EA,24,4.46,共用部份,鋼筋混凝土造,85年11月29日,二十三層,
RPPOMLPKKIPFFBC08DA,22,24.46,住家用,鋼筋混凝土造,88年1月14日,十四層,四層 陽台
RPPOMLPKKIPFFBC08DA,22,5.34,共用部份,鋼筋混凝土造,88年1月14日,十四層,
RPPOMLPKKIPFFBC08DA,22,1.90,共用部份,鋼筋混凝土造,88年1月14日,十六層,
RPPOMLPKKIPFFBC08DA,22,.57,共用部份,鋼筋混凝土造,88年1月14日,十六層,
RPPOMLPKKIPFFBC08DA,22,.29,共用部份,鋼筋混凝土造,88年1月14日,十六層,
RPUNMLQKKIPFFBC68EA,22,57.92,住家用,鋼筋混凝土造,88年1月14日,十六層,十二層 陽台
RPUNMLQKKIPFFBC68EA,22,7.88,共用部份,鋼筋混凝土造,88年1月14日,十六層,
RPWNMLSKKIPFFCC56EA,2,35.86,集合住宅,鋼筋混凝土造,108年2月13日,十一層,九層 陽台 雨遮
RPUNMLQKKIPFFBC68EA,22,.70,共用部份,鋼筋混凝土造,88年1月14日,十六層,
RPUNMLQKKIPFFBC68EA,22,2.10,共用部份,鋼筋混凝土造,88年1月14日,十六層,
RPWNMLSKKIPFFCC56EA,2,35.86,集合住宅,鋼筋混凝土造,108年2月13日,十一層,九層 陽台 雨遮
RPUNMLQKKIPFFBC68EA,22,1.41,共用部份,鋼筋混凝土造,88年1月14日,十六層,
RPWNMLSKKIPFFCC56EA,2,7.68,本建物共有部分之項目有消防幫浦室‧地下室排氣口‧樓電梯間‧梯廳‧電信室‧自來水箱‧汙水設備室‧發電機室‧滯洪沉砂池‧機車位‧管委會空間‧垃圾儲藏室‧資源回收區排風管道‧台電配電室‧用戶配電室‧等共１６項。,鋼筋混凝土造,108年2月13日,十一層,
RPWNMLSKKIPFFCC56EA,2,7.68,本建物共有部分之項目有消防幫浦室‧地下室排氣口‧樓電梯間‧梯廳‧電信室‧自來水箱‧汙水設備室‧發電機室‧滯洪沉砂池‧機車位‧管委會空間‧垃圾儲藏室‧資源回收區排風管道‧台電配電室‧用戶配電室‧等共１６項。,鋼筋混凝土造,108年2月13日,十一層,
RPWNMLSKKIPFFCC56EA,2,24.36,本建物共有部分之項目有防空避難室兼停車空間‧停車空間等共２項。,鋼筋混凝土造,108年2月13日,十一層,
RPWNMLSKKIPFFCC56EA,2,24.36,本建物共有部分之項目有防空避難室兼停車空間‧停車空間等共２項。,鋼筋混凝土造,108年2月13日,十一層,
RPUNMLQKKIPFFBC68EA,22,.69,共用部份,鋼筋混凝土造,88年1月14日,十六層,
RPWNMLSKKIPFFCC56EA,2,7.60,本建物共有部分之項目有樓電梯間‧梯廳‧樓梯間‧機房‧水箱等共５項。,鋼筋混凝土造,108年2月13日,十一層,
RPWNMLSKKIPFFCC56EA,2,7.60,本建物共有部分之項目有樓電梯間‧梯廳‧樓梯間‧機房‧水箱等共５項。,鋼筋混凝土造,108年2月13日,十一層,
RPSOMLOKKIPFFCC38DA,2,95.97,集合住宅,鋼筋混凝土造,108年2月13日,十一層,九層 陽台
RPSOMLOKKIPFFCC38DA,2,20.84,本建物共有部分之項目有消防幫浦室‧地下室排氣口‧樓電梯間‧梯廳‧電信室‧自來水箱‧汙水設備室‧發電機室‧滯洪沉砂池‧機車位‧管委會空間‧垃圾儲藏室‧資源回收區排風管道‧台電配電室‧用戶配電室‧等共１６項。,鋼筋混凝土造,108年2月13日,十一層,
RPSOMLOKKIPFFCC38DA,2,17.13,本建物共有部分之項目有樓電梯間‧梯廳‧樓梯間‧機房‧水箱等共５項。,鋼筋混凝土造,108年2月13日,十一層,
RPSOMLOKKIPFFCC38DA,2,49.53,本建物共有部分之項目有防空避難室兼停車空間‧停車空間等共２項。,鋼筋混凝土造,108年2月13日,十一層,
RPXNMLOKKIPFFCC78DA,32,454.17,住家用,鋼筋混凝土造,78年2月24日,四層,一層 二層 三層 四層 陽台 平台 地下層 地下層
RPWOMLPKKIPFFCC88DA,50,38.50,住家用,加強磚造,59年8月4日,二層,一層 二層
RPWOMLPKKIPFFCC88DA,50,38.50,住家用,加強磚造,59年8月4日,二層,一層 二層
RPXOMLKKKIPFFCC48DA,9,112.74,集合住宅,鋼筋混凝土造,100年10月13日,九層,九層 陽台 雨遮
RPXOMLKKKIPFFCC48DA,9,28.80,本共有部分之項目有樓梯間，管委會使用空間，台電配電室，電信室，機房，受電室，消防泵浦室，防空避難室兼停車空間共８項,鋼筋混凝土造,100年10月13日,九層,
RPXOMLKKKIPFFCC48DA,9,22.24,本共有部分之項目有樓電梯間，走道，樓梯間，機房，水箱共五項,鋼筋混凝土造,100年10月13日,九層,
RPXOMLPKKIPFFCC98DA,31,111.62,住家用,鋼筋混凝土造,79年1月25日,五層,四層 陽台
RPTPMLPKKIPFFCC68DA,12,228.99,地面一層：停車空間；地面二至五層：一般服務業,鋼筋混凝土造,97年7月8日,五層,一層 二層 三層 四層 五層 陽台 見其他登記事項
RPUNMLQKKIPFFCC78EA,27,131.63,住家用,鋼筋混凝土造,82年10月22日,五層,五層 陽台 花台
RPUNMLQKKIPFFCC78EA,27,13.74,共用部份,鋼筋混凝土造,82年10月22日,五層,
RPWPMLPKKIPFFCC98DA,39,83.22,住家用,鋼筋混凝土造,70年12月23日,五層,四層
RPXNMLQKKIPFFCC98DA,28,100.65,住家用,鋼筋混凝土造,82年1月4日,五層,一層
RPOOMLQKKIPFFCC18DA,38,48.24,住家用,鋼筋混凝土造,71年6月28日,五層,五層
RPXNMLQKKIPFFCC98DA,28,2.59,共用部份,鋼筋混凝土造,82年1月4日,五層,
RPWNMLOKKIPFFCC68DA,8,172.97,集合住宅,鋼筋混凝土造,101年11月6日,五層,五層 陽台 雨遮 見其他登記事項
RPWNMLOKKIPFFCC68DA,8,7.78,本共有部分之項目有消防機械間．排風口．發電機室．台電配電室．梯間．電信室．機械間．管道間．供管委會使用空間．管委會會議室．水箱．騎樓等共１２項。,鋼筋混凝土造,101年11月6日,五層,
RPWNMLOKKIPFFCC68DA,8,16.43,本共有部分之項目有管理室．停車位等共２項。,鋼筋混凝土造,101年11月6日,五層,
RPWNMLOKKIPFFCC68DA,8,19.94,本共有部分之項目有停車空間。,鋼筋混凝土造,101年11月6日,五層,
RPWNMLOKKIPFFCC68DA,8,32.85,本共有部分之項目有樓電梯間．騎樓．樓梯間．機械間．水箱等５項。,鋼筋混凝土造,101年11月6日,五層,
RPTOMLOKKIPFFCC48DA,24,55.14,住家用,鋼筋混凝土造,85年6月15日,十一層,八層 陽台
RPTOMLOKKIPFFCC48DA,24,.54,共用部份,鋼筋混凝土造,85年6月15日,十一層,
RPTOMLOKKIPFFCC48DA,24,2.59,共用部份,鋼筋混凝土造,85年6月15日,十一層,
RPTOMLOKKIPFFCC48DA,24,4.47,共用部份,鋼筋混凝土造,85年6月15日,十一層,
RPROMLPKKIPFFCC38DA,40,65.81,住家用,鋼筋混凝土造,69年6月14日,四層,二層 陽台
RPQOMLOKKIPFFCC18DA,24,106.98,住家用,鋼筋混凝土造,85年9月30日,五層,四層 陽台
RPQOMLOKKIPFFCC18DA,24,5.62,共用部份,鋼筋混凝土造,85年9月30日,五層,
RPQOMLOKKIPFFCC18DA,24,14.09,共用部份,鋼筋混凝土造,85年9月30日,五層,
RPSOMLPKKIPFFCC48DA,26,70.95,住家用,鋼筋混凝土造,83年9月30日,五層,五層 陽台
RPSOMLPKKIPFFCC48DA,26,9.46,共用部份,鋼筋混凝土造,83年9月30日,五層,
RPUNMLRKKIPFFBC78EA,31,132.14,住家用,加強磚造,78年7月3日,二層,一層 二層 陽台 平台 屋頂突出物 雨遮
RPXNMLPKKIPFFBC78DA,22,79.68,住家用,鋼筋混凝土造,88年1月22日,七層,四層 陽台
RPXNMLPKKIPFFBC78DA,22,15.12,共用部份,鋼筋混凝土造,88年1月22日,七層,
RPXNMLPKKIPFFBC78DA,22,5.32,共用部份,鋼筋混凝土造,88年1月22日,七層,
RPXNMLPKKIPFFBC78DA,22,34.92,共用部份,鋼筋混凝土造,88年1月22日,七層,
RPXNMLPKKIPFFBC78DA,22,2.11,共用部份,鋼筋混凝土造,88年1月22日,七層,
RPPNMLQKKIPFFCC28EA,41,129.64,住家用,鋼筋混凝土造,69年1月26日,四層,二層 陽台
RPUOMLPKKIPFFBC58DA,3,62.91,集合住宅,鋼筋混凝土造,106年11月9日,十層,七層 陽台 雨遮
RPUOMLPKKIPFFBC58DA,3,56.32,本共有部分之項目有防空避難室兼停車空間、台電配電室、梯廳、排煙室、昇降機、信箱區、公共陽台、泳池、泳池水箱、安全梯、水箱、機房、雨水機房、消防機房、供行動不便者使用樓梯、發電機室、垃圾儲藏室、電信機房、停車空間、供管委會使用空間、供行動不便者使用電梯、門廊、男廁、女廁、梯間、消防水箱及陽台等二十七項,鋼筋混凝土造,106年11月9日,十層,
RPXOMLPKKIPFFBC88DA,22,92.47,住家用,鋼筋混凝土造,88年1月14日,十五層,七層 陽台
RPXOMLPKKIPFFBC88DA,22,13.49,共用部份,鋼筋混凝土造,88年1月14日,十五層,
RPXOMLPKKIPFFBC88DA,22,5.18,共用部份,鋼筋混凝土造,88年1月14日,十五層,
RPXOMLPKKIPFFBC88DA,22,36.53,共用部份,鋼筋混凝土造,88年1月14日,十五層,
RPXOMLPKKIPFFBC88DA,22,2.19,共用部份,鋼筋混凝土造,88年1月14日,十六層,
RPXOMLPKKIPFFBC88DA,22,1.06,共用部份,鋼筋混凝土造,88年1月14日,十六層,
RPWNMLPKKIPFFBC68DA,37,51.50,商業用,鋼筋混凝土造,72年10月15日,五層,一層 騎樓 夾層
RPWNMLPKKIPFFBC68DA,37,51.50,商業用,鋼筋混凝土造,72年10月15日,五層,一層 騎樓 夾層
RPVNMLQKKIPFFBC68DA,23,130.14,住家用,鋼筋混凝土造,86年11月10日,五層,五層 陽台
RPVNMLQKKIPFFBC68DA,23,19.17,共用部份,鋼筋混凝土造,86年11月10日,五層,
RPXNMLQKKIPFFBC88DA,25,56.05,住家用,鋼筋混凝土造,85年3月9日,十五層,五層 陽台
RPXNMLQKKIPFFBC88DA,25,9.53,共用部份,鋼筋混凝土造,85年3月9日,十五層,
RPVOMLPKKIPFFBC68DA,27,101.54,住家用,鋼筋混凝土造,83年2月2日,七層,三層 陽台
RPVOMLPKKIPFFBC68DA,27,9.85,共用部份,鋼筋混凝土造,83年2月2日,七層,
RPOOMLQKKIPFFBC08DA,21,89.13,住家用,鋼筋混凝土造,88年6月5日,七層,六層 陽台
RPOOMLQKKIPFFBC08DA,21,12.35,共用部份,鋼筋混凝土造,88年6月5日,七層,
RPOOMLQKKIPFFBC08DA,21,10.37,共用部份,鋼筋混凝土造,88年6月5日,七層,
RPWOMLPKKIPFFBC78DA,5,.04,一般事務所,鋼筋混凝土造,104年11月16日,五層,二層
RPWOMLPKKIPFFBC78DA,5,.05,一般事務所,鋼筋混凝土造,104年11月16日,五層,二層
RPWOMLPKKIPFFBC78DA,5,1.35,本共有部分之項目有管委會空間、機電空間、梯廳、安全梯、停車空間、集合住宅附屬社區中心、樓電梯間及陽台等八項,鋼筋混凝土造,104年11月16日,五層,
RPWOMLPKKIPFFBC78DA,5,1.35,本共有部分之項目有管委會空間、機電空間、梯廳、安全梯、停車空間、集合住宅附屬社區中心、樓電梯間及陽台等八項,鋼筋混凝土造,104年11月16日,五層,
RPWOMLPKKIPFFBC78DA,5,194.17,一層：集合住宅、停車空間，二層、三層、四層：集合住宅,鋼筋混凝土造,105年2月5日,四層,一層 二層 三層 四層 陽台
RPWOMLPKKIPFFBC78DA,5,.84,本共有部分之項目有機房及管理室入口等二項,鋼筋混凝土造,105年2月5日,一層,
RPTOMLSJKIPFFCC78DA,44,67.12,住家用,鋼筋混凝土加強磚造,65年12月16日,四層,三層
RPVNMLOJKIPFFBC38DA,39,135.42,住家用,鋼筋混凝土造,70年8月27日,五層,三層
RPPPMLKKKIPFFCC77DA,26,196.99,住家用,鋼筋混凝土造,83年11月18日,二十層,十一層 十二層 陽台 花台 雨遮
RPPPMLKKKIPFFCC77DA,26,5.35,商業用,鋼筋混凝土造,83年11月18日,二十層,地下一層
RPPPMLKKKIPFFCC77DA,26,16.46,防空避難室兼停車場,鋼筋混凝土造,83年11月18日,二十層,地下四層
RPPPMLKKKIPFFCC77DA,26,4.86,共用部份,鋼筋混凝土造,83年11月18日,二十層,
RPPPMLKKKIPFFCC77DA,26,17.76,共用部份,鋼筋混凝土造,83年11月18日,二十層,
RPQPMLLJKIPFFCC87DA,40,94.70,住家用,鋼筋混凝土造,70年4月22日,四層,二層 陽台
RPXNMLTKJIPFFCC56DA,26,80.01,住家用,鋼筋混凝土造,84年5月4日,十七層,四層 陽台 雨遮
RPXNMLTKJIPFFCC56DA,26,32.18,共用部份,鋼筋混凝土造,84年5月4日,十七層,
RPOOMLNJKIPFFCC77DA,25,97.42,住家用,鋼筋混凝土造,84年7月1日,十二層,八層 陽台
RPOOMLNJKIPFFCC77DA,25,42.31,共用部份,鋼筋混凝土造,84年7月1日,十二層,
RPOOMLNJKIPFFCC77DA,25,12.45,共用部份,鋼筋混凝土造,84年7月1日,十二層,
RPVOMLRKKIPFFBC88DA,47,76.15,住家用,鋼筋混凝土加強磚造,62年10月20日,四層,二層
RPTOMLMJJIPFFCC08DA,23,.81,共用部份,鋼筋混凝土造,86年5月8日,十一層,
RPTOMLMJJIPFFCC08DA,23,.81,共用部份,鋼筋混凝土造,86年5月8日,十一層,
RPTOMLMJJIPFFCC08DA,23,36.52,住家用,鋼筋混凝土造,86年5月8日,十一層,二層 陽台 雨遮
RPTOMLMJJIPFFCC08DA,23,36.52,住家用,鋼筋混凝土造,86年5月8日,十一層,二層 陽台 雨遮
RPTOMLMJJIPFFCC08DA,23,6.66,共用部份,鋼筋混凝土造,86年5月8日,十一層,
RPTOMLMJJIPFFCC08DA,23,6.66,共用部份,鋼筋混凝土造,86年5月8日,十一層,
RPTOMLMJJIPFFCC08DA,23,.41,共用部份,鋼筋混凝土造,86年5月8日,十一層,
RPTOMLMJJIPFFCC08DA,23,.41,共用部份,鋼筋混凝土造,86年5月8日,十一層,
RPTOMLMJJIPFFCC08DA,23,10.38,共用部份,鋼筋混凝土造,86年5月8日,十一層,
RPTOMLMJJIPFFCC08DA,23,10.38,共用部份,鋼筋混凝土造,86年5月8日,十一層,
RPWNMLRKKIPFFBC88DA,25,84.03,住家用,鋼筋混凝土造,85年1月6日,三層,一層 平台
RPWNMLRKKIPFFBC88DA,25,9.03,共用部份,鋼筋混凝土造,85年1月6日,三層,
RPROMLRKKIPFFCC58DA,30,349.22,住家用,鋼筋混凝土造,80年6月3日,三層,一層 二層 三層 陽台 平台 露台 地下層
RPWNMLRKKIPFFBC88DA,25,13.11,共用部份,鋼筋混凝土造,85年1月6日,三層,
RPXOMLRKKIPFFBC09DA,25,118.80,住家用,鋼筋混凝土造,85年3月9日,十四層,四層 陽台 花台
RPXOMLRKKIPFFBC09DA,25,21.49,共用部份,鋼筋混凝土造,85年3月9日,十五層,
RPTNMLSKKIPFFCC78DA,14,240.75,１層停車場（塔．空間）；２至４層住宅,鋼筋混凝土造,95年7月24日,四層,一層 二層 三層 四層 陽台 雨遮
RPTNMLSKKIPFFCC78DA,14,4.09,共用部份,鋼筋混凝土造,95年7月24日,二層,
RPUNMLSKKIPFFCC88DA,24,44.22,住家用,鋼筋混凝土造,86年1月25日,十二層,三層 陽台 花台
RPUNMLSKKIPFFCC88DA,24,5.44,共用部份,鋼筋混凝土造,86年1月25日,十二層,
RPTQMLRKKIPFFCC98DA,43,87.00,住家用,鋼筋混凝土加強磚造,66年8月13日,四層,二層
RPUNMLSKKIPFFCC88DA,24,6.50,共用部份,鋼筋混凝土造,86年1月25日,十二層,
RPXNMLSKKIPFFCC56DA,26,81.98,住家用,鋼筋混凝土造,84年1月17日,五層,二層 陽台
RPXNMLSKKIPFFCC56DA,26,10.19,共用部份,鋼筋混凝土造,84年1月17日,五層,
RPXNMLSKKIPFFCC56DA,26,2.91,壹層：辦公室．超級市場；貳層至肆層：辦公室,鋼筋混凝土造,84年1月17日,四層,一層 二層 三層 四層 陽台 水箱 電梯樓梯間 停車場 機械房 露台 地下二層
RPOQMLRKKIPFFCC48DA,39,84.37,住家用,鋼筋混凝土造,70年10月3日,四層,二層 陽台
RPQOMLQKKIPFFCC38DA,1,87.59,集合住宅,鋼筋混凝土造,109年4月6日,十五層,十三層 陽台 雨遮
RPQOMLQKKIPFFCC38DA,1,76.95,本建物共有部分之項目有停車空間、公共服務空間、防空避難室兼停車空間、樓電梯間、梯廳、樓梯間、水箱、陽台等共８項。,鋼筋混凝土造,109年4月6日,十五層,
RPROMLQKKIPFFCC48DA,1,91.19,集合住宅,鋼筋混凝土造,109年4月6日,十五層,六層 陽台 雨遮
RPROMLQKKIPFFCC48DA,1,78.71,本建物共有部分之項目有停車空間、公共服務空間、防空避難室兼停車空間、樓電梯間、梯廳、樓梯間、水箱、陽台等共８項。,鋼筋混凝土造,109年4月6日,十五層,
RPSQMLRKKIPFFCC88DA,26,57.19,住家用,鋼筋混凝土造,84年5月12日,五層,三層 陽台
RPSQMLRKKIPFFCC88DA,26,10.89,共用部份,鋼筋混凝土造,84年5月12日,五層,
RPPQMLRKKIPFFCC58DA,25,74.92,住家用,鋼筋混凝土造,84年8月8日,六層,五層 陽台 花台
RPPQMLRKKIPFFCC58DA,25,12.22,共用部份,鋼筋混凝土造,84年8月8日,六層,
RPPQMLRKKIPFFCC58DA,25,11.92,共用部份,鋼筋混凝土造,84年8月8日,六層,
RPRPMLPKKIPFFCC48DA,28,119.18,住家用,鋼筋混凝土造,81年12月16日,十二層,十層 陽台
RPRPMLPKKIPFFCC48DA,28,33.62,停車場,鋼筋混凝土造,81年12月16日,十八層,地下一層
RPPOMLQKKIPFFCC28DA,1,95.81,集合住宅,鋼筋混凝土造,109年4月6日,十五層,十五層 陽台 雨遮
RPRPMLPKKIPFFCC48DA,28,23.86,共用部份,鋼筋混凝土造,81年12月16日,十二層,
RPRPMLPKKIPFFCC48DA,28,3.20,共用部份,鋼筋混凝土造,81年12月16日,十八層,
RPPOMLQKKIPFFCC28DA,1,80.95,本建物共有部分之項目有停車空間、公共服務空間、防空避難室兼停車空間、樓電梯間、梯廳、樓梯間、水箱、陽台等共８項。,鋼筋混凝土造,109年4月6日,十五層,
RPRPMLPKKIPFFCC48DA,28,.00,共用部份,鋼筋混凝土造,81年12月16日,十八層,
RPPPMLPKKIPFFCC28DA,9,120.50,集合住宅,鋼筋混凝土造,101年1月13日,三層,二層 陽台
RPPPMLPKKIPFFCC28DA,9,23.60,本共有部分項目有樓梯間、水箱,鋼筋混凝土造,101年1月13日,三層,
RPRNMLLKKIPFFBC87EA,37,90.22,住家用,鋼筋混凝土造,72年7月15日,五層,四層 陽台
RPOPMLPKKIPFFCC18DA,9,120.50,集合住宅,鋼筋混凝土造,101年1月13日,三層,三層 陽台
RPOPMLPKKIPFFCC18DA,9,23.60,本共有部分項目有樓梯間、水箱,鋼筋混凝土造,101年1月13日,三層,
RPRNMLRKKIPFFBC48EA,42,67.30,住家用,鋼筋混凝土加強磚造,67年6月28日,四層,四層
RPRNMLSKKIPFFBC58EA,2,142.80,集合住宅,鋼筋混凝土造,108年4月9日,五層,四層 陽台 雨遮
RPRNMLSKKIPFFBC58EA,2,63.64,本共有部分之項目有停車空間、樓，電梯間、門廳、汽車昇降機、水箱及電信室等六項,鋼筋混凝土造,108年4月9日,五層,
RPPNMLLLKIPFFCC87EA,23,22.87,住家用,鋼筋混凝土造,86年6月23日,九層,三層 陽台
RPPNMLLLKIPFFCC87EA,23,2.92,共用部份,鋼筋混凝土造,86年6月23日,九層,
RPPNMLLLKIPFFCC87EA,23,.64,共用部份,鋼筋混凝土造,86年6月23日,九層,
RPPNMLLLKIPFFCC87EA,23,2.91,共用部份,鋼筋混凝土造,86年6月23日,九層,
RPQNMLRKKIPFFBC38EA,22,91.32,住家用,鋼筋混凝土造,88年1月14日,十五層,十五層 陽台
RPQNMLRKKIPFFBC38EA,22,13.48,共用部份,鋼筋混凝土造,88年1月14日,十五層,
RPQNMLRKKIPFFBC38EA,22,4.93,共用部份,鋼筋混凝土造,88年1月14日,十五層,
RPQNMLRKKIPFFBC38EA,22,38.72,共用部份,鋼筋混凝土造,88年1月14日,十五層,
RPPNMLSKKIPFFCC48EA,41,82.29,住家用,鋼筋混凝土造,69年3月8日,五層,三層 陽台
RPQNMLRKKIPFFBC38EA,22,2.19,共用部份,鋼筋混凝土造,88年1月14日,十六層,
RPQNMLRKKIPFFBC38EA,22,1.06,共用部份,鋼筋混凝土造,88年1月14日,十六層,
RPQNMLSKKIPFFCC58EA,25,31.51,住家用,鋼筋混凝土造,84年12月18日,十一層,九層 陽台
RPQNMLSKKIPFFCC58EA,25,.89,共用部份,鋼筋混凝土造,84年12月18日,十一層,
RPQNMLSKKIPFFCC58EA,25,2.43,共用部份,鋼筋混凝土造,84年12月18日,十一層,
RPQNMLSKKIPFFCC58EA,25,.84,共用部份,鋼筋混凝土造,84年12月18日,十一層,
RPRNMLSKKIPFFCC68EA,39,87.48,住家用,鋼筋混凝土造,71年5月24日,四層,四層 陽台
RPOOMLKMJIPFFBC57DA,2,74.51,集合住宅,鋼筋混凝土造,108年2月12日,十四層,六層 陽台 雨遮
RPOOMLKMJIPFFBC57DA,2,13.53,本共有部分之項目有樓電梯間、梯廳、樓梯間、設備室、機械室及水箱等六項,鋼筋混凝土造,108年2月12日,十四層,
RPOOMLKMJIPFFBC57DA,2,36.55,本共有部分之項目有車道、住宅門廳、排煙室兼梯廳、樓電梯間、陽台、防空避難室兼停車空間、受電箱、安全梯、台電配電場所、電信室、機房、儲藏室、機械設備室、機械室、排煙室、樓梯間、貯藏室、管委會使用空間、門廳及住宅挑高門廳等二十項,鋼筋混凝土造,108年2月12日,十四層,
RPQOMLLLKIPFFBC87DA,22,102.00,住家用,鋼筋混凝土造,88年1月14日,十六層,二層 陽台
RPQOMLLLKIPFFBC87DA,22,19.49,共用部份,鋼筋混凝土造,88年1月14日,十六層,
RPQOMLLLKIPFFBC87DA,22,5.67,共用部份,鋼筋混凝土造,88年1月14日,十六層,
RPQOMLLLKIPFFBC87DA,22,2.45,共用部份,鋼筋混凝土造,88年1月14日,十六層,
RPQOMLLLKIPFFBC87DA,22,1.19,共用部份,鋼筋混凝土造,88年1月14日,十六層,
RPWOMLKKKIPFFCC38DA,28,67.26,住家用,鋼筋混凝土造,82年3月15日,七層,三層 陽台
RPWOMLKKKIPFFCC38DA,28,9.66,共用部份,鋼筋混凝土造,82年3月15日,七層,
RPWOMLKKKIPFFCC38DA,28,10.96,共用部份,鋼筋混凝土造,82年3月15日,七層,
RPWOMLKKKIPFFCC38DA,28,1.03,共用部份,鋼筋混凝土造,82年3月15日,七層,
RPXNMLSKKIPFFBC09DA,25,93.55,住宅（夾層）儲藏室,鋼筋混凝土造,84年6月10日,四層,三層 陽台 夾層
RPXNMLSKKIPFFBC09DA,25,6.01,共用部份,鋼筋混凝土造,84年6月10日,四層,
RPXNMLSKKIPFFBC09DA,25,1.39,共用部份,鋼筋混凝土造,84年6月10日,五層,
RPWOMLKKKIPFFCC38DA,28,.20,共用部份,鋼筋混凝土造,82年3月15日,七層,
RPVNMLRLJIPFFCC88DA,5,301.55,一層：停車空間．二至五層：集合住宅．屋頂突一層：樓梯間．,鋼筋混凝土造,104年12月6日,五層,一層 二層 三層 四層 五層 陽台 雨遮 見其他登記事項
RPVNMLRLJIPFFCC88DA,5,11.84,本建物共有部分之項目有管理員室．污水處理設備．中水池．機房．受水池．樓梯間．社區活動中心．蓄水池．水箱．陽台．雨遮等共１１項,鋼筋混凝土造,104年12月6日,四層,
RPSOMLSJKIPFFCC68DA,24,1.21,共用部份,鋼筋混凝土造,86年5月8日,十一層,
RPSOMLSJKIPFFCC68DA,24,54.48,住家用,鋼筋混凝土造,86年5月8日,十一層,九層 陽台 雨遮
RPSOMLSJKIPFFCC68DA,24,8.30,共用部份,鋼筋混凝土造,86年5月8日,十一層,
RPSOMLSJKIPFFCC68DA,24,.61,共用部份,鋼筋混凝土造,86年5月8日,十一層,
RPSOMLSJKIPFFCC68DA,24,20.77,共用部份,鋼筋混凝土造,86年5月8日,十一層,
RPVNMLLJKIPFFBC08DA,2,42.56,集合住宅,鋼筋混凝土造,108年2月12日,十四層,七層 陽台
RPVNMLLJKIPFFBC08DA,2,8.47,本共有部分之項目有樓電梯間、梯廳、樓梯間、設備室、機械室及水箱等六項,鋼筋混凝土造,108年2月12日,十四層,
RPVNMLLJKIPFFBC08DA,2,12.44,本共有部分之項目有車道、住宅門廳、排煙室兼梯廳、樓電梯間、陽台、防空避難室兼停車空間、受電箱、安全梯、台電配電場所、電信室、機房、儲藏室、機械設備室、機械室、排煙室、樓梯間、貯藏室、管委會使用空間、門廳及住宅挑高門廳等二十項,鋼筋混凝土造,108年2月12日,十四層,
RPSOMLTJKIPFFCC78DA,26,49.24,住家用,鋼筋混凝土造,84年1月18日,十二層,六層 陽台 花台
RPSOMLTJKIPFFCC78DA,26,49.24,住家用,鋼筋混凝土造,84年1月18日,十二層,六層 陽台 花台
RPSOMLTJKIPFFCC78DA,26,20.13,共用部份,鋼筋混凝土造,84年1月18日,十二層,
RPSOMLTJKIPFFCC78DA,26,20.13,共用部份,鋼筋混凝土造,84年1月18日,十二層,
RPSNMLSJKIPFFCC58DA,22,61.92,住家用,鋼筋混凝土造,88年1月14日,十二層,八層 陽台 花台
RPSNMLSJKIPFFCC58DA,22,9.82,共用部份,鋼筋混凝土造,88年1月14日,十二層,
RPSNMLSJKIPFFCC58DA,22,10.75,共用部份,鋼筋混凝土造,88年1月14日,十三層,
RPWNMLSJKIPFFCC98DA,32,55.49,住家用,鋼筋混凝土造,78年4月8日,五層,四層 陽台
RPWNMLSJKIPFFCC98DA,32,55.49,住家用,鋼筋混凝土造,78年4月8日,五層,四層 陽台
RPWNMLSJKIPFFCC98DA,32,4.45,共用部份,鋼筋混凝土造,78年4月8日,五層,
RPWNMLSJKIPFFCC98DA,32,4.45,共用部份,鋼筋混凝土造,78年4月8日,五層,
RPUOMLLJKIPFFBC08DA,22,92.47,住家用,鋼筋混凝土造,88年1月14日,十五層,十四層 陽台
RPUOMLLJKIPFFBC08DA,22,13.49,共用部份,鋼筋混凝土造,88年1月14日,十五層,
RPUOMLLJKIPFFBC08DA,22,5.18,共用部份,鋼筋混凝土造,88年1月14日,十五層,
RPUOMLLJKIPFFBC08DA,22,2.19,共用部份,鋼筋混凝土造,88年1月14日,十六層,
RPUOMLLJKIPFFBC08DA,22,1.06,共用部份,鋼筋混凝土造,88年1月14日,十六層,
RPUNMLLLKIPFFBC18DA,24,77.47,住家用,鋼筋混凝土造,85年7月11日,十二層,一層 平台
RPUNMLLLKIPFFBC18DA,24,2.85,共用部份,鋼筋混凝土造,85年7月11日,十二層,
RPUNMLLLKIPFFBC18DA,24,7.11,共用部份,鋼筋混凝土造,85年7月11日,十二層,
RPSNMLSKKIPFFBC58DA,27,114.81,住家用,鋼筋混凝土造,83年4月29日,七層,五層 陽台
RPSNMLSKKIPFFBC58DA,27,15.29,共用部份,鋼筋混凝土造,83年4月29日,七層,
RPSNMLSKKIPFFBC58DA,27,16.64,共用部份,鋼筋混凝土造,83年4月29日,七層,
RPSOMLPKKIPFFBC38DA,12,.01,住家用,鋼筋混凝土造,97年12月26日,六層,六層 陽台
RPSOMLPKKIPFFBC38DA,12,.01,住家用,鋼筋混凝土造,97年12月26日,六層,六層 陽台
RPSOMLPKKIPFFBC38DA,12,.38,共用部份,鋼筋混凝土造,97年12月26日,六層,
RPSOMLPKKIPFFBC38DA,12,.38,共用部份,鋼筋混凝土造,97年12月26日,六層,
RPQOMLSKKIPFFBC48DA,41,52.61,住家用,鋼筋混凝土造,69年3月20日,四層,二層
RPSOMLPKKIPFFBC38DA,12,.00,一般事務所,鋼筋混凝土造,98年2月9日,六層,地下一層
RPSOMLPKKIPFFBC38DA,12,.00,一般事務所,鋼筋混凝土造,98年2月9日,六層,地下一層
RPXNMLLLKIPFFBC48DA,,120.38,集合住宅,鋼筋混凝土造,109年7月21日,十五層,三層 陽台 雨遮
RPSOMLPKKIPFFBC38DA,12,.05,共用部份,鋼筋混凝土造,98年2月9日,六層,
RPXNMLLLKIPFFBC48DA,,89.43,本共有部分之項目有停車空間、防空避難室兼公眾停車空間、管委會空間、電梯、管道間、車道、陽台、樓電梯間、梯廳、機械室、梯間、水箱及垃圾車停車位等十三項,鋼筋混凝土造,109年7月21日,十五層,
RPSOMLPKKIPFFBC38DA,12,.05,共用部份,鋼筋混凝土造,98年2月9日,六層,
RPSOMLPKKIPFFBC38DA,7,92.52,住家用,鋼筋混凝土造,102年9月5日,六層,三層 陽台 雨遮
RPSOMLPKKIPFFBC38DA,7,92.52,住家用,鋼筋混凝土造,102年9月5日,六層,三層 陽台 雨遮
RPSOMLPKKIPFFBC38DA,7,.03,住家用,鋼筋混凝土造,102年9月5日,六層,一層
RPSOMLPKKIPFFBC38DA,7,.03,住家用,鋼筋混凝土造,102年9月5日,六層,一層
RPSOMLPKKIPFFBC38DA,7,18.23,本共有部分之項目有管理員室、機械室、停車空間、防空避難室兼停車空間等共４項,鋼筋混凝土造,102年9月5日,六層,
RPSOMLPKKIPFFBC38DA,7,16.41,本共有部分之項目有管理員室、機械室、停車空間、防空避難室兼停車空間等共４項,鋼筋混凝土造,102年9月5日,六層,
RPSOMLPKKIPFFBC38DA,7,16.41,本共有部分之項目有管理員室、機械室、停車空間、防空避難室兼停車空間等共４項,鋼筋混凝土造,102年9月5日,六層,
RPSOMLPKKIPFFBC38DA,7,18.23,本共有部分之項目有管理員室、機械室、停車空間、防空避難室兼停車空間等共４項,鋼筋混凝土造,102年9月5日,六層,
RPSOMLPKKIPFFBC38DA,7,17.50,本共有部分之項目有樓電梯間、梯廳、樓梯間、機械室、水箱、外廊、雨遮等共７項,鋼筋混凝土造,102年9月5日,六層,
RPSOMLPKKIPFFBC38DA,7,17.50,本共有部分之項目有樓電梯間、梯廳、樓梯間、機械室、水箱、外廊、雨遮等共７項,鋼筋混凝土造,102年9月5日,六層,
RPQOMLRKKIPFFCC58EA,42,1179.57,工業用,鋼筋混凝土造,68年4月3日,二層,一層
RPQOMLRKKIPFFCC58EA,42,173.40,住家用,鋼筋混凝土造,68年4月3日,二層,二層
RPQOMLRKKIPFFCC58EA,40,893.62,工業用,鋼筋混凝土、鋼架,69年12月22日,二層,一層 二層
RPTNMLLLKIPFFCC28EA,25,61.76,住家用,鋼筋混凝土造,85年3月19日,十一層,二層 陽台
RPTNMLLLKIPFFCC28EA,25,2.25,共用部份,鋼筋混凝土造,85年3月19日,十一層,
RPTNMLLLKIPFFCC28EA,25,.95,共用部份,鋼筋混凝土造,85年3月19日,十一層,
RPTNMLLLKIPFFCC28EA,25,23.45,共用部份,鋼筋混凝土造,85年3月19日,十一層,
RPPNMLLLKIPFFBC77EA,12,67.93,住家用,鋼筋混凝土造,97年9月8日,九層,八層 陽台 雨遮
RPPNMLLLKIPFFBC77EA,12,20.89,共用部份,鋼筋混凝土造,97年9月8日,九層,
RPSPMLPKKIPFFCC58DA,37,85.02,住家用,鋼筋混凝土造,73年4月7日,四層,四層 陽台
RPSPMLPKKIPFFCC58DA,37,7.97,共用部份,鋼筋混凝土造,73年4月7日,四層,
RPQNMLSKKIPFFBC48EA,24,255.80,住家用,鋼筋混凝土造,85年9月3日,十一層,五層 陽台
RPQNMLSKKIPFFBC48EA,24,17.43,共用部份,鋼筋混凝土造,85年9月3日,十一層,
RPTNMLMLKIPFFBC28EA,25,180.10,住家用,鋼筋混凝土造,84年5月25日,四層,一層 二層 三層 四層 陽台 平台 水箱 露台 花台 地下一層
RPTNMLMLKIPFFBC28EA,25,180.10,住家用,鋼筋混凝土造,84年5月25日,四層,一層 二層 三層 四層 陽台 平台 水箱 露台 花台 地下一層
RPTOMLQKKIPFFCC68DA,37,82.44,住家用,鋼筋混凝土造,73年1月27日,四層,四層 陽台
RPTOMLQKKIPFFCC68DA,37,4.74,共用部份,鋼筋混凝土造,73年1月27日,四層,
RPSOMLQKKIPFFCC58DA,37,83.67,住家用,鋼筋混凝土造,73年1月27日,四層,四層 陽台
RPSOMLQKKIPFFCC58DA,37,4.74,共用部份,鋼筋混凝土造,73年1月27日,四層,
RPVNMLSKKIPFFCC98DA,26,86.13,住家用,鋼筋混凝土造,84年1月5日,十四層,八層 陽台
RPVNMLSKKIPFFCC98DA,26,12.95,共用部份,鋼筋混凝土造,84年1月5日,十四層,
RPVNMLSKKIPFFCC98DA,26,40.56,共用部份,鋼筋混凝土造,84年1月5日,十四層,
RPUOMLRKKIPFFCC88DA,39,110.07,住家用,鋼筋混凝土造,70年9月8日,五層,二層
RPROMLLLKIPFFCC08DA,40,97.58,住家用,鋼筋混凝土造,70年3月4日,四層,四層 陽台
RPOQMLPKKIPFFCC28DA,2,111.40,集合住宅,鋼筋混凝土造,108年1月2日,十五層,十層 陽台 雨遮
RPOQMLPKKIPFFCC28DA,2,77.06,本共有部分之項目有公共服務空間、戶外安全梯、儲藏室、排煙室、梯廳、無障礙樓梯、管委會使用空間、雨遮、陽台、服務台、車道、排煙室兼梯廳、（排風室）機電設備空間、機電設備空間（發電機室）、防空避難室兼停車空間、（進風室）機電設備空間、垃圾車停車位、垃圾集中場、機械室、（電信室）機電設備空間、Ｂ棟水箱、機電設備空間（消防幫浦室）、Ａ棟水箱、停車空間、樓電梯間、消防水池、水箱共二十七項。,鋼筋混凝土造,108年1月2日,十五層,
RPUQMLRKKIPFFCC09DA,42,61.41,住家用,鋼筋混凝土造,67年8月9日,五層,三層
RPSOMLLLKIPFFCC18DA,26,97.76,住家用,鋼筋混凝土造,84年5月12日,五層,四層 陽台
RPSOMLLLKIPFFCC18DA,26,12.96,共用部份,鋼筋混凝土造,84年5月12日,五層,
RPVNMLQKKIPFFCC78DA,26,105.83,住家用,鋼筋混凝土造,84年5月19日,七層,三層 陽台
RPVNMLQKKIPFFCC78DA,26,4.17,共用部份,鋼筋混凝土造,84年5月19日,七層,
RPVNMLQKKIPFFCC78DA,26,1.04,共用部份,鋼筋混凝土造,84年5月19日,七層,
RPVNMLQKKIPFFCC78DA,26,13.08,共用部份,鋼筋混凝土造,84年5月19日,七層,
RPWNMLLLKIPFFCC48DA,9,112.74,集合住宅,鋼筋混凝土造,100年10月13日,九層,九層 陽台 雨遮
RPWNMLLLKIPFFCC48DA,9,26.78,本共有部分之項目有樓梯間，管委會使用空間，台電配電室，電信室，機房，受電室，消防泵浦室，防空避難室兼停車空間共８項,鋼筋混凝土造,100年10月13日,九層,
RPWNMLLLKIPFFCC48DA,9,24.48,本共有部分之項目有樓電梯間，走道，樓梯間，機房，水箱共五項,鋼筋混凝土造,100年10月13日,九層,
RPQPMLLLKIPFFCC08DA,19,134.28,住家用,鋼筋混凝土造,90年10月4日,五層,一層 陽台
RPQPMLLLKIPFFCC08DA,19,10.43,共用部份,鋼筋混凝土造,90年10月4日,五層,
RPQPMLLLKIPFFCC08DA,19,47.67,共用部份,鋼筋混凝土造,90年10月4日,五層,
RPQOMLLLKIPFFCC08EA,14,88.84,住家用,鋼筋混凝土造,95年11月20日,八層,三層 陽台
RPQOMLLLKIPFFCC08EA,14,30.10,共用部份,鋼筋混凝土造,95年11月20日,八層,
RPQOMLLLKIPFFCC08EA,14,7.09,共用部份,鋼筋混凝土造,95年11月20日,八層,
RPUPMLPKKIPFFCC78DA,2,59.96,集合住宅,鋼筋混凝土造,108年1月2日,十五層,十二層 陽台 雨遮
RPUPMLPKKIPFFCC78DA,2,28.85,本共有部分之項目有公共服務空間、戶外安全梯、儲藏室、排煙室、梯廳、無障礙樓梯、管委會使用空間、雨遮、陽台、服務台、車道、排煙室兼梯廳、（排風室）機電設備空間、機電設備空間（發電機室）、防空避難室兼停車空間、（進風室）機電設備空間、垃圾車停車位、垃圾集中場、機械室、（電信室）機電設備空間、Ｂ棟水箱、機電設備空間（消防幫浦室）、Ａ棟水箱、停車空間、樓電梯間、消防水池、水箱共二十七項。,鋼筋混凝土造,108年1月2日,十五層,
RPTNMLMLKIPFFCC38EA,23,74.19,住家用,鋼筋混凝土造,86年1月17日,二十層,十七層 陽台
RPTNMLMLKIPFFCC38EA,23,19.33,共用部份,鋼筋混凝土造,86年1月17日,二十層,
RPTNMLMLKIPFFCC38EA,23,1.50,共用部份,鋼筋混凝土造,86年1月17日,二十層,
RPUOMLQKKIPFFCC78DA,2,59.96,集合住宅,鋼筋混凝土造,108年1月2日,十五層,八層 陽台 雨遮
RPUOMLQKKIPFFCC78DA,2,28.85,本共有部分之項目有公共服務空間、戶外安全梯、儲藏室、排煙室、梯廳、無障礙樓梯、管委會使用空間、雨遮、陽台、服務台、車道、排煙室兼梯廳、（排風室）機電設備空間、機電設備空間（發電機室）、防空避難室兼停車空間、（進風室）機電設備空間、垃圾車停車位、垃圾集中場、機械室、（電信室）機電設備空間、Ｂ棟水箱、機電設備空間（消防幫浦室）、Ａ棟水箱、停車空間、樓電梯間、消防水池、水箱共二十七項。,鋼筋混凝土造,108年1月2日,十五層,
RPVPMLPKKIPFFCC88DA,2,59.96,集合住宅,鋼筋混凝土造,108年1月2日,十五層,十層 陽台 雨遮
RPVPMLPKKIPFFCC88DA,2,28.85,本共有部分之項目有公共服務空間、戶外安全梯、儲藏室、排煙室、梯廳、無障礙樓梯、管委會使用空間、雨遮、陽台、服務台、車道、排煙室兼梯廳、（排風室）機電設備空間、機電設備空間（發電機室）、防空避難室兼停車空間、（進風室）機電設備空間、垃圾車停車位、垃圾集中場、機械室、（電信室）機電設備空間、Ｂ棟水箱、機電設備空間（消防幫浦室）、Ａ棟水箱、停車空間、樓電梯間、消防水池、水箱共二十七項。,鋼筋混凝土造,108年1月2日,十五層,
RPPOMLRKKIPFFBC28DA,25,124.49,住家用,鋼筋混凝土造,85年2月8日,五層,五層 陽台
RPPOMLRKKIPFFBC28DA,25,.10,共用部份,鋼筋混凝土造,85年2月8日,五層,
RPPOMLRKKIPFFBC28DA,25,2.72,共用部份,鋼筋混凝土造,85年2月8日,五層,
RPUNMLMLKIPFFBC28DA,52,83.00,住家用,加強磚造,58年4月21日,二層,一層 二層
RPWNMLLJKIPFFBC18DA,31,113.25,住家用,鋼筋混凝土造,78年6月5日,五層,三層 陽台
RPWNMLLJKIPFFBC18DA,31,.96,共用部份,鋼筋混凝土造,78年6月5日,五層,
RPOOMLKKJIPFFBC37DA,27,148.94,住家用,鋼筋混凝土造,82年8月2日,七層,五層 陽台
RPUNMLNJKIPFFCC28DA,14,216.99,１層停車空間．２至４層住宅．屋頂突一層樓梯間,鋼筋混凝土造,95年6月23日,四層,一層 二層 三層 四層 陽台 屋頂突出物
RPUNMLNJKIPFFCC28DA,14,1.54,共用部份,鋼筋混凝土造,95年6月23日,四層,
RPQOMLOLJIPFFCC18DA,26,32.87,住家用,鋼筋混凝土造,83年9月30日,五層,三層 陽台
RPQOMLOLJIPFFCC18DA,26,4.52,共用部份,鋼筋混凝土造,83年9月30日,五層,
RPXNMLTJKIPFFBC09DA,26,61.56,住家用,鋼筋混凝土造,83年8月22日,十五層,十一層 陽台 花台
RPXNMLTJKIPFFBC09DA,26,12.22,共用部份,鋼筋混凝土造,83年8月22日,十五層,
RPXNMLTJKIPFFBC09DA,26,13.65,共用部份,鋼筋混凝土造,83年8月22日,十五層,
RPXNMLTJKIPFFBC09DA,26,13.42,共用部份,鋼筋混凝土造,83年8月22日,十五層,
RPXNMLTJKIPFFBC09DA,26,11.49,共用部份,鋼筋混凝土造,83年8月22日,十五層,
RPVNMLNLKIPFFBC48DA,3,65.96,集合住宅,鋼筋混凝土造,106年11月9日,十層,四層 陽台 雨遮
RPVNMLNLKIPFFBC48DA,3,33.43,本共有部分之項目有防空避難室兼停車空間、台電配電室、梯廳、排煙室、昇降機、信箱區、公共陽台、泳池、泳池水箱、安全梯、水箱、機房、雨水機房、消防機房、供行動不便者使用樓梯、發電機室、垃圾儲藏室、電信機房、停車空間、供管委會使用空間、供行動不便者使用電梯、門廊、男廁、女廁、梯間、消防水箱及陽台等二十七項,鋼筋混凝土造,106年11月9日,十層,
RPSOMLMLKIPFFBC18DA,18,200.63,壹層：停車空間，貳層：住宅，參層：住宅、機械室,鋼筋混凝土造,91年6月6日,三層,一層 二層 三層 陽台 屋頂突出物 雨遮 見其他登記事項
RPWNMLNLKIPFFBC58DA,48,102.96,住家用,鋼筋混凝土加強磚造,62年2月27日,三層,三層
RPOOMLSKJIPFFCC28DA,38,81.21,住家用,鋼筋混凝土造,71年12月4日,四層,四層 陽台
RPTNMLSKKIPFFBC68DA,23,108.08,住家用,鋼筋混凝土造,86年11月21日,十九層,七層 陽台
RPTNMLSKKIPFFBC68DA,23,19.00,共用部份,鋼筋混凝土造,86年11月21日,十九層,
RPTNMLSKKIPFFBC68DA,23,10.73,共用部份,鋼筋混凝土造,86年11月21日,二十一層,
RPTNMLSKKIPFFBC68DA,23,34.17,共用部份,鋼筋混凝土造,86年11月21日,二十一層,
RPOOMLNKJIPFFBC67DA,43,47.34,住家用,鋼筋混凝土加強磚造,66年8月17日,四層,四層
RPRNMLSLJIPFFBC48DA,,113.00,集合住宅,鋼筋混凝土造,109年5月13日,九層,六層 陽台 雨遮
RPRNMLSLJIPFFBC48DA,,24.15,本共有部分之項目有電梯間、電梯、安全梯、配電室、電表室、樓電梯間、梯廳、樓梯間、電梯機房及水箱等十項,鋼筋混凝土造,109年5月13日,九層,
RPRNMLSLJIPFFBC48DA,,65.59,本共有部分之項目有樓梯間、幫浦室、水箱、管理員室、管委會使用空間、排風機、停車空間、景觀機房、資源回收室、安全梯、電梯間、配電室、車道、防空避難室兼停車空間、消防泵浦室、機車停車空間、緊急發電機室、陽台、電信室、走道及受電箱區等二十一項,鋼筋混凝土造,109年5月13日,九層,
RPSNMLSLJIPFFBC58DA,,66.75,集合住宅,鋼筋混凝土造,109年5月13日,九層,七層 陽台 雨遮
RPSNMLSLJIPFFBC58DA,,14.65,本共有部分之項目有電梯間、配電室、電表室、樓電梯間、梯廳、電梯機房及水箱等七項,鋼筋混凝土造,109年5月13日,九層,
RPSNMLSLJIPFFBC58DA,,17.83,本共有部分之項目有樓梯間、幫浦室、水箱、管理員室、管委會使用空間、排風機、停車空間、景觀機房、資源回收室、安全梯、電梯間、配電室、車道、防空避難室兼停車空間、消防泵浦室、機車停車空間、緊急發電機室、陽台、電信室、走道及受電箱區等二十一項,鋼筋混凝土造,109年5月13日,九層,
RPWNMLSKKIPFFBC98DA,11,49.76,辦公室,鋼筋混凝土造,98年12月30日,九層,三層
RPWNMLSKKIPFFBC98DA,11,.36,辦公室,鋼筋混凝土造,98年12月30日,九層,地下二層
RPWNMLSKKIPFFBC98DA,11,15.04,本共有部分之項目有騎樓、梯廳、樓梯間、走道、陽台、機械室、蓄水池、台電配電場、消防泵浦、發電室等十項。,鋼筋混凝土造,98年12月30日,九層,
RPWNMLSKKIPFFBC98DA,11,.48,本共有部分之項目有騎樓、梯廳、樓梯間、走道、陽台、機械室、蓄水池、台電配電場、消防泵浦、發電室等十項。,鋼筋混凝土造,98年12月30日,九層,
RPWNMLSKKIPFFBC98DA,11,6.07,本共有部分之項目有梯廳、走道。,鋼筋混凝土造,98年12月30日,九層,
RPWNMLSKKIPFFBC98DA,11,.05,本共有部分之項目有防空避難室、停車空間等二項。,鋼筋混凝土造,98年12月30日,九層,
RPWNMLSKKIPFFBC98DA,11,10.95,本共有部分之項目有防空避難室、停車空間等二項。,鋼筋混凝土造,98年12月30日,九層,
RPWNMLSKKIPFFBC98DA,11,.05,本共有部分之項目有停車空間等。,鋼筋混凝土造,98年12月30日,九層,
RPWNMLSKKIPFFBC98DA,11,9.99,本共有部分之項目有停車空間等。,鋼筋混凝土造,98年12月30日,九層,
RPTNMLSLJIPFFBC68DA,,66.75,集合住宅,鋼筋混凝土造,109年5月13日,九層,五層 陽台 雨遮
RPTNMLSLJIPFFBC68DA,,14.65,本共有部分之項目有電梯間、配電室、電表室、樓電梯間、梯廳、電梯機房及水箱等七項,鋼筋混凝土造,109年5月13日,九層,
RPTNMLSLJIPFFBC68DA,,17.83,本共有部分之項目有樓梯間、幫浦室、水箱、管理員室、管委會使用空間、排風機、停車空間、景觀機房、資源回收室、安全梯、電梯間、配電室、車道、防空避難室兼停車空間、消防泵浦室、機車停車空間、緊急發電機室、陽台、電信室、走道及受電箱區等二十一項,鋼筋混凝土造,109年5月13日,九層,
RPUNMLSLJIPFFBC78DA,,66.75,集合住宅,鋼筋混凝土造,109年5月13日,九層,二層 陽台 雨遮
RPUNMLSLJIPFFBC78DA,,14.65,本共有部分之項目有電梯間、配電室、電表室、樓電梯間、梯廳、電梯機房及水箱等七項,鋼筋混凝土造,109年5月13日,九層,
RPUNMLSLJIPFFBC78DA,,53.26,本共有部分之項目有樓梯間、幫浦室、水箱、管理員室、管委會使用空間、排風機、停車空間、景觀機房、資源回收室、安全梯、電梯間、配電室、車道、防空避難室兼停車空間、消防泵浦室、機車停車空間、緊急發電機室、陽台、電信室、走道及受電箱區等二十一項,鋼筋混凝土造,109年5月13日,九層,
RPRNMLNLKIPFFCC28EA,28,123.28,住家用,鋼筋混凝土造,81年12月16日,十八層,二層 陽台
RPRNMLNLKIPFFCC28EA,28,33.12,防空避難室兼停車場,鋼筋混凝土造,81年12月16日,十八層,地下二層
RPRNMLNLKIPFFCC28EA,28,24.22,共用部份,鋼筋混凝土造,81年12月16日,十八層,
RPRNMLNLKIPFFCC28EA,28,3.20,共用部份,鋼筋混凝土造,81年12月16日,十八層,
RPRNMLNLKIPFFCC28EA,28,.00,共用部份,鋼筋混凝土造,81年12月16日,十八層,
RPWNMLOJKIPFFCC58DA,23,85.57,住家用,鋼筋混凝土造,86年7月18日,十二層,四層 陽台 花台
RPWNMLOJKIPFFCC58DA,23,2.30,共用部份,鋼筋混凝土造,86年7月18日,四層,
RPWNMLOJKIPFFCC58DA,23,12.05,共用部份,鋼筋混凝土造,86年7月18日,十二層,
RPWNMLOJKIPFFCC58DA,23,13.44,共用部份,鋼筋混凝土造,86年7月18日,十二層,
RPPNMLNLKIPFFBC97EA,51,35.79,住家用,加強磚造,58年10月14日,二層,一層 二層 騎樓
RPPNMLNLKIPFFBC97EA,51,35.79,住家用,加強磚造,58年10月14日,二層,一層 二層 騎樓
RPRNMLNLKIPFFBC18EA,37,46.38,住商用,鋼筋混凝土造,72年7月28日,五層,一層 夾層
RPRNMLNLKIPFFBC18EA,37,46.38,住商用,鋼筋混凝土造,72年7月28日,五層,一層 夾層
RPPPMLLLKIPFFCC97DA,8,100.03,集合住宅,鋼筋混凝土造,101年6月26日,十三層,三層 陽台
RPPPMLLLKIPFFCC97DA,8,39.50,本共有部分之項目有樓電梯間．消防水池．消防泵浦室．日用水箱．管道間．污水機房．電信機房．發電機室．台電配電室．管委會使用空間．門廳．大廳．儲藏室．騎樓．樓梯間．機械室．水箱等共１７項。,鋼筋混凝土造,101年6月26日,十三層,
RPPOMLPKKIPFFCC18DA,39,112.20,住家用,鋼筋混凝土造,70年12月23日,二層,一層 二層 陽台 平台
RPQOMLPKKIPFFCC28DA,39,112.20,住家用,鋼筋混凝土造,70年12月23日,二層,一層 二層 陽台 平台
RPSNMLSKKIPFFCC68DA,28,58.86,住家用,鋼筋混凝土造,81年11月3日,十七層,十三層 陽台
RPSNMLSKKIPFFCC68DA,28,8.19,共用部份,鋼筋混凝土造,81年11月3日,十七層,
RPSNMLSKKIPFFCC68DA,28,3.99,防空避難兼停車場,鋼筋混凝土造,81年11月3日,十七層,地下一層
RPSNMLSKKIPFFCC68DA,28,2.66,防空避難兼停車場,鋼筋混凝土造,81年11月3日,十七層,地下二層
RPSNMLSKKIPFFCC68DA,28,37.18,防空避難兼停車場,鋼筋混凝土造,81年11月3日,十七層,地下三層
RPSOMLSKKIPFFCC78DA,5,.01,辦公室,鋼筋混凝土造,105年1月24日,,地下二層
RPSOMLSKKIPFFCC78DA,5,49.55,集合住宅,鋼筋混凝土造,105年1月24日,十八層,六層 陽台 雨遮
RPSOMLSKKIPFFCC78DA,5,.00,本共有部分之項目為受水池、安全梯、受水池機房、社區水箱、迴廊等共５項。,鋼筋混凝土造,105年1月24日,二十三層,
RPSOMLSKKIPFFCC78DA,5,.48,本共有部分之項目為受水池、安全梯、受水池機房、社區水箱、迴廊等共５項。,鋼筋混凝土造,105年1月24日,二十三層,
RPSOMLSKKIPFFCC78DA,5,.00,本共有部分之項目為排煙室、特別安全梯、緊急昇降機、機房、樓梯間、消防水箱、水箱、電梯機房、消防中繼機房、陽台、中繼室、中繼自來水箱、雨遮、中繼消防水箱、消防泵浦室、機電空間、安全梯  、發電機室、電信室、台電配電場所、大廳、行動不便者電梯、電梯  、１Ｆ門廳、２Ｆ門廳、３Ｆ門廳、台電管道間、消防幫浦室、泵浦  、走道、停車空間、配電箱、資源回收區、４Ｆ門廳、廚餘冷藏室、  不可回收垃圾區、緊急升降機、梯廳、電信機房、５Ｆ門廳、防空避難室兼停車空間、台電專用管道、雨水回收區、雨水收集槽、雨水回收及噴灌機房、６Ｆ門廳、游泳池及中庭景觀池機房、消防幫浦機房  、電信機房室、垃圾處理空間、７Ｆ門廳、機車位、社區中心、防災中心、水景機房等共５５項。,鋼筋混凝土造,105年1月24日,二十五層,
RPSOMLSKKIPFFCC78DA,5,33.72,本共有部分之項目為排煙室、特別安全梯、緊急昇降機、機房、樓梯間、消防水箱、水箱、電梯機房、消防中繼機房、陽台、中繼室、中繼自來水箱、雨遮、中繼消防水箱、消防泵浦室、機電空間、安全梯  、發電機室、電信室、台電配電場所、大廳、行動不便者電梯、電梯  、１Ｆ門廳、２Ｆ門廳、３Ｆ門廳、台電管道間、消防幫浦室、泵浦  、走道、停車空間、配電箱、資源回收區、４Ｆ門廳、廚餘冷藏室、  不可回收垃圾區、緊急升降機、梯廳、電信機房、５Ｆ門廳、防空避難室兼停車空間、台電專用管道、雨水回收區、雨水收集槽、雨水回收及噴灌機房、６Ｆ門廳、游泳池及中庭景觀池機房、消防幫浦機房  、電信機房室、垃圾處理空間、７Ｆ門廳、機車位、社區中心、防災中心、水景機房等共５５項。,鋼筋混凝土造,105年1月24日,二十五層,
RPOOMLLLKIPFFCC77DA,39,97.15,住家用,鋼筋混凝土造,70年9月14日,五層,四層 陽台
RPWNMLPKKIPFFCC78DA,39,112.20,住家用,鋼筋混凝土造,70年12月23日,二層,一層 二層 陽台 平台
RPROMLOKKIPFFCC28DA,39,112.20,住家用,鋼筋混凝土造,70年12月23日,二層,一層 二層 陽台 平台
RPOOMLOKKIPFFCC97DA,39,112.20,住家用,鋼筋混凝土造,70年12月23日,二層,一層 二層 陽台 平台
RPRPMLLLKIPFFCC18DA,22,63.03,住家用,鋼筋混凝土造,88年1月14日,十二層,三層 陽台 花台
RPRPMLLLKIPFFCC18DA,22,12.72,共用部份,鋼筋混凝土造,88年1月14日,十二層,
RPRPMLLLKIPFFCC18DA,22,10.98,共用部份,鋼筋混凝土造,88年1月14日,十三層,
RPXNMLPKKIPFFCC88DA,39,112.20,住家用,鋼筋混凝土造,70年12月23日,二層,一層 二層 陽台 平台
RPPNMLPKKIPFFCC08DA,39,112.20,住家用,鋼筋混凝土造,70年12月23日,二層,一層 二層 陽台 平台
RPUNMLPKKIPFFCC58DA,39,112.20,住家用,鋼筋混凝土造,70年12月23日,二層,一層 二層 陽台 平台
RPSPMLLLKIPFFCC28DA,30,181.20,住家用,鋼筋混凝土造,79年8月8日,五層,四層 陽台 花台
RPSPMLLLKIPFFCC28DA,30,41.84,車庫,鋼筋混凝土造,79年8月8日,五層,
RPSPMLLLKIPFFCC28DA,30,1.30,共用部份,鋼筋混凝土造,79年8月8日,五層,
RPSPMLLLKIPFFCC28DA,30,4.39,共用部份,鋼筋混凝土造,79年8月8日,五層,
RPSPMLLLKIPFFCC28DA,30,7.71,共用部份,鋼筋混凝土造,79年8月8日,五層,
RPQOMLMLKIPFFCC08DA,38,46.49,住家用,鋼筋混凝土造,72年1月21日,五層,一層
RPTPMLLLKIPFFCC38DA,38,72.33,住家用,鋼筋混凝土造,71年9月15日,四層,二層 陽台
RPSOMLMLKIPFFCC28DA,40,37.64,住家用,鋼筋混凝土造,69年12月12日,五層,四層
RPSOMLMLKIPFFCC28DA,40,37.64,住家用,鋼筋混凝土造,69年12月12日,五層,四層
RPPOMLMLKIPFFCC97DA,24,110.27,住家用,鋼筋混凝土造,85年7月18日,十四層,五層 陽台
RPPOMLMLKIPFFCC97DA,24,17.53,共用部份,鋼筋混凝土造,85年7月18日,十四層,
RPPOMLMLKIPFFCC97DA,24,32.35,共用部份,鋼筋混凝土造,85年7月18日,十四層,
RPXNMLPLKIPFFCC98DA,43,82.40,住家用,鋼筋混凝土造,67年2月3日,四層,四層 陽台
RPQNMLNLKIPFFBC08EA,40,75.65,住家用,鋼筋混凝土造,70年3月19日,五層,五層 陽台
RPQNMLKLKIPFFBC67DA,42,10.51,共用部份,鋼筋混凝土造,67年11月24日,四層,
RPQNMLKLKIPFFBC67DA,42,38.95,,鋼筋混凝土造,67年11月24日,四層,四層
RPTNMLOLKIPFFCC58EA,26,86.69,住家用,鋼筋混凝土造,84年1月17日,五層,二層 陽台
RPTNMLOLKIPFFCC58EA,26,13.09,共用部份,鋼筋混凝土造,84年1月17日,五層,
RPTNMLOLKIPFFCC58EA,26,2.91,壹層：辦公室．超級市場；貳層至肆層：辦公室,鋼筋混凝土造,84年1月17日,四層,一層 二層 三層 四層 陽台 水箱 電梯樓梯間 停車場 機械房 露台 地下二層
RPSNMLRKKIPFFCC68EA,,123.88,辦公室（廳）,鋼筋混凝土造,106年1月25日,十三層,四層 陽台
RPSNMLRKKIPFFCC68EA,,36.95,本共同部分之項目有樓梯間‧電梯間‧防空避難室兼停車空間‧停車空間‧機械室‧水箱‧台電配電室‧汽車昇降機‧樓梯‧一般昇降機‧車道‧樓電梯間‧儲藏室‧休閒廣場‧人行道‧陽台等共１６項。,鋼筋混凝土造,106年1月25日,十三層,
RPSNMLRKKIPFFCC68EA,,25.52,本共同部分之項目有樓電梯間‧門廳‧管理員室‧走廊‧休閒廣場‧陽台等共６項。,鋼筋混凝土造,106年1月25日,十三層,
RPOOMLOJKIPFFCC87DA,39,88.31,住家用,鋼筋混凝土造,70年11月16日,五層,四層 陽台
RPUNMLNLKIPFFBC38DA,22,102.00,住家用,鋼筋混凝土造,88年1月14日,十五層,二層 陽台
RPUNMLNLKIPFFBC38DA,22,19.58,共用部份,鋼筋混凝土造,88年1月14日,十五層,
RPUNMLNLKIPFFBC38DA,22,5.42,共用部份,鋼筋混凝土造,88年1月14日,十五層,
RPUNMLNLKIPFFBC38DA,22,38.72,共用部份,鋼筋混凝土造,88年1月14日,十五層,
RPUNMLNLKIPFFBC38DA,22,2.40,共用部份,鋼筋混凝土造,88年1月14日,十六層,
RPUNMLNLKIPFFBC38DA,22,1.19,共用部份,鋼筋混凝土造,88年1月14日,十六層,
RPPNMLKLKIPFFBC57DA,42,10.51,共用部份,鋼筋混凝土造,67年11月24日,四層,
RPPNMLKLKIPFFBC57DA,42,38.95,,鋼筋混凝土造,67年11月24日,四層,四層
RPWNMLOLKIPFFBC68DA,23,91.18,住家用,鋼筋混凝土造,86年8月13日,七層,七層 陽台
RPWNMLOLKIPFFBC68DA,23,14.56,共用部份,鋼筋混凝土造,86年8月13日,七層,
RPTNMLLKKIPFFBC97DA,23,55.96,集合住宅,鋼筋混凝土造,86年6月30日,十四層,十四層 陽台
RPTNMLLKKIPFFBC97DA,23,55.96,集合住宅,鋼筋混凝土造,86年6月30日,十四層,十四層 陽台
RPTNMLLKKIPFFBC97DA,23,9.04,共用部份,鋼筋混凝土造,86年6月30日,十四層,
RPTNMLLKKIPFFBC97DA,23,9.04,共用部份,鋼筋混凝土造,86年6月30日,十四層,
RPTNMLLKKIPFFBC97DA,23,19.67,共用部份,鋼筋混凝土造,86年6月30日,十四層,
RPTNMLLKKIPFFBC97DA,23,19.67,共用部份,鋼筋混凝土造,86年6月30日,十四層,
RPWNMLLLKIPFFBC38DA,5,82.12,集合住宅,鋼筋混凝土造,104年8月18日,五層,四層 陽台 雨遮
RPWNMLLLKIPFFBC38DA,5,41.42,本共有部分之項目有停車空間、梯廳、樓梯間、水箱、機械室等五項,鋼筋混凝土造,104年8月18日,五層,
RPWNMLLLKIPFFBC38DA,5,5.06,本共有部分之項目有停車空間,鋼筋混凝土造,104年8月18日,五層,
RPWNMLLLKIPFFBC38DA,5,5.29,本共有部分之項目有機房,鋼筋混凝土造,104年8月18日,五層,
RPPNMLSLJIPFFBC28DA,,100.48,集合住宅,鋼筋混凝土造,109年5月13日,九層,三層 陽台 雨遮
RPPNMLSLJIPFFBC28DA,,21.93,本共有部分之項目有電梯間、配電室、電表室、樓電梯間、梯廳、電梯機房及水箱等七項,鋼筋混凝土造,109年5月13日,九層,
RPPNMLSLJIPFFBC28DA,,62.11,本共有部分之項目有樓梯間、幫浦室、水箱、管理員室、管委會使用空間、排風機、停車空間、景觀機房、資源回收室、安全梯、電梯間、配電室、車道、防空避難室兼停車空間、消防泵浦室、機車停車空間、緊急發電機室、陽台、電信室、走道及受電箱區等二十一項,鋼筋混凝土造,109年5月13日,九層,
RPVOMLPKIIPFFBC48DA,,66.75,集合住宅,鋼筋混凝土造,109年5月13日,九層,三層 陽台 雨遮
RPVOMLPKIIPFFBC48DA,,14.44,本共有部分之項目有電梯間、配電室、電表室、樓電梯間、梯廳、電梯機房及水箱等七項,鋼筋混凝土造,109年5月13日,九層,
RPVOMLPKIIPFFBC48DA,,17.83,本共有部分之項目有樓梯間、幫浦室、水箱、管理員室、管委會使用空間、排風機、停車空間、景觀機房、資源回收室、安全梯、電梯間、配電室、車道、防空避難室兼停車空間、消防泵浦室、機車停車空間、緊急發電機室、陽台、電信室、走道及受電箱區等二十一項,鋼筋混凝土造,109年5月13日,九層,
RPUOMLTJKIPFFCC98DA,11,95.04,住家用,鋼筋混凝土造,98年6月24日,十四層,七層 陽台
RPUOMLTJKIPFFCC98DA,11,48.84,共用部份,鋼筋混凝土造,98年6月24日,十四層,
RPUOMLTJKIPFFCC98DA,11,19.68,共用部份,鋼筋混凝土造,98年6月24日,十四層,
RPQNMLSLJIPFFBC38DA,,86.55,集合住宅,鋼筋混凝土造,109年5月13日,9,六層 陽台 雨遮
RPVNMLSKKIPFFBC88DA,,33.04,住商用,磚造,55年11月0日,四層,一層 二層 三層 四層
RPQNMLSLJIPFFBC38DA,,16.37,本共有部分之項目有電梯間、樓電梯間、梯廳、樓梯間、電梯機房及水箱等六項,鋼筋混凝土造,109年5月13日,九層,
RPQNMLSLJIPFFBC38DA,,58.53,本共有部分之項目有樓梯間、幫浦室、水箱、管理員室、管委會使用空間、排風機、停車空間、景觀機房、資源回收室、安全梯、電梯間、配電室、車道、防空避難室兼停車空間、消防泵浦室、機車停車空間、緊急發電機室、陽台、電信室、走道及受電箱區等二十一項,鋼筋混凝土造,109年5月13日,九層,
RPVOMLLJKIPFFBC18DA,,86.55,集合住宅,鋼筋混凝土造,109年5月13日,9,七層 陽台 雨遮
RPVOMLLJKIPFFBC18DA,,16.37,本共有部分之項目有電梯間、樓電梯間、梯廳、樓梯間、電梯機房及水箱等六項,鋼筋混凝土造,109年5月13日,九層,
RPVOMLLJKIPFFBC18DA,,58.53,本共有部分之項目有樓梯間、幫浦室、水箱、管理員室、管委會使用空間、排風機、停車空間、景觀機房、資源回收室、安全梯、電梯間、配電室、車道、防空避難室兼停車空間、消防泵浦室、機車停車空間、緊急發電機室、陽台、電信室、走道及受電箱區等二十一項,鋼筋混凝土造,109年5月13日,九層,
RPWNMLRKJIPFFCC88DA,24,104.25,住家用,鋼筋混凝土造,85年11月26日,十二層,八層 陽台 露台
RPOOMLSKKIPFFBC28DA,25,99.03,住家用,鋼筋混凝土造,85年5月13日,六層,五層 陽台 花台
RPWNMLRKJIPFFCC88DA,24,3.35,共用部份,鋼筋混凝土造,85年11月26日,十二層,
RPWNMLRKJIPFFCC88DA,24,6.43,共用部份,鋼筋混凝土造,85年11月26日,十二層,
RPOOMLSKKIPFFBC28DA,24,38.06,共用部份,鋼筋混凝土造,86年1月15日,五層,
RPOOMLSKKIPFFBC28DA,24,11.86,共用部份,鋼筋混凝土造,86年1月15日,五層,
RPUNMLOLKIPFFCC68EA,51,64.80,住家用,加強磚造,59年1月14日,三層,二層
RPPNMLRKKIPFFCC38EA,,101.45,辦公室（廳）,鋼筋混凝土造,106年1月25日,十三層,五層 陽台
RPPNMLRKKIPFFCC38EA,,32.84,本共同部分之項目有樓梯間‧電梯間‧防空避難室兼停車空間‧停車空間‧機械室‧水箱‧台電配電室‧汽車昇降機‧樓梯‧一般昇降機‧車道‧樓電梯間‧儲藏室‧休閒廣場‧人行道‧陽台等共１６項。,鋼筋混凝土造,106年1月25日,十三層,
RPPNMLRKKIPFFCC38EA,,20.89,本共同部分之項目有樓電梯間‧門廳‧管理員室‧走廊‧休閒廣場‧陽台等共６項。,鋼筋混凝土造,106年1月25日,十三層,
RPUNMLPLKIPFFCC68DA,48,152.14,住家用,加強磚造,61年12月16日,一層,一層 地下層
RPVNMLMLKIPFFCC48DA,39,86.15,住家用,鋼筋混凝土造,70年12月31日,五層,三層 陽台
RPWNMLOLKIPFFCC78DA,26,7.86,共用部份,鋼筋混凝土造,83年10月15日,五層,
RPWNMLOLKIPFFCC78DA,25,84.70,住家用,鋼筋混凝土造,84年8月11日,五層,五層 陽台 花台
RPWNMLOLKIPFFCC78DA,25,4.06,共用部份,鋼筋混凝土造,84年8月11日,五層,
RPXNMLOLKIPFFCC88DA,3,.03,辦公室,鋼筋混凝土造,105年1月24日,,地下二層
RPXNMLOLKIPFFCC88DA,3,170.72,集合住宅,鋼筋混凝土造,105年1月24日,二十五層,二十五層 陽台 雨遮 見其他登記事項
RPXNMLOLKIPFFCC88DA,3,.00,本共有部分之項目為受水池、安全梯、受水池機房、社區水箱、迴廊等共５項。,鋼筋混凝土造,105年1月24日,二十三層,
RPXNMLOLKIPFFCC88DA,3,1.64,本共有部分之項目為受水池、安全梯、受水池機房、社區水箱、迴廊等共５項。,鋼筋混凝土造,105年1月24日,二十三層,
RPXNMLOLKIPFFCC88DA,3,.01,本共有部分之項目為排煙室、特別安全梯、緊急昇降機、機房、樓梯間、消防水箱、水箱、電梯機房、消防中繼機房、陽台、中繼室、中繼自來水箱、雨遮、中繼消防水箱、消防泵浦室、機電空間、安全梯  、發電機室、電信室、台電配電場所、大廳、行動不便者電梯、電梯  、１Ｆ門廳、２Ｆ門廳、３Ｆ門廳、台電管道間、消防幫浦室、泵浦  、走道、停車空間、配電箱、資源回收區、４Ｆ門廳、廚餘冷藏室、  不可回收垃圾區、緊急升降機、梯廳、電信機房、５Ｆ門廳、防空避難室兼停車空間、台電專用管道、雨水回收區、雨水收集槽、雨水回收及噴灌機房、６Ｆ門廳、游泳池及中庭景觀池機房、消防幫浦機房  、電信機房室、垃圾處理空間、７Ｆ門廳、機車位、社區中心、防災中心、水景機房等共５５項。,鋼筋混凝土造,105年1月24日,二十五層,
RPXNMLOLKIPFFCC88DA,3,101.49,本共有部分之項目為排煙室、特別安全梯、緊急昇降機、機房、樓梯間、消防水箱、水箱、電梯機房、消防中繼機房、陽台、中繼室、中繼自來水箱、雨遮、中繼消防水箱、消防泵浦室、機電空間、安全梯  、發電機室、電信室、台電配電場所、大廳、行動不便者電梯、電梯  、１Ｆ門廳、２Ｆ門廳、３Ｆ門廳、台電管道間、消防幫浦室、泵浦  、走道、停車空間、配電箱、資源回收區、４Ｆ門廳、廚餘冷藏室、  不可回收垃圾區、緊急升降機、梯廳、電信機房、５Ｆ門廳、防空避難室兼停車空間、台電專用管道、雨水回收區、雨水收集槽、雨水回收及噴灌機房、６Ｆ門廳、游泳池及中庭景觀池機房、消防幫浦機房  、電信機房室、垃圾處理空間、７Ｆ門廳、機車位、社區中心、防災中心、水景機房等共５５項。,鋼筋混凝土造,105年1月24日,二十五層,
RPOOMLPKKIPFFCC08DA,39,112.20,住家用,鋼筋混凝土造,70年12月23日,二層,一層 二層 陽台 平台
RPXNMLLLKIPFFCC58DA,9,112.62,集合住宅,鋼筋混凝土造,100年10月13日,九層,四層 陽台 雨遮
RPXNMLLLKIPFFCC58DA,9,13.81,本共有部分之項目有樓梯間，管委會使用空間，台電配電室，電信室，機房，受電室，消防泵浦室，防空避難室兼停車空間共８項,鋼筋混凝土造,100年10月13日,九層,
RPXNMLLLKIPFFCC58DA,9,24.46,本共有部分之項目有樓電梯間，走道，樓梯間，機房，水箱共五項,鋼筋混凝土造,100年10月13日,九層,
RPUOMLPKKIPFFCC68DA,23,77.80,住家用,鋼筋混凝土造,86年7月18日,十二層,十一層 陽台
RPUOMLPKKIPFFCC68DA,23,1.97,共用部份,鋼筋混凝土造,86年7月18日,四層,
RPUOMLPKKIPFFCC68DA,23,21.98,共用部份,鋼筋混凝土造,86年7月18日,十二層,
RPUOMLPKKIPFFCC68DA,23,10.67,共用部份,鋼筋混凝土造,86年7月18日,十二層,
RPXOMLLLKIPFFCC68DA,39,102.13,住家用,鋼筋混凝土造,70年11月11日,五層,五層 陽台
RPPOMLOKKIPFFCC08DA,39,112.20,住家用,鋼筋混凝土造,70年12月23日,二層,一層 二層 陽台 平台
RPVNMLPLKIPFFCC78DA,26,91.66,住家用,鋼筋混凝土造,83年11月8日,五層,四層 陽台 花台
RPVNMLPLKIPFFCC78DA,26,12.36,共用部份,鋼筋混凝土造,83年11月8日,五層,
RPVNMLPLKIPFFCC78DA,26,2.31,共用部份,鋼筋混凝土造,83年11月8日,五層,
RPPNMLOLKIPFFCC08DA,5,.01,辦公室,鋼筋混凝土造,105年1月24日,,地下二層
RPPNMLOLKIPFFCC08DA,5,75.95,集合住宅,鋼筋混凝土造,105年1月24日,十八層,十六層 陽台 雨遮
RPPNMLOLKIPFFCC08DA,5,.00,本共有部分之項目為受水池、安全梯、受水池機房、社區水箱、迴廊等共５項。,鋼筋混凝土造,105年1月24日,二十三層,
RPPNMLOLKIPFFCC08DA,5,.73,本共有部分之項目為受水池、安全梯、受水池機房、社區水箱、迴廊等共５項。,鋼筋混凝土造,105年1月24日,二十三層,
RPPNMLOLKIPFFCC08DA,5,.01,本共有部分之項目為排煙室、特別安全梯、緊急昇降機、機房、樓梯間、消防水箱、水箱、電梯機房、消防中繼機房、陽台、中繼室、中繼自來水箱、雨遮、中繼消防水箱、消防泵浦室、機電空間、安全梯  、發電機室、電信室、台電配電場所、大廳、行動不便者電梯、電梯  、１Ｆ門廳、２Ｆ門廳、３Ｆ門廳、台電管道間、消防幫浦室、泵浦  、走道、停車空間、配電箱、資源回收區、４Ｆ門廳、廚餘冷藏室、  不可回收垃圾區、緊急升降機、梯廳、電信機房、５Ｆ門廳、防空避難室兼停車空間、台電專用管道、雨水回收區、雨水收集槽、雨水回收及噴灌機房、６Ｆ門廳、游泳池及中庭景觀池機房、消防幫浦機房  、電信機房室、垃圾處理空間、７Ｆ門廳、機車位、社區中心、防災中心、水景機房等共５５項。,鋼筋混凝土造,105年1月24日,二十五層,
RPPNMLOLKIPFFCC08DA,5,46.91,本共有部分之項目為排煙室、特別安全梯、緊急昇降機、機房、樓梯間、消防水箱、水箱、電梯機房、消防中繼機房、陽台、中繼室、中繼自來水箱、雨遮、中繼消防水箱、消防泵浦室、機電空間、安全梯  、發電機室、電信室、台電配電場所、大廳、行動不便者電梯、電梯  、１Ｆ門廳、２Ｆ門廳、３Ｆ門廳、台電管道間、消防幫浦室、泵浦  、走道、停車空間、配電箱、資源回收區、４Ｆ門廳、廚餘冷藏室、  不可回收垃圾區、緊急升降機、梯廳、電信機房、５Ｆ門廳、防空避難室兼停車空間、台電專用管道、雨水回收區、雨水收集槽、雨水回收及噴灌機房、６Ｆ門廳、游泳池及中庭景觀池機房、消防幫浦機房  、電信機房室、垃圾處理空間、７Ｆ門廳、機車位、社區中心、防災中心、水景機房等共５５項。,鋼筋混凝土造,105年1月24日,二十五層,
RPVNMLPKKIPFFCC68DA,39,112.20,住家用,鋼筋混凝土造,70年12月23日,二層,一層 二層 陽台 平台
RPOPMLOLKIPFFCC18DA,39,37.10,住家用,鋼筋混凝土造,70年9月2日,四層,地下層
RPOPMLOLKIPFFCC18DA,39,90.15,商業用,鋼筋混凝土造,70年9月2日,四層,一層 騎樓 停車場
RPSNMLSLKIPFFCC78DA,25,159.71,住商用,鋼筋混凝土造,84年7月31日,四層,一層 二層 三層 四層 陽台 平台 屋頂突出物 露台 雨遮
RPSNMLSLKIPFFCC78DA,25,3.29,住家用,鋼筋混凝土造,84年11月8日,一層,一層 地下一層
RPSNMLSLKIPFFCC78DA,25,1.05,共用部份,鋼筋混凝土造,84年11月8日,四層,
RPROMLPLKIPFFCC48DA,5,.02,辦公室,鋼筋混凝土造,105年1月24日,,地下二層
RPROMLPLKIPFFCC48DA,5,95.22,集合住宅,鋼筋混凝土造,105年1月24日,二十二層,七層 陽台
RPROMLPLKIPFFCC48DA,5,.00,本共有部分之項目為受水池、安全梯、受水池機房、社區水箱、迴廊等共５項。,鋼筋混凝土造,105年1月24日,二十三層,
RPROMLPLKIPFFCC48DA,5,.92,本共有部分之項目為受水池、安全梯、受水池機房、社區水箱、迴廊等共５項。,鋼筋混凝土造,105年1月24日,二十三層,
RPROMLPLKIPFFCC48DA,5,.01,本共有部分之項目為排煙室、特別安全梯、緊急昇降機、機房、樓梯間、消防水箱、水箱、電梯機房、消防中繼機房、陽台、中繼室、中繼自來水箱、雨遮、中繼消防水箱、消防泵浦室、機電空間、安全梯  、發電機室、電信室、台電配電場所、大廳、行動不便者電梯、電梯  、１Ｆ門廳、２Ｆ門廳、３Ｆ門廳、台電管道間、消防幫浦室、泵浦  、走道、停車空間、配電箱、資源回收區、４Ｆ門廳、廚餘冷藏室、  不可回收垃圾區、緊急升降機、梯廳、電信機房、５Ｆ門廳、防空避難室兼停車空間、台電專用管道、雨水回收區、雨水收集槽、雨水回收及噴灌機房、６Ｆ門廳、游泳池及中庭景觀池機房、消防幫浦機房  、電信機房室、垃圾處理空間、７Ｆ門廳、機車位、社區中心、防災中心、水景機房等共５５項。,鋼筋混凝土造,105年1月24日,二十五層,
RPROMLPLKIPFFCC48DA,5,54.77,本共有部分之項目為排煙室、特別安全梯、緊急昇降機、機房、樓梯間、消防水箱、水箱、電梯機房、消防中繼機房、陽台、中繼室、中繼自來水箱、雨遮、中繼消防水箱、消防泵浦室、機電空間、安全梯  、發電機室、電信室、台電配電場所、大廳、行動不便者電梯、電梯  、１Ｆ門廳、２Ｆ門廳、３Ｆ門廳、台電管道間、消防幫浦室、泵浦  、走道、停車空間、配電箱、資源回收區、４Ｆ門廳、廚餘冷藏室、  不可回收垃圾區、緊急升降機、梯廳、電信機房、５Ｆ門廳、防空避難室兼停車空間、台電專用管道、雨水回收區、雨水收集槽、雨水回收及噴灌機房、６Ｆ門廳、游泳池及中庭景觀池機房、消防幫浦機房  、電信機房室、垃圾處理空間、７Ｆ門廳、機車位、社區中心、防災中心、水景機房等共５５項。,鋼筋混凝土造,105年1月24日,二十五層,
RPTOMLSLKIPFFCC98DA,26,133.42,住家用,鋼筋混凝土造,83年12月22日,五層,四層 陽台 露台
RPTOMLSLKIPFFCC98DA,26,3.07,共用部份,鋼筋混凝土造,83年12月22日,五層,
RPTOMLSLKIPFFCC98DA,26,36.51,共用部份,鋼筋混凝土造,83年12月22日,七層,
RPTNMLSLKIPFFCC88DA,40,72.41,住家用,鋼筋混凝土造,69年7月29日,五層,五層
RPWNMLPLKIPFFCC88DA,5,.01,辦公室,鋼筋混凝土造,105年1月24日,,地下二層
RPWNMLPLKIPFFCC88DA,5,75.95,集合住宅,鋼筋混凝土造,105年1月24日,十八層,十層 陽台 雨遮
RPXOMLOLKIPFFCC98DA,25,241.59,住家用,鋼筋混凝土造,85年2月15日,四層,一層 二層 三層 四層 陽台 平台 水箱 露台 雨遮
RPWNMLPLKIPFFCC88DA,5,.00,本共有部分之項目為受水池、安全梯、受水池機房、社區水箱、迴廊等共５項。,鋼筋混凝土造,105年1月24日,二十三層,
RPXOMLOLKIPFFCC98DA,25,12.76,儲藏室,鋼筋混凝土造,85年2月15日,四層,地下層
RPWNMLPLKIPFFCC88DA,5,.73,本共有部分之項目為受水池、安全梯、受水池機房、社區水箱、迴廊等共５項。,鋼筋混凝土造,105年1月24日,二十三層,
RPXOMLOLKIPFFCC98DA,25,41.05,共用部份,鋼筋混凝土造,85年2月15日,四層,
RPWNMLPLKIPFFCC88DA,5,.01,本共有部分之項目為排煙室、特別安全梯、緊急昇降機、機房、樓梯間、消防水箱、水箱、電梯機房、消防中繼機房、陽台、中繼室、中繼自來水箱、雨遮、中繼消防水箱、消防泵浦室、機電空間、安全梯  、發電機室、電信室、台電配電場所、大廳、行動不便者電梯、電梯  、１Ｆ門廳、２Ｆ門廳、３Ｆ門廳、台電管道間、消防幫浦室、泵浦  、走道、停車空間、配電箱、資源回收區、４Ｆ門廳、廚餘冷藏室、  不可回收垃圾區、緊急升降機、梯廳、電信機房、５Ｆ門廳、防空避難室兼停車空間、台電專用管道、雨水回收區、雨水收集槽、雨水回收及噴灌機房、６Ｆ門廳、游泳池及中庭景觀池機房、消防幫浦機房  、電信機房室、垃圾處理空間、７Ｆ門廳、機車位、社區中心、防災中心、水景機房等共５５項。,鋼筋混凝土造,105年1月24日,二十五層,
RPWNMLPLKIPFFCC88DA,5,46.91,本共有部分之項目為排煙室、特別安全梯、緊急昇降機、機房、樓梯間、消防水箱、水箱、電梯機房、消防中繼機房、陽台、中繼室、中繼自來水箱、雨遮、中繼消防水箱、消防泵浦室、機電空間、安全梯  、發電機室、電信室、台電配電場所、大廳、行動不便者電梯、電梯  、１Ｆ門廳、２Ｆ門廳、３Ｆ門廳、台電管道間、消防幫浦室、泵浦  、走道、停車空間、配電箱、資源回收區、４Ｆ門廳、廚餘冷藏室、  不可回收垃圾區、緊急升降機、梯廳、電信機房、５Ｆ門廳、防空避難室兼停車空間、台電專用管道、雨水回收區、雨水收集槽、雨水回收及噴灌機房、６Ｆ門廳、游泳池及中庭景觀池機房、消防幫浦機房  、電信機房室、垃圾處理空間、７Ｆ門廳、機車位、社區中心、防災中心、水景機房等共５５項。,鋼筋混凝土造,105年1月24日,二十五層,
RPUOMLSLKIPFFCC09DA,26,76.62,住家用,鋼筋混凝土造,84年5月4日,十七層,十一層 陽台 雨遮
RPUOMLSLKIPFFCC09DA,26,11.94,共用部份,鋼筋混凝土造,84年5月4日,十七層,
RPOPMLSLKIPFFCC58DA,24,1.18,共用部份,鋼筋混凝土造,86年5月8日,十一層,
RPOPMLSLKIPFFCC58DA,24,53.48,住家用,鋼筋混凝土造,86年5月8日,十一層,二層 陽台 花台 雨遮
RPOPMLSLKIPFFCC58DA,24,12.84,共用部份,鋼筋混凝土造,86年5月8日,十一層,
RPRNMLSLKIPFFCC78EA,51,84.94,住家用,加強磚造,58年12月29日,二層,一層 二層
RPOPMLSLKIPFFCC58DA,24,.60,共用部份,鋼筋混凝土造,86年5月8日,十一層,
RPWNMLRJKIPFFCC88DA,2,86.46,集合住宅,鋼筋混凝土造,107年10月9日,七層,五層 陽台 雨遮
RPWNMLRJKIPFFCC88DA,2,35.85,本建物共有部分之項目有停車空間‧防空避難室兼停車空間等共２項,鋼筋混凝土造,107年10月9日,七層,
RPWNMLRJKIPFFCC88DA,2,46.40,本建物共有部分之項目有樓梯間‧機房‧電梯機房‧水箱‧泳池機房‧台度‧雨水回收機房‧緊急升降機‧排煙室‧安全梯‧污水機房‧通風機房‧消防泵浦‧消防水池‧游泳池‧台電配電場所‧機車車道‧管委會空間‧防空避難室‧電錶牆‧電信室‧管理員室‧裝卸空間‧垃圾儲藏室‧發電機室‧公共服務空間‧門廳‧梯廳‧行動不便樓梯‧停車位等共３０項。,鋼筋混凝土造,107年10月9日,七層,
RPPOMLNLKIPFFBC08EA,22,57.92,住家用,鋼筋混凝土造,88年1月14日,十六層,十四層 陽台
RPPOMLNLKIPFFBC08EA,22,7.88,共用部份,鋼筋混凝土造,88年1月14日,十六層,
RPPOMLNLKIPFFBC08EA,22,.70,共用部份,鋼筋混凝土造,88年1月14日,十六層,
RPPOMLNLKIPFFBC08EA,22,2.10,共用部份,鋼筋混凝土造,88年1月14日,十六層,
RPPOMLNLKIPFFBC08EA,22,41.38,共用部份,鋼筋混凝土造,88年1月14日,十六層,
RPPOMLNLKIPFFBC08EA,22,1.41,共用部份,鋼筋混凝土造,88年1月14日,十六層,
RPPOMLNLKIPFFBC08EA,22,.69,共用部份,鋼筋混凝土造,88年1月14日,十六層,
RPPNMLPLKIPFFBC18EA,25,69.52,住家用,鋼筋混凝土造,85年3月9日,十五層,十二層 陽台
RPPNMLPLKIPFFBC18EA,25,12.10,共用部份,鋼筋混凝土造,85年3月9日,十五層,
RPSQMLOKKIPFFBC48DA,44,58.91,住家用,鋼筋混凝土加強磚造,65年9月2日,五層,三層
RPSNMLNLKIPFFBC18DA,12,.02,住家用,鋼筋混凝土造,97年12月26日,六層,六層 陽台
RPSNMLNLKIPFFBC18DA,12,.76,共用部份,鋼筋混凝土造,97年12月26日,六層,
RPSNMLNLKIPFFBC18DA,12,.01,一般事務所,鋼筋混凝土造,98年2月9日,六層,地下一層
RPSNMLNLKIPFFBC18DA,12,.10,共用部份,鋼筋混凝土造,98年2月9日,六層,
RPSNMLNLKIPFFBC18DA,7,163.68,住家用,鋼筋混凝土造,102年9月5日,六層,一層 陽台 見其他登記事項
RPPNMLSJKIPFFCC28DA,10,.39,集合住宅,鋼筋混凝土造,100年3月22日,九層,一層 陽台
RPSNMLNLKIPFFBC18DA,7,.06,住家用,鋼筋混凝土造,102年9月5日,六層,一層
RPPNMLSJKIPFFCC28DA,10,157.60,集合住宅,鋼筋混凝土造,100年3月22日,九層,四層 陽台 雨遮
RPSNMLNLKIPFFBC18DA,7,33.14,本共有部分之項目有管理員室、機械室、停車空間、防空避難室兼停車空間等共４項,鋼筋混凝土造,102年9月5日,六層,
RPPNMLSJKIPFFCC28DA,10,.03,本共有部分之項目有消防幫浦室、蓄水池、機械設備空間、梯間、污水池、發電機室、台電配電室、電信室、資源回收處、垃圾處理場、電信設備室、機械室、污水機房、梯廳、水箱及機房等１６項。,鋼筋混凝土造,100年3月22日,九層,
RPSNMLNLKIPFFBC18DA,7,32.82,本共有部分之項目有管理員室、機械室、停車空間、防空避難室兼停車空間等共４項,鋼筋混凝土造,102年9月5日,六層,
RPPNMLSJKIPFFCC28DA,10,42.57,本共有部分之項目有消防幫浦室、蓄水池、機械設備空間、梯間、污水池、發電機室、台電配電室、電信室、資源回收處、垃圾處理場、電信設備室、機械室、污水機房、梯廳、水箱及機房等１６項。,鋼筋混凝土造,100年3月22日,九層,
RPSNMLNLKIPFFBC18DA,7,29.05,本共有部分之項目有樓電梯間、梯廳、樓梯間、機械室、水箱、外廊、雨遮等共７項,鋼筋混凝土造,102年9月5日,六層,
RPPNMLSJKIPFFCC28DA,10,60.69,本共有部分之項目有停車空間及防空避難室兼停車空間等２項。,鋼筋混凝土造,100年3月22日,九層,
RPPNMLSJKIPFFCC28DA,10,43.30,本共有部分之項目有停車空間及防空避難室兼停車空間等２項。,鋼筋混凝土造,100年3月22日,九層,
RPOOMLOLKIPFFBC97DA,22,92.44,住家用,鋼筋混凝土造,88年1月14日,十六層,五層 陽台
RPOOMLOLKIPFFBC97DA,22,13.10,共用部份,鋼筋混凝土造,88年1月14日,十六層,
RPOOMLOLKIPFFBC97DA,22,3.67,共用部份,鋼筋混凝土造,88年1月14日,十六層,
RPOOMLOLKIPFFBC97DA,22,2.24,共用部份,鋼筋混凝土造,88年1月14日,十六層,
RPOOMLOLKIPFFBC97DA,22,1.09,共用部份,鋼筋混凝土造,88年1月14日,十六層,
RPQOMLOLKIPFFBC18DA,33,148.80,住家用,鋼筋混凝土造,76年7月4日,二層,一層 二層 陽台 平台 屋頂突出物 露台
RPTNMLNLKIPFFBC28DA,22,46.18,住家用,鋼筋混凝土造,88年1月14日,十六層,十二層 陽台
RPTNMLNLKIPFFBC28DA,22,46.18,住家用,鋼筋混凝土造,88年1月14日,十六層,十二層 陽台
RPTNMLNLKIPFFBC28DA,22,8.34,共用部份,鋼筋混凝土造,88年1月14日,十六層,
RPTNMLNLKIPFFBC28DA,22,8.34,共用部份,鋼筋混凝土造,88年1月14日,十六層,
RPTNMLNLKIPFFBC28DA,22,.57,共用部份,鋼筋混凝土造,88年1月14日,十六層,
RPTNMLNLKIPFFBC28DA,22,.57,共用部份,鋼筋混凝土造,88年1月14日,十六層,
RPTNMLNLKIPFFBC28DA,22,2.65,共用部份,鋼筋混凝土造,88年1月14日,十六層,
RPTNMLNLKIPFFBC28DA,22,2.65,共用部份,鋼筋混凝土造,88年1月14日,十六層,
RPTNMLNLKIPFFBC28DA,22,1.09,共用部份,鋼筋混凝土造,88年1月14日,十六層,
RPTNMLNLKIPFFBC28DA,22,1.09,共用部份,鋼筋混凝土造,88年1月14日,十六層,
RPTNMLNLKIPFFBC28DA,22,.53,共用部份,鋼筋混凝土造,88年1月14日,十六層,
RPTNMLNLKIPFFBC28DA,22,.53,共用部份,鋼筋混凝土造,88年1月14日,十六層,
RPXNMLPLKIPFFBC88DA,1,86.55,集合住宅,鋼筋混凝土造,109年5月13日,九層,六層 陽台 雨遮
RPXNMLPLKIPFFBC88DA,1,16.37,本共有部分之項目有電梯間、樓電梯間、梯廳、樓梯間、電梯機房及水箱等六項,鋼筋混凝土造,109年5月13日,九層,
RPXNMLPLKIPFFBC88DA,1,58.53,本共有部分之項目有樓梯間、幫浦室、水箱、管理員室、管委會使用空間、排風機、停車空間、景觀機房、資源回收室、安全梯、電梯間、配電室、車道、防空避難室兼停車空間、消防泵浦室、機車停車空間、緊急發電機室、陽台、電信室、走道及受電箱區等二十一項,鋼筋混凝土造,109年5月13日,九層,
RPOOMLPLKIPFFBC08DA,,71.17,住家用,磚造,47年4月0日,一層,一層
RPUNMLPLKIPFFBC58DA,13,40.70,住家用,鋼骨鋼筋混凝土造,97年2月4日,三十一層,十四層 陽台
RPUNMLPLKIPFFBC58DA,13,8.63,共用部份,鋼骨鋼筋混凝土造,97年2月4日,三十一層,
RPUNMLPLKIPFFBC58DA,13,8.26,共用部份,鋼骨鋼筋混凝土造,97年2月4日,三十一層,
RPSNMLSLKIPFFBC68DA,,30.84,,,,,
RPPOMLPLKIPFFBC18DA,38,89.66,住家用,鋼筋混凝土造,71年8月27日,五層,二層 陽台
RPVNMLSLKIPFFBC98DA,49,110.08,住家用,鋼筋混凝土加強磚造,60年12月13日,四層,三層
RPVNMLPLKIPFFBC68DA,,70.72,住家用,加強磚造,54年11月0日,二層,一層 二層
RPTNMLSLKIPFFBC78DA,33,97.13,住家用,鋼筋混凝土造,76年8月12日,五層,三層 陽台
RPWNMLSLKIPFFBC09DA,26,113.63,住家用,鋼筋混凝土造,84年5月25日,七層,三層 陽台
RPWNMLSLKIPFFBC09DA,26,58.92,共用部份,鋼筋混凝土造,84年5月25日,七層,
RPSOMLSLKIPFFBC78DA,3,62.91,集合住宅,鋼筋混凝土造,106年11月9日,十層,九層 陽台 雨遮
RPSOMLSLKIPFFBC78DA,3,32.15,本共有部分之項目有防空避難室兼停車空間、台電配電室、梯廳、排煙室、昇降機、信箱區、公共陽台、泳池、泳池水箱、安全梯、水箱、機房、雨水機房、消防機房、供行動不便者使用樓梯、發電機室、垃圾儲藏室、電信機房、停車空間、供管委會使用空間、供行動不便者使用電梯、門廊、男廁、女廁、梯間、消防水箱及陽台等二十七項,鋼筋混凝土造,106年11月9日,十層,
RPVNMLTLKIPFFBC09DA,31,53.76,住家用,鋼筋混凝土造,78年12月29日,五層,二層 三層 陽台 雨遮
RPVNMLTLKIPFFBC09DA,31,53.76,住家用,鋼筋混凝土造,78年12月29日,五層,二層 三層 陽台 雨遮
RPVNMLTLKIPFFBC09DA,31,10.79,共用部份,鋼筋混凝土造,78年12月29日,五層,
RPVNMLTLKIPFFBC09DA,31,10.79,共用部份,鋼筋混凝土造,78年12月29日,五層,
RPVNMLKMKIPFFBC28DA,22,206.21,住家用,鋼筋混凝土造,88年2月10日,四層,一層 二層 三層 四層 陽台 屋頂突出物
RPXNMLSJKIPFFCC09DA,31,7.38,共用部份,鋼筋混凝土造,79年4月24日,五層,
RPXNMLSJKIPFFCC09DA,31,92.59,住家用,鋼筋混凝土造,79年4月24日,五層,五層 陽台
RPPNMLTLKIPFFBC58EA,7,.11,辦公室,鋼筋混凝土造,103年3月14日,二十四層,一層
RPPNMLTLKIPFFBC58EA,7,31.18,本共有部分之項目有防空避難室兼停車空間、樓電梯間等共２項,鋼筋混凝土造,103年3月14日,二十四層,
RPPNMLTLKIPFFBC58EA,7,.53,本共有部分之項目為車道,鋼筋混凝土造,103年3月14日,二十四層,
RPVOMLSJKIPFFCC98DA,22,83.37,住家用,鋼筋混凝土造,88年1月14日,十三層,十三層 陽台 花台
RPVOMLSJKIPFFCC98DA,22,14.73,共用部份,鋼筋混凝土造,88年1月14日,十三層,
RPVOMLSJKIPFFCC98DA,22,14.41,共用部份,鋼筋混凝土造,88年1月14日,十三層,
RPTNMLTLKIPFFBC98EA,22,50.84,住家用,鋼筋混凝土造,88年1月14日,十六層,二層 陽台
RPTNMLTLKIPFFBC98EA,22,12.65,共用部份,鋼筋混凝土造,88年1月14日,十六層,
RPTNMLTLKIPFFBC98EA,22,2.27,共用部份,鋼筋混凝土造,88年1月14日,十六層,
RPTNMLTLKIPFFBC98EA,22,34.99,共用部份,鋼筋混凝土造,88年1月14日,十六層,
RPTNMLTLKIPFFBC98EA,22,1.30,共用部份,鋼筋混凝土造,88年1月14日,十六層,
RPTNMLTLKIPFFBC98EA,22,.64,共用部份,鋼筋混凝土造,88年1月14日,十六層,
RPUNMLSKKIPFFBC78DA,20,83.84,住家用,鋼筋混凝土造,89年12月29日,十一層,十一層 陽台
RPUNMLSKKIPFFBC78DA,20,14.23,共用部份,鋼筋混凝土造,89年12月29日,十一層,
RPUNMLSKKIPFFBC78DA,20,19.56,共用部份,鋼筋混凝土造,89年12月29日,十一層,
RPVNMLSLKIPFFCC56EA,39,89.58,住家用,鋼筋混凝土造,70年11月16日,五層,三層 陽台
RPSNMLKMKIPFFCC18EA,38,48.85,住商用,鋼筋混凝土造,72年4月14日,五層,一層 騎樓 停車場
RPVNMLTLKIPFFCC66EA,2,71.72,集合住宅,鋼筋混凝土造,108年2月13日,十一層,二層 陽台 雨遮
RPVNMLTLKIPFFCC66EA,2,15.37,本建物共有部分之項目有消防幫浦室‧地下室排氣口‧樓電梯間‧梯廳‧電信室‧自來水箱‧汙水設備室‧發電機室‧滯洪沉砂池‧機車位‧管委會空間‧垃圾儲藏室‧資源回收區排風管道‧台電配電室‧用戶配電室‧等共１６項。,鋼筋混凝土造,108年2月13日,十一層,
RPVNMLTLKIPFFCC66EA,2,48.72,本建物共有部分之項目有防空避難室兼停車空間‧停車空間等共２項。,鋼筋混凝土造,108年2月13日,十一層,
RPVNMLTLKIPFFCC66EA,2,15.19,本建物共有部分之項目有樓電梯間‧梯廳‧樓梯間‧機房‧水箱等共５項。,鋼筋混凝土造,108年2月13日,十一層,
RPQNMLSLKIPFFCC68EA,26,16.44,共用部份,鋼筋混凝土造,83年10月15日,五層,
RPQNMLSLKIPFFCC68EA,25,175.94,住商用,鋼筋混凝土造,84年8月11日,五層,一層 平台 騎樓 夾層 地下層
RPQNMLSLKIPFFCC68EA,25,4.06,共用部份,鋼筋混凝土造,84年8月11日,五層,
RPTOMLTLKIPFFCC09DA,13,213.37,一層：停車空間．二至四層：住宅,鋼筋混凝土造,96年6月21日,四層,一層 二層 三層 四層 陽台
RPPPMLOLKIPFFCC28DA,35,90.26,住家用,鋼筋混凝土造,74年7月29日,五層,三層 陽台
RPXOMLSLKIPFFCC76DA,42,69.32,住家用,鋼筋混凝土造,68年4月17日,四層,二層
RPROMLMLKIPFFCC18DA,39,111.74,住家用,鋼筋混凝土造,71年3月11日,五層,三層 陽台
RPXNMLSLKIPFFCC66DA,21,50.06,住家用,鋼筋混凝土造,89年3月13日,九層,七層 陽台 雨遮
RPXNMLSLKIPFFCC66DA,21,13.42,共用部份,鋼筋混凝土造,89年3月13日,九層,
RPVNMLOKKIPFFCC58DA,29,200.67,住家用,鋼筋混凝土造,80年6月7日,十層,二層 陽台 露台
RPVNMLOKKIPFFCC58DA,29,10.49,商業用,鋼筋混凝土造,80年6月7日,十層,
RPVNMLOKKIPFFCC58DA,29,33.32,共用部份,鋼筋混凝土造,80年6月7日,十層,
RPVNMLOKKIPFFCC58DA,29,.07,共用部份,鋼筋混凝土造,80年6月7日,十層,
RPSOMLOLKIPFFCC48DA,24,.16,管理員室,鋼筋混凝土造,85年9月30日,五層,地下層
RPSOMLOLKIPFFCC48DA,24,31.25,共用部份,鋼筋混凝土造,85年9月30日,五層,
RPOPMLRKKIPFFCC38DA,27,36.79,防空避難室兼停車場,鋼筋混凝土造,82年9月2日,七層,地下二層
RPWOMLLLKIPFFCC58DA,41,90.22,住家用,鋼筋混凝土造,69年1月24日,四層,四層 陽台
RPQNMLKLKIPFFCC77DA,42,61.41,住家用,鋼筋混凝土造,67年8月9日,五層,二層
RPROMLTLKIPFFCC88DA,7,106.85,集合住宅,鋼筋混凝土造,102年7月1日,五層,二層 陽台
RPROMLTLKIPFFCC88DA,7,38.04,本共有部分之項目有停車空間‧電梯樓梯間‧梯間‧機房等共４項。,鋼筋混凝土造,102年7月1日,五層,
RPSOMLTLKIPFFCC98DA,29,73.04,工業用,鋼筋混凝土造,80年5月24日,四層,三層 陽台
RPOOMLPLKIPFFCC18DA,41,59.90,住家用,鋼筋混凝土造,68年12月21日,四層,三層
RPSNMLLMKIPFFCC18DA,26,3.81,商業用,鋼筋混凝土造,83年11月18日,二十層,地下一層
RPSNMLLMKIPFFCC18DA,26,247.62,商業用,鋼筋混凝土造,83年11月18日,二十層,地下一層
RPSNMLLMKIPFFCC18DA,26,2.18,商業用,鋼筋混凝土造,83年11月18日,二十層,地下二層
RPSNMLLMKIPFFCC18DA,26,.88,商業用,鋼筋混凝土造,83年11月18日,二十層,地下二層
RPSNMLLMKIPFFCC18DA,26,15.02,停車場,鋼筋混凝土造,83年11月18日,二十層,地下二層
RPSNMLLMKIPFFCC18DA,26,11.76,防空避難室兼停車場,鋼筋混凝土造,83年11月18日,二十層,地下四層
RPSNMLLMKIPFFCC18DA,26,25.29,共用部份,鋼筋混凝土造,83年11月18日,二十層,
RPRPMLTLKIPFFCC98DA,39,93.16,住家用,鋼筋混凝土造,70年12月7日,四層,三層 陽台
RPPNMLTLKIPFFCC58DA,5,.01,辦公室,鋼筋混凝土造,105年1月24日,,地下二層
RPRNMLLMKIPFFCC18EA,25,52.52,住家用,鋼筋混凝土造,84年8月1日,十二層,五層 陽台 花台
RPPNMLTLKIPFFCC58DA,5,49.55,集合住宅,鋼筋混凝土造,105年1月24日,十八層,九層 陽台 雨遮
RPRNMLLMKIPFFCC18EA,25,38.62,停車場,鋼筋混凝土造,84年8月1日,十二層,
RPSNMLTLKIPFFBC88EA,35,59.63,住家用,鋼筋混凝土造,74年6月19日,五層,五層 陽台
RPSNMLTLKIPFFBC88EA,35,56.22,住家用,鋼筋混凝土造,74年6月19日,五層,五層 陽台
RPPNMLTLKIPFFCC58DA,5,.00,本共有部分之項目為受水池、安全梯、受水池機房、社區水箱、迴廊等共５項。,鋼筋混凝土造,105年1月24日,二十三層,
RPRNMLLMKIPFFCC18EA,25,10.30,共用部份,鋼筋混凝土造,84年8月1日,十二層,
RPSNMLTLKIPFFBC88EA,35,5.57,共用部份,鋼筋混凝土造,74年6月19日,五層,
RPPNMLTLKIPFFCC58DA,5,.48,本共有部分之項目為受水池、安全梯、受水池機房、社區水箱、迴廊等共５項。,鋼筋混凝土造,105年1月24日,二十三層,
RPPNMLTLKIPFFCC58DA,5,.00,本共有部分之項目為排煙室、特別安全梯、緊急昇降機、機房、樓梯間、消防水箱、水箱、電梯機房、消防中繼機房、陽台、中繼室、中繼自來水箱、雨遮、中繼消防水箱、消防泵浦室、機電空間、安全梯  、發電機室、電信室、台電配電場所、大廳、行動不便者電梯、電梯  、１Ｆ門廳、２Ｆ門廳、３Ｆ門廳、台電管道間、消防幫浦室、泵浦  、走道、停車空間、配電箱、資源回收區、４Ｆ門廳、廚餘冷藏室、  不可回收垃圾區、緊急升降機、梯廳、電信機房、５Ｆ門廳、防空避難室兼停車空間、台電專用管道、雨水回收區、雨水收集槽、雨水回收及噴灌機房、６Ｆ門廳、游泳池及中庭景觀池機房、消防幫浦機房  、電信機房室、垃圾處理空間、７Ｆ門廳、機車位、社區中心、防災中心、水景機房等共５５項。,鋼筋混凝土造,105年1月24日,二十五層,
RPSNMLTLKIPFFBC88EA,35,5.24,共用部份,鋼筋混凝土造,74年6月19日,五層,
RPPNMLTLKIPFFCC58DA,5,20.25,本共有部分之項目為排煙室、特別安全梯、緊急昇降機、機房、樓梯間、消防水箱、水箱、電梯機房、消防中繼機房、陽台、中繼室、中繼自來水箱、雨遮、中繼消防水箱、消防泵浦室、機電空間、安全梯  、發電機室、電信室、台電配電場所、大廳、行動不便者電梯、電梯  、１Ｆ門廳、２Ｆ門廳、３Ｆ門廳、台電管道間、消防幫浦室、泵浦  、走道、停車空間、配電箱、資源回收區、４Ｆ門廳、廚餘冷藏室、  不可回收垃圾區、緊急升降機、梯廳、電信機房、５Ｆ門廳、防空避難室兼停車空間、台電專用管道、雨水回收區、雨水收集槽、雨水回收及噴灌機房、６Ｆ門廳、游泳池及中庭景觀池機房、消防幫浦機房  、電信機房室、垃圾處理空間、７Ｆ門廳、機車位、社區中心、防災中心、水景機房等共５５項。,鋼筋混凝土造,105年1月24日,二十五層,
RPRNMLLMKIPFFCC18EA,25,2.41,共用部份,鋼筋混凝土造,84年8月1日,十二層,
RPQNMLSLKIPFFBC58EA,23,90.42,住家用,鋼筋混凝土造,86年8月13日,七層,七層 陽台
RPQNMLSLKIPFFBC58EA,23,14.45,共用部份,鋼筋混凝土造,86年8月13日,七層,
RPSNMLLMKIPFFBC18EA,2,136.42,集合住宅,鋼筋混凝土造,108年4月9日,五層,二層 陽台 雨遮
RPSNMLLMKIPFFBC18EA,2,61.44,本共有部分之項目有停車空間、樓，電梯間、門廳、汽車昇降機、水箱及電信室等六項,鋼筋混凝土造,108年4月9日,五層,
RPXNMLKLJIPFFCC38DA,24,214.15,住家用,鋼筋混凝土造,86年3月17日,三層,一層 二層 三層 陽台 平台 水箱 露台 花台 地下層
RPXNMLKLJIPFFCC38DA,23,2.32,社區中心,鋼筋混凝土造,86年6月21日,九層,地下一層
RPXNMLKLJIPFFCC38DA,23,.88,共用部份,鋼筋混凝土造,86年6月21日,九層,
RPSNMLQLJIPFFCC48DA,26,140.60,住家用,鋼筋混凝土造,84年5月4日,十七層,四層 陽台 雨遮
RPSNMLQLJIPFFCC48DA,26,46.45,共用部份,鋼筋混凝土造,84年5月4日,十七層,
RPTNMLRLJIPFFCC68DA,23,88.58,住家用,鋼筋混凝土造,86年7月18日,十二層,五層 陽台
RPTNMLRLJIPFFCC68DA,23,2.30,共用部份,鋼筋混凝土造,86年7月18日,四層,
RPTNMLRLJIPFFCC68DA,23,26.49,共用部份,鋼筋混凝土造,86年7月18日,十二層,
RPTNMLRLJIPFFCC68DA,23,15.33,共用部份,鋼筋混凝土造,86年7月18日,十二層,
RPVNMLLLKIPFFBC28DA,46,45.50,住家用,加強磚造,63年6月19日,二層,二層
RPUPMLOLKIPFFBC68DA,3,121.45,集合住宅,鋼筋混凝土造,106年10月18日,十五層,九層 陽台
RPUPMLOLKIPFFBC68DA,3,59.71,本共有部分之項目有公設空間、門廳、防空避難室兼停車空間、停車空間、社區中心、機械室、游泳池及管委會辦公室等共八項,鋼筋混凝土造,106年10月18日,十五層,
RPUPMLOLKIPFFBC68DA,3,20.57,本共有部分之項目有電梯間、樓梯間、蓄水池及水箱等共四項,鋼筋混凝土造,106年10月18日,十五層,
RPUPMLOLKIPFFBC68DA,3,.53,本共有部分之項目有台電配電室共一項,鋼筋混凝土造,106年10月18日,十五層,
RPQOMLTLKIPFFBC68DA,37,90.47,住家用,鋼筋混凝土造,72年7月29日,五層,四層 陽台
RPSPMLOLKIPFFBC48DA,3,119.45,集合住宅,鋼筋混凝土造,106年10月18日,十五層,七層 陽台
RPSPMLOLKIPFFBC48DA,3,59.71,本共有部分之項目有公設空間、門廳、防空避難室兼停車空間、停車空間、社區中心、機械室、游泳池及管委會辦公室等共八項,鋼筋混凝土造,106年10月18日,十五層,
RPSPMLOLKIPFFBC48DA,3,20.20,本共有部分之項目有電梯間、樓梯間、蓄水池及水箱等共四項,鋼筋混凝土造,106年10月18日,十五層,
RPSPMLOLKIPFFBC48DA,3,.52,本共有部分之項目有台電配電室共一項,鋼筋混凝土造,106年10月18日,十五層,
RPRQMLOKKIPFFBC38DA,3,65.96,集合住宅,鋼筋混凝土造,106年11月9日,十層,五層 陽台 雨遮
RPRQMLOKKIPFFBC38DA,3,33.43,本共有部分之項目有防空避難室兼停車空間、台電配電室、梯廳、排煙室、昇降機、信箱區、公共陽台、泳池、泳池水箱、安全梯、水箱、機房、雨水機房、消防機房、供行動不便者使用樓梯、發電機室、垃圾儲藏室、電信機房、停車空間、供管委會使用空間、供行動不便者使用電梯、門廊、男廁、女廁、梯間、消防水箱及陽台等二十七項,鋼筋混凝土造,106年11月9日,十層,
RPROMLTLKIPFFBC78DA,25,31.78,住家用,鋼筋混凝土造,85年4月26日,十六層,七層 陽台
RPROMLTLKIPFFBC78DA,25,6.02,共用部份,鋼筋混凝土造,85年4月26日,十六層,
RPROMLTLKIPFFBC78DA,25,3.75,共用部份,鋼筋混凝土造,85年4月26日,十六層,
RPROMLSLKIPFFBC68DA,25,118.80,住家用,鋼筋混凝土造,85年3月9日,十四層,十四層 陽台 花台
RPROMLSLKIPFFBC68DA,25,21.49,共用部份,鋼筋混凝土造,85年3月9日,十五層,
RPTPMLOLKIPFFBC58DA,3,121.45,集合住宅,鋼筋混凝土造,106年10月18日,十五層,八層 陽台
RPTPMLOLKIPFFBC58DA,3,59.71,本共有部分之項目有公設空間、門廳、防空避難室兼停車空間、停車空間、社區中心、機械室、游泳池及管委會辦公室等共八項,鋼筋混凝土造,106年10月18日,十五層,
RPTPMLOLKIPFFBC58DA,3,19.80,本共有部分之項目有電梯間、樓梯間、蓄水池及水箱等共四項,鋼筋混凝土造,106年10月18日,十五層,
RPTPMLOLKIPFFBC58DA,3,.53,本共有部分之項目有台電配電室共一項,鋼筋混凝土造,106年10月18日,十五層,
RPVPMLOLKIPFFBC78DA,3,95.73,集合住宅,鋼筋混凝土造,106年10月18日,十五層,十一層 陽台 雨遮
RPVPMLOLKIPFFBC78DA,3,54.28,本共有部分之項目有公設空間、門廳、防空避難室兼停車空間、停車空間、社區中心、機械室、游泳池及管委會辦公室等共八項,鋼筋混凝土造,106年10月18日,十五層,
RPVPMLOLKIPFFBC78DA,3,24.17,本共有部分之項目有電梯間、樓梯間、蓄水池及水箱等共四項,鋼筋混凝土造,106年10月18日,十五層,
RPVPMLOLKIPFFBC78DA,3,.66,本共有部分之項目有台電配電室共一項,鋼筋混凝土造,106年10月18日,十五層,
RPWPMLOLKIPFFBC88DA,3,70.95,集合住宅,鋼筋混凝土造,106年10月18日,十五層,十四層 陽台
RPWPMLOLKIPFFBC88DA,3,49.53,本共有部分之項目有公設空間、門廳、防空避難室兼停車空間、停車空間、社區中心、機械室、游泳池及管委會辦公室等共八項,鋼筋混凝土造,106年10月18日,十五層,
RPWPMLOLKIPFFBC88DA,3,18.80,本共有部分之項目有電梯間、樓梯間、蓄水池及水箱等共四項,鋼筋混凝土造,106年10月18日,十五層,
RPWPMLOLKIPFFBC88DA,3,.50,本共有部分之項目有台電配電室共一項,鋼筋混凝土造,106年10月18日,十五層,
RPXPMLOLKIPFFBC98DA,3,133.25,集合住宅,鋼筋混凝土造,106年10月18日,十五層,十層 陽台 雨遮
RPXPMLOLKIPFFBC98DA,3,61.74,本共有部分之項目有公設空間、門廳、防空避難室兼停車空間、停車空間、社區中心、機械室、游泳池及管委會辦公室等共八項,鋼筋混凝土造,106年10月18日,十五層,
RPXPMLOLKIPFFBC98DA,3,20.38,本共有部分之項目有電梯間、樓梯間、水箱及蓄水池等共四項,鋼筋混凝土造,106年10月18日,十五層,
RPXPMLOLKIPFFBC98DA,3,.58,本共有部分之項目有台電配電室共一項,鋼筋混凝土造,106年10月18日,十五層,
RPQNMLLJJHGGFBC56DA,35,123.68,住家用,鋼筋混凝土造,75年3月28日,五層,五層 陽台
RPQOMLKMKIPFFBC87DA,23,88.19,住家用,鋼筋混凝土造,86年8月13日,七層,一層 平台
RPQOMLKMKIPFFBC87DA,23,29.87,共用部份,鋼筋混凝土造,86年8月13日,七層,
RPSOMLKMKIPFFBC08DA,3,83.80,集合住宅,鋼筋混凝土造,106年11月9日,十層,三層 陽台 雨遮
RPSOMLKMKIPFFBC08DA,3,64.29,本共有部分之項目有防空避難室兼停車空間、台電配電室、梯廳、排煙室、昇降機、信箱區、公共陽台、泳池、泳池水箱、安全梯、水箱、機房、雨水機房、消防機房、供行動不便者使用樓梯、發電機室、垃圾儲藏室、電信機房、停車空間、供管委會使用空間、供行動不便者使用電梯、門廊、男廁、女廁、梯間、消防水箱及陽台等二十七項,鋼筋混凝土造,106年11月9日,十層,
RPUOMLKMKIPFFBC28DA,33,100.77,住家用,鋼筋混凝土造,76年9月3日,五層,二層 陽台
RPXNMLKMKIPFFBC48DA,36,119.01,住家用,鋼筋混凝土造,74年1月26日,000,陽台 地下二層
RPPOMLSLKIPFFBC48DA,24,42.60,住家用,鋼筋混凝土造,85年11月29日,二十三層,十四層 陽台
RPPOMLSLKIPFFBC48DA,24,5.62,共用部份,鋼筋混凝土造,85年11月29日,二十三層,
RPPOMLSLKIPFFBC48DA,24,2.43,共用部份,鋼筋混凝土造,85年11月29日,二十三層,
RPPOMLSLKIPFFBC48DA,24,3.35,共用部份,鋼筋混凝土造,85年11月29日,二十三層,
RPUNMLTLKIPFFBC98DA,31,75.48,住家用,鋼筋混凝土造,78年12月12日,二層,一層 二層 陽台 平台 水箱 夾層 瞭望台
RPUNMLTLKIPFFBC98DA,31,75.48,住家用,鋼筋混凝土造,78年12月12日,二層,一層 二層 陽台 平台 水箱 夾層 瞭望台
RPVNMLLMKIPFFBC38DA,22,28.70,住家用,鋼筋混凝土造,88年1月14日,十五層,一層 陽台
RPVNMLLMKIPFFBC38DA,22,28.70,住家用,鋼筋混凝土造,88年1月14日,十五層,一層 陽台
RPVNMLLMKIPFFBC38DA,22,28.70,住家用,鋼筋混凝土造,88年1月14日,十五層,二層 陽台
RPVNMLLMKIPFFBC38DA,22,28.70,住家用,鋼筋混凝土造,88年1月14日,十五層,二層 陽台
RPVNMLLMKIPFFBC38DA,22,4.23,共用部份,鋼筋混凝土造,88年1月14日,十五層,
RPVNMLLMKIPFFBC38DA,22,4.23,共用部份,鋼筋混凝土造,88年1月14日,十五層,
RPVNMLLMKIPFFBC38DA,22,4.24,共用部份,鋼筋混凝土造,88年1月14日,十五層,
RPVNMLLMKIPFFBC38DA,22,4.24,共用部份,鋼筋混凝土造,88年1月14日,十五層,
RPVNMLLMKIPFFBC38DA,22,1.61,共用部份,鋼筋混凝土造,88年1月14日,十五層,
RPVNMLLMKIPFFBC38DA,22,1.63,共用部份,鋼筋混凝土造,88年1月14日,十五層,
RPVNMLLMKIPFFBC38DA,22,1.63,共用部份,鋼筋混凝土造,88年1月14日,十五層,
RPVNMLLMKIPFFBC38DA,22,1.61,共用部份,鋼筋混凝土造,88年1月14日,十五層,
RPVNMLLMKIPFFBC38DA,22,18.27,共用部份,鋼筋混凝土造,88年1月14日,十五層,
RPVNMLLMKIPFFBC38DA,22,18.27,共用部份,鋼筋混凝土造,88年1月14日,十五層,
RPVNMLLMKIPFFBC38DA,22,.70,共用部份,鋼筋混凝土造,88年1月14日,十六層,
RPVNMLLMKIPFFBC38DA,22,.70,共用部份,鋼筋混凝土造,88年1月14日,十六層,
RPVNMLLMKIPFFBC38DA,22,.70,共用部份,鋼筋混凝土造,88年1月14日,十六層,
RPVNMLLMKIPFFBC38DA,22,.70,共用部份,鋼筋混凝土造,88年1月14日,十六層,
RPVNMLLMKIPFFBC38DA,22,.34,共用部份,鋼筋混凝土造,88年1月14日,十六層,
RPVNMLLMKIPFFBC38DA,22,.34,共用部份,鋼筋混凝土造,88年1月14日,十六層,
RPVNMLLMKIPFFBC38DA,22,.34,共用部份,鋼筋混凝土造,88年1月14日,十六層,
RPVNMLLMKIPFFBC38DA,22,.34,共用部份,鋼筋混凝土造,88年1月14日,十六層,
RPXNMLSLKIPFFBC56DA,45,17.28,商業用,鋼筋混凝土加強磚造,65年4月14日,四層,一層
RPVNMLNJKIPFFBC28DA,5,64.54,集合住宅,鋼筋混凝土造,104年10月20日,十四層,十一層 陽台
RPVNMLNJKIPFFBC28DA,5,8.99,本共有部分之項目有停車空間、防空避難室兼停車空間、管理室、交誼廳、排風室、管道間、車道等七項,鋼筋混凝土造,104年10月20日,十四層,
RPVNMLNJKIPFFBC28DA,5,12.56,本共有部分之項目有機械室及梯廳、梯廳及水箱、梯間及排煙室、梯廳等四項,鋼筋混凝土造,104年10月20日,十四層,
RPVNMLNJKIPFFBC28DA,5,3.60,本共有部分之項目有機車停車位等一項,鋼筋混凝土造,104年10月20日,十四層,
RPXOMLKKKIPFFBC38DA,22,92.47,住家用,鋼筋混凝土造,88年1月14日,十五層,七層 陽台
RPXOMLKKKIPFFBC38DA,22,13.49,共用部份,鋼筋混凝土造,88年1月14日,十五層,
RPXOMLKKKIPFFBC38DA,22,4.93,共用部份,鋼筋混凝土造,88年1月14日,十五層,
RPXOMLKKKIPFFBC38DA,22,2.19,共用部份,鋼筋混凝土造,88年1月14日,十六層,
RPXOMLKKKIPFFBC38DA,22,1.06,共用部份,鋼筋混凝土造,88年1月14日,十六層,
RPPNMLSJKIPFFBC18DA,27,101.54,住家用,鋼筋混凝土造,83年2月2日,七層,三層 陽台
RPPNMLSJKIPFFBC18DA,27,9.85,共用部份,鋼筋混凝土造,83年2月2日,七層,
RPPNMLSLKIPFFBC48EA,23,15.80,共用部份,鋼筋混凝土造,86年8月13日,七層,
RPXNMLOJJHGGFCC67DA,42,66.55,住家用,鋼筋混凝土加強磚造,67年6月15日,四層,二層
RPWOMLTLKIPFFCC76DA,43,87.96,住家用,鋼筋混凝土加強磚造,66年12月28日,四層,二層 陽台
RPOPMLLJKIPFFCC67DA,25,92.16,住家用,鋼筋混凝土造,84年10月2日,七層,三層 陽台 雨遮
RPOPMLLJKIPFFCC67DA,25,1.98,共用部份,鋼筋混凝土造,84年10月2日,七層,
RPOPMLLJKIPFFCC67DA,25,4.42,共用部份,鋼筋混凝土造,84年10月2日,七層,
RPOPMLLJKIPFFCC67DA,25,7.80,共用部份,鋼筋混凝土造,84年10月2日,七層,
RPWNMLLMKIPFFCC58DA,26,69.30,住家用,鋼筋混凝土造,84年1月17日,五層,五層 陽台
RPWNMLLMKIPFFCC58DA,26,14.06,共用部份,鋼筋混凝土造,84年1月17日,五層,
RPWNMLLMKIPFFCC58DA,26,2.91,壹層：辦公室．超級市場；貳層至肆層：辦公室,鋼筋混凝土造,84年1月17日,四層,一層 二層 三層 四層 陽台 水箱 電梯樓梯間 停車場 機械房 露台 地下二層
RPPOMLKMKIPFFCC87DA,5,46.74,集合住宅,鋼筋混凝土造,104年12月28日,十五層,十五層 陽台 雨遮
RPPOMLKMKIPFFCC87DA,5,60.39,本共有部分之項目有公共服務空間、管委會使用空間、門廳、梯廳、緊急升降機、進氣管道、排氣管道、排煙室、特別安全梯、行動不便者電梯、機電設備空間、樓梯間、消防水池、自來水箱、台電配電室、發電機室、垃圾儲藏室、垃圾車裝卸空間、機電設備空間（電信使用）、防空避難室兼停車空間、電梯間、停車空間、機電設備空間（污廢水設備）及消防泵浦室等２４項,鋼筋混凝土造,104年12月28日,十五層,
RPOOMLPJJHGGFCC96DA,39,81.92,住家用,鋼筋混凝土造,70年12月14日,五層,四層 陽台
RPOOMLPJJHGGFCC96DA,39,4.26,共用部份,鋼筋混凝土造,70年12月14日,五層,
RPTNMLKMKIPFFCC28EA,25,47.57,住家用,鋼筋混凝土造,85年5月3日,五層,四層 陽台
RPTNMLKMKIPFFCC28EA,25,4.13,共用部份,鋼筋混凝土造,85年5月3日,五層,
RPTNMLKMKIPFFCC28EA,25,6.06,共用部份,鋼筋混凝土造,85年5月3日,五層,
RPSNMLNLKIPFFCC28DA,25,85.01,住家用,鋼筋混凝土造,84年7月1日,十二層,三層 陽台
RPSNMLNLKIPFFCC28DA,25,7.27,共用部份,鋼筋混凝土造,84年7月1日,十二層,
RPSNMLNLKIPFFCC28DA,25,20.40,共用部份,鋼筋混凝土造,84年7月1日,十二層,
RPROMLOLKIPFFCC38DA,21,.07,住家用,鋼筋混凝土造,88年6月11日,一層,
RPROMLOLKIPFFCC38DA,21,.07,住家用,鋼筋混凝土造,88年6月11日,一層,
RPROMLOLKIPFFCC38DA,21,.00,共用部份,鋼筋混凝土造,88年6月11日,九層,
RPROMLOLKIPFFCC38DA,21,.00,共用部份,鋼筋混凝土造,88年6月11日,九層,
RPROMLOLKIPFFCC38DA,21,.39,共用部份,鋼筋混凝土造,88年6月11日,五層,
RPROMLOLKIPFFCC38DA,21,.39,共用部份,鋼筋混凝土造,88年6月11日,五層,
RPROMLOLKIPFFCC38DA,21,.01,共用部份,鋼筋混凝土造,88年6月11日,五層,
RPROMLOLKIPFFCC38DA,21,.01,共用部份,鋼筋混凝土造,88年6月11日,五層,
RPROMLOLKIPFFCC38DA,21,205.71,第一至四層：鄉村住宅　地下層：停車位　機房　鄉村住宅,鋼筋混凝土造,88年7月3日,四層,一層 二層 三層 四層 陽台 水箱 露台 雨遮 地下層
RPQPMLTLKIPFFCC88DA,2,111.40,集合住宅,鋼筋混凝土造,108年1月2日,十五層,八層 陽台 雨遮
RPQPMLTLKIPFFCC88DA,2,77.06,本共有部分之項目有公共服務空間、戶外安全梯、儲藏室、排煙室、梯廳、無障礙樓梯、管委會使用空間、雨遮、陽台、服務台、車道、排煙室兼梯廳、（排風室）機電設備空間、機電設備空間（發電機室）、防空避難室兼停車空間、（進風室）機電設備空間、垃圾車停車位、垃圾集中場、機械室、（電信室）機電設備空間、Ｂ棟水箱、機電設備空間（消防幫浦室）、Ａ棟水箱、停車空間、樓電梯間、消防水池、水箱共二十七項。,鋼筋混凝土造,108年1月2日,十五層,
RPPOMLLLKIPFFCC87DA,25,92.86,住家用,鋼筋混凝土造,84年7月1日,十二層,十二層 陽台
RPPOMLLLKIPFFCC87DA,25,7.27,共用部份,鋼筋混凝土造,84年7月1日,十二層,
RPPOMLLLKIPFFCC87DA,25,11.78,共用部份,鋼筋混凝土造,84年7月1日,十二層,
RPXNMLKMKIPFFCC58DA,5,46.87,集合住宅,鋼筋混凝土造,104年12月28日,十五層,八層 陽台 雨遮
RPXNMLKMKIPFFCC58DA,5,60.51,本共有部分之項目有公共服務空間、管委會使用空間、門廳、梯廳、緊急升降機、進氣管道、排氣管道、排煙室、特別安全梯、行動不便者電梯、機電設備空間、樓梯間、消防水池、自來水箱、台電配電室、發電機室、垃圾儲藏室、垃圾車裝卸空間、機電設備空間（電信使用）、防空避難室兼停車空間、電梯間、停車空間、機電設備空間（污廢水設備）及消防泵浦室等２４項,鋼筋混凝土造,104年12月28日,十五層,
RPSPMLTLKIPFFCC09DA,2,88.57,集合住宅,鋼筋混凝土造,108年1月2日,十五層,十層 陽台 雨遮
RPSPMLTLKIPFFCC09DA,2,56.88,本共有部分之項目有公共服務空間、戶外安全梯、儲藏室、排煙室、梯廳、無障礙樓梯、管委會使用空間、雨遮、陽台、服務台、車道、排煙室兼梯廳、（排風室）機電設備空間、機電設備空間（發電機室）、防空避難室兼停車空間、（進風室）機電設備空間、垃圾車停車位、垃圾集中場、機械室、（電信室）機電設備空間、Ｂ棟水箱、機電設備空間（消防幫浦室）、Ａ棟水箱、停車空間、樓電梯間、消防水池、水箱共二十七項。,鋼筋混凝土造,108年1月2日,十五層,
RPWNMLOJJHGGFCC67EA,24,1.55,共用部份,鋼筋混凝土造,86年5月8日,十一層,
RPVOMLOJJHGGFCC57DA,1,65.43,集合住宅,鋼筋混凝土造,108年6月3日,十層,七層 陽台
RPWNMLOJJHGGFCC67EA,24,70.89,住家用,鋼筋混凝土造,86年5月8日,十一層,四層 陽台 雨遮
RPVOMLOJJHGGFCC57DA,1,25.56,本建物共有部分之項目有樓電梯間‧停車空間‧機電設備空間‧水箱‧防空避難室兼停車空間‧梯廳‧大廳‧管委會空間‧汽車昇降機‧樓梯間‧電梯間‧機房等共１２項。,鋼筋混凝土造,108年6月3日,十層,
RPWNMLOJJHGGFCC67EA,24,12.92,共用部份,鋼筋混凝土造,86年5月8日,十一層,
RPWNMLOJJHGGFCC67EA,24,.79,共用部份,鋼筋混凝土造,86年5月8日,十一層,
RPQOMLPLKIPFFCC38DA,26,81.15,住家用,鋼筋混凝土造,83年11月8日,五層,三層 陽台
RPQOMLPLKIPFFCC38DA,26,9.27,共用部份,鋼筋混凝土造,83年11月8日,五層,
RPWNMLOJJHGGFCC67EA,24,20.77,共用部份,鋼筋混凝土造,86年5月8日,十一層,
RPQOMLPLKIPFFCC38DA,26,2.66,共用部份,鋼筋混凝土造,83年11月8日,五層,
RPTNMLPJJHGGFCC47EA,26,179.01,住家用,鋼筋混凝土造,84年3月22日,四層,一層 二層 三層 四層 陽台 屋頂突出物 露台
RPTNMLPJJHGGFCC47EA,26,34.49,共用部份,鋼筋混凝土造,84年3月22日,四層,
RPOOMLLLKIPFFBC67DA,3,62.73,集合住宅,鋼筋混凝土造,106年11月9日,十層,十層 陽台 雨遮
RPOOMLLLKIPFFBC67DA,3,31.89,本共有部分之項目有防空避難室兼停車空間、台電配電室、梯廳、排煙室、昇降機、信箱區、公共陽台、泳池、泳池水箱、安全梯、水箱、機房、雨水機房、消防機房、供行動不便者使用樓梯、發電機室、垃圾儲藏室、電信機房、停車空間、供管委會使用空間、供行動不便者使用電梯、門廊、男廁、女廁、梯間、消防水箱及陽台等二十七項,鋼筋混凝土造,106年11月9日,十層,
RPXNMLLMKIPFFCC68DA,1,91.19,集合住宅,鋼筋混凝土造,109年4月6日,十五層,十一層 陽台 雨遮
RPXNMLLMKIPFFCC68DA,1,78.71,本建物共有部分之項目有停車空間、公共服務空間、防空避難室兼停車空間、樓電梯間、梯廳、樓梯間、水箱、陽台等共８項。,鋼筋混凝土造,109年4月6日,十五層,
RPXNMLLMKIPFFBC58DA,14,177.76,一層：停車空間，二、三層：住宅，屋頂突出物：樓梯間,鋼筋混凝土造,95年8月16日,三層,一層 二層 三層 陽台 屋頂突出物 雨遮
RPVNMLOLKIPFFBC58DA,26,78.31,住家用,鋼筋混凝土造,83年8月22日,十五層,十一層 陽台
RPVNMLOLKIPFFBC58DA,26,.87,共用部份,鋼筋混凝土造,83年8月22日,十五層,
RPVNMLOLKIPFFBC58DA,26,.97,共用部份,鋼筋混凝土造,83年8月22日,十五層,
RPVNMLOLKIPFFBC58DA,26,.96,共用部份,鋼筋混凝土造,83年8月22日,十五層,
RPVNMLOLKIPFFBC58DA,26,14.04,共用部份,鋼筋混凝土造,83年8月22日,十五層,
RPPNMLOJJHGGFBC76DA,25,29.80,住宅（夾層）儲藏室,鋼筋混凝土造,84年6月10日,四層,二層 陽台 夾層
RPPNMLOJJHGGFBC76DA,25,29.80,住宅（夾層）儲藏室,鋼筋混凝土造,84年6月10日,四層,二層 陽台 夾層
RPPNMLOJJHGGFBC76DA,25,2.42,共用部份,鋼筋混凝土造,84年6月10日,四層,
RPPNMLOJJHGGFBC76DA,25,2.42,共用部份,鋼筋混凝土造,84年6月10日,四層,
RPPNMLOJJHGGFBC76DA,25,.44,共用部份,鋼筋混凝土造,84年6月10日,五層,
RPPNMLOJJHGGFBC76DA,25,.44,共用部份,鋼筋混凝土造,84年6月10日,五層,
RPPNMLOJJHGGFBC76DA,25,20.21,共用部份,鋼筋混凝土造,84年6月10日,四層,
RPPNMLOJJHGGFBC76DA,25,20.21,共用部份,鋼筋混凝土造,84年6月10日,四層,
RPWNMLPLKIPFFBC78DA,,13.74,共用部份,加強磚造,,二層,
RPWNMLPLKIPFFBC78DA,,23.60,住家用,加強磚造,,二層,二層
RPXNMLOJJHGGFBC57DA,24,80.36,住家用,鋼筋混凝土造,85年11月19日,五層,五層 陽台
RPXNMLOJJHGGFBC57DA,24,.68,幼稚園,鋼筋混凝土造,85年11月19日,五層,一層 二層 陽台 平台
RPXNMLOJJHGGFBC57DA,24,25.02,共用部份,鋼筋混凝土造,85年11月19日,五層,
RPXNMLOJJHGGFBC57DA,24,.22,共用部份,鋼筋混凝土造,85年11月19日,五層,
RPPNMLLJJHGGFBC09DA,39,55.05,住家用,鋼筋混凝土造,70年7月22日,五層,四層
RPPOMLKMKIPFFBC77DA,16,102.69,住家用,鋼筋混凝土造,93年11月1日,八層,六層 陽台
RPPOMLKMKIPFFBC77DA,16,.07,住家用,鋼筋混凝土造,93年11月1日,八層,
RPPOMLKMKIPFFBC77DA,16,23.64,共用部份,鋼筋混凝土造,93年11月1日,八層,
RPPOMLKMKIPFFBC77DA,16,34.25,共用部份,鋼筋混凝土造,93年11月1日,八層,
RPPOMLKMKIPFFBC77DA,16,3.49,共用部份,鋼筋混凝土造,93年11月1日,八層,
RPXNMLMLKIPFFBC58DA,24,45.07,集合住宅,鋼筋混凝土造,85年9月18日,十層,十層 陽台
RPXNMLMLKIPFFBC58DA,24,45.07,集合住宅,鋼筋混凝土造,85年9月18日,十層,十層 陽台
RPXNMLMLKIPFFBC58DA,24,15.78,本共有部分之項目有防空避難室兼停車場、汽車昇降機、機房、水箱、變電室、門廳、停車空間、樓梯間、電梯間及騎樓〈人行道〉等十項,鋼筋混凝土造,85年9月18日,十層,
RPXNMLMLKIPFFBC58DA,24,15.78,本共有部分之項目有防空避難室兼停車場、汽車昇降機、機房、水箱、變電室、門廳、停車空間、樓梯間、電梯間及騎樓〈人行道〉等十項,鋼筋混凝土造,85年9月18日,十層,
SPTNMLSJKIPFFBC68DA,8,.68,本共有部分之項目：電梯間、樓梯間、機械室、水箱、廁所、污水機房、發電機房、消防泵浦室、電信室、台電配電室、消防水箱、中央水箱等。,鋼筋混凝土造,101年6月11日,三層,
SPTNMLSJKIPFFBC68DA,8,65.64,本共有部分之項目：有車道、停車空間〈法定輛數：４９輛、自設輛數：２０輛，合計６９輛〉,鋼筋混凝土造,101年6月11日,三層,
SPTNMLSJKIPFFBC68DA,8,2.13,辦公室,鋼筋混凝土造,101年6月11日,三層,地下一層
RPTNMLSJKIPFFBC58DA,8,1.06,辦公室,鋼筋混凝土造,101年6月11日,三層,地下一層
RPTNMLSJKIPFFBC58DA,8,.34,本共有部分之項目：電梯間、樓梯間、機械室、水箱、廁所、污水機房、發電機房、消防泵浦室、電信室、台電配電室、消防水箱、中央水箱等。,鋼筋混凝土造,101年6月11日,三層,
RPTNMLSJKIPFFBC58DA,8,32.82,本共有部分之項目：有車道、停車空間〈法定輛數：４９輛、自設輛數：２０輛，合計６９輛〉,鋼筋混凝土造,101年6月11日,三層,
TPTNMLSJKIPFFBC78DA,8,2.13,辦公室,鋼筋混凝土造,101年6月11日,三層,地下一層
TPTNMLSJKIPFFBC78DA,8,.68,本共有部分之項目：電梯間、樓梯間、機械室、水箱、廁所、污水機房、發電機房、消防泵浦室、電信室、台電配電室、消防水箱、中央水箱等。,鋼筋混凝土造,101年6月11日,三層,
TPTNMLSJKIPFFBC78DA,8,65.64,本共有部分之項目：有車道、停車空間〈法定輛數：４９輛、自設輛數：２０輛，合計６９輛〉,鋼筋混凝土造,101年6月11日,三層,
UPTNMLSJKIPFFBC88DA,8,2.13,辦公室,鋼筋混凝土造,101年6月11日,三層,地下一層
UPTNMLSJKIPFFBC88DA,8,.68,本共有部分之項目：電梯間、樓梯間、機械室、水箱、廁所、污水機房、發電機房、消防泵浦室、電信室、台電配電室、消防水箱、中央水箱等。,鋼筋混凝土造,101年6月11日,三層,
UPTNMLSJKIPFFBC88DA,8,65.64,本共有部分之項目：有車道、停車空間〈法定輛數：４９輛、自設輛數：２０輛，合計６９輛〉,鋼筋混凝土造,101年6月11日,三層,
RPQNMLQJJHGGFBC17EA,34,83.65,商業用,鋼筋混凝土造,75年10月13日,5,一層 騎樓 夾層
VPTNMLSJKIPFFBC98DA,8,1.06,辦公室,鋼筋混凝土造,101年6月11日,三層,地下一層
VPTNMLSJKIPFFBC98DA,8,.34,本共有部分之項目：電梯間、樓梯間、機械室、水箱、廁所、污水機房、發電機房、消防泵浦室、電信室、台電配電室、消防水箱、中央水箱等。,鋼筋混凝土造,101年6月11日,三層,
RPQNMLQJJHGGFBC17EA,34,5.02,共用部份,鋼筋混凝土造,75年10月13日,五層,
VPTNMLSJKIPFFBC98DA,8,32.82,本共有部分之項目：有車道、停車空間〈法定輛數：４９輛、自設輛數：２０輛，合計６９輛〉,鋼筋混凝土造,101年6月11日,三層,
XPTNMLSJKIPFFBC56DA,8,1.06,辦公室,鋼筋混凝土造,101年6月11日,三層,地下一層
XPTNMLSJKIPFFBC56DA,8,.34,本共有部分之項目：電梯間、樓梯間、機械室、水箱、廁所、污水機房、發電機房、消防泵浦室、電信室、台電配電室、消防水箱、中央水箱等。,鋼筋混凝土造,101年6月11日,三層,
XPTNMLSJKIPFFBC56DA,8,32.82,本共有部分之項目：有車道、停車空間〈法定輛數：４９輛、自設輛數：２０輛，合計６９輛〉,鋼筋混凝土造,101年6月11日,三層,
RPXOMLOJJHGGFCC77DA,14,168.56,住家用,鋼筋混凝土造,95年7月24日,四層,一層 二層 三層 四層 陽台 雨遮
RPXOMLOJJHGGFCC77DA,14,57.49,共用部份,鋼筋混凝土造,95年7月24日,五層,
RPXOMLOJJHGGFCC77DA,14,22.87,共用部份,鋼筋混凝土造,95年7月24日,五層,
RPXOMLOJJHGGFCC77DA,14,4.09,共用部份,鋼筋混凝土造,95年7月24日,二層,
WPTNMLSJKIPFFBC09DA,8,2.13,辦公室,鋼筋混凝土造,101年6月11日,三層,地下一層
WPTNMLSJKIPFFBC09DA,8,.68,本共有部分之項目：電梯間、樓梯間、機械室、水箱、廁所、污水機房、發電機房、消防泵浦室、電信室、台電配電室、消防水箱、中央水箱等。,鋼筋混凝土造,101年6月11日,三層,
WPTNMLSJKIPFFBC09DA,8,65.64,本共有部分之項目：有車道、停車空間〈法定輛數：４９輛、自設輛數：２０輛，合計６９輛〉,鋼筋混凝土造,101年6月11日,三層,
RPROMLOJJHGGFCC17DA,39,102.90,住家用,鋼筋混凝土造,70年12月30日,五層,四層 陽台
RPROMLOJJHGGFCC17DA,39,6.01,共用部份,鋼筋混凝土造,70年12月30日,五層,
RPROMLPJJHGGFCC27DA,40,82.57,商業用,鋼筋混凝土造,70年3月12日,四層,一層 騎樓 停車場
RPOOMLOJJHGGFCC86DA,47,104.85,住家用,鋼筋混凝土加強磚造,63年1月3日,四層,二層
RPTOMLOLKIPFFCC58DA,31,101.08,住家用,鋼筋混凝土造,78年6月20日,五層,四層 陽台
RPOOMLSLKIPFFCC48DA,42,64.99,住家用,鋼筋混凝土造,68年2月28日,四層,三層 陽台
RPSOMLSLKIPFFCC88DA,24,1.60,共用部份,鋼筋混凝土造,86年5月8日,十一層,
RPSOMLSLKIPFFCC88DA,24,72.51,住家用,鋼筋混凝土造,86年5月8日,十一層,三層 陽台 雨遮
RPSOMLSLKIPFFCC88DA,24,13.59,共用部份,鋼筋混凝土造,86年5月8日,十一層,
RPSOMLSLKIPFFCC88DA,24,.81,共用部份,鋼筋混凝土造,86年5月8日,十一層,
RPSNMLKLKIPFFCC97DA,39,73.24,住家用,鋼筋混凝土造,70年10月8日,四層,三層 陽台
RPQOMLSLKIPFFCC68DA,40,81.75,住家用,鋼筋混凝土造,70年1月28日,五層,五層
RPSNMLKLKIPFFCC97DA,39,3.15,共用部份,鋼筋混凝土造,70年10月8日,四層,
RPSOMLPJJHGGFCC37DA,38,72.33,住家用,鋼筋混凝土造,71年9月15日,四層,三層 陽台
RPOPMLQJJHGGFCC17DA,37,90.19,住家用,鋼筋混凝土造,72年9月13日,五層,四層 陽台
RPUNMLQJJHGGFCC57DA,8,66.91,集合住宅,鋼筋混凝土造,101年6月26日,十三層,五層 陽台 雨遮
RPUNMLQJJHGGFCC57DA,8,22.85,本共有部分之項目有樓電梯間．消防水池．消防泵浦室．日用水箱．管道間．污水機房．電信機房．發電機室．台電配電室．管委會使用空間．門廳．大廳．儲藏室．騎樓．樓梯間．機械室．水箱等共１７項。,鋼筋混凝土造,101年6月26日,十三層,
RPVOMLPJJHGGFCC67DA,5,26.94,本共有部分之項目為排煙室、特別安全梯、緊急昇降機、機房、樓梯間、消防水箱、水箱、電梯機房、消防中繼機房、陽台、中繼室、中繼自來水箱、雨遮、中繼消防水箱、消防泵浦室、機電空間、安全梯  、發電機室、電信室、台電配電場所、大廳、行動不便者電梯、電梯  、１Ｆ門廳、２Ｆ門廳、３Ｆ門廳、台電管道間、消防幫浦室、泵浦  、走道、停車空間、配電箱、資源回收區、４Ｆ門廳、廚餘冷藏室、  不可回收垃圾區、緊急升降機、梯廳、電信機房、５Ｆ門廳、防空避難室兼停車空間、台電專用管道、雨水回收區、雨水收集槽、雨水回收及噴灌機房、６Ｆ門廳、游泳池及中庭景觀池機房、消防幫浦機房  、電信機房室、垃圾處理空間、７Ｆ門廳、機車位、社區中心、防災中心、水景機房等共５５項。,鋼筋混凝土造,105年1月24日,二十五層,
RPUOMLPJJHGGFCC57DA,5,13.47,本共有部分之項目為排煙室、特別安全梯、緊急昇降機、機房、樓梯間、消防水箱、水箱、電梯機房、消防中繼機房、陽台、中繼室、中繼自來水箱、雨遮、中繼消防水箱、消防泵浦室、機電空間、安全梯  、發電機室、電信室、台電配電場所、大廳、行動不便者電梯、電梯  、１Ｆ門廳、２Ｆ門廳、３Ｆ門廳、台電管道間、消防幫浦室、泵浦  、走道、停車空間、配電箱、資源回收區、４Ｆ門廳、廚餘冷藏室、  不可回收垃圾區、緊急升降機、梯廳、電信機房、５Ｆ門廳、防空避難室兼停車空間、台電專用管道、雨水回收區、雨水收集槽、雨水回收及噴灌機房、６Ｆ門廳、游泳池及中庭景觀池機房、消防幫浦機房  、電信機房室、垃圾處理空間、７Ｆ門廳、機車位、社區中心、防災中心、水景機房等共５５項。,鋼筋混凝土造,105年1月24日,二十五層,
RPWOMLPJJHGGFCC77DA,5,15.87,本共有部分之項目為排煙室、特別安全梯、緊急昇降機、機房、樓梯間、消防水箱、水箱、電梯機房、消防中繼機房、陽台、中繼室、中繼自來水箱、雨遮、中繼消防水箱、消防泵浦室、機電空間、安全梯  、發電機室、電信室、台電配電場所、大廳、行動不便者電梯、電梯  、１Ｆ門廳、２Ｆ門廳、３Ｆ門廳、台電管道間、消防幫浦室、泵浦  、走道、停車空間、配電箱、資源回收區、４Ｆ門廳、廚餘冷藏室、  不可回收垃圾區、緊急升降機、梯廳、電信機房、５Ｆ門廳、防空避難室兼停車空間、台電專用管道、雨水回收區、雨水收集槽、雨水回收及噴灌機房、６Ｆ門廳、游泳池及中庭景觀池機房、消防幫浦機房  、電信機房室、垃圾處理空間、７Ｆ門廳、機車位、社區中心、防災中心、水景機房等共５５項。,鋼筋混凝土造,105年1月24日,二十五層,
RPVPMLOJJHGGFCC67DA,25,27.78,住家用,鋼筋混凝土造,85年1月5日,十一層,十層 陽台
RPVPMLOJJHGGFCC67DA,25,14.99,共用部份,鋼筋混凝土造,85年1月5日,十一層,
RPVPMLOJJHGGFCC67DA,25,.17,共用部份,鋼筋混凝土造,85年1月5日,十一層,
RPVPMLOJJHGGFCC67DA,25,.71,共用部份,鋼筋混凝土造,85年1月5日,十一層,
RPVPMLOJJHGGFCC67DA,25,6.33,共用部份,鋼筋混凝土造,85年1月5日,十一層,
RPXOMLPJJHGGFCC87DA,5,15.87,本共有部分之項目為排煙室、特別安全梯、緊急昇降機、機房、樓梯間、消防水箱、水箱、電梯機房、消防中繼機房、陽台、中繼室、中繼自來水箱、雨遮、中繼消防水箱、消防泵浦室、機電空間、安全梯  、發電機室、電信室、台電配電場所、大廳、行動不便者電梯、電梯  、１Ｆ門廳、２Ｆ門廳、３Ｆ門廳、台電管道間、消防幫浦室、泵浦  、走道、停車空間、配電箱、資源回收區、４Ｆ門廳、廚餘冷藏室、  不可回收垃圾區、緊急升降機、梯廳、電信機房、５Ｆ門廳、防空避難室兼停車空間、台電專用管道、雨水回收區、雨水收集槽、雨水回收及噴灌機房、６Ｆ門廳、游泳池及中庭景觀池機房、消防幫浦機房  、電信機房室、垃圾處理空間、７Ｆ門廳、機車位、社區中心、防災中心、水景機房等共５５項。,鋼筋混凝土造,105年1月24日,二十五層,
SPVPMLOJJHGGFCC77DA,25,29.04,住家用,鋼筋混凝土造,85年1月5日,十一層,十層 陽台
SPVPMLOJJHGGFCC77DA,25,17.04,共用部份,鋼筋混凝土造,85年1月5日,十一層,
SPVPMLOJJHGGFCC77DA,25,.17,共用部份,鋼筋混凝土造,85年1月5日,十一層,
SPVPMLOJJHGGFCC77DA,25,.77,共用部份,鋼筋混凝土造,85年1月5日,十一層,
SPVPMLOJJHGGFCC77DA,25,6.82,共用部份,鋼筋混凝土造,85年1月5日,十一層,
RPPNMLQJJHGGFCC17EA,26,68.77,住家用,鋼筋混凝土造,84年5月17日,六層,二層 陽台 花台
RPPNMLQJJHGGFCC17EA,26,12.00,共用部份,鋼筋混凝土造,84年5月17日,六層,
RPPNMLQJJHGGFCC17EA,26,12.82,共用部份,鋼筋混凝土造,84年5月17日,六層,
RPOPMLPJJHGGFCC07DA,5,13.47,本共有部分之項目為排煙室、特別安全梯、緊急昇降機、機房、樓梯間、消防水箱、水箱、電梯機房、消防中繼機房、陽台、中繼室、中繼自來水箱、雨遮、中繼消防水箱、消防泵浦室、機電空間、安全梯  、發電機室、電信室、台電配電場所、大廳、行動不便者電梯、電梯  、１Ｆ門廳、２Ｆ門廳、３Ｆ門廳、台電管道間、消防幫浦室、泵浦  、走道、停車空間、配電箱、資源回收區、４Ｆ門廳、廚餘冷藏室、  不可回收垃圾區、緊急升降機、梯廳、電信機房、５Ｆ門廳、防空避難室兼停車空間、台電專用管道、雨水回收區、雨水收集槽、雨水回收及噴灌機房、６Ｆ門廳、游泳池及中庭景觀池機房、消防幫浦機房  、電信機房室、垃圾處理空間、７Ｆ門廳、機車位、社區中心、防災中心、水景機房等共５５項。,鋼筋混凝土造,105年1月24日,二十五層,
RPTNMLOJKHGGFCC37DA,,57.00,住商用,加強磚造,48年8月0日,二層,一層 二層
RPUNMLPJJHGGFCC57EA,7,65.71,集合住宅,鋼筋混凝土造,102年11月29日,七層,一層 陽台 雨遮
RPUNMLPJJHGGFCC57EA,7,24.26,本共有部分之項目有防空避難室兼停車空間、停車空間、騎樓、管委會使用空間、車道、樓電梯間、梯廳、樓梯間、機械室、水箱、消防水箱、雨遮等共１２項。,鋼筋混凝土造,102年11月29日,七層,
RPROMLKKKIPFFCC87DA,23,103.12,住家用,鋼筋混凝土造,86年6月5日,五層,五層 陽台
RPROMLKKKIPFFCC87DA,23,1.96,共用部份,鋼筋混凝土造,86年6月5日,五層,
RPUNMLKMKIPFFBC18DA,23,80.15,住家用,鋼筋混凝土造,86年8月13日,七層,二層 陽台
RPUNMLKMKIPFFBC18DA,23,12.81,共用部份,鋼筋混凝土造,86年8月13日,七層,
RPPOMLRJKIPFFBC18DA,11,264.98,住家用,鋼筋混凝土造,98年12月4日,五層,一層 二層 三層 四層 五層 陽台 雨遮
RPQOMLOJJHGGFBC96DA,42,75.30,住家用,鋼筋混凝土造,68年1月18日,五層,四層
RPOOMLPJJHGGFBC86DA,,132.35,集合住宅,鋼筋混凝土造,109年7月21日,十五層,二層 陽台 雨遮
RPOOMLPJJHGGFBC86DA,,93.03,本共有部分之項目有停車空間、防空避難室兼公眾停車空間、管委會空間、電梯、管道間、車道、陽台、樓電梯間、梯廳、機械室、梯間、水箱及垃圾車停車位等十三項,鋼筋混凝土造,109年7月21日,十五層,
RPROMLPJJHGGFBC17DA,,65.84,集合住宅,鋼筋混凝土造,109年7月21日,十五層,十層 陽台 雨遮
RPROMLPJJHGGFBC17DA,,65.84,集合住宅,鋼筋混凝土造,109年7月21日,十五層,十層 陽台 雨遮
RPROMLPJJHGGFBC17DA,,46.52,本共有部分之項目有停車空間、防空避難室兼公眾停車空間、管委會空間、電梯、管道間、車道、陽台、樓電梯間、梯廳、機械室、梯間、水箱及垃圾車停車位等十三項,鋼筋混凝土造,109年7月21日,十五層,
RPROMLPJJHGGFBC17DA,,46.52,本共有部分之項目有停車空間、防空避難室兼公眾停車空間、管委會空間、電梯、管道間、車道、陽台、樓電梯間、梯廳、機械室、梯間、水箱及垃圾車停車位等十三項,鋼筋混凝土造,109年7月21日,十五層,
RPPOMLPJJHGGFBC96DA,,131.68,集合住宅,鋼筋混凝土造,109年7月21日,十五層,七層 陽台 雨遮
RPPOMLPJJHGGFBC96DA,,93.03,本共有部分之項目有停車空間、防空避難室兼公眾停車空間、管委會空間、電梯、管道間、車道、陽台、樓電梯間、梯廳、機械室、梯間、水箱及垃圾車停車位等十三項,鋼筋混凝土造,109年7月21日,十五層,
RPWNMLLMKIPFFBC48DA,3,65.96,集合住宅,鋼筋混凝土造,106年11月9日,十層,三層 陽台 雨遮
RPWNMLLMKIPFFBC48DA,3,33.43,本共有部分之項目有防空避難室兼停車空間、台電配電室、梯廳、排煙室、昇降機、信箱區、公共陽台、泳池、泳池水箱、安全梯、水箱、機房、雨水機房、消防機房、供行動不便者使用樓梯、發電機室、垃圾儲藏室、電信機房、停車空間、供管委會使用空間、供行動不便者使用電梯、門廊、男廁、女廁、梯間、消防水箱及陽台等二十七項,鋼筋混凝土造,106年11月9日,十層,
RPSOMLPJJHGGFBC27DA,41,83.65,住家用,鋼筋混凝土造,68年8月9日,四層,二層
RPUNMLLMKIPFFBC28DA,22,57.92,住家用,鋼筋混凝土造,88年1月14日,十六層,十一層 陽台
RPUNMLLMKIPFFBC28DA,22,8.32,共用部份,鋼筋混凝土造,88年1月14日,十六層,
RPUNMLLMKIPFFBC28DA,22,2.33,共用部份,鋼筋混凝土造,88年1月14日,十六層,
RPUNMLLMKIPFFBC28DA,22,34.99,共用部份,鋼筋混凝土造,88年1月14日,十六層,
RPUNMLLMKIPFFBC28DA,22,1.41,共用部份,鋼筋混凝土造,88年1月14日,十六層,
RPUNMLLMKIPFFBC28DA,22,.69,共用部份,鋼筋混凝土造,88年1月14日,十六層,
RPUNMLQJJHGGFBC47DA,35,96.61,住家用,鋼筋混凝土造,74年9月21日,三層,一層 二層 三層 陽台
RPUNMLRJJHGGFBC57DA,42,55.78,住家用,鋼筋混凝土造,68年3月14日,四層,三層 陽台
RPVOMLRJJHGGFBC77DA,47,60.00,住家用,加強磚造,62年7月27日,三層,一層
RPVNMLPJJHGGFBC47DA,,58.24,住家用,加強磚造,,二層,一層
RPROMLOLKIPFFBC28DA,22,124.98,辦公室,鋼筋混凝土造,87年9月8日,十二層,十層 花台
RPROMLOLKIPFFBC28DA,22,18.30,共用部份,鋼筋混凝土造,87年9月8日,十二層,
RPROMLOLKIPFFBC28DA,22,22.86,共用部份,鋼筋混凝土造,87年9月8日,十二層,
RPOPMLRKKIPFFBC28DA,31,117.67,住家用,鋼筋混凝土造,78年10月18日,四層,四層 陽台
RPOPMLRKKIPFFBC28DA,31,3.44,共用部份,鋼筋混凝土造,78年10月18日,四層,
RPSOMLKMKIPFFCC18DA,28,86.54,住家用,鋼筋混凝土造,81年7月18日,五層,三層 陽台 花台
RPSNMLQJJHGGFCC47EA,42,38.56,住家用,鋼筋混凝土造,67年7月7日,五層,三層
RPSNMLQJJHGGFCC47EA,42,38.56,住家用,鋼筋混凝土造,67年7月7日,五層,三層
RPXOMLRJJHGGFCC18EA,16,57.50,住家用,鋼筋混凝土造,94年1月5日,十層,八層 陽台 雨遮
RPXOMLRJJHGGFCC18EA,16,57.50,住家用,鋼筋混凝土造,94年1月5日,十層,八層 陽台 雨遮
RPXOMLRJJHGGFCC18EA,16,5.29,共用部份,鋼筋混凝土造,94年1月5日,十層,
RPXOMLRJJHGGFCC18EA,16,5.29,共用部份,鋼筋混凝土造,94年1月5日,十層,
RPXOMLRJJHGGFCC18EA,16,25.17,共用部份,鋼筋混凝土造,94年1月5日,十層,
RPXOMLRJJHGGFCC18EA,16,25.17,共用部份,鋼筋混凝土造,94年1月5日,十層,
RPQPMLOJJHGGFCC17DA,1,.10,辦公室（廳）,鋼筋混凝土造,109年3月31日,十二層,
RPQPMLOJJHGGFCC17DA,1,87.79,集合住宅,鋼筋混凝土造,109年3月31日,十二層,十層 陽台 雨遮
RPQPMLOJJHGGFCC17DA,1,14.10,本建物共有部分之項目有樓梯間、梯廳、行動不便者專用電梯等共３項。,鋼筋混凝土造,109年3月31日,十二層,
RPQPMLOJJHGGFCC17DA,1,27.37,本建物共有部分之項目有樓梯間、梯廳、機房、消防水箱、屋頂水箱、電梯間、電梯機械室、行動不便者專用電梯、汽機車車道、公共服務空間、Ａ棟自來水蓄水池、Ｂ棟自來水蓄水池、機電設備空間、消防泵浦室、防空避難室兼停車空間、電信機房、停車空間、緊急發電機室、台電配電室等共１９項。,鋼筋混凝土造,109年3月31日,十二層,
RPQPMLOJJHGGFCC17DA,1,26.05,本建物共有部分之項目有樓梯間、梯廳、機房、消防水箱、屋頂水箱、電梯間、電梯機械室、行動不便者專用電梯、汽機車車道、公共服務空間、Ａ棟自來水蓄水池、Ｂ棟自來水蓄水池、機電設備空間、消防泵浦室、防空避難室兼停車空間、電信機房、停車空間、緊急發電機室、台電配電室等共１９項。,鋼筋混凝土造,109年3月31日,十二層,
RPXNMLTLKIPFFCC86EA,2,98.71,集合住宅,鋼筋混凝土造,108年2月13日,十一層,七層 陽台
RPXNMLTLKIPFFCC86EA,2,21.55,本建物共有部分之項目有消防幫浦室‧地下室排氣口‧樓電梯間‧梯廳‧電信室‧自來水箱‧汙水設備室‧發電機室‧滯洪沉砂池‧機車位‧管委會空間‧垃圾儲藏室‧資源回收區排風管道‧台電配電室‧用戶配電室‧等共１６項。,鋼筋混凝土造,108年2月13日,十一層,
RPXNMLTLKIPFFCC86EA,2,49.53,本建物共有部分之項目有防空避難室兼停車空間‧停車空間等共２項。,鋼筋混凝土造,108年2月13日,十一層,
RPXNMLTLKIPFFCC86EA,2,20.48,本建物共有部分之項目有樓電梯間‧梯廳‧樓梯間‧機房‧水箱等共５項。,鋼筋混凝土造,108年2月13日,十一層,
RPTNMLRJJHGGFBC57EA,24,42.60,住家用,鋼筋混凝土造,85年11月29日,二十三層,十五層 陽台
RPTNMLRJJHGGFBC57EA,24,5.62,共用部份,鋼筋混凝土造,85年11月29日,二十三層,
RPTNMLRJJHGGFBC57EA,24,2.25,共用部份,鋼筋混凝土造,85年11月29日,二十三層,
RPTNMLRJJHGGFBC57EA,24,41.78,共用部份,鋼筋混凝土造,85年11月29日,二十三層,
RPTNMLRJJHGGFBC57EA,24,3.35,共用部份,鋼筋混凝土造,85年11月29日,二十三層,
RPRPMLOJJHGGFCC27DA,1,.10,辦公室（廳）,鋼筋混凝土造,109年3月31日,十二層,
RPRPMLOJJHGGFCC27DA,1,68.92,集合住宅,鋼筋混凝土造,109年3月31日,十二層,八層 陽台 雨遮
RPRPMLOJJHGGFCC27DA,1,10.79,本建物共有部分之項目有樓梯間、梯廳、行動不便者專用電梯等共３項。,鋼筋混凝土造,109年3月31日,十二層,
RPRPMLOJJHGGFCC27DA,1,27.37,本建物共有部分之項目有樓梯間、梯廳、機房、消防水箱、屋頂水箱、電梯間、電梯機械室、行動不便者專用電梯、汽機車車道、公共服務空間、Ａ棟自來水蓄水池、Ｂ棟自來水蓄水池、機電設備空間、消防泵浦室、防空避難室兼停車空間、電信機房、停車空間、緊急發電機室、台電配電室等共１９項。,鋼筋混凝土造,109年3月31日,十二層,
RPRPMLOJJHGGFCC27DA,1,19.96,本建物共有部分之項目有樓梯間、梯廳、機房、消防水箱、屋頂水箱、電梯間、電梯機械室、行動不便者專用電梯、汽機車車道、公共服務空間、Ａ棟自來水蓄水池、Ｂ棟自來水蓄水池、機電設備空間、消防泵浦室、防空避難室兼停車空間、電信機房、停車空間、緊急發電機室、台電配電室等共１９項。,鋼筋混凝土造,109年3月31日,十二層,
RPUOMLQJJHGGFCC67DA,11,105.30,集合住宅,鋼筋混凝土造,98年7月16日,十一層,六層 陽台
RPUOMLQJJHGGFCC67DA,11,55.74,本共有部分之項目有防空避難室兼停車空間、機房、社區中心及樓電梯間等四項,鋼筋混凝土造,98年7月16日,十一層,
RPWNMLRJJHGGFCC87DA,5,.01,辦公室,鋼筋混凝土造,105年1月24日,,地下二層
RPWNMLRJJHGGFCC87DA,5,50.51,集合住宅,鋼筋混凝土造,105年1月24日,二十五層,十一層 陽台 雨遮
RPWNMLRJJHGGFCC87DA,5,.00,本共有部分之項目為受水池、安全梯、受水池機房、社區水箱、迴廊等共５項。,鋼筋混凝土造,105年1月24日,二十三層,
RPWNMLRJJHGGFCC87DA,5,.49,本共有部分之項目為受水池、安全梯、受水池機房、社區水箱、迴廊等共５項。,鋼筋混凝土造,105年1月24日,二十三層,
RPWNMLRJJHGGFCC87DA,5,.00,本共有部分之項目為排煙室、特別安全梯、緊急昇降機、機房、樓梯間、消防水箱、水箱、電梯機房、消防中繼機房、陽台、中繼室、中繼自來水箱、雨遮、中繼消防水箱、消防泵浦室、機電空間、安全梯  、發電機室、電信室、台電配電場所、大廳、行動不便者電梯、電梯  、１Ｆ門廳、２Ｆ門廳、３Ｆ門廳、台電管道間、消防幫浦室、泵浦  、走道、停車空間、配電箱、資源回收區、４Ｆ門廳、廚餘冷藏室、  不可回收垃圾區、緊急升降機、梯廳、電信機房、５Ｆ門廳、防空避難室兼停車空間、台電專用管道、雨水回收區、雨水收集槽、雨水回收及噴灌機房、６Ｆ門廳、游泳池及中庭景觀池機房、消防幫浦機房  、電信機房室、垃圾處理空間、７Ｆ門廳、機車位、社區中心、防災中心、水景機房等共５５項。,鋼筋混凝土造,105年1月24日,二十五層,
RPWNMLRJJHGGFCC87DA,5,20.63,本共有部分之項目為排煙室、特別安全梯、緊急昇降機、機房、樓梯間、消防水箱、水箱、電梯機房、消防中繼機房、陽台、中繼室、中繼自來水箱、雨遮、中繼消防水箱、消防泵浦室、機電空間、安全梯  、發電機室、電信室、台電配電場所、大廳、行動不便者電梯、電梯  、１Ｆ門廳、２Ｆ門廳、３Ｆ門廳、台電管道間、消防幫浦室、泵浦  、走道、停車空間、配電箱、資源回收區、４Ｆ門廳、廚餘冷藏室、  不可回收垃圾區、緊急升降機、梯廳、電信機房、５Ｆ門廳、防空避難室兼停車空間、台電專用管道、雨水回收區、雨水收集槽、雨水回收及噴灌機房、６Ｆ門廳、游泳池及中庭景觀池機房、消防幫浦機房  、電信機房室、垃圾處理空間、７Ｆ門廳、機車位、社區中心、防災中心、水景機房等共５５項。,鋼筋混凝土造,105年1月24日,二十五層,
RPPQMLRJJHGGFCC47DA,26,76.37,住家用,鋼筋混凝土造,84年5月4日,十七層,十一層 陽台 雨遮
RPPQMLRJJHGGFCC47DA,26,11.94,共用部份,鋼筋混凝土造,84年5月4日,十七層,
RPUNMLRJJHGGFCC67DA,23,146.58,商業用,鋼筋混凝土造,87年5月20日,十二層,一層 二層 陽台 花台
RPUNMLRJJHGGFCC67DA,23,27.94,共用部份,鋼筋混凝土造,87年5月20日,十二層,
RPUNMLRJJHGGFCC67DA,23,17.55,共用部份,鋼筋混凝土造,87年5月20日,十二層,
RPQPMLPKKIPFFCC38DA,28,129.33,住家用,鋼筋混凝土造,81年12月16日,十八層,十一層 陽台
RPWNMLQJJHGGFCC77DA,7,.07,集合住宅,鋼筋混凝土造,102年7月4日,十五層,一層
RPQPMLPKKIPFFCC38DA,28,33.62,停車場,鋼筋混凝土造,81年12月16日,十八層,地下一層
RPWNMLQJJHGGFCC77DA,7,135.66,集合住宅,鋼筋混凝土造,102年7月4日,十五層,七層 陽台 雨遮
RPWNMLQJJHGGFCC77DA,7,.02,本共有部分之項目有門廳（Ａ．Ｂ．Ｃ）、緊急昇降機、無障礙昇降機、公寓大廈管理維護空間、有頂蓋廣場式開放空間、警衛室、儲藏室、梯廳、垃圾儲藏空間、戶外安全梯（Ａ１．Ａ２．Ｂ１．Ｂ２．Ｃ１．Ｃ２）、雨遮、梯間（Ａ．Ｂ．Ｃ）、消防水箱、機械室、水箱、蓄水池（Ａ．Ｂ．Ｃ）、污水機房、台電配電場所、梯廳兼排煙室、機車停車空間（法定停車）、機房、機房（電信使用）、機車坡道、發電機房、消防機房等２５項。,鋼筋混凝土造,102年7月4日,十五層,
RPQPMLPKKIPFFCC38DA,28,20.48,共用部份,鋼筋混凝土造,81年12月16日,十八層,
RPWNMLQJJHGGFCC77DA,7,41.64,本共有部分之項目有門廳（Ａ．Ｂ．Ｃ）、緊急昇降機、無障礙昇降機、公寓大廈管理維護空間、有頂蓋廣場式開放空間、警衛室、儲藏室、梯廳、垃圾儲藏空間、戶外安全梯（Ａ１．Ａ２．Ｂ１．Ｂ２．Ｃ１．Ｃ２）、雨遮、梯間（Ａ．Ｂ．Ｃ）、消防水箱、機械室、水箱、蓄水池（Ａ．Ｂ．Ｃ）、污水機房、台電配電場所、梯廳兼排煙室、機車停車空間（法定停車）、機房、機房（電信使用）、機車坡道、發電機房、消防機房等２５項。,鋼筋混凝土造,102年7月4日,十五層,
RPQPMLPKKIPFFCC38DA,28,3.50,共用部份,鋼筋混凝土造,81年12月16日,十八層,
RPWNMLQJJHGGFCC77DA,7,34.63,本共有部分之項目有汽車坡道、防空避難室兼停車空間、停車空間等３項。,鋼筋混凝土造,102年7月4日,十五層,
RPQPMLPKKIPFFCC38DA,28,.00,共用部份,鋼筋混凝土造,81年12月16日,十八層,
RPROMLQJJHGGFCC37DA,26,78.71,住家用,鋼筋混凝土造,84年5月17日,六層,一層 平台
RPROMLQJJHGGFCC37DA,26,27.02,共用部份,鋼筋混凝土造,84年5月17日,六層,
RPROMLQJJHGGFCC37DA,26,11.25,共用部份,鋼筋混凝土造,84年5月17日,六層,
RPUPMLRJJHGGFCC87DA,26,73.73,住家用,鋼筋混凝土造,84年1月17日,五層,二層 陽台
RPUPMLRJJHGGFCC87DA,26,16.57,共用部份,鋼筋混凝土造,84年1月17日,五層,
RPUPMLRJJHGGFCC87DA,26,2.91,壹層：辦公室．超級市場；貳層至肆層：辦公室,鋼筋混凝土造,84年1月17日,四層,一層 二層 三層 四層 陽台 水箱 電梯樓梯間 停車場 機械房 露台 地下二層
RPPOMLPLKIPFFCC28DA,24,105.69,集合住宅,鋼筋混凝土造,85年7月5日,十六層,二層 陽台
RPPOMLPLKIPFFCC28DA,24,16.16,共用部份,鋼筋混凝土造,85年7月5日,十六層,
RPPOMLPLKIPFFCC28DA,24,16.87,共用部份,鋼筋混凝土造,85年7月5日,十六層,
RPPPMLSLKIPFFCC68DA,4,90.21,集合住宅,鋼筋混凝土造,105年7月26日,六層,二層 陽台
RPPPMLSLKIPFFCC68DA,4,24.03,本共有部分之項目有樓電梯間．梯廳．門廳．樓梯間．機房．水箱等共６項。,鋼筋混凝土造,105年7月26日,六層,
RPPPMLSLKIPFFCC68DA,4,43.81,本共有部分之項目有車道．停車空間．防空避難室兼停車空間等共３項。,鋼筋混凝土造,105年7月26日,六層,
RPWNMLKMKIPFFCC48DA,26,82.84,住家用,鋼筋混凝土造,83年10月15日,五層,二層 陽台 花台
RPWNMLKMKIPFFCC48DA,26,4.06,共用部份,鋼筋混凝土造,83年10月15日,五層,
RPWNMLKMKIPFFCC48DA,26,7.86,共用部份,鋼筋混凝土造,83年10月15日,五層,
RPUNMLNLKIPFFCC48DA,42,93.34,住家用,鋼筋混凝土造,67年9月6日,四層,四層
RPROMLRJJHGGFCC47DA,24,2.65,共用部份,鋼筋混凝土造,86年5月8日,十一層,
RPROMLRJJHGGFCC47DA,24,119.96,住家用,鋼筋混凝土造,86年5月8日,二十二層,十一層 十二層 陽台 雨遮
RPROMLRJJHGGFCC47DA,24,21.33,共用部份,鋼筋混凝土造,86年5月8日,二十二層,
RPROMLRJJHGGFCC47DA,24,1.34,共用部份,鋼筋混凝土造,86年5月8日,十一層,
RPTNMLQJJHGGFCC47DA,38,72.90,住家用,鋼筋混凝土造,71年9月15日,四層,四層 陽台
RPOOMLSJJHGGFCC27DA,40,43.56,住家用,鋼筋混凝土造,69年12月17日,五層,一層
RPOOMLSJJHGGFCC27DA,40,43.56,住家用,鋼筋混凝土造,69年12月17日,五層,二層
RPPPMLTLKIPFFCC78DA,26,104.86,住家用,鋼筋混凝土造,84年1月17日,五層,四層 陽台
RPPPMLTLKIPFFCC78DA,26,20.16,共用部份,鋼筋混凝土造,84年1月17日,五層,
RPPPMLTLKIPFFCC78DA,26,2.91,壹層：辦公室．超級市場；貳層至肆層：辦公室,鋼筋混凝土造,84年1月17日,四層,一層 二層 三層 四層 陽台 水箱 電梯樓梯間 停車場 機械房 露台 地下二層
RPXOMLQJJHGGFCC97DA,26,61.54,住家用,鋼筋混凝土造,83年10月15日,五層,一層 平台
RPXOMLQJJHGGFCC97DA,26,2.29,共用部份,鋼筋混凝土造,83年10月15日,五層,
RPXOMLQJJHGGFCC97DA,26,5.72,共用部份,鋼筋混凝土造,83年10月15日,五層,
RPPOMLOJJHGGFCC96DA,38,84.47,住家用,鋼筋混凝土造,71年6月3日,五層,五層 陽台
RPSPMLRJJHGGFCC67DA,28,141.69,住家用,鋼筋混凝土造,81年11月3日,十七層,四層 陽台 花台
RPSPMLRJJHGGFCC67DA,28,63.70,共用部份,鋼筋混凝土造,81年11月3日,十七層,
RPWNMLPJJHGGFCC67DA,5,.02,辦公室,鋼筋混凝土造,105年1月24日,,地下二層
RPWNMLPJJHGGFCC67DA,5,123.09,集合住宅,鋼筋混凝土造,105年1月24日,二十二層,七層 陽台 雨遮
RPWNMLPJJHGGFCC67DA,5,.00,本共有部分之項目為受水池、安全梯、受水池機房、社區水箱、迴廊等共５項。,鋼筋混凝土造,105年1月24日,二十三層,
RPWNMLPJJHGGFCC67DA,5,1.18,本共有部分之項目為受水池、安全梯、受水池機房、社區水箱、迴廊等共５項。,鋼筋混凝土造,105年1月24日,二十三層,
RPWNMLPJJHGGFCC67DA,5,.01,本共有部分之項目為排煙室、特別安全梯、緊急昇降機、機房、樓梯間、消防水箱、水箱、電梯機房、消防中繼機房、陽台、中繼室、中繼自來水箱、雨遮、中繼消防水箱、消防泵浦室、機電空間、安全梯  、發電機室、電信室、台電配電場所、大廳、行動不便者電梯、電梯  、１Ｆ門廳、２Ｆ門廳、３Ｆ門廳、台電管道間、消防幫浦室、泵浦  、走道、停車空間、配電箱、資源回收區、４Ｆ門廳、廚餘冷藏室、  不可回收垃圾區、緊急升降機、梯廳、電信機房、５Ｆ門廳、防空避難室兼停車空間、台電專用管道、雨水回收區、雨水收集槽、雨水回收及噴灌機房、６Ｆ門廳、游泳池及中庭景觀池機房、消防幫浦機房  、電信機房室、垃圾處理空間、７Ｆ門廳、機車位、社區中心、防災中心、水景機房等共５５項。,鋼筋混凝土造,105年1月24日,二十五層,
RPWNMLPJJHGGFCC67DA,5,63.76,本共有部分之項目為排煙室、特別安全梯、緊急昇降機、機房、樓梯間、消防水箱、水箱、電梯機房、消防中繼機房、陽台、中繼室、中繼自來水箱、雨遮、中繼消防水箱、消防泵浦室、機電空間、安全梯  、發電機室、電信室、台電配電場所、大廳、行動不便者電梯、電梯  、１Ｆ門廳、２Ｆ門廳、３Ｆ門廳、台電管道間、消防幫浦室、泵浦  、走道、停車空間、配電箱、資源回收區、４Ｆ門廳、廚餘冷藏室、  不可回收垃圾區、緊急升降機、梯廳、電信機房、５Ｆ門廳、防空避難室兼停車空間、台電專用管道、雨水回收區、雨水收集槽、雨水回收及噴灌機房、６Ｆ門廳、游泳池及中庭景觀池機房、消防幫浦機房  、電信機房室、垃圾處理空間、７Ｆ門廳、機車位、社區中心、防災中心、水景機房等共５５項。,鋼筋混凝土造,105年1月24日,二十五層,
RPRNMLQJJHGGFBC27EA,5,228.40,地下一層：停車空間、一至三層：集合住宅、屋突層：樓梯間、昇降機道、水箱,鋼筋混凝土造,104年6月2日,三層,一層 二層 三層 陽台 屋頂突出物 雨遮 地下一層
RPRNMLQJJHGGFBC27EA,5,107.02,本共有部分之項目有停車空間、基地內通路、汽車坡道、社區管委會使用空間、昇降機道及水箱等６項。,鋼筋混凝土造,104年6月2日,三層,
RPRNMLLKJHGGFCC96EA,44,96.38,住家用,鋼筋混凝土造,65年7月27日,四層,四層
RPSNMLQJJHGGFBC37EA,5,114.88,地下一層：停車空間、一至三層：集合住宅、屋突層：樓梯間、昇降機道、水箱,鋼筋混凝土造,104年6月2日,三層,一層 二層 三層 陽台 屋頂突出物 雨遮 地下一層
RPSNMLQJJHGGFBC37EA,5,114.88,地下一層：停車空間、一至三層：集合住宅、屋突層：樓梯間、昇降機道、水箱,鋼筋混凝土造,104年6月2日,三層,一層 二層 三層 陽台 屋頂突出物 雨遮 地下一層
RPSNMLQJJHGGFBC37EA,5,53.72,本共有部分之項目有停車空間、基地內通路、汽車坡道、社區管委會使用空間、昇降機道及水箱等６項。,鋼筋混凝土造,104年6月2日,三層,
RPSNMLQJJHGGFBC37EA,5,53.72,本共有部分之項目有停車空間、基地內通路、汽車坡道、社區管委會使用空間、昇降機道及水箱等６項。,鋼筋混凝土造,104年6月2日,三層,
RPVNMLQLJIPFFBC68DA,1,135.60,集合住宅,鋼筋混凝土造,108年12月6日,九層,七層 八層 九層 陽台
RPVNMLQLJIPFFBC68DA,1,90.17,本共有部分之項目有防空避難室兼停車空間、機房、發電機室、垃圾儲藏室、停車空間、管委會使用空間、台電配電場、樓梯間、機械室、水箱及樓電梯間等十一項,鋼筋混凝土造,108年12月6日,九層,
RPWOMLRJJHGGFCC08EA,22,.07,住家用,鋼筋混凝土造,88年6月11日,一層,一層
RPWOMLRJJHGGFCC08EA,22,.07,住家用,鋼筋混凝土造,88年6月11日,一層,一層
RPWOMLRJJHGGFCC08EA,22,.00,共用部份,鋼筋混凝土造,88年6月11日,九層,
RPWOMLRJJHGGFCC08EA,22,.00,共用部份,鋼筋混凝土造,88年6月11日,九層,
RPWOMLRJJHGGFCC08EA,22,.39,共用部份,鋼筋混凝土造,88年6月11日,五層,
RPWOMLRJJHGGFCC08EA,22,.39,共用部份,鋼筋混凝土造,88年6月11日,五層,
RPWOMLRJJHGGFCC08EA,22,.01,共用部份,鋼筋混凝土造,88年6月11日,五層,
RPWOMLRJJHGGFCC08EA,22,.01,共用部份,鋼筋混凝土造,88年6月11日,五層,
RPWOMLRJJHGGFCC08EA,21,158.88,住家用,鋼筋混凝土造,88年7月3日,五層,三層 四層 五層 陽台 露台 花台
RPWOMLRJJHGGFCC08EA,21,30.67,共用部份,鋼筋混凝土造,88年7月3日,五層,
RPUNMLPKKIPFFBC48DA,22,92.47,住家用,鋼筋混凝土造,88年1月14日,十六層,十二層 陽台
RPUNMLPKKIPFFBC48DA,22,14.72,共用部份,鋼筋混凝土造,88年1月14日,十六層,
RPWOMLRJJHGGFCC08EA,21,3.45,共用部份,鋼筋混凝土造,88年7月3日,五層,
RPWOMLRJJHGGFCC08EA,21,4.91,共用部份,鋼筋混凝土造,88年7月3日,五層,
RPUNMLPKKIPFFBC48DA,22,7.02,共用部份,鋼筋混凝土造,88年1月14日,十六層,
RPUNMLPKKIPFFBC48DA,22,2.24,共用部份,鋼筋混凝土造,88年1月14日,十六層,
RPUNMLPKKIPFFBC48DA,22,1.09,共用部份,鋼筋混凝土造,88年1月14日,十六層,
RPPNMLRJJHGGFCC27EA,11,111.15,住家用,鋼筋混凝土造,98年6月24日,十四層,三層 陽台
RPPNMLRJJHGGFCC27EA,11,51.64,共用部份,鋼筋混凝土造,98年6月24日,十四層,
RPPNMLRJJHGGFCC27EA,11,23.23,共用部份,鋼筋混凝土造,98年6月24日,十四層,
RPTOMLQJJHGGFBC47DA,3,150.33,集合住宅,鋼筋混凝土造,106年10月18日,十五層,十三層 陽台 雨遮
RPTOMLQJJHGGFBC47DA,3,101.10,本共有部分之項目有公設空間、門廳、防空避難室兼停車空間、停車空間、社區中心、機械室、游泳池及管委會辦公室等共八項,鋼筋混凝土造,106年10月18日,十五層,
RPTOMLQJJHGGFBC47DA,3,24.35,本共有部分之項目有電梯間、樓梯間、蓄水池及水箱等共四項,鋼筋混凝土造,106年10月18日,十五層,
RPTOMLQJJHGGFBC47DA,3,.96,本共有部分之項目有台電配電室共一項,鋼筋混凝土造,106年10月18日,十五層,
RPWOMLRJJHGGFBC87DA,3,121.25,集合住宅,鋼筋混凝土造,106年11月16日,六層,五層 陽台 雨遮
RPWOMLRJJHGGFBC87DA,3,69.73,本共有部分之項目有防空避難室兼停車空間、車道、機電設備空間、水箱、管委會空間、梯廳、樓梯間及機房等八項,鋼筋混凝土造,106年11月16日,六層,
RPQPMLRJJHGGFBC37DA,3,117.10,集合住宅,鋼筋混凝土造,106年11月16日,六層,二層 陽台 雨遮
RPQPMLRJJHGGFBC37DA,3,69.24,本共有部分之項目有防空避難室兼停車空間、車道、機電設備空間、水箱、管委會空間、梯廳、樓梯間及機房等八項,鋼筋混凝土造,106年11月16日,六層,
RPRPMLRJJHGGFBC47DA,13,275.76,住家用,鋼筋混凝土造,97年3月31日,四層,一層 二層 三層 四層 陽台 屋頂突出物 雨遮
RPQOMLSJJHGGFBC37DA,25,32.37,住家用,鋼筋混凝土造,85年4月26日,十六層,十層 陽台
RPQOMLSJJHGGFBC37DA,25,6.02,共用部份,鋼筋混凝土造,85年4月26日,十六層,
RPQOMLSJJHGGFBC37DA,25,3.75,共用部份,鋼筋混凝土造,85年4月26日,十六層,
RPOPMLRJJHGGFBC17DA,22,57.92,住家用,鋼筋混凝土造,88年1月14日,十六層,十二層 陽台
RPOPMLRJJHGGFBC17DA,22,8.42,共用部份,鋼筋混凝土造,88年1月14日,十六層,
RPOPMLRJJHGGFBC17DA,22,2.33,共用部份,鋼筋混凝土造,88年1月14日,十六層,
RPOPMLRJJHGGFBC17DA,22,34.99,共用部份,鋼筋混凝土造,88年1月14日,十六層,
RPOPMLRJJHGGFBC17DA,22,1.41,共用部份,鋼筋混凝土造,88年1月14日,十六層,
RPOPMLRJJHGGFBC17DA,22,.69,共用部份,鋼筋混凝土造,88年1月14日,十六層,
RPUOMLSJJHGGFBC77DA,25,87.60,住家用,鋼筋混凝土造,84年5月25日,七層,三層 陽台
RPVOMLQJJHGGFBC67DA,3,133.25,集合住宅,鋼筋混凝土造,106年10月18日,十五層,三層 陽台 雨遮
RPUOMLSJJHGGFBC77DA,25,55.57,共用部份,鋼筋混凝土造,84年5月25日,七層,
RPVOMLQJJHGGFBC67DA,3,61.74,本共有部分之項目有公設空間、門廳、防空避難室兼停車空間、停車空間、社區中心、機械室、游泳池及管委會辦公室等共八項,鋼筋混凝土造,106年10月18日,十五層,
RPVOMLQJJHGGFBC67DA,3,20.38,本共有部分之項目有電梯間、樓梯間、水箱及蓄水池等共四項,鋼筋混凝土造,106年10月18日,十五層,
RPVOMLQJJHGGFBC67DA,3,.58,本共有部分之項目有台電配電室共一項,鋼筋混凝土造,106年10月18日,十五層,
RPTNMLLKJHGGFBC96DA,8,91.77,住家用,鋼筋混凝土造,101年6月20日,七層,六層 陽台 雨遮
RPTNMLLKJHGGFBC96DA,8,36.44,本共有部分之項目有停車空間、防空避難室兼停車空間、樓電梯間、供管委會使用空間、梯廳、樓梯間、機房、水箱、雨遮等共９項。,鋼筋混凝土造,101年6月20日,七層,
RPXOMLQJJHGGFBC87DA,3,95.73,集合住宅,鋼筋混凝土造,106年10月18日,十五層,十二層 陽台 雨遮
RPXOMLQJJHGGFBC87DA,3,54.28,本共有部分之項目有公設空間、門廳、防空避難室兼停車空間、停車空間、社區中心、機械室、游泳池及管委會辦公室等共八項,鋼筋混凝土造,106年10月18日,十五層,
RPXOMLQJJHGGFBC87DA,3,23.28,本共有部分之項目有電梯間、樓梯間、蓄水池及水箱等共四項,鋼筋混凝土造,106年10月18日,十五層,
RPXOMLQJJHGGFBC87DA,3,.66,本共有部分之項目有台電配電室共一項,鋼筋混凝土造,106年10月18日,十五層,
RPWOMLQJJHGGFBC77DA,3,133.33,集合住宅,鋼筋混凝土造,106年10月18日,十五層,七層 陽台 雨遮
RPWOMLQJJHGGFBC77DA,3,61.74,本共有部分之項目有公設空間、門廳、防空避難室兼停車空間、停車空間、社區中心、機械室、游泳池及管委會辦公室等共八項,鋼筋混凝土造,106年10月18日,十五層,
RPWOMLQJJHGGFBC77DA,3,22.31,本共有部分之項目有電梯間、樓梯間、蓄水池及水箱等共四項,鋼筋混凝土造,106年10月18日,十五層,
RPWOMLQJJHGGFBC77DA,3,.58,本共有部分之項目有台電配電室共一項,鋼筋混凝土造,106年10月18日,十五層,
RPOPMLQJJHGGFBC07DA,3,118.41,集合住宅,鋼筋混凝土造,106年10月18日,十五層,十四層 陽台 雨遮
RPOPMLQJJHGGFBC07DA,3,54.28,本共有部分之項目有公設空間、門廳、防空避難室兼停車空間、停車空間、社區中心、機械室、游泳池及管委會辦公室等共八項,鋼筋混凝土造,106年10月18日,十五層,
RPOPMLQJJHGGFBC07DA,3,23.08,本共有部分之項目有電梯間、樓梯間、蓄水池及水箱等共四項,鋼筋混凝土造,106年10月18日,十五層,
RPOPMLQJJHGGFBC07DA,3,.74,本共有部分之項目有台電配電室共一項,鋼筋混凝土造,106年10月18日,十五層,
RPPOMLTLKIPFFBC58DA,52,76.62,住家用,加強磚造,58年4月21日,二層,一層 二層
RPPPMLQJJHGGFBC17DA,3,133.25,集合住宅,鋼筋混凝土造,106年10月18日,十五層,五層 陽台 雨遮
RPPPMLQJJHGGFBC17DA,3,61.74,本共有部分之項目有公設空間、門廳、防空避難室兼停車空間、停車空間、社區中心、機械室、游泳池及管委會辦公室等共八項,鋼筋混凝土造,106年10月18日,十五層,
RPPPMLQJJHGGFBC17DA,3,20.38,本共有部分之項目有電梯間、樓梯間、水箱及蓄水池等共四項,鋼筋混凝土造,106年10月18日,十五層,
RPPPMLQJJHGGFBC17DA,3,.58,本共有部分之項目有台電配電室共一項,鋼筋混凝土造,106年10月18日,十五層,
RPVNMLPKKIPFFBC58DA,22,67.72,住家用,鋼筋混凝土造,88年1月14日,十六層,五層 陽台
RPVNMLPKKIPFFBC58DA,22,15.54,共用部份,鋼筋混凝土造,88年1月14日,十六層,
RPVNMLPKKIPFFBC58DA,22,.83,共用部份,鋼筋混凝土造,88年1月14日,十六層,
RPVNMLPKKIPFFBC58DA,22,3.87,共用部份,鋼筋混凝土造,88年1月14日,十六層,
RPVNMLPKKIPFFBC58DA,22,48.96,共用部份,鋼筋混凝土造,88年1月14日,十六層,
RPVNMLPKKIPFFBC58DA,22,1.62,共用部份,鋼筋混凝土造,88年1月14日,十六層,
RPVNMLPKKIPFFBC58DA,22,.79,共用部份,鋼筋混凝土造,88年1月14日,十六層,
RPWNMLOJJHGGFBC47DA,25,45.47,住家用,鋼筋混凝土造,84年11月16日,五層,四層 陽台
RPWNMLOJJHGGFBC47DA,25,45.47,住家用,鋼筋混凝土造,84年11月16日,五層,四層 陽台
RPWNMLOJJHGGFBC47DA,25,18.29,共用部份,鋼筋混凝土造,84年11月16日,五層,
RPWNMLOJJHGGFBC47DA,25,18.29,共用部份,鋼筋混凝土造,84年11月16日,五層,
RPSNMLMKJHGGFCC17EA,25,91.12,住家用,鋼筋混凝土造,84年8月26日,七層,七層 陽台 雨遮
RPSNMLMKJHGGFCC17EA,25,21.03,共用部份,鋼筋混凝土造,84年8月26日,七層,
RPWOMLQJJHGGFCC87DA,54,67.42,住商用,加強磚造,56年2月7日,四層,一層 二層 三層 四層 騎樓
RPVOMLRJJHGGFCC87DA,28,80.75,住家用,鋼筋混凝土造,81年7月4日,四層,三層 陽台
RPVOMLRJJHGGFCC87DA,28,2.27,共用部份,鋼筋混凝土造,81年7月4日,四層,
RPWNMLMKJHGGFCC47DA,5,.01,辦公室,鋼筋混凝土造,105年1月24日,,地下二層
RPWNMLMKJHGGFCC47DA,5,75.95,集合住宅,鋼筋混凝土造,105年1月24日,十八層,三層 陽台 雨遮
RPWNMLMKJHGGFCC47DA,5,.00,本共有部分之項目為受水池、安全梯、受水池機房、社區水箱、迴廊等共５項。,鋼筋混凝土造,105年1月24日,二十三層,
RPWNMLMKJHGGFCC47DA,5,.73,本共有部分之項目為受水池、安全梯、受水池機房、社區水箱、迴廊等共５項。,鋼筋混凝土造,105年1月24日,二十三層,
RPWNMLMKJHGGFCC47DA,5,.01,本共有部分之項目為排煙室、特別安全梯、緊急昇降機、機房、樓梯間、消防水箱、水箱、電梯機房、消防中繼機房、陽台、中繼室、中繼自來水箱、雨遮、中繼消防水箱、消防泵浦室、機電空間、安全梯  、發電機室、電信室、台電配電場所、大廳、行動不便者電梯、電梯  、１Ｆ門廳、２Ｆ門廳、３Ｆ門廳、台電管道間、消防幫浦室、泵浦  、走道、停車空間、配電箱、資源回收區、４Ｆ門廳、廚餘冷藏室、  不可回收垃圾區、緊急升降機、梯廳、電信機房、５Ｆ門廳、防空避難室兼停車空間、台電專用管道、雨水回收區、雨水收集槽、雨水回收及噴灌機房、６Ｆ門廳、游泳池及中庭景觀池機房、消防幫浦機房  、電信機房室、垃圾處理空間、７Ｆ門廳、機車位、社區中心、防災中心、水景機房等共５５項。,鋼筋混凝土造,105年1月24日,二十五層,
RPWNMLMKJHGGFCC47DA,5,46.91,本共有部分之項目為排煙室、特別安全梯、緊急昇降機、機房、樓梯間、消防水箱、水箱、電梯機房、消防中繼機房、陽台、中繼室、中繼自來水箱、雨遮、中繼消防水箱、消防泵浦室、機電空間、安全梯  、發電機室、電信室、台電配電場所、大廳、行動不便者電梯、電梯  、１Ｆ門廳、２Ｆ門廳、３Ｆ門廳、台電管道間、消防幫浦室、泵浦  、走道、停車空間、配電箱、資源回收區、４Ｆ門廳、廚餘冷藏室、  不可回收垃圾區、緊急升降機、梯廳、電信機房、５Ｆ門廳、防空避難室兼停車空間、台電專用管道、雨水回收區、雨水收集槽、雨水回收及噴灌機房、６Ｆ門廳、游泳池及中庭景觀池機房、消防幫浦機房  、電信機房室、垃圾處理空間、７Ｆ門廳、機車位、社區中心、防災中心、水景機房等共５５項。,鋼筋混凝土造,105年1月24日,二十五層,
RPPOMLSJJHGGFCC37DA,46,68.14,住家用,鋼筋混凝土加強磚造,63年7月30日,四層,二層
RPXNMLQJJHGGFCC87DA,2,95.84,集合住宅,鋼筋混凝土造,108年2月13日,十一層,七層 陽台
RPXNMLQJJHGGFCC87DA,2,20.84,本建物共有部分之項目有消防幫浦室‧地下室排氣口‧樓電梯間‧梯廳‧電信室‧自來水箱‧汙水設備室‧發電機室‧滯洪沉砂池‧機車位‧管委會空間‧垃圾儲藏室‧資源回收區排風管道‧台電配電室‧用戶配電室‧等共１６項。,鋼筋混凝土造,108年2月13日,十一層,
RPXNMLQJJHGGFCC87DA,2,17.13,本建物共有部分之項目有樓電梯間‧梯廳‧樓梯間‧機房‧水箱等共５項。,鋼筋混凝土造,108年2月13日,十一層,
RPXNMLQJJHGGFCC87DA,2,49.53,本建物共有部分之項目有防空避難室兼停車空間‧停車空間等共２項。,鋼筋混凝土造,108年2月13日,十一層,
RPPPMLRJJHGGFCC37DA,37,94.73,住家用,鋼筋混凝土造,73年1月27日,四層,三層 陽台
RPPPMLRJJHGGFCC37DA,37,5.12,共用部份,鋼筋混凝土造,73年1月27日,四層,
RPVPMLRJJHGGFCC97DA,38,88.00,住家用,加強磚造,71年7月19日,二層,一層 二層 陽台 平台
RPXPMLRJJHGGFCC18DA,43,83.95,住家用,鋼筋混凝土造,67年2月3日,四層,二層
RPVNMLLKJHGGFCC27DA,40,97.66,住家用,鋼筋混凝土造,70年4月11日,五層,二層 陽台
RPOOMLOLKIPFFCC08DA,42,75.71,住家用,鋼筋混凝土加強磚造,68年1月16日,四層,四層
RPPNMLKKJHGGFCC56DA,2,95.84,集合住宅,鋼筋混凝土造,108年2月13日,十一層,三層 陽台
RPPNMLKKJHGGFCC56DA,2,20.84,本建物共有部分之項目有消防幫浦室‧地下室排氣口‧樓電梯間‧梯廳‧電信室‧自來水箱‧汙水設備室‧發電機室‧滯洪沉砂池‧機車位‧管委會空間‧垃圾儲藏室‧資源回收區排風管道‧台電配電室‧用戶配電室‧等共１６項。,鋼筋混凝土造,108年2月13日,十一層,
RPPNMLKKJHGGFCC56DA,2,17.13,本建物共有部分之項目有樓電梯間‧梯廳‧樓梯間‧機房‧水箱等共５項。,鋼筋混凝土造,108年2月13日,十一層,
RPPNMLKKJHGGFCC56DA,2,49.53,本建物共有部分之項目有防空避難室兼停車空間‧停車空間等共２項。,鋼筋混凝土造,108年2月13日,十一層,
RPRQMLRKKIPFFCC78DA,30,261.23,住家用,鋼筋混凝土造,79年8月9日,三層,一層 二層 三層 陽台 平台 水箱 露台 避難室兼停車場
RPSNMLLKJHGGFCC96DA,32,94.63,住家用,鋼筋混凝土造,77年7月2日,四層,四層 陽台
RPPOMLTLKIPFFCC68DA,13,271.17,１至４層：集合住宅．突一層：樓梯間．突二層：水箱,鋼筋混凝土造,97年2月13日,四層,一層 二層 三層 四層 陽台 屋頂突出物
RPQQMLRKKIPFFCC68DA,24,1.55,共用部份,鋼筋混凝土造,86年5月8日,十一層,
RPQQMLRKKIPFFCC68DA,24,70.83,住家用,鋼筋混凝土造,86年5月8日,十一層,六層 陽台 雨遮
RPQQMLRKKIPFFCC68DA,24,12.94,共用部份,鋼筋混凝土造,86年5月8日,十一層,
RPQQMLRKKIPFFCC68DA,24,.79,共用部份,鋼筋混凝土造,86年5月8日,十一層,
RPQQMLRKKIPFFCC68DA,24,20.77,共用部份,鋼筋混凝土造,86年5月8日,十一層,
RPPNMLLKJHGGFBC66EA,37,95.27,住家用,鋼筋混凝土造,72年8月4日,五層,三層 陽台
RPPPMLMKJHGGFCC96DA,25,10.71,共用部份,鋼筋混凝土造,85年2月16日,七層,
RPPPMLMKJHGGFCC96DA,25,57.13,住家用,鋼筋混凝土造,85年2月16日,七層,五層 陽台
RPTNMLLMKIPFFCC38EA,2,95.84,集合住宅,鋼筋混凝土造,108年2月13日,十一層,五層 陽台
RPTNMLLMKIPFFCC38EA,2,20.84,本建物共有部分之項目有消防幫浦室‧地下室排氣口‧樓電梯間‧梯廳‧電信室‧自來水箱‧汙水設備室‧發電機室‧滯洪沉砂池‧機車位‧管委會空間‧垃圾儲藏室‧資源回收區排風管道‧台電配電室‧用戶配電室‧等共１６項。,鋼筋混凝土造,108年2月13日,十一層,
RPTNMLLMKIPFFCC38EA,2,17.13,本建物共有部分之項目有樓電梯間‧梯廳‧樓梯間‧機房‧水箱等共５項。,鋼筋混凝土造,108年2月13日,十一層,
RPTNMLLMKIPFFCC38EA,2,43.44,本建物共有部分之項目有防空避難室兼停車空間‧停車空間等共２項。,鋼筋混凝土造,108年2月13日,十一層,
RPWNMLTLKIPFFBC56DA,26,50.98,商業用,鋼筋混凝土造,83年6月21日,七層,一層 平台
RPWNMLTLKIPFFBC56DA,26,85.42,商業用,鋼筋混凝土造,83年6月21日,七層,一層 平台
RPWNMLTLKIPFFBC56DA,26,5.67,共用部份,鋼筋混凝土造,83年6月21日,七層,
RPWNMLTLKIPFFBC56DA,26,10.12,共用部份,鋼筋混凝土造,83年6月21日,七層,
RPPPMLOJJHGGFCC07DA,25,117.05,商業用,鋼筋混凝土造,84年7月1日,十二層,地下一層
RPPPMLOJJHGGFCC07DA,25,154.27,辦公室,鋼筋混凝土造,84年7月1日,十二層,地下一層
RPPPMLOJJHGGFCC07DA,25,248.59,辦公室,鋼筋混凝土造,84年7月1日,十二層,地下一層
RPPPMLOJJHGGFCC07DA,25,185.31,辦公室,鋼筋混凝土造,84年7月1日,十二層,地下一層
RPPPMLOJJHGGFCC07DA,25,149.39,共用部份,鋼筋混凝土造,84年7月1日,十二層,
RPPPMLOJJHGGFCC07DA,25,18.51,共用部份,鋼筋混凝土造,84年7月1日,十二層,
RPPPMLOJJHGGFCC07DA,25,25.12,共用部份,鋼筋混凝土造,84年7月1日,十二層,
RPPPMLOJJHGGFCC07DA,25,15.20,共用部份,鋼筋混凝土造,84年7月1日,十二層,
RPPPMLOJJHGGFCC07DA,25,52.83,共用部份,鋼筋混凝土造,84年7月1日,十二層,
RPPPMLOJJHGGFCC07DA,25,39.19,共用部份,鋼筋混凝土造,84年7月1日,十二層,
RPPPMLOJJHGGFCC07DA,25,32.47,共用部份,鋼筋混凝土造,84年7月1日,十二層,
RPPPMLOJJHGGFCC07DA,25,24.21,共用部份,鋼筋混凝土造,84年7月1日,十二層,
RPVNMLQJIIPFFBC38DA,23,40.63,住家用,鋼筋混凝土造,86年11月21日,十八層,七層 陽台
RPVNMLQJIIPFFBC38DA,23,9.67,共用部份,鋼筋混凝土造,86年11月21日,十八層,
RPSPMLMKJHGGFCC27DA,21,25.85,住家用,鋼筋混凝土造,88年12月31日,十三層,五層 陽台
RPVNMLQJIIPFFBC38DA,23,3.69,共用部份,鋼筋混凝土造,86年11月21日,二十一層,
RPSPMLMKJHGGFCC27DA,21,5.13,共用部份,鋼筋混凝土造,88年12月31日,十四層,
RPSPMLMKJHGGFCC27DA,21,5.50,共用部份,鋼筋混凝土造,88年12月31日,十三層,
RPWNMLLKJHGGFBC27DA,39,72.81,住家用,鋼筋混凝土造,70年12月14日,五層,二層 陽台
RPPOMLLKJHGGFBC66DA,22,92.44,住家用,鋼筋混凝土造,88年1月14日,十五層,十五層 陽台
RPPOMLLKJHGGFBC66DA,22,13.12,共用部份,鋼筋混凝土造,88年1月14日,十五層,
RPPOMLLKJHGGFBC66DA,22,1.11,共用部份,鋼筋混凝土造,88年1月14日,十六層,
RPPOMLLKJHGGFBC66DA,22,3.30,共用部份,鋼筋混凝土造,88年1月14日,十六層,
RPPOMLLKJHGGFBC66DA,22,41.38,共用部份,鋼筋混凝土造,88年1月14日,十六層,
RPPOMLLKJHGGFBC66DA,22,2.24,共用部份,鋼筋混凝土造,88年1月14日,十六層,
RPPOMLLKJHGGFBC66DA,22,1.09,共用部份,鋼筋混凝土造,88年1月14日,十六層,
RPROMLLKJHGGFBC86DA,22,92.44,住家用,鋼筋混凝土造,88年1月14日,十五層,十四層 陽台
RPROMLLKJHGGFBC86DA,22,13.12,共用部份,鋼筋混凝土造,88年1月14日,十五層,
RPROMLLKJHGGFBC86DA,22,1.11,共用部份,鋼筋混凝土造,88年1月14日,十六層,
RPROMLLKJHGGFBC86DA,22,3.30,共用部份,鋼筋混凝土造,88年1月14日,十六層,
RPROMLLKJHGGFBC86DA,22,2.24,共用部份,鋼筋混凝土造,88年1月14日,十六層,
RPROMLLKJHGGFBC86DA,22,1.09,共用部份,鋼筋混凝土造,88年1月14日,十六層,
RPQOMLLKJHGGFBC76DA,25,97.36,住家用,鋼筋混凝土造,84年10月6日,九層,九層 陽台
RPQOMLLKJHGGFBC76DA,25,2.74,共用部份,鋼筋混凝土造,84年10月6日,九層,
RPQOMLLKJHGGFBC76DA,25,14.87,共用部份,鋼筋混凝土造,84年10月6日,九層,
RPQOMLLKJHGGFBC76DA,25,16.97,共用部份,鋼筋混凝土造,84年10月6日,九層,
RPQOMLMKJHGGFBC86DA,,130.83,集合住宅,鋼筋混凝土造,109年7月21日,十五層,十三層 陽台 雨遮
RPSOMLLKJHGGFBC96DA,42,67.30,商業用,鋼筋混凝土造,67年11月23日,六層,一層 騎樓
RPQOMLMKJHGGFBC86DA,,123.36,本共有部分之項目有停車空間、防空避難室兼公眾停車空間、管委會空間、電梯、管道間、車道、陽台、樓電梯間、梯廳、機械室、梯間、水箱及垃圾車停車位等十三項,鋼筋混凝土造,109年7月21日,十五層,
RPSNMLMKJHGGFBC96DA,25,104.58,住家用,鋼筋混凝土造,85年3月9日,十二層,六層 陽台
RPSNMLMKJHGGFBC96DA,25,19.64,共用部份,鋼筋混凝土造,85年3月9日,十五層,
RPUNMLMKJHGGFBC17DA,22,57.92,住家用,鋼筋混凝土造,88年1月14日,十六層,九層 陽台
RPUNMLMKJHGGFBC17DA,22,7.88,共用部份,鋼筋混凝土造,88年1月14日,十六層,
RPVOMLKLJIPFFCC28DA,48,85.33,住家用,鋼筋混凝土造,61年7月13日,四層,三層 陽台
RPUNMLMKJHGGFBC17DA,22,.70,共用部份,鋼筋混凝土造,88年1月14日,十六層,
RPUNMLMKJHGGFBC17DA,22,2.10,共用部份,鋼筋混凝土造,88年1月14日,十六層,
RPUNMLMKJHGGFBC17DA,22,1.41,共用部份,鋼筋混凝土造,88年1月14日,十六層,
RPUNMLMKJHGGFBC17DA,22,.69,共用部份,鋼筋混凝土造,88年1月14日,十六層,
RPQPMLSKJHGGFBC57DA,3,63.00,集合住宅,鋼筋混凝土造,106年11月9日,十層,十層 陽台 雨遮
RPQPMLSKJHGGFBC57DA,3,32.15,本共有部分之項目有防空避難室兼停車空間、台電配電室、梯廳、排煙室、昇降機、信箱區、公共陽台、泳池、泳池水箱、安全梯、水箱、機房、雨水機房、消防機房、供行動不便者使用樓梯、發電機室、垃圾儲藏室、電信機房、停車空間、供管委會使用空間、供行動不便者使用電梯、門廊、男廁、女廁、梯間、消防水箱及陽台等二十七項,鋼筋混凝土造,106年11月9日,十層,
RPROMLMKJHGGFBC96DA,25,86.10,住宅（夾層）儲藏室,鋼筋混凝土造,84年6月10日,四層,四層 陽台 夾層
RPROMLMKJHGGFBC96DA,25,5.25,共用部份,鋼筋混凝土造,84年6月10日,四層,
RPROMLMKJHGGFBC96DA,25,1.24,共用部份,鋼筋混凝土造,84年6月10日,五層,
RPOOMLLKJHGGFBC56DA,22,24.14,住家用,鋼筋混凝土造,88年1月14日,十六層,三層 陽台
RPOOMLLKJHGGFBC56DA,22,4.94,共用部份,鋼筋混凝土造,88年1月14日,十六層,
RPOOMLLKJHGGFBC56DA,22,.14,共用部份,鋼筋混凝土造,88年1月14日,十六層,
RPOOMLLKJHGGFBC56DA,22,.73,共用部份,鋼筋混凝土造,88年1月14日,十六層,
RPOOMLLKJHGGFBC56DA,22,.63,共用部份,鋼筋混凝土造,88年1月14日,十六層,
RPOOMLLKJHGGFBC56DA,22,.32,共用部份,鋼筋混凝土造,88年1月14日,十六層,
RPSOMLMKJHGGFBC07DA,23,65.45,住家用,鋼筋混凝土造,86年11月21日,十七層,十六層 陽台 花台
RPSOMLMKJHGGFBC07DA,23,9.64,共用部份,鋼筋混凝土造,86年11月21日,十七層,
RPSOMLMKJHGGFBC07DA,23,5.60,共用部份,鋼筋混凝土造,86年11月21日,二十一層,
RPUNMLLKJHGGFBC07DA,32,105.74,住家用,鋼筋混凝土造,78年2月22日,五層,五層 陽台
RPXNMLSJJHGGFBC97DA,24,123.73,集合住宅,鋼筋混凝土造,85年9月18日,十層,十層 陽台
RPXNMLSJJHGGFBC97DA,24,53.95,本共有部分之項目有防空避難室兼停車場、汽車昇降機、機房、水箱、變電室、門廳、停車空間、樓梯間、電梯間及騎樓〈人行道〉等十項,鋼筋混凝土造,85年9月18日,十層,
RPPNMLNKJHGGFBC86EA,22,57.41,住家用,鋼筋混凝土造,88年1月14日,十六層,十層 陽台
RPPNMLNKJHGGFBC86EA,22,9.40,共用部份,鋼筋混凝土造,88年1月14日,十六層,
RPPNMLNKJHGGFBC86EA,22,3.39,共用部份,鋼筋混凝土造,88年1月14日,十六層,
RPPNMLNKJHGGFBC86EA,22,1.41,共用部份,鋼筋混凝土造,88年1月14日,十六層,
RPPNMLNKJHGGFBC86EA,22,.69,共用部份,鋼筋混凝土造,88年1月14日,十六層,
RPTOMLLKJHGGFBC07DA,3,117.10,集合住宅,鋼筋混凝土造,106年11月16日,六層,四層 陽台 雨遮
RPTOMLSJJHGGFBC67DA,22,76.63,住家用,鋼筋混凝土造,88年5月10日,七層,六層 陽台 花台
RPTOMLLKJHGGFBC07DA,3,95.16,本共有部分之項目有防空避難室兼停車空間、車道、機電設備空間、水箱、管委會空間、梯廳、樓梯間及機房等八項,鋼筋混凝土造,106年11月16日,六層,
RPTOMLSJJHGGFBC67DA,22,11.10,共用部份,鋼筋混凝土造,88年5月10日,七層,
RPTOMLSJJHGGFBC67DA,22,28.92,共用部份,鋼筋混凝土造,88年5月10日,七層,
RPPOMLMLKIPFFBC87DA,24,90.53,集合住宅,鋼筋混凝土造,85年9月18日,十層,五層 陽台
RPPOMLMLKIPFFBC87DA,24,42.32,本共有部分之項目有防空避難室兼停車場、汽車昇降機、機房、水箱、變電室、門廳、停車空間、樓梯間、電梯間及騎樓〈人行道〉等十項,鋼筋混凝土造,85年9月18日,十層,
RPPNMLOKJHGGFCC07EA,26,105.35,住家用,鋼筋混凝土造,83年11月20日,七層,二層 陽台 花台 雨遮
RPPNMLOKJHGGFCC07EA,26,28.98,共用部份,鋼筋混凝土造,83年11月20日,九層,
RPXNMLNKJHGGFCC67DA,37,104.44,住家用,鋼筋混凝土造,73年4月7日,四層,三層 陽台
RPXNMLNKJHGGFCC67DA,37,10.72,共用部份,鋼筋混凝土造,73年4月7日,四層,
RPVNMLOKJHGGFCC57DA,37,80.49,住家用,鋼筋混凝土造,73年1月12日,四層,三層 陽台
RPPOMLNKJHGGFCC96DA,5,51.58,集合住宅,鋼筋混凝土造,104年9月4日,八層,七層 八層 陽台 雨遮
RPPOMLNKJHGGFCC96DA,5,51.58,集合住宅,鋼筋混凝土造,104年9月4日,八層,七層 八層 陽台 雨遮
RPPOMLNKJHGGFCC96DA,5,41.31,本共有部分之項目有防空避難室兼停車空間、樓梯間、水箱及機械室等四項。,鋼筋混凝土造,104年9月4日,八層,
RPPOMLNKJHGGFCC96DA,5,41.31,本共有部分之項目有防空避難室兼停車空間、樓梯間、水箱及機械室等四項。,鋼筋混凝土造,104年9月4日,八層,
RPQOMLMKJHGGFCC96DA,39,68.31,住商用,鋼筋混凝土造,70年12月28日,四層,一層
RPROMLSKKIPFFCC68DA,11,98.84,住家用,鋼筋混凝土造,98年6月24日,十四層,十四層 陽台
RPROMLSKKIPFFCC68DA,11,46.35,共用部份,鋼筋混凝土造,98年6月24日,十四層,
RPROMLSKKIPFFCC68DA,11,18.83,共用部份,鋼筋混凝土造,98年6月24日,十四層,
RPTOMLMKJHGGFCC27DA,29,52.33,住家用,鋼筋混凝土造,80年7月11日,十二層,五層 陽台 雨遮
RPTOMLMKJHGGFCC27DA,29,52.33,住家用,鋼筋混凝土造,80年7月11日,十二層,五層 陽台 雨遮
RPTOMLMKJHGGFCC27DA,29,22.37,共用部份,鋼筋混凝土造,80年7月11日,十二層,
RPTOMLMKJHGGFCC27DA,29,22.37,共用部份,鋼筋混凝土造,80年7月11日,十二層,
RPTOMLMKJHGGFCC27DA,29,7.74,共用部份,鋼筋混凝土造,80年7月11日,十二層,
RPTOMLMKJHGGFCC27DA,29,7.74,共用部份,鋼筋混凝土造,80年7月11日,十二層,
RPVOMLMKJHGGFCC47DA,14,241.60,地下壹層：停車空間；壹層至肆層：集合住宅；突出物壹層：樓梯間；突出物貳層：水箱室,鋼筋混凝土造,95年10月31日,四層,一層 二層 三層 四層 陽台 屋頂突出物 地下一層
RPVOMLMKJHGGFCC47DA,14,37.79,共用部份,鋼筋混凝土造,95年10月31日,四層,
RPQOMLOLKIPFFCC28DA,38,72.33,住家用,鋼筋混凝土造,71年9月15日,四層,三層 陽台
RPOOMLLKJHGGFCC66DA,25,69.05,住家用,鋼筋混凝土造,84年8月8日,六層,五層 陽台 花台
RPOOMLLKJHGGFCC66DA,25,11.12,共用部份,鋼筋混凝土造,84年8月8日,六層,
RPOOMLLKJHGGFCC66DA,25,14.38,共用部份,鋼筋混凝土造,84年8月8日,六層,
RPVNMLRJJHGGFCC77DA,26,123.52,住家用,鋼筋混凝土造,83年9月30日,五層,一層 平台 儲藏室
RPVNMLRJJHGGFCC77DA,26,17.27,共用部份,鋼筋混凝土造,83年9月30日,五層,
RPSNMLPKJHGGFCC47EA,2,96.12,集合住宅,鋼筋混凝土造,108年2月13日,十一層,二層 陽台
RPSNMLPKJHGGFCC47EA,2,20.84,本建物共有部分之項目有消防幫浦室‧地下室排氣口‧樓電梯間‧梯廳‧電信室‧自來水箱‧汙水設備室‧發電機室‧滯洪沉砂池‧機車位‧管委會空間‧垃圾儲藏室‧資源回收區排風管道‧台電配電室‧用戶配電室‧等共１６項。,鋼筋混凝土造,108年2月13日,十一層,
RPSNMLPKJHGGFCC47EA,2,49.53,本建物共有部分之項目有防空避難室兼停車空間‧停車空間等共２項。,鋼筋混凝土造,108年2月13日,十一層,
RPSNMLPKJHGGFCC47EA,2,18.14,本建物共有部分之項目有樓電梯間‧梯廳‧樓梯間‧機房‧水箱等共５項。,鋼筋混凝土造,108年2月13日,十一層,
RPRNMLNKJHGGFCC17EA,5,.01,辦公室,鋼筋混凝土造,105年1月24日,,地下二層
RPRNMLNKJHGGFCC17EA,5,51.68,集合住宅,鋼筋混凝土造,105年1月24日,十八層,十八層 陽台 雨遮
RPRNMLNKJHGGFCC17EA,5,.00,本共有部分之項目為受水池、安全梯、受水池機房、社區水箱、迴廊等共５項。,鋼筋混凝土造,105年1月24日,二十三層,
RPRNMLNKJHGGFCC17EA,5,.50,本共有部分之項目為受水池、安全梯、受水池機房、社區水箱、迴廊等共５項。,鋼筋混凝土造,105年1月24日,二十三層,
RPRNMLNKJHGGFCC17EA,5,.00,本共有部分之項目為排煙室、特別安全梯、緊急昇降機、機房、樓梯間、消防水箱、水箱、電梯機房、消防中繼機房、陽台、中繼室、中繼自來水箱、雨遮、中繼消防水箱、消防泵浦室、機電空間、安全梯  、發電機室、電信室、台電配電場所、大廳、行動不便者電梯、電梯  、１Ｆ門廳、２Ｆ門廳、３Ｆ門廳、台電管道間、消防幫浦室、泵浦  、走道、停車空間、配電箱、資源回收區、４Ｆ門廳、廚餘冷藏室、  不可回收垃圾區、緊急升降機、梯廳、電信機房、５Ｆ門廳、防空避難室兼停車空間、台電專用管道、雨水回收區、雨水收集槽、雨水回收及噴灌機房、６Ｆ門廳、游泳池及中庭景觀池機房、消防幫浦機房  、電信機房室、垃圾處理空間、７Ｆ門廳、機車位、社區中心、防災中心、水景機房等共５５項。,鋼筋混凝土造,105年1月24日,二十五層,
RPRNMLNKJHGGFCC17EA,5,21.12,本共有部分之項目為排煙室、特別安全梯、緊急昇降機、機房、樓梯間、消防水箱、水箱、電梯機房、消防中繼機房、陽台、中繼室、中繼自來水箱、雨遮、中繼消防水箱、消防泵浦室、機電空間、安全梯  、發電機室、電信室、台電配電場所、大廳、行動不便者電梯、電梯  、１Ｆ門廳、２Ｆ門廳、３Ｆ門廳、台電管道間、消防幫浦室、泵浦  、走道、停車空間、配電箱、資源回收區、４Ｆ門廳、廚餘冷藏室、  不可回收垃圾區、緊急升降機、梯廳、電信機房、５Ｆ門廳、防空避難室兼停車空間、台電專用管道、雨水回收區、雨水收集槽、雨水回收及噴灌機房、６Ｆ門廳、游泳池及中庭景觀池機房、消防幫浦機房  、電信機房室、垃圾處理空間、７Ｆ門廳、機車位、社區中心、防災中心、水景機房等共５５項。,鋼筋混凝土造,105年1月24日,二十五層,
RPTNMLPKJHGGFCC57EA,2,96.12,集合住宅,鋼筋混凝土造,108年2月13日,十一層,十一層 陽台
RPTNMLPKJHGGFCC57EA,2,20.84,本建物共有部分之項目有消防幫浦室‧地下室排氣口‧樓電梯間‧梯廳‧電信室‧自來水箱‧汙水設備室‧發電機室‧滯洪沉砂池‧機車位‧管委會空間‧垃圾儲藏室‧資源回收區排風管道‧台電配電室‧用戶配電室‧等共１６項。,鋼筋混凝土造,108年2月13日,十一層,
RPTNMLPKJHGGFCC57EA,2,49.53,本建物共有部分之項目有防空避難室兼停車空間‧停車空間等共２項。,鋼筋混凝土造,108年2月13日,十一層,
RPTNMLPKJHGGFCC57EA,2,18.18,本建物共有部分之項目有樓電梯間‧梯廳‧樓梯間‧機房‧水箱等共５項。,鋼筋混凝土造,108年2月13日,十一層,
RPPNMLOJJHGGFCC86DA,47,71.49,住家用,鋼筋混凝土加強磚造,62年8月21日,四層,二層
RPQNMLNKJHGGFBC96EA,43,95.61,住家用,鋼筋混凝土造,66年12月8日,四層,三層
RPPOMLOJJHGGFBC86DA,23,34.17,共用部份,鋼筋混凝土造,86年11月21日,二十一層,
RPPOMLSKKIPFFCC48DA,25,68.33,住家用,鋼筋混凝土造,84年8月8日,六層,六層 陽台 花台
RPPOMLSKKIPFFCC48DA,25,11.71,共用部份,鋼筋混凝土造,84年8月8日,六層,
RPPOMLSKKIPFFCC48DA,25,10.00,共用部份,鋼筋混凝土造,84年8月8日,六層,
RPPNMLMKJHGGFBC76EA,44,73.67,住家用,鋼筋混凝土加強磚造,66年6月20日,四層,三層
RPPNMLTJJHGGFBC27DA,24,28.99,住家用,鋼筋混凝土造,86年6月7日,六層,五層 陽台
RPPNMLTJJHGGFBC27DA,24,3.83,共用部份,鋼筋混凝土造,86年6月7日,六層,
RPPNMLTJJHGGFBC27DA,24,1.54,共用部份,鋼筋混凝土造,86年6月7日,六層,
RPPNMLTJJHGGFBC27DA,24,3.47,共用部份,鋼筋混凝土造,86年6月7日,六層,
RPPOMLSJJHGGFBC27DA,22,50.84,住家用,鋼筋混凝土造,88年1月14日,十六層,六層 陽台
RPPOMLSJJHGGFBC27DA,22,12.65,共用部份,鋼筋混凝土造,88年1月14日,十六層,
RPPOMLSJJHGGFBC27DA,22,2.27,共用部份,鋼筋混凝土造,88年1月14日,十六層,
RPPOMLSJJHGGFBC27DA,22,1.30,共用部份,鋼筋混凝土造,88年1月14日,十六層,
RPPOMLSJJHGGFBC27DA,22,.64,共用部份,鋼筋混凝土造,88年1月14日,十六層,
RPRNMLTJJHGGFBC47DA,22,102.00,住家用,鋼筋混凝土造,88年1月14日,十六層,十六層 陽台
RPRNMLTJJHGGFBC47DA,22,19.49,共用部份,鋼筋混凝土造,88年1月14日,十六層,
RPRNMLTJJHGGFBC47DA,22,5.68,共用部份,鋼筋混凝土造,88年1月14日,十六層,
RPRNMLTJJHGGFBC47DA,22,33.88,共用部份,鋼筋混凝土造,88年1月14日,十六層,
RPRNMLTJJHGGFBC47DA,22,2.45,共用部份,鋼筋混凝土造,88年1月14日,十六層,
RPRNMLTJJHGGFBC47DA,22,1.19,共用部份,鋼筋混凝土造,88年1月14日,十六層,
RPTNMLPKJHGGFBC37DA,22,79.54,住家用,鋼筋混凝土造,88年1月22日,七層,一層 陽台
RPTNMLPKJHGGFBC37DA,22,14.79,共用部份,鋼筋混凝土造,88年1月22日,七層,
RPTNMLPKJHGGFBC37DA,22,5.32,共用部份,鋼筋混凝土造,88年1月22日,七層,
RPTNMLPKJHGGFBC37DA,22,34.92,共用部份,鋼筋混凝土造,88年1月22日,七層,
RPTNMLPKJHGGFBC37DA,22,2.11,共用部份,鋼筋混凝土造,88年1月22日,七層,
RPVNMLMKJHGGFBC27DA,23,95.43,住家用,鋼筋混凝土造,86年11月21日,十八層,四層 陽台
RPVNMLMKJHGGFBC27DA,23,14.06,共用部份,鋼筋混凝土造,86年11月21日,十八層,
RPVNMLMKJHGGFBC27DA,23,8.58,共用部份,鋼筋混凝土造,86年11月21日,二十一層,
RPVNMLMKJHGGFBC27DA,23,34.17,共用部份,鋼筋混凝土造,86年11月21日,二十一層,
RPWNMLKKKIPFFCC28DA,14,67.81,住家用,鋼筋混凝土造,96年1月31日,八層,二層 陽台
RPWNMLKKKIPFFCC28DA,14,23.11,共用部份,鋼筋混凝土造,96年1月31日,八層,
RPWNMLKKKIPFFCC28DA,14,9.76,共用部份,鋼筋混凝土造,96年1月31日,八層,
RPXNMLOKJHGGFBC67DA,,68.11,住家用,加強磚造,,三層,二層
RPWNMLOKJHGGFBC57DA,41,38.00,住家用,鋼筋混凝土造,68年10月6日,三層,一層
RPWNMLOKJHGGFBC57DA,41,38.00,住家用,鋼筋混凝土造,68年10月6日,三層,二層
RPWNMLOKJHGGFBC57DA,41,33.20,住家用,鋼筋混凝土造,68年10月6日,三層,三層
RPVOMLSJJHGGFBC87DA,25,30.52,住家用,鋼筋混凝土造,85年4月26日,十六層,十四層 陽台
RPVOMLSJJHGGFBC87DA,25,6.02,共用部份,鋼筋混凝土造,85年4月26日,十六層,
RPVOMLSJJHGGFBC87DA,25,3.75,共用部份,鋼筋混凝土造,85年4月26日,十六層,
RPVOMLSJJHGGFBC87DA,25,35.41,共用部份,鋼筋混凝土造,85年4月26日,十六層,
RPOOMLKMKIPFFBC67DA,12,293.38,一層：店舖，二層：儲藏室。,鋼筋混凝土，鋼骨構造。,98年2月5日,二層,一層 二層 陽台
RPOOMLKMKIPFFBC67DA,12,127.22,店舖,鋼筋混凝土，鋼骨構造。,98年2月5日,一層,一層
RPOOMLKMKIPFFBC67DA,12,623.27,共用部份,鋼筋混凝土，鋼骨構造。,98年2月5日,二層,
RPOOMLKMKIPFFBC67DA,12,170.71,共用部份,鋼筋混凝土，鋼骨構造。,98年2月5日,二層,
RPQOMLPJJHGGFCC17DA,27,94.90,住家用,鋼筋混凝土造,83年2月1日,五層,三層 陽台
RPQOMLPJJHGGFCC17DA,27,3.05,共用部份,鋼筋混凝土造,83年2月1日,五層,
RPOOMLMKJHGGFCC86EA,22,89.92,住家用,鋼筋混凝土造,87年12月10日,十二層,十二層 陽台 雨遮
RPOOMLMKJHGGFCC86EA,22,15.21,共用部份,鋼筋混凝土造,87年12月10日,十二層,
RPOOMLMKJHGGFCC86EA,22,5.38,共用部份,鋼筋混凝土造,87年12月10日,十二層,
RPOOMLMKJHGGFCC86EA,22,8.68,共用部份,鋼筋混凝土造,87年12月10日,十二層,
RPQNMLTJJHGGFBC37DA,46,77.10,住家用,鋼筋混凝土加強磚造,63年10月2日,五層,三層 陽台
RPXNMLQLJIPFFBC88DA,27,99.49,住家用,鋼筋混凝土造,83年4月29日,七層,二層 陽台
RPXNMLQLJIPFFBC88DA,27,40.50,共用部份,鋼筋混凝土造,83年4月29日,七層,
RPXNMLQLJIPFFBC88DA,27,15.36,共用部份,鋼筋混凝土造,83年4月29日,七層,
RPQPMLMKJHGGFCC07DA,12,219.41,地面一層：停車空間；地面二至五層：一般服務業,鋼筋混凝土造,97年10月3日,五層,一層 二層 三層 四層 五層 陽台 雨遮 見其他登記事項
RPQPMLMKJHGGFCC07DA,12,.25,共用部份,鋼筋混凝土造,97年10月3日,五層,
RPPOMLOKJHGGFCC07DA,26,93.18,住家用,鋼筋混凝土造,84年1月17日,五層,五層 陽台
RPPOMLOKJHGGFCC07DA,26,15.83,共用部份,鋼筋混凝土造,84年1月17日,五層,
RPPOMLOKJHGGFCC07DA,26,2.91,壹層：辦公室．超級市場；貳層至肆層：辦公室,鋼筋混凝土造,84年1月17日,四層,一層 二層 三層 四層 陽台 水箱 電梯樓梯間 停車場 機械房 露台 地下二層
RPQOMLOKJHGGFCC17DA,2,60.01,集合住宅,鋼筋混凝土造,108年1月2日,十五層,十一層 陽台 雨遮
RPQOMLOKJHGGFCC17DA,2,44.01,本共有部分之項目有公共服務空間、戶外安全梯、儲藏室、排煙室、梯廳、無障礙樓梯、管委會使用空間、雨遮、陽台、服務台、車道、排煙室兼梯廳、（排風室）機電設備空間、機電設備空間（發電機室）、防空避難室兼停車空間、（進風室）機電設備空間、垃圾車停車位、垃圾集中場、機械室、（電信室）機電設備空間、Ｂ棟水箱、機電設備空間（消防幫浦室）、Ａ棟水箱、停車空間、樓電梯間、消防水池、水箱共二十七項。,鋼筋混凝土造,108年1月2日,十五層,
RPSOMLOKJHGGFCC37DA,2,86.84,集合住宅,鋼筋混凝土造,108年1月2日,十五層,四層 陽台 雨遮
RPSOMLOKJHGGFCC37DA,2,40.81,本共有部分之項目有公共服務空間、戶外安全梯、儲藏室、排煙室、梯廳、無障礙樓梯、管委會使用空間、雨遮、陽台、服務台、車道、排煙室兼梯廳、（排風室）機電設備空間、機電設備空間（發電機室）、防空避難室兼停車空間、（進風室）機電設備空間、垃圾車停車位、垃圾集中場、機械室、（電信室）機電設備空間、Ｂ棟水箱、機電設備空間（消防幫浦室）、Ａ棟水箱、停車空間、樓電梯間、消防水池、水箱共二十七項。,鋼筋混凝土造,108年1月2日,十五層,
RPROMLOKJHGGFCC27DA,2,15.16,本共有部分之項目有公共服務空間、戶外安全梯、儲藏室、排煙室、梯廳、無障礙樓梯、管委會使用空間、雨遮、陽台、服務台、車道、排煙室兼梯廳、（排風室）機電設備空間、機電設備空間（發電機室）、防空避難室兼停車空間、（進風室）機電設備空間、垃圾車停車位、垃圾集中場、機械室、（電信室）機電設備空間、Ｂ棟水箱、機電設備空間（消防幫浦室）、Ａ棟水箱、停車空間、樓電梯間、消防水池、水箱共二十七項。,鋼筋混凝土造,108年1月2日,十五層,
RPQOMLKMKIPFFCC97DA,12,47.32,住家用,鋼筋混凝土造,98年6月24日,十四層,十層 陽台
RPQOMLKMKIPFFCC97DA,12,47.32,住家用,鋼筋混凝土造,98年6月24日,十四層,十層 陽台
RPQOMLKMKIPFFCC97DA,12,24.42,共用部份,鋼筋混凝土造,98年6月24日,十四層,
RPQOMLKMKIPFFCC97DA,12,24.42,共用部份,鋼筋混凝土造,98年6月24日,十四層,
RPQOMLKMKIPFFCC97DA,12,8.97,共用部份,鋼筋混凝土造,98年6月24日,十四層,
RPQOMLKMKIPFFCC97DA,12,8.97,共用部份,鋼筋混凝土造,98年6月24日,十四層,
RPUNMLPKJHGGFCC57DA,24,96.14,住家用,鋼筋混凝土造,85年12月13日,七層,三層 陽台
RPUNMLPKJHGGFCC57DA,24,5.42,共用部份,鋼筋混凝土造,85年12月13日,七層,
RPUNMLPKJHGGFCC57DA,24,36.92,共用部份,鋼筋混凝土造,85年12月13日,七層,
RPPOMLPKJHGGFCC17DA,25,102.46,住家用,鋼筋混凝土造,84年9月19日,五層,三層 陽台 雨遮 見其他登記事項
RPPOMLPKJHGGFCC17DA,25,40.63,工作間,鋼筋混凝土造,84年9月19日,五層,地下層
RPPOMLPKJHGGFCC17DA,25,6.41,共用部份,鋼筋混凝土造,84年9月19日,五層,
RPWNMLPKJHGGFCC77DA,17,82.48,住家用,鋼筋混凝土造,93年4月6日,三層,一層 二層 三層 陽台 屋頂突出物 雨遮 見其他登記事項
RPWNMLPKJHGGFCC77DA,17,82.48,住家用,鋼筋混凝土造,93年4月6日,三層,一層 二層 三層 陽台 屋頂突出物 雨遮 見其他登記事項
RPVOMLPKJHGGFCC77DA,26,95.30,住家用,鋼筋混凝土造,83年10月15日,五層,一層 平台
RPWNMLPKJHGGFCC77DA,17,24.58,共用部份,鋼筋混凝土造,93年4月6日,五層,
RPVOMLPKJHGGFCC77DA,26,2.54,共用部份,鋼筋混凝土造,83年10月15日,五層,
RPWNMLPKJHGGFCC77DA,17,24.58,共用部份,鋼筋混凝土造,93年4月6日,五層,
RPVOMLPKJHGGFCC77DA,26,8.58,共用部份,鋼筋混凝土造,83年10月15日,五層,
RPWNMLPKJHGGFCC77DA,17,10.99,共用部份,鋼筋混凝土造,93年4月6日,五層,
RPWNMLPKJHGGFCC77DA,17,10.99,共用部份,鋼筋混凝土造,93年4月6日,五層,
RPWNMLOKJHGGFCC67DA,26,3.37,壹層：辦公室．超級市場；貳層至肆層：辦公室,鋼筋混凝土造,84年1月17日,四層,一層 二層 三層 四層 陽台 水箱 電梯樓梯間 停車場 機械房 露台 地下二層
RPWNMLOKJHGGFCC67DA,24,82.39,住家用,鋼筋混凝土造,86年4月1日,五層,三層 陽台
RPWNMLOKJHGGFCC67DA,24,15.91,共用部份,鋼筋混凝土造,86年4月1日,五層,
RPXNMLRJJHGGFCC97DA,13,97.00,一層：店舖．騎樓：騎樓．,鋼筋混凝土造,96年11月15日,八層,一層 陽台 騎樓
RPXNMLRJJHGGFCC97DA,13,20.39,共用部份,鋼筋混凝土造,96年11月15日,八層,
RPXNMLRJJHGGFCC97DA,13,34.75,共用部份,鋼筋混凝土造,96年11月15日,八層,
RPQOMLSJJHGGFCC47DA,24,82.32,住家用,鋼筋混凝土造,85年7月19日,六層,五層 陽台 花台
RPQOMLSJJHGGFCC47DA,24,18.13,共用部份,鋼筋混凝土造,85年7月19日,六層,
RPQOMLSJJHGGFCC47DA,24,3.11,共用部份,鋼筋混凝土造,85年7月19日,六層,
RPQNMLOKJHGGFCC17EA,44,69.62,住家用,鋼筋混凝土造,66年5月20日,四層,四層
RPUOMLMKJHGGFCC47EA,42,68.18,住家用,鋼筋混凝土造,67年11月15日,四層,二層
RPTNMLMKJHGGFCC17DA,26,3.37,壹層：辦公室．超級市場；貳層至肆層：辦公室,鋼筋混凝土造,84年1月17日,四層,一層 二層 三層 四層 陽台 水箱 電梯樓梯間 停車場 機械房 露台 地下二層
RPTNMLMKJHGGFCC17DA,24,102.80,住家用,鋼筋混凝土造,85年12月2日,五層,二層 陽台
RPTNMLMKJHGGFCC17DA,24,15.71,共用部份,鋼筋混凝土造,85年12月2日,五層,
RPTNMLLKJHGGFCC07DA,27,5.82,共用部份,鋼筋混凝土造,82年11月24日,四層,
RPTNMLLKJHGGFCC07DA,27,78.13,住商用,鋼筋混凝土造,82年11月24日,四層,一層 平台
RPPNMLPKJHGGFCC17EA,28,85.99,住家用,鋼筋混凝土造,81年11月24日,四層,二層 陽台
RPPNMLPKJHGGFCC17EA,28,2.61,共用部份,鋼筋混凝土造,81年11月24日,四層,
RPQNMLPKJHGGFCC27EA,21,3.25,共用部份,鋼筋混凝土造,88年12月31日,十四層,
RPQNMLPKJHGGFCC27EA,21,2.63,共用部份,鋼筋混凝土造,88年12月31日,十四層,
RPQNMLPKJHGGFCC27EA,21,16.13,住家用,鋼筋混凝土造,88年12月31日,十四層,一層 平台 花台
RPOOMLOJJHGGFBC76DA,40,116.65,住家用,鋼筋混凝土造,70年3月28日,五層,五層
RPWNMLPKJHGGFBC67DA,23,111.99,住家用,鋼筋混凝土造,86年7月18日,七層,七層 陽台
RPWNMLPKJHGGFBC67DA,23,19.06,共用部份,鋼筋混凝土造,86年7月18日,七層,
RPVNMLOKJHGGFBC47DA,22,24.46,住家用,鋼筋混凝土造,88年1月14日,十四層,八層 陽台
RPVNMLOKJHGGFBC47DA,22,5.34,共用部份,鋼筋混凝土造,88年1月14日,十四層,
RPVNMLOKJHGGFBC47DA,22,1.90,共用部份,鋼筋混凝土造,88年1月14日,十六層,
RPVNMLOKJHGGFBC47DA,22,.57,共用部份,鋼筋混凝土造,88年1月14日,十六層,
RPVNMLOKJHGGFBC47DA,22,.29,共用部份,鋼筋混凝土造,88年1月14日,十六層,
RPXNMLPKJHGGFBC77DA,41,102.56,住家用,鋼筋混凝土造,69年3月17日,四層,四層 陽台 露台
RPWNMLSKJHGGFBC97DA,,75.44,住家用,加強磚造,55年5月0日,二層,一層 二層
RPPNMLRKJHGGFBC17DA,25,95.94,住家用,鋼筋混凝土造,85年3月9日,十二層,九層 陽台
RPPNMLRKJHGGFBC17DA,25,17.93,共用部份,鋼筋混凝土造,85年3月9日,十五層,
RPUOMLOKJHGGFBC47DA,23,41.12,住家用,鋼筋混凝土造,86年11月21日,十七層,一層 平台 花台
RPUOMLOKJHGGFBC47DA,23,41.12,住家用,鋼筋混凝土造,86年11月21日,十七層,一層 平台 花台
RPUOMLOKJHGGFBC47DA,23,6.32,共用部份,鋼筋混凝土造,86年11月21日,十七層,
RPUOMLOKJHGGFBC47DA,23,6.32,共用部份,鋼筋混凝土造,86年11月21日,十七層,
RPUOMLOKJHGGFBC47DA,23,3.63,共用部份,鋼筋混凝土造,86年11月21日,二十一層,
RPUOMLOKJHGGFBC47DA,23,3.63,共用部份,鋼筋混凝土造,86年11月21日,二十一層,
RPVNMLSKJHGGFBC87DA,22,24.46,住家用,鋼筋混凝土造,88年1月14日,十四層,十四層 陽台
RPVNMLSKJHGGFBC87DA,22,5.34,共用部份,鋼筋混凝土造,88年1月14日,十四層,
RPVNMLSKJHGGFBC87DA,22,1.90,共用部份,鋼筋混凝土造,88年1月14日,十六層,
RPVNMLSKJHGGFBC87DA,22,.57,共用部份,鋼筋混凝土造,88年1月14日,十六層,
RPVNMLSKJHGGFBC87DA,22,.29,共用部份,鋼筋混凝土造,88年1月14日,十六層,
RPTPMLOJJHGGFCC47DA,1,.10,辦公室（廳）,鋼筋混凝土造,109年3月31日,十二層,
RPTPMLOJJHGGFCC47DA,1,124.30,集合住宅,鋼筋混凝土造,109年3月31日,十二層,十一層 陽台 雨遮
RPTPMLOJJHGGFCC47DA,1,19.34,本建物共有部分之項目有樓梯間、梯廳、行動不便者專用電梯等共３項。,鋼筋混凝土造,109年3月31日,十二層,
RPTPMLOJJHGGFCC47DA,1,27.37,本建物共有部分之項目有樓梯間、梯廳、機房、消防水箱、屋頂水箱、電梯間、電梯機械室、行動不便者專用電梯、汽機車車道、公共服務空間、Ａ棟自來水蓄水池、Ｂ棟自來水蓄水池、機電設備空間、消防泵浦室、防空避難室兼停車空間、電信機房、停車空間、緊急發電機室、台電配電室等共１９項。,鋼筋混凝土造,109年3月31日,十二層,
RPTPMLOJJHGGFCC47DA,1,35.73,本建物共有部分之項目有樓梯間、梯廳、機房、消防水箱、屋頂水箱、電梯間、電梯機械室、行動不便者專用電梯、汽機車車道、公共服務空間、Ａ棟自來水蓄水池、Ｂ棟自來水蓄水池、機電設備空間、消防泵浦室、防空避難室兼停車空間、電信機房、停車空間、緊急發電機室、台電配電室等共１９項。,鋼筋混凝土造,109年3月31日,十二層,
RPSPMLOJJHGGFCC37DA,1,.21,辦公室（廳）,鋼筋混凝土造,109年3月31日,十二層,一層
RPSPMLOJJHGGFCC37DA,1,124.43,集合住宅,鋼筋混凝土造,109年3月31日,十二層,六層 陽台 雨遮
RPSPMLOJJHGGFCC37DA,1,19.34,本建物共有部分之項目有樓梯間、梯廳、行動不便者專用電梯等共３項。,鋼筋混凝土造,109年3月31日,十二層,
RPSPMLOJJHGGFCC37DA,1,54.74,本建物共有部分之項目有樓梯間、梯廳、機房、消防水箱、屋頂水箱、電梯間、電梯機械室、行動不便者專用電梯、汽機車車道、公共服務空間、Ａ棟自來水蓄水池、Ｂ棟自來水蓄水池、機電設備空間、消防泵浦室、防空避難室兼停車空間、電信機房、停車空間、緊急發電機室、台電配電室等共１９項。,鋼筋混凝土造,109年3月31日,十二層,
RPSPMLOJJHGGFCC37DA,1,35.73,本建物共有部分之項目有樓梯間、梯廳、機房、消防水箱、屋頂水箱、電梯間、電梯機械室、行動不便者專用電梯、汽機車車道、公共服務空間、Ａ棟自來水蓄水池、Ｂ棟自來水蓄水池、機電設備空間、消防泵浦室、防空避難室兼停車空間、電信機房、停車空間、緊急發電機室、台電配電室等共１９項。,鋼筋混凝土造,109年3月31日,十二層,
RPROMLOKJHGGFBC17DA,22,24.14,住家用,鋼筋混凝土造,88年1月14日,十六層,八層 陽台
RPROMLOKJHGGFBC17DA,22,4.94,共用部份,鋼筋混凝土造,88年1月14日,十六層,
RPROMLOKJHGGFBC17DA,22,.14,共用部份,鋼筋混凝土造,88年1月14日,十六層,
RPROMLOKJHGGFBC17DA,22,.73,共用部份,鋼筋混凝土造,88年1月14日,十六層,
RPROMLOKJHGGFBC17DA,22,.63,共用部份,鋼筋混凝土造,88年1月14日,十六層,
RPROMLOKJHGGFBC17DA,22,.32,共用部份,鋼筋混凝土造,88年1月14日,十六層,
RPUOMLLKJHGGFBC17DA,3,123.57,集合住宅,鋼筋混凝土造,106年11月16日,六層,五層 陽台 雨遮
RPUOMLLKJHGGFBC17DA,3,70.38,本共有部分之項目有防空避難室兼停車空間、車道、機電設備空間、水箱、管委會空間、梯廳、樓梯間及機房等八項,鋼筋混凝土造,106年11月16日,六層,
RPUPMLOJJHGGFCC57DA,1,.05,辦公室（廳）,鋼筋混凝土造,109年3月31日,十二層,
RPUPMLOJJHGGFCC57DA,1,.05,辦公室（廳）,鋼筋混凝土造,109年3月31日,十二層,
RPUPMLOJJHGGFCC57DA,1,34.38,集合住宅,鋼筋混凝土造,109年3月31日,十二層,十層 陽台 雨遮
RPUPMLOJJHGGFCC57DA,1,34.38,集合住宅,鋼筋混凝土造,109年3月31日,十二層,十層 陽台 雨遮
RPUPMLOJJHGGFCC57DA,1,5.40,本建物共有部分之項目有樓梯間、梯廳、行動不便者專用電梯等共３項。,鋼筋混凝土造,109年3月31日,十二層,
RPUPMLOJJHGGFCC57DA,1,5.40,本建物共有部分之項目有樓梯間、梯廳、行動不便者專用電梯等共３項。,鋼筋混凝土造,109年3月31日,十二層,
RPUPMLOJJHGGFCC57DA,1,13.68,本建物共有部分之項目有樓梯間、梯廳、機房、消防水箱、屋頂水箱、電梯間、電梯機械室、行動不便者專用電梯、汽機車車道、公共服務空間、Ａ棟自來水蓄水池、Ｂ棟自來水蓄水池、機電設備空間、消防泵浦室、防空避難室兼停車空間、電信機房、停車空間、緊急發電機室、台電配電室等共１９項。,鋼筋混凝土造,109年3月31日,十二層,
RPUPMLOJJHGGFCC57DA,1,13.68,本建物共有部分之項目有樓梯間、梯廳、機房、消防水箱、屋頂水箱、電梯間、電梯機械室、行動不便者專用電梯、汽機車車道、公共服務空間、Ａ棟自來水蓄水池、Ｂ棟自來水蓄水池、機電設備空間、消防泵浦室、防空避難室兼停車空間、電信機房、停車空間、緊急發電機室、台電配電室等共１９項。,鋼筋混凝土造,109年3月31日,十二層,
RPUPMLOJJHGGFCC57DA,1,9.98,本建物共有部分之項目有樓梯間、梯廳、機房、消防水箱、屋頂水箱、電梯間、電梯機械室、行動不便者專用電梯、汽機車車道、公共服務空間、Ａ棟自來水蓄水池、Ｂ棟自來水蓄水池、機電設備空間、消防泵浦室、防空避難室兼停車空間、電信機房、停車空間、緊急發電機室、台電配電室等共１９項。,鋼筋混凝土造,109年3月31日,十二層,
RPUPMLOJJHGGFCC57DA,1,9.98,本建物共有部分之項目有樓梯間、梯廳、機房、消防水箱、屋頂水箱、電梯間、電梯機械室、行動不便者專用電梯、汽機車車道、公共服務空間、Ａ棟自來水蓄水池、Ｂ棟自來水蓄水池、機電設備空間、消防泵浦室、防空避難室兼停車空間、電信機房、停車空間、緊急發電機室、台電配電室等共１９項。,鋼筋混凝土造,109年3月31日,十二層,
RPQOMLPKJHGGFCC27DA,50,109.12,店舖,鋼筋混凝土造,60年1月20日,4,一層 騎樓 地下一層
RPVNMLRKJHGGFCC87DA,25,82.11,住家用,鋼筋混凝土造,85年2月17日,十層,八層 陽台 花台
RPVNMLRKJHGGFCC87DA,25,11.23,共用部份,鋼筋混凝土造,85年2月17日,十層,
RPVNMLRKJHGGFCC87DA,25,17.94,共用部份,鋼筋混凝土造,85年2月17日,十層,
RPPNMLLJJHGGFCC56DA,23,114.86,住家用,鋼筋混凝土造,86年7月18日,十二層,十一層 陽台 花台
RPPNMLLJJHGGFCC56DA,23,2.96,共用部份,鋼筋混凝土造,86年7月18日,四層,
RPPNMLLJJHGGFCC56DA,23,28.74,共用部份,鋼筋混凝土造,86年7月18日,十二層,
RPPNMLLJJHGGFCC56DA,23,18.03,共用部份,鋼筋混凝土造,86年7月18日,十二層,
RPOOMLPKJHGGFCC07DA,23,77.62,住家用,鋼筋混凝土造,86年7月18日,十二層,七層 陽台
RPOOMLPKJHGGFCC07DA,23,1.97,共用部份,鋼筋混凝土造,86年7月18日,四層,
RPOOMLPKJHGGFCC07DA,23,11.26,共用部份,鋼筋混凝土造,86年7月18日,十二層,
RPOOMLPKJHGGFCC07DA,23,10.67,共用部份,鋼筋混凝土造,86年7月18日,十二層,
RPWOMLRKKIPFFCC09DA,52,48.24,住家用,加強磚造,58年4月7日,二層,一層 二層
RPRNMLKLJHGGFCC96EA,27,1.56,管理室．台電受電室,鋼筋混凝土造,83年5月31日,一層,一層
RPRNMLKLJHGGFCC96EA,26,513.30,壹貳參肆層：集合住宅．地下層：自用儲藏室．突壹層：水箱,鋼筋混凝土造,83年11月4日,四層,一層 二層 三層 四層 陽台 平台 屋頂突出物 露台 雨遮 地下層
RPROMLKMKIPFFCC08DA,28,2.58,共用部份,鋼筋混凝土造,82年1月11日,十二層,
RPROMLKMKIPFFCC08DA,28,6.16,共用部份,鋼筋混凝土造,82年1月11日,十二層,
RPROMLKMKIPFFCC08DA,28,1.33,商業用,鋼筋混凝土造,82年1月11日,十二層,地下一層
RPROMLKMKIPFFCC08DA,28,1.33,防空避難室,鋼筋混凝土造,82年1月11日,十二層,地下二層
RPROMLKMKIPFFCC08DA,28,33.00,住家用,鋼筋混凝土造,82年1月11日,十二層,十層 陽台
RPROMLKMKIPFFCC08DA,28,2.75,共用部份,鋼筋混凝土造,82年1月11日,十二層,
RPTOMLPKJHGGFCC67EA,27,93.95,商業用,鋼筋混凝土造,82年9月2日,七層,一層 平台 雨遮
RPTOMLPKJHGGFCC67EA,27,4.21,共用部份,鋼筋混凝土造,82年9月2日,七層,
RPTOMLPKJHGGFCC67EA,27,1.17,共用部份,鋼筋混凝土造,82年9月2日,七層,
RPTOMLPKJHGGFCC67EA,27,7.65,共用部份,鋼筋混凝土造,82年9月2日,七層,
RPVNMLTKJHGGFCC18EA,25,24.81,住家用,鋼筋混凝土造,85年5月3日,五層,二層
RPVNMLTKJHGGFCC18EA,25,2.33,共用部份,鋼筋混凝土造,85年5月3日,五層,
RPVNMLTKJHGGFCC18EA,25,4.42,共用部份,鋼筋混凝土造,85年5月3日,五層,
RPQNMLSKJHGGFCC57EA,23,107.74,住家用,鋼筋混凝土造,87年3月2日,六層,六層 陽台
RPQNMLSKJHGGFCC57EA,23,11.83,共用部份,鋼筋混凝土造,87年3月2日,七層,
RPXNMLMLKIPFFCC68DA,26,83.63,住家用,鋼筋混凝土造,83年10月15日,五層,三層 陽台
RPXNMLMLKIPFFCC68DA,26,2.36,共用部份,鋼筋混凝土造,83年10月15日,五層,
RPXNMLMLKIPFFCC68DA,26,7.86,共用部份,鋼筋混凝土造,83年10月15日,五層,
RPPOMLSLKIPFFCC58DA,26,68.43,住家用,鋼筋混凝土造,84年5月17日,六層,二層 陽台 花台
RPPOMLSLKIPFFCC58DA,26,11.91,共用部份,鋼筋混凝土造,84年5月17日,六層,
RPPOMLSLKIPFFCC58DA,26,12.73,共用部份,鋼筋混凝土造,84年5月17日,六層,
RPUNMLSKJHGGFCC87DA,2,48.44,集合住宅,鋼筋混凝土造,107年11月22日,五層,四層 陽台
RPUNMLSKJHGGFCC87DA,2,23.13,本建物共有部分之項目有機房‧樓電梯間‧騎樓‧樓梯間‧水箱室等共５項。,鋼筋混凝土造,107年11月22日,五層,
RPWOMLSKJHGGFCC18DA,13,82.53,住家用,鋼筋混凝土造,96年8月10日,六層,一層 二層 三層 陽台
RPWOMLSKJHGGFCC18DA,13,82.53,住家用,鋼筋混凝土造,96年8月10日,六層,一層 二層 三層 陽台
RPWOMLSKJHGGFCC18DA,13,21.42,共用部份,鋼筋混凝土造,96年8月10日,六層,
RPWOMLSKJHGGFCC18DA,13,21.42,共用部份,鋼筋混凝土造,96年8月10日,六層,
RPRPMLTKJHGGFCC87DA,41,53.07,住家用,鋼筋混凝土造,69年5月1日,八層,五層
RPWOMLSKJHGGFCC18DA,13,19.53,共用部份,鋼筋混凝土造,96年8月10日,六層,
RPRPMLTKJHGGFCC87DA,41,53.07,住家用,鋼筋混凝土造,69年5月1日,八層,五層
RPWOMLSKJHGGFCC18DA,13,19.53,共用部份,鋼筋混凝土造,96年8月10日,六層,
RPSOMLKLJHGGFCC07DA,44,80.83,住家用,鋼筋混凝土加強磚造,65年12月10日,四層,二層
RPVOMLSKJHGGFCC08DA,25,186.15,壹．貳層店鋪．騎樓．人行道．地下壹層：自用儲藏室,鋼筋混凝土造,85年4月6日,十二層,一層 二層 騎樓 地下一層
RPVOMLSKJHGGFCC08DA,25,41.46,共用部份,鋼筋混凝土造,85年4月6日,十二層,
RPXNMLPKJHGGFCC87DA,50,77.00,住家用,加強磚造,59年8月4日,二層,一層 二層
RPWOMLTKJHGGFCC28DA,11,47.32,住家用,鋼筋混凝土造,98年6月24日,十四層,五層 陽台
RPWOMLTKJHGGFCC28DA,11,47.32,住家用,鋼筋混凝土造,98年6月24日,十四層,五層 陽台
RPWOMLTKJHGGFCC28DA,11,24.42,共用部份,鋼筋混凝土造,98年6月24日,十四層,
RPWOMLTKJHGGFCC28DA,11,24.42,共用部份,鋼筋混凝土造,98年6月24日,十四層,
RPWOMLTKJHGGFCC28DA,11,9.83,共用部份,鋼筋混凝土造,98年6月24日,十四層,
RPWOMLTKJHGGFCC28DA,11,9.83,共用部份,鋼筋混凝土造,98年6月24日,十四層,
RPQOMLKLJHGGFCC86DA,22,25.81,住家用,鋼筋混凝土造,88年1月14日,十三層,六層 陽台
RPQOMLKLJHGGFCC86DA,22,5.01,共用部份,鋼筋混凝土造,88年1月14日,十三層,
RPQOMLKLJHGGFCC86DA,22,4.35,共用部份,鋼筋混凝土造,88年1月14日,十三層,
RPROMLSJJHGGFCC57DA,28,90.92,住家用,鋼筋混凝土造,81年7月18日,五層,五層 陽台 花台
RPSNMLRKJHGGFCC57DA,5,.01,辦公室,鋼筋混凝土造,105年1月24日,,地下二層
RPSNMLRKJHGGFCC57DA,5,49.55,集合住宅,鋼筋混凝土造,105年1月24日,二十二層,十二層 陽台 雨遮
RPSNMLRKJHGGFCC57DA,5,.00,本共有部分之項目為受水池、安全梯、受水池機房、社區水箱、迴廊等共５項。,鋼筋混凝土造,105年1月24日,二十三層,
RPSNMLRKJHGGFCC57DA,5,.48,本共有部分之項目為受水池、安全梯、受水池機房、社區水箱、迴廊等共５項。,鋼筋混凝土造,105年1月24日,二十三層,
RPSNMLRKJHGGFCC57DA,5,.00,本共有部分之項目為排煙室、特別安全梯、緊急昇降機、機房、樓梯間、消防水箱、水箱、電梯機房、消防中繼機房、陽台、中繼室、中繼自來水箱、雨遮、中繼消防水箱、消防泵浦室、機電空間、安全梯  、發電機室、電信室、台電配電場所、大廳、行動不便者電梯、電梯  、１Ｆ門廳、２Ｆ門廳、３Ｆ門廳、台電管道間、消防幫浦室、泵浦  、走道、停車空間、配電箱、資源回收區、４Ｆ門廳、廚餘冷藏室、  不可回收垃圾區、緊急升降機、梯廳、電信機房、５Ｆ門廳、防空避難室兼停車空間、台電專用管道、雨水回收區、雨水收集槽、雨水回收及噴灌機房、６Ｆ門廳、游泳池及中庭景觀池機房、消防幫浦機房  、電信機房室、垃圾處理空間、７Ｆ門廳、機車位、社區中心、防災中心、水景機房等共５５項。,鋼筋混凝土造,105年1月24日,二十五層,
RPSNMLRKJHGGFCC57DA,5,20.25,本共有部分之項目為排煙室、特別安全梯、緊急昇降機、機房、樓梯間、消防水箱、水箱、電梯機房、消防中繼機房、陽台、中繼室、中繼自來水箱、雨遮、中繼消防水箱、消防泵浦室、機電空間、安全梯  、發電機室、電信室、台電配電場所、大廳、行動不便者電梯、電梯  、１Ｆ門廳、２Ｆ門廳、３Ｆ門廳、台電管道間、消防幫浦室、泵浦  、走道、停車空間、配電箱、資源回收區、４Ｆ門廳、廚餘冷藏室、  不可回收垃圾區、緊急升降機、梯廳、電信機房、５Ｆ門廳、防空避難室兼停車空間、台電專用管道、雨水回收區、雨水收集槽、雨水回收及噴灌機房、６Ｆ門廳、游泳池及中庭景觀池機房、消防幫浦機房  、電信機房室、垃圾處理空間、７Ｆ門廳、機車位、社區中心、防災中心、水景機房等共５５項。,鋼筋混凝土造,105年1月24日,二十五層,
RPSOMLSJJHGGFCC67DA,7,107.44,集合住宅,鋼筋混凝土造,103年6月12日,十一層,九層 陽台 雨遮
RPSOMLSJJHGGFCC67DA,7,28.80,本建物共有部分之項目有門廳、梯廳、安全梯、消防電氣、消防栓箱、昇降機兼無障礙設施、戶外安全梯、雨遮、梯間、客梯兼行動不便人員用、自來水箱、消防水箱及昇降機機房等１３項。,鋼筋混凝土造,103年6月12日,十一層,
RPSOMLSJJHGGFCC67DA,7,25.15,本建物共有部分之項目有公共服務空間、給排水、消防泵浦室、進風管道、進風機房、水箱、揚水機房、機房、安全梯、消防電氣、消防栓箱、梯廳、昇降機兼無障礙設施、污水機房、排風管道、排風機房、自設機車位、法定機車位、電信機房、緊急發電機房、垃圾儲藏室、電錶室、受電箱室及台電配電場所等２４項。,鋼筋混凝土造,103年6月12日,十一層,
RPSOMLSJJHGGFCC67DA,7,38.87,本建物共有部分之項目有獎勵車位、法定車位、停車空間及防空避難室兼停車空間等４項。,鋼筋混凝土造,103年6月12日,十一層,
RPPNMLTKJHGGFBC47EA,61,100.56,,加強磚造,49年3月31日,二層,一層 二層
RPSOMLQJJHGGFCC47DA,39,77.90,住家用,鋼筋混凝土造,70年9月25日,五層,四層
RPQNMLTKJHGGFBC57EA,51,272.71,,加強磚造,58年8月22日,三層,一層 二層 三層 騎樓
RPRNMLTKJHGGFBC67EA,61,220.71,,加強磚造,49年3月31日,三層,一層 二層 三層 騎樓
RPSNMLTKJHGGFBC77EA,61,101.04,,加強磚造,49年3月31日,二層,一層 二層
RPROMLTKJHGGFBC77EA,61,103.32,,加強磚造,49年3月31日,二層,一層 二層
RPSOMLSJJHGGFBC57DA,,113.26,住商用,加強磚造,50年6月0日,三層,一層 二層 三層 騎樓
RPQOMLSKJHGGFBC47DA,3,150.33,集合住宅,鋼筋混凝土造,106年10月18日,十五層,八層 陽台 雨遮
RPQOMLSKJHGGFBC47DA,3,65.14,本共有部分之項目有公設空間、門廳、防空避難室兼停車空間、停車空間、社區中心、機械室、游泳池及管委會辦公室等共八項,鋼筋混凝土造,106年10月18日,十五層,
RPQOMLSKJHGGFBC47DA,3,24.35,本共有部分之項目有電梯間、樓梯間、蓄水池及水箱等共四項,鋼筋混凝土造,106年10月18日,十五層,
RPQOMLSKJHGGFBC47DA,3,.96,本共有部分之項目有台電配電室共一項,鋼筋混凝土造,106年10月18日,十五層,
RPROMLSKJHGGFBC57DA,3,121.54,集合住宅,鋼筋混凝土造,106年10月18日,十五層,十五層 陽台
RPROMLSKJHGGFBC57DA,3,59.71,本共有部分之項目有公設空間、門廳、防空避難室兼停車空間、停車空間、社區中心、機械室、游泳池及管委會辦公室等共八項,鋼筋混凝土造,106年10月18日,十五層,
RPROMLSKJHGGFBC57DA,3,20.73,本共有部分之項目有電梯間、樓梯間、蓄水池及水箱等共四項,鋼筋混凝土造,106年10月18日,十五層,
RPROMLSKJHGGFBC57DA,3,.60,本共有部分之項目有台電配電室共一項,鋼筋混凝土造,106年10月18日,十五層,
RPSOMLSKJHGGFBC67DA,3,121.45,集合住宅,鋼筋混凝土造,106年10月18日,十五層,十三層 陽台
RPSOMLSKJHGGFBC67DA,3,59.71,本共有部分之項目有公設空間、門廳、防空避難室兼停車空間、停車空間、社區中心、機械室、游泳池及管委會辦公室等共八項,鋼筋混凝土造,106年10月18日,十五層,
RPSOMLSKJHGGFBC67DA,3,19.90,本共有部分之項目有電梯間、樓梯間、蓄水池及水箱等共四項,鋼筋混凝土造,106年10月18日,十五層,
RPSOMLSKJHGGFBC67DA,3,.61,本共有部分之項目有台電配電室共一項,鋼筋混凝土造,106年10月18日,十五層,
RPUOMLSKJHGGFBC87DA,3,133.33,集合住宅,鋼筋混凝土造,106年10月18日,十五層,七層 陽台 雨遮
RPTOMLSKJHGGFBC77DA,3,133.33,集合住宅,鋼筋混凝土造,106年10月18日,十五層,三層 陽台 雨遮
RPUOMLSKJHGGFBC87DA,3,61.74,本共有部分之項目有公設空間、門廳、防空避難室兼停車空間、停車空間、社區中心、機械室、游泳池及管委會辦公室等共八項,鋼筋混凝土造,106年10月18日,十五層,
RPTOMLSKJHGGFBC77DA,3,61.74,本共有部分之項目有公設空間、門廳、防空避難室兼停車空間、停車空間、社區中心、機械室、游泳池及管委會辦公室等共八項,鋼筋混凝土造,106年10月18日,十五層,
RPUOMLSKJHGGFBC87DA,3,21.28,本共有部分之項目有電梯間、樓梯間、蓄水池及水箱等共四項,鋼筋混凝土造,106年10月18日,十五層,
RPTOMLSKJHGGFBC77DA,3,22.31,本共有部分之項目有電梯間、樓梯間、蓄水池及水箱等共四項,鋼筋混凝土造,106年10月18日,十五層,
RPUOMLSKJHGGFBC87DA,3,.58,本共有部分之項目有台電配電室共一項,鋼筋混凝土造,106年10月18日,十五層,
RPTOMLSKJHGGFBC77DA,3,.58,本共有部分之項目有台電配電室共一項,鋼筋混凝土造,106年10月18日,十五層,
RPWOMLSKJHGGFBC08DA,3,70.95,集合住宅,鋼筋混凝土造,106年10月18日,十五層,十層 陽台
RPWOMLSKJHGGFBC08DA,3,44.78,本共有部分之項目有公設空間、門廳、防空避難室兼停車空間、停車空間、社區中心、機械室、游泳池及管委會辦公室等共八項,鋼筋混凝土造,106年10月18日,十五層,
RPWOMLSKJHGGFBC08DA,3,18.16,本共有部分之項目有電梯間、樓梯間、蓄水池及水箱等共四項,鋼筋混凝土造,106年10月18日,十五層,
RPWOMLSKJHGGFBC08DA,3,.50,本共有部分之項目有台電配電室共一項,鋼筋混凝土造,106年10月18日,十五層,
RPVOMLSKJHGGFBC97DA,3,95.56,集合住宅,鋼筋混凝土造,106年10月18日,十五層,十二層 陽台 雨遮
RPVOMLSKJHGGFBC97DA,3,54.28,本共有部分之項目有公設空間、門廳、防空避難室兼停車空間、停車空間、社區中心、機械室、游泳池及管委會辦公室等共八項,鋼筋混凝土造,106年10月18日,十五層,
RPVOMLSKJHGGFBC97DA,3,24.17,本共有部分之項目有電梯間、樓梯間、蓄水池及水箱等共四項,鋼筋混凝土造,106年10月18日,十五層,
RPVOMLSKJHGGFBC97DA,3,.66,本共有部分之項目有台電配電室共一項,鋼筋混凝土造,106年10月18日,十五層,
RPOPMLSKJHGGFBC37DA,3,95.73,集合住宅,鋼筋混凝土造,106年10月18日,十五層,十二層 陽台 雨遮
RPOPMLSKJHGGFBC37DA,3,54.28,本共有部分之項目有公設空間、門廳、防空避難室兼停車空間、停車空間、社區中心、機械室、游泳池及管委會辦公室等共八項,鋼筋混凝土造,106年10月18日,十五層,
RPOPMLSKJHGGFBC37DA,3,25.29,本共有部分之項目有電梯間、樓梯間、蓄水池及水箱等共四項,鋼筋混凝土造,106年10月18日,十五層,
RPOPMLSKJHGGFBC37DA,3,.66,本共有部分之項目有台電配電室共一項,鋼筋混凝土造,106年10月18日,十五層,
RPPPMLSKJHGGFBC47DA,3,133.25,集合住宅,鋼筋混凝土造,106年10月18日,十五層,十五層 陽台 雨遮
RPPPMLSKJHGGFBC47DA,3,61.74,本共有部分之項目有公設空間、門廳、防空避難室兼停車空間、停車空間、社區中心、機械室、游泳池及管委會辦公室等共八項,鋼筋混凝土造,106年10月18日,十五層,
RPPPMLSKJHGGFBC47DA,3,21.58,本共有部分之項目有電梯間、樓梯間、蓄水池及水箱等共四項,鋼筋混凝土造,106年10月18日,十五層,
RPPPMLSKJHGGFBC47DA,3,.67,本共有部分之項目有台電配電室共一項,鋼筋混凝土造,106年10月18日,十五層,
RPXOMLSKJHGGFBC18DA,3,150.33,集合住宅,鋼筋混凝土造,106年10月18日,十五層,十二層 陽台 雨遮
RPXOMLSKJHGGFBC18DA,3,65.14,本共有部分之項目有公設空間、門廳、防空避難室兼停車空間、停車空間、社區中心、機械室、游泳池及管委會辦公室等共八項,鋼筋混凝土造,106年10月18日,十五層,
RPXOMLSKJHGGFBC18DA,3,24.35,本共有部分之項目有電梯間、樓梯間、蓄水池及水箱等共四項,鋼筋混凝土造,106年10月18日,十五層,
RPXOMLSKJHGGFBC18DA,3,.96,本共有部分之項目有台電配電室共一項,鋼筋混凝土造,106年10月18日,十五層,
RPVNMLNKJHGGFBC37DA,24,118.70,住家用,鋼筋混凝土造,85年6月29日,五層,四層 陽台
RPVNMLNKJHGGFBC37DA,24,3.36,共用部份,鋼筋混凝土造,85年6月29日,五層,
RPPNMLKLJHGGFBC66EA,,34.69,住家用,磚造,40年10月0日,一層,一層 騎樓
RPPOMLOKJHGGFBC96DA,23,95.23,住家用,鋼筋混凝土造,86年11月21日,十七層,十層 陽台
RPPOMLOKJHGGFBC96DA,23,14.68,共用部份,鋼筋混凝土造,86年11月21日,十七層,
RPPOMLOKJHGGFBC96DA,23,8.58,共用部份,鋼筋混凝土造,86年11月21日,二十一層,
RPPOMLOKJHGGFBC96DA,23,34.17,共用部份,鋼筋混凝土造,86年11月21日,二十一層,
RPOOMLQJJHGGFBC07EA,23,56.53,住家用,鋼筋混凝土造,86年3月19日,五層,四層 陽台
RPOOMLQJJHGGFBC07EA,23,6.09,共用部份,鋼筋混凝土造,86年3月19日,五層,
RPUNMLSKJHGGFBC77DA,,120.86,住家用,木造,38年0月0日,二層,一層 二層 騎樓
RPOOMLSLKIPFFBC38DA,3,118.47,集合住宅,鋼筋混凝土造,106年10月18日,十五層,六層 陽台 雨遮
RPOOMLSLKIPFFBC38DA,3,59.03,本共有部分之項目有公設空間、門廳、防空避難室兼停車空間、停車空間、社區中心、機械室、游泳池及管委會辦公室等共八項,鋼筋混凝土造,106年10月18日,十五層,
RPOOMLSLKIPFFBC38DA,3,24.44,本共有部分之項目有電梯間、樓梯間、蓄水池及水箱等共四項,鋼筋混凝土造,106年10月18日,十五層,
RPOOMLSLKIPFFBC38DA,3,.74,本共有部分之項目有台電配電室共一項,鋼筋混凝土造,106年10月18日,十五層,
RPXNMLNKJHGGFBC57DA,4,69.18,集合住宅,鋼筋混凝土造,106年4月10日,五層,三層 陽台 雨遮
RPXNMLNKJHGGFBC57DA,4,69.18,集合住宅,鋼筋混凝土造,106年4月10日,五層,三層 陽台 雨遮
RPXNMLNKJHGGFBC57DA,4,27.66,本共有部分之項目有停車空間、陽台、梯廳、樓梯間、廁所、儲藏室、雨遮、機房及水箱等九項,鋼筋混凝土造,106年4月10日,五層,
RPXNMLNKJHGGFBC57DA,4,27.66,本共有部分之項目有停車空間、陽台、梯廳、樓梯間、廁所、儲藏室、雨遮、機房及水箱等九項,鋼筋混凝土造,106年4月10日,五層,
RPQNMLKLJHGGFBC76EA,25,35.77,住家用,鋼筋混凝土造,85年4月26日,十六層,十三層 陽台
RPQNMLKLJHGGFBC76EA,25,6.94,共用部份,鋼筋混凝土造,85年4月26日,十六層,
RPQNMLKLJHGGFBC76EA,25,4.15,共用部份,鋼筋混凝土造,85年4月26日,十六層,
RPQPMLTKJHGGFCC77DA,26,99.51,住家用,鋼筋混凝土造,83年11月8日,五層,四層 陽台
RPQPMLTKJHGGFCC77DA,26,12.36,共用部份,鋼筋混凝土造,83年11月8日,五層,
RPQPMLTKJHGGFCC77DA,26,3.19,共用部份,鋼筋混凝土造,83年11月8日,五層,
RPPOMLLKJHGGFCC76DA,26,3.34,壹層：辦公室．超級市場；貳層至肆層：辦公室,鋼筋混凝土造,84年1月17日,四層,一層 二層 三層 四層 陽台 水箱 電梯樓梯間 停車場 機械房 露台 地下二層
RPPOMLLKJHGGFCC76DA,22,83.11,住家用,鋼筋混凝土造,87年12月10日,五層,五層 陽台
RPPOMLLKJHGGFCC76DA,22,42.81,共用部份,鋼筋混凝土造,87年12月10日,五層,
RPTNMLRKJHGGFCC67DA,23,21.60,共用部份,鋼筋混凝土造,87年5月20日,十二層,
RPQOMLTKJHGGFCC67DA,40,72.41,住家用,鋼筋混凝土造,69年7月29日,五層,一層
RPQNMLRKJHGGFCC37DA,23,10.80,共用部份,鋼筋混凝土造,87年5月20日,十二層,
RPRNMLRKJHGGFCC47DA,23,10.80,共用部份,鋼筋混凝土造,87年5月20日,十二層,
RPUNMLRKJHGGFCC77DA,23,21.60,共用部份,鋼筋混凝土造,87年5月20日,十二層,
RPWNMLRKJHGGFCC97DA,23,88.92,住家用,鋼筋混凝土造,87年5月20日,八層,一層 陽台 花台
RPWNMLRKJHGGFCC97DA,23,14.95,共用部份,鋼筋混凝土造,87年5月20日,九層,
RPWNMLRKJHGGFCC97DA,23,108.02,共用部份,鋼筋混凝土造,87年5月20日,十二層,
RPOOMLSKJHGGFCC37DA,24,1.52,共用部份,鋼筋混凝土造,86年5月8日,十一層,
RPOOMLSKJHGGFCC37DA,24,69.21,住家用,鋼筋混凝土造,86年5月8日,十一層,五層 陽台 雨遮
RPOOMLSKJHGGFCC37DA,24,12.65,共用部份,鋼筋混凝土造,86年5月8日,十一層,
RPOOMLSKJHGGFCC37DA,24,.77,共用部份,鋼筋混凝土造,86年5月8日,十一層,
RPOOMLSKJHGGFCC37DA,24,20.77,共用部份,鋼筋混凝土造,86年5月8日,十一層,
RPTOMLSKJHGGFCC87DA,26,110.99,住家用,鋼筋混凝土造,84年3月4日,七層,三層 陽台
RPTOMLSKJHGGFCC87DA,26,8.64,共用部份,鋼筋混凝土造,84年3月4日,七層,
RPTOMLMLKIPFFCC38DA,24,96.14,住家用,鋼筋混凝土造,85年12月13日,七層,五層 陽台
RPTOMLSKJHGGFCC87DA,26,5.06,共用部份,鋼筋混凝土造,84年3月4日,七層,
RPTOMLMLKIPFFCC38DA,24,5.42,共用部份,鋼筋混凝土造,85年12月13日,七層,
RPTOMLMLKIPFFCC38DA,24,7.09,共用部份,鋼筋混凝土造,85年12月13日,七層,
RPTOMLSKJHGGFCC87DA,26,6.02,共用部份,鋼筋混凝土造,84年3月4日,七層,
RPOPMLLLKIPFFCC87DA,29,368.80,住商用,鋼筋混凝土造,81年1月7日,四層,一層 二層 三層 四層 陽台 平台 水箱 露台
RPSOMLTKJHGGFCC87DA,5,93.33,集合住宅,鋼筋混凝土造,104年9月25日,十三層,十三層 陽台 雨遮
RPROMLKLJHGGFCC96DA,,39.81,住家用,木造,35年0月0日,一層,一層
RPSOMLTKJHGGFCC87DA,5,28.76,本共有部分之項目有樓電梯間‧梯廳‧梯間‧電梯機房‧消防水箱‧水箱等共６項。,鋼筋混凝土造,104年9月25日,十三層,
RPSOMLTKJHGGFCC87DA,5,37.30,本共有部分之項目有管理委員會空間‧防空避難室兼停車空間‧電信室‧消房機房‧發電機房‧台電配電室‧受電箱等共７項。,鋼筋混凝土造,104年9月25日,十三層,
RPXOMLTKJHGGFCC38DA,11,94.64,住家用,鋼筋混凝土造,98年6月24日,十三層,十三層 陽台
RPXOMLTKJHGGFCC38DA,11,45.42,共用部份,鋼筋混凝土造,98年6月24日,十四層,
RPXOMLTKJHGGFCC38DA,11,25.26,共用部份,鋼筋混凝土造,98年6月24日,十四層,
RPXNMLSKJHGGFCC18DA,26,229.54,商業用,鋼筋混凝土造,84年1月17日,五層,一層 平台 騎樓 地下層
RPXNMLSKJHGGFCC18DA,26,24.27,共用部份,鋼筋混凝土造,84年1月17日,五層,
RPXNMLSKJHGGFCC18DA,26,2.91,壹層：辦公室．超級市場；貳層至肆層：辦公室,鋼筋混凝土造,84年1月17日,四層,一層 二層 三層 四層 陽台 水箱 電梯樓梯間 停車場 機械房 露台 地下二層
RPOOMLKLJHGGFCC66DA,23,62.46,住家用,鋼筋混凝土造,86年7月18日,十二層,十二層 陽台 花台
RPOOMLKLJHGGFCC66DA,23,1.64,共用部份,鋼筋混凝土造,86年7月18日,四層,
RPOOMLKLJHGGFCC66DA,23,7.15,共用部份,鋼筋混凝土造,86年7月18日,十二層,
RPRNMLLLJHGGFBC96EA,6,38.04,本共有部分之項目有停車空間、基地內通路、汽車坡道、社區管委會使用空間、昇降機道及水箱等６項。,鋼筋混凝土造,104年6月2日,三層,
RPOOMLKLJHGGFCC66DA,23,10.22,共用部份,鋼筋混凝土造,86年7月18日,十二層,
RPTNMLMKJHGGFBC07DA,53,48.72,住家用,加強磚造,57年1月26日,三層,一層
RPWNMLMKJHGGFBC37DA,2,74.32,集合住宅,鋼筋混凝土造,108年2月12日,十四層,六層 陽台 雨遮
RPWNMLMKJHGGFBC37DA,2,13.74,本共有部分之項目有樓電梯間、梯廳、樓梯間、設備室、機械室及水箱等六項,鋼筋混凝土造,108年2月12日,十四層,
RPWNMLMKJHGGFBC37DA,2,18.66,本共有部分之項目有車道、住宅門廳、排煙室兼梯廳、樓電梯間、陽台、防空避難室兼停車空間、受電箱、安全梯、台電配電場所、電信室、機房、儲藏室、機械設備室、機械室、排煙室、樓梯間、貯藏室、管委會使用空間、門廳及住宅挑高門廳等二十項,鋼筋混凝土造,108年2月12日,十四層,
RPPNMLMLJHGGFBC86EA,2,142.80,集合住宅,鋼筋混凝土造,108年4月9日,五層,四層 陽台 雨遮
RPPNMLMLJHGGFBC86EA,2,63.64,本共有部分之項目有停車空間、樓，電梯間、門廳、汽車昇降機、水箱及電信室等六項,鋼筋混凝土造,108年4月9日,五層,
RPVNMLKLJHGGFBC17DA,31,122.04,住家用,加強磚造,78年10月4日,二層,一層 二層 陽台 屋頂突出物 露台
RPXNMLMKJHGGFBC47DA,,98.37,集合住宅,鋼筋混凝土造,108年2月12日,十四層,八層 陽台 雨遮
RPXNMLMKJHGGFBC47DA,,18.47,本共有部分之項目有樓電梯間、梯廳、樓梯間、設備室、機械室及水箱等六項,鋼筋混凝土造,108年2月12日,十四層,
RPXNMLMKJHGGFBC47DA,,45.10,本共有部分之項目有車道、住宅門廳、排煙室兼梯廳、樓電梯間、陽台、防空避難室兼停車空間、受電箱、安全梯、台電配電場所、電信室、機房、儲藏室、機械設備室、機械室、排煙室、樓梯間、貯藏室、管委會使用空間、門廳及住宅挑高門廳等二十項,鋼筋混凝土造,108年2月12日,十四層,
RPWNMLNKJHGGFBC47DA,3,103.04,集合住宅,鋼筋混凝土造,106年10月18日,十五層,六層 陽台 雨遮
RPWNMLNKJHGGFBC47DA,3,50.89,本共有部分之項目有公設空間、門廳、防空避難室兼停車空間、停車空間、社區中心、機械室、游泳池及管委會辦公室等共八項,鋼筋混凝土造,106年10月18日,十五層,
RPWNMLNKJHGGFBC47DA,3,21.45,本共有部分之項目有電梯間、樓梯間、蓄水池及水箱等共四項,鋼筋混凝土造,106年10月18日,十五層,
RPWNMLNKJHGGFBC47DA,3,.66,本共有部分之項目有台電配電室共一項,鋼筋混凝土造,106年10月18日,十五層,
RPVNMLMLJHGGFBC37DA,29,137.11,住家用,鋼筋混凝土造,81年4月17日,七層,三層 陽台
RPVNMLMLJHGGFBC37DA,29,18.05,共用部份,鋼筋混凝土造,81年4月17日,七層,
RPOOMLKLJHGGFBC56DA,27,94.73,住家用,鋼筋混凝土造,82年11月8日,七層,三層 陽台
RPOOMLKLJHGGFBC56DA,27,3.66,共用部份,鋼筋混凝土造,82年11月8日,七層,
RPOOMLKLJHGGFBC56DA,27,8.61,共用部份,鋼筋混凝土造,82年11月8日,七層,
RPUNMLOKKIPFFBC38DA,,98.11,集合住宅,鋼筋混凝土造,108年2月12日,十四層,七層 陽台 雨遮
RPUNMLOKKIPFFBC38DA,,18.88,本共有部分之項目有樓電梯間、梯廳、樓梯間、設備室、機械室及水箱等六項,鋼筋混凝土造,108年2月12日,十四層,
RPUNMLOKKIPFFBC38DA,,45.10,本共有部分之項目有車道、住宅門廳、排煙室兼梯廳、樓電梯間、陽台、防空避難室兼停車空間、受電箱、安全梯、台電配電場所、電信室、機房、儲藏室、機械設備室、機械室、排煙室、樓梯間、貯藏室、管委會使用空間、門廳及住宅挑高門廳等二十項,鋼筋混凝土造,108年2月12日,十四層,
RPWNMLKLJHGGFBC27DA,24,80.36,住家用,鋼筋混凝土造,85年11月19日,五層,五層 陽台
RPWNMLKLJHGGFBC27DA,24,.68,幼稚園,鋼筋混凝土造,85年11月19日,五層,一層 二層 陽台 平台
RPWNMLKLJHGGFBC27DA,24,25.02,共用部份,鋼筋混凝土造,85年11月19日,五層,
RPWNMLKLJHGGFBC27DA,24,.22,共用部份,鋼筋混凝土造,85年11月19日,五層,
RPQNMLLLJHGGFCC96EA,38,25.88,住家用,鋼筋混凝土造,72年6月1日,五層,五層
RPWNMLPLJHGGFBC77DA,45,67.08,住家用,加強磚造,64年7月1日,二層,一層 二層
RPVNMLKLJHGGFCC37EA,2,49.42,集合住宅,鋼筋混凝土造,108年2月13日,十一層,九層 陽台
RPPPMLTKJHGGFCC77EA,44,4.88,商業用,鋼筋混凝土造,65年11月22日,五層,一層
RPVNMLKLJHGGFCC37EA,2,49.42,集合住宅,鋼筋混凝土造,108年2月13日,十一層,九層 陽台
RPVNMLKLJHGGFCC37EA,2,10.77,本建物共有部分之項目有消防幫浦室‧地下室排氣口‧樓電梯間‧梯廳‧電信室‧自來水箱‧汙水設備室‧發電機室‧滯洪沉砂池‧機車位‧管委會空間‧垃圾儲藏室‧資源回收區排風管道‧台電配電室‧用戶配電室‧等共１６項。,鋼筋混凝土造,108年2月13日,十一層,
RPVNMLKLJHGGFCC37EA,2,10.77,本建物共有部分之項目有消防幫浦室‧地下室排氣口‧樓電梯間‧梯廳‧電信室‧自來水箱‧汙水設備室‧發電機室‧滯洪沉砂池‧機車位‧管委會空間‧垃圾儲藏室‧資源回收區排風管道‧台電配電室‧用戶配電室‧等共１６項。,鋼筋混凝土造,108年2月13日,十一層,
RPVNMLKLJHGGFCC37EA,2,24.77,本建物共有部分之項目有防空避難室兼停車空間‧停車空間等共２項。,鋼筋混凝土造,108年2月13日,十一層,
RPVNMLKLJHGGFCC37EA,2,24.77,本建物共有部分之項目有防空避難室兼停車空間‧停車空間等共２項。,鋼筋混凝土造,108年2月13日,十一層,
RPVNMLKLJHGGFCC37EA,2,10.26,本建物共有部分之項目有樓電梯間‧梯廳‧樓梯間‧機房‧水箱等共５項。,鋼筋混凝土造,108年2月13日,十一層,
RPVNMLKLJHGGFCC37EA,2,10.26,本建物共有部分之項目有樓電梯間‧梯廳‧樓梯間‧機房‧水箱等共５項。,鋼筋混凝土造,108年2月13日,十一層,
RPUNMLMLJHGGFCC47EA,26,101.91,住家用,鋼筋混凝土造,83年11月8日,五層,二層 陽台
RPUNMLMLJHGGFCC47EA,26,13.29,共用部份,鋼筋混凝土造,83年11月8日,五層,
RPUNMLMLJHGGFCC47EA,26,3.70,共用部份,鋼筋混凝土造,83年11月8日,五層,
RPRNMLQLJHGGFCC57EA,45,86.10,住家用,鋼筋混凝土造,64年8月29日,二層,一層
RPUNMLPLJHGGFCC77EA,46,74.66,住家用,鋼筋混凝土加強磚造,64年5月22日,四層,三層
RPXNMLMLJHGGFBC57DA,3,31.50,集合住宅,鋼筋混凝土造,106年11月9日,十層,八層 陽台 雨遮
RPXNMLMLJHGGFBC57DA,3,31.50,集合住宅,鋼筋混凝土造,106年11月9日,十層,八層 陽台 雨遮
RPXNMLMLJHGGFBC57DA,3,27.00,本共有部分之項目有防空避難室兼停車空間、台電配電室、梯廳、排煙室、昇降機、信箱區、公共陽台、泳池、泳池水箱、安全梯、水箱、機房、雨水機房、消防機房、供行動不便者使用樓梯、發電機室、垃圾儲藏室、電信機房、停車空間、供管委會使用空間、供行動不便者使用電梯、門廊、男廁、女廁、梯間、消防水箱及陽台等二十七項,鋼筋混凝土造,106年11月9日,十層,
RPXNMLMLJHGGFBC57DA,3,27.00,本共有部分之項目有防空避難室兼停車空間、台電配電室、梯廳、排煙室、昇降機、信箱區、公共陽台、泳池、泳池水箱、安全梯、水箱、機房、雨水機房、消防機房、供行動不便者使用樓梯、發電機室、垃圾儲藏室、電信機房、停車空間、供管委會使用空間、供行動不便者使用電梯、門廊、男廁、女廁、梯間、消防水箱及陽台等二十七項,鋼筋混凝土造,106年11月9日,十層,
RPOOMLQLJHGGFCC37EA,45,86.10,住家用,鋼筋混凝土加強磚造,64年8月29日,二層,二層
RPOOMLPLJHGGFBC07DA,24,129.03,住家用,鋼筋混凝土造,86年6月7日,六層,五層 陽台
RPOOMLPLJHGGFBC07DA,24,12.17,共用部份,鋼筋混凝土造,86年6月7日,六層,
RPOOMLPLJHGGFBC07DA,24,4.90,共用部份,鋼筋混凝土造,86年6月7日,六層,
RPOOMLPLJHGGFBC07DA,24,74.53,共用部份,鋼筋混凝土造,86年6月7日,六層,
RPWOMLTKJHGGFBC18DA,24,24.31,住家用,鋼筋混凝土造,86年6月7日,六層,四層 陽台
RPWOMLTKJHGGFBC18DA,24,3.41,共用部份,鋼筋混凝土造,86年6月7日,六層,
RPWOMLTKJHGGFBC18DA,24,1.37,共用部份,鋼筋混凝土造,86年6月7日,六層,
RPWOMLTKJHGGFBC18DA,24,3.08,共用部份,鋼筋混凝土造,86年6月7日,六層,
RPOOMLMLJHGGFBC76DA,36,62.47,住家用,鋼筋混凝土造,74年2月4日,五層,二層 陽台
RPQOMLKLJHGGFBC76DA,30,59.76,住家用,鋼筋混凝土造,79年7月21日,五層,五層
RPROMLKLJHGGFBC86DA,30,59.76,住家用,鋼筋混凝土造,79年7月21日,五層,四層
RPSOMLMLJHGGFBC17DA,24,76.76,住家用,鋼筋混凝土造,85年11月29日,二十三層,六層 陽台 花台
RPSOMLMLJHGGFBC17DA,24,10.41,共用部份,鋼筋混凝土造,85年11月29日,二十三層,
RPSOMLMLJHGGFBC17DA,24,4.16,共用部份,鋼筋混凝土造,85年11月29日,二十三層,
RPSOMLMLJHGGFBC17DA,24,41.61,增設停車位,鋼筋混凝土造,85年11月29日,二十三層,
RPSOMLMLJHGGFBC17DA,24,6.25,共用部份,鋼筋混凝土造,85年11月29日,二十三層,
RPXNMLLKJHGGFBC37DA,39,71.19,住家用,鋼筋混凝土造,70年12月14日,五層,二層 陽台
RPSNMLLLJHGGFBC96DA,35,128.28,壹．貳層：住宅．夾層：工作間,鋼筋混凝土造,75年2月27日,二層,一層 二層 陽台 平台 屋頂突出物 夾層
RPROMLLKJIPFFCC87DA,38,94.51,住家用,鋼筋混凝土造,71年10月23日,七層,五層 陽台
RPROMLLKJIPFFCC87DA,38,15.77,共用部份,鋼筋混凝土造,71年10月23日,七層,
RPUNMLPLJHGGFBC67EA,22,50.84,住家用,鋼筋混凝土造,88年1月14日,十六層,十三層 陽台
RPUNMLPLJHGGFBC67EA,22,12.65,共用部份,鋼筋混凝土造,88年1月14日,十六層,
RPUNMLPLJHGGFBC67EA,22,2.27,共用部份,鋼筋混凝土造,88年1月14日,十六層,
RPUNMLPLJHGGFBC67EA,22,1.30,共用部份,鋼筋混凝土造,88年1月14日,十六層,
RPUNMLPLJHGGFBC67EA,22,.64,共用部份,鋼筋混凝土造,88年1月14日,十六層,
RPPNMLQJJHGGFBC07EA,,90.36,住商用,加強磚造,44年2月0日,二層,一層 二層
RPPNMLLLJHGGFBC76EA,52,82.28,住家用,加強磚造,57年12月28日,五層,一層 二層 三層 四層 五層 騎樓
RPPNMLLLJHGGFBC76EA,52,82.28,住家用,加強磚造,57年12月28日,五層,一層 二層 三層 四層 五層 騎樓
RPPNMLLLJHGGFBC76EA,52,82.28,住家用,加強磚造,57年12月28日,五層,一層 二層 三層 四層 五層 騎樓
RPPNMLLLJHGGFBC76EA,52,82.28,住家用,加強磚造,57年12月28日,五層,一層 二層 三層 四層 五層 騎樓
RPQOMLQJJHGGFBC17DA,22,91.37,住家用,鋼筋混凝土造,88年1月14日,十六層,十四層 陽台
RPQOMLQJJHGGFBC17DA,22,13.26,共用部份,鋼筋混凝土造,88年1月14日,十六層,
RPQOMLQJJHGGFBC17DA,22,3.67,共用部份,鋼筋混凝土造,88年1月14日,十六層,
RPQOMLQJJHGGFBC17DA,22,34.99,共用部份,鋼筋混凝土造,88年1月14日,十六層,
RPQOMLQJJHGGFBC17DA,22,2.24,共用部份,鋼筋混凝土造,88年1月14日,十六層,
RPQOMLQJJHGGFBC17DA,22,1.09,共用部份,鋼筋混凝土造,88年1月14日,十六層,
RPPNMLOLJHGGFCC07DA,37,107.53,住家用,鋼筋混凝土造,72年12月12日,五層,三層 陽台
RPOOMLMLJHGGFCC86DA,5,15.87,本共有部分之項目為排煙室、特別安全梯、緊急昇降機、機房、樓梯間、消防水箱、水箱、電梯機房、消防中繼機房、陽台、中繼室、中繼自來水箱、雨遮、中繼消防水箱、消防泵浦室、機電空間、安全梯  、發電機室、電信室、台電配電場所、大廳、行動不便者電梯、電梯  、１Ｆ門廳、２Ｆ門廳、３Ｆ門廳、台電管道間、消防幫浦室、泵浦  、走道、停車空間、配電箱、資源回收區、４Ｆ門廳、廚餘冷藏室、  不可回收垃圾區、緊急升降機、梯廳、電信機房、５Ｆ門廳、防空避難室兼停車空間、台電專用管道、雨水回收區、雨水收集槽、雨水回收及噴灌機房、６Ｆ門廳、游泳池及中庭景觀池機房、消防幫浦機房  、電信機房室、垃圾處理空間、７Ｆ門廳、機車位、社區中心、防災中心、水景機房等共５５項。,鋼筋混凝土造,105年1月24日,二十五層,
RPTNMLLLJHGGFCC17DA,25,101.15,住家用,鋼筋混凝土造,85年3月22日,七層,三層 陽台
RPTNMLLLJHGGFCC17DA,25,6.13,共用部份,鋼筋混凝土造,85年3月22日,七層,
RPTNMLLLJHGGFCC17DA,25,15.22,共用部份,鋼筋混凝土造,85年3月22日,七層,
RPOQMLTKJHGGFCC67DA,4,76.03,集合住宅,鋼筋混凝土造,106年1月19日,七層,一層 陽台
RPOQMLTKJHGGFCC67DA,4,.42,管委會使用空間、辦公室,鋼筋混凝土造,106年1月19日,七層,二層
RPOQMLTKJHGGFCC67DA,4,54.12,本共有部分之項目有大廳．社區中心．停車空間．梯廳．防空避難室兼停車空間．防空避難室．機房等共７項。,鋼筋混凝土造,106年1月19日,七層,
RPOQMLTKJHGGFCC67DA,4,.19,本共有部分之項目有大廳．社區中心．停車空間．梯廳．防空避難室兼停車空間．防空避難室．機房等共７項。,鋼筋混凝土造,106年1月19日,七層,
RPOQMLTKJHGGFCC67DA,4,17.15,本共同部分之項目有樓電梯間．梯廳．梯間．機房．水箱等共５項。,鋼筋混凝土造,106年1月19日,七層,
RPWNMLLLJHGGFCC47DA,5,.02,辦公室,鋼筋混凝土造,105年1月24日,,地下二層
RPWNMLLLJHGGFCC47DA,5,90.62,集合住宅,鋼筋混凝土造,105年1月24日,十八層,十五層 陽台 雨遮
RPWNMLLLJHGGFCC47DA,5,.00,本共有部分之項目為受水池、安全梯、受水池機房、社區水箱、迴廊等共５項。,鋼筋混凝土造,105年1月24日,二十三層,
RPWNMLLLJHGGFCC47DA,5,.87,本共有部分之項目為受水池、安全梯、受水池機房、社區水箱、迴廊等共５項。,鋼筋混凝土造,105年1月24日,二十三層,
RPWNMLLLJHGGFCC47DA,5,.01,本共有部分之項目為排煙室、特別安全梯、緊急昇降機、機房、樓梯間、消防水箱、水箱、電梯機房、消防中繼機房、陽台、中繼室、中繼自來水箱、雨遮、中繼消防水箱、消防泵浦室、機電空間、安全梯  、發電機室、電信室、台電配電場所、大廳、行動不便者電梯、電梯  、１Ｆ門廳、２Ｆ門廳、３Ｆ門廳、台電管道間、消防幫浦室、泵浦  、走道、停車空間、配電箱、資源回收區、４Ｆ門廳、廚餘冷藏室、  不可回收垃圾區、緊急升降機、梯廳、電信機房、５Ｆ門廳、防空避難室兼停車空間、台電專用管道、雨水回收區、雨水收集槽、雨水回收及噴灌機房、６Ｆ門廳、游泳池及中庭景觀池機房、消防幫浦機房  、電信機房室、垃圾處理空間、７Ｆ門廳、機車位、社區中心、防災中心、水景機房等共５５項。,鋼筋混凝土造,105年1月24日,二十五層,
RPWNMLLLJHGGFCC47DA,5,52.89,本共有部分之項目為排煙室、特別安全梯、緊急昇降機、機房、樓梯間、消防水箱、水箱、電梯機房、消防中繼機房、陽台、中繼室、中繼自來水箱、雨遮、中繼消防水箱、消防泵浦室、機電空間、安全梯  、發電機室、電信室、台電配電場所、大廳、行動不便者電梯、電梯  、１Ｆ門廳、２Ｆ門廳、３Ｆ門廳、台電管道間、消防幫浦室、泵浦  、走道、停車空間、配電箱、資源回收區、４Ｆ門廳、廚餘冷藏室、  不可回收垃圾區、緊急升降機、梯廳、電信機房、５Ｆ門廳、防空避難室兼停車空間、台電專用管道、雨水回收區、雨水收集槽、雨水回收及噴灌機房、６Ｆ門廳、游泳池及中庭景觀池機房、消防幫浦機房  、電信機房室、垃圾處理空間、７Ｆ門廳、機車位、社區中心、防災中心、水景機房等共５５項。,鋼筋混凝土造,105年1月24日,二十五層,
RPWPMLTKJHGGFCC38DA,1,45.60,集合住宅,鋼筋混凝土造,109年4月6日,十五層,七層 陽台 雨遮
RPWPMLTKJHGGFCC38DA,1,45.60,集合住宅,鋼筋混凝土造,109年4月6日,十五層,七層 陽台 雨遮
RPWPMLTKJHGGFCC38DA,1,39.35,本建物共有部分之項目有停車空間、公共服務空間、防空避難室兼停車空間、樓電梯間、梯廳、樓梯間、水箱、陽台等共８項。,鋼筋混凝土造,109年4月6日,十五層,
RPWPMLTKJHGGFCC38DA,1,39.35,本建物共有部分之項目有停車空間、公共服務空間、防空避難室兼停車空間、樓電梯間、梯廳、樓梯間、水箱、陽台等共８項。,鋼筋混凝土造,109年4月6日,十五層,
RPRPMLMKJHGGFCC17DA,37,93.51,住家用,鋼筋混凝土造,73年1月27日,四層,三層 陽台
RPRPMLMKJHGGFCC17DA,37,5.12,共用部份,鋼筋混凝土造,73年1月27日,四層,
RPXNMLKLJHGGFCC47DA,27,3.52,共用部份,鋼筋混凝土造,82年10月1日,五層,
RPXNMLKLJHGGFCC47DA,27,84.14,住家用,鋼筋混凝土造,82年10月1日,五層,三層 陽台 花台
RPQOMLSKKIPFFCC58DA,26,82.21,住家用,鋼筋混凝土造,83年10月15日,五層,四層 陽台
RPQOMLSKKIPFFCC58DA,26,2.36,共用部份,鋼筋混凝土造,83年10月15日,五層,
RPQOMLSKKIPFFCC58DA,26,7.86,共用部份,鋼筋混凝土造,83年10月15日,五層,
RPPOMLMLJHGGFCC96DA,44,73.16,住家用,鋼筋混凝土加強磚造,65年10月12日,五層,五層
RPROMLPKJHGGFCC37DA,41,76.80,住家用,鋼筋混凝土造,68年11月9日,四層,四層
RPUNMLKMKIPFFCC28DA,25,78.20,住家用,鋼筋混凝土造,85年5月3日,五層,四層 陽台
RPUNMLKMKIPFFCC28DA,25,5.32,共用部份,鋼筋混凝土造,85年5月3日,五層,
RPUNMLKMKIPFFCC28DA,25,9.34,共用部份,鋼筋混凝土造,85年5月3日,五層,
RPXOMLKLJHGGFCC57DA,5,.15,一般事務所,鋼筋混凝土造,104年10月20日,十層,一層
RPXOMLKLJHGGFCC57DA,5,33.13,本建物共有部分之項目有發電機室．台電配電室．電信機械室．消防泵浦室．樓電梯間．門廳．管委會使用空間．停車空間．防空避難室兼停車空間．梯廳．樓梯間．機械室．水箱．等共１３項,鋼筋混凝土造,104年10月20日,十層,
RPXNMLSJJHGGFCC08DA,26,76.28,住家用,鋼筋混凝土造,84年1月17日,五層,三層 陽台
RPXNMLSJJHGGFCC08DA,26,14.06,共用部份,鋼筋混凝土造,84年1月17日,五層,
RPXNMLSJJHGGFCC08DA,26,2.91,壹層：辦公室．超級市場；貳層至肆層：辦公室,鋼筋混凝土造,84年1月17日,四層,一層 二層 三層 四層 陽台 水箱 電梯樓梯間 停車場 機械房 露台 地下二層
RPOOMLPLJHGGFCC17DA,39,68.31,住家用,鋼筋混凝土造,70年12月28日,四層,二層
RPPOMLPLJHGGFCC27DA,37,132.62,住家用,鋼筋混凝土造,72年12月19日,五層,四層 陽台
RPTNMLQLJHGGFCC67DA,22,84.48,住家用,鋼筋混凝土造,87年10月1日,五層,一層 陽台
RPTNMLQLJHGGFCC67DA,22,13.13,共用部份,鋼筋混凝土造,87年10月1日,五層,
RPROMLQLJHGGFCC57DA,26,126.59,壹．貳．參層：集合住宅．突一層：樓梯間．突二層：水箱,鋼筋混凝土造,84年6月27日,三層,一層 二層 三層 陽台 平台 水箱 電梯樓梯間 露台 花台
RPROMLQLJHGGFCC57DA,26,48.34,共用部份,鋼筋混凝土造,84年6月27日,三層,
RPQNMLPLJHGGFBC27EA,6,256.59,地下一層：停車空間、一至三層：集合住宅、屋突層：樓梯間、昇降機道、水箱,鋼筋混凝土造,104年6月2日,三層,一層 二層 三層 陽台 屋頂突出物 雨遮 地下一層
RPQNMLPLJHGGFBC27EA,6,110.78,本共有部分之項目有停車空間、基地內通路、汽車坡道、社區管委會使用空間、昇降機道及水箱等６項。,鋼筋混凝土造,104年6月2日,三層,
RPWNMLQLJHGGFCC97DA,23,131.10,住家用,鋼筋混凝土造,87年5月20日,九層,九層 陽台 露台 花台
RPWNMLQLJHGGFCC97DA,23,15.73,共用部份,鋼筋混凝土造,87年5月20日,九層,
RPWNMLQLJHGGFCC97DA,23,32.41,共用部份,鋼筋混凝土造,87年5月20日,十二層,
RPOOMLSJJHGGFBC17DA,24,149.45,集合住宅,鋼筋混凝土造,85年9月18日,十層,四層 陽台
RPOOMLSJJHGGFBC17DA,24,62.96,本共有部分之項目有防空避難室兼停車場、汽車昇降機、機房、水箱、變電室、門廳、停車空間、樓梯間、電梯間及騎樓〈人行道〉等十項,鋼筋混凝土造,85年9月18日,十層,
RPSNMLLKJHGGFBC86DA,31,132.14,住家用,加強磚造,78年7月3日,二層,一層 二層 陽台 平台 屋頂突出物 雨遮
RPQOMLOKKIPFFBC08DA,27,175.84,商業用,鋼筋混凝土造,82年8月2日,七層,地下一層
RPQOMLOKKIPFFBC08DA,27,146.70,住家用,鋼筋混凝土造,82年8月2日,七層,一層 平台 騎樓
RPPNMLQLJHGGFCC37EA,25,36.97,共用部份,鋼筋混凝土造,85年3月22日,七層,
RPOOMLMLKIPFFBC77DA,24,123.73,集合住宅,鋼筋混凝土造,85年9月18日,十層,八層 陽台
RPOOMLMLKIPFFBC77DA,24,53.95,本共有部分之項目有防空避難室兼停車場、汽車昇降機、機房、水箱、變電室、門廳、停車空間、樓梯間、電梯間及騎樓〈人行道〉等十項,鋼筋混凝土造,85年9月18日,十層,
RPTNMLSLJHGGFCC97EA,14,96.61,住家用,鋼筋混凝土造,96年1月31日,八層,四層 陽台
RPTNMLSLJHGGFCC97EA,14,32.20,共用部份,鋼筋混凝土造,96年1月31日,八層,
RPTNMLSLJHGGFCC97EA,14,13.46,共用部份,鋼筋混凝土造,96年1月31日,八層,
RPRNMLSLJHGGFCC77EA,26,91.44,住家用,鋼筋混凝土造,84年1月17日,五層,五層 陽台
RPRNMLSLJHGGFCC77EA,26,12.78,共用部份,鋼筋混凝土造,84年1月17日,五層,
RPRNMLSLJHGGFCC77EA,26,2.91,壹層：辦公室．超級市場；貳層至肆層：辦公室,鋼筋混凝土造,84年1月17日,四層,一層 二層 三層 四層 陽台 水箱 電梯樓梯間 停車場 機械房 露台 地下二層
RPOOMLMKJHGGFBC66DA,1,67.32,集合住宅,鋼筋混凝土造,108年12月6日,七層,五層 六層 七層 陽台
RPOOMLMKJHGGFBC66DA,1,67.32,集合住宅,鋼筋混凝土造,108年12月6日,七層,五層 六層 七層 陽台
RPOOMLMKJHGGFBC66DA,1,48.62,本共有部分之項目有防空避難室兼停車空間、機房、發電機室、垃圾儲藏室、停車空間、管委會使用空間、台電配電場、樓梯間、機械室、水箱及樓電梯間等十一項,鋼筋混凝土造,108年12月6日,七層,
RPOOMLMKJHGGFBC66DA,1,48.62,本共有部分之項目有防空避難室兼停車空間、機房、發電機室、垃圾儲藏室、停車空間、管委會使用空間、台電配電場、樓梯間、機械室、水箱及樓電梯間等十一項,鋼筋混凝土造,108年12月6日,七層,
RPPOMLMKJHGGFBC76DA,1,134.73,集合住宅,鋼筋混凝土造,108年12月6日,七層,五層 六層 七層 陽台
RPPOMLMKJHGGFBC76DA,1,91.33,本共有部分之項目有防空避難室兼停車空間、機房、發電機室、垃圾儲藏室、停車空間、管委會使用空間、台電配電場、樓梯間、機械室、水箱及樓電梯間等十一項,鋼筋混凝土造,108年12月6日,九層,
RPVNMLPKJHGGFBC57DA,42,68.40,住家用,鋼筋混凝土加強磚造,67年9月7日,五層,二層
RPQOMLRLJHGGFBC47DA,33,118.83,住家用,鋼筋混凝土造,77年3月23日,五層,二層 陽台
RPTNMLQLJHGGFBC57DA,24,89.23,辦公室,鋼筋混凝土造,86年6月7日,六層,平台 地下一層
RPTNMLQLJHGGFBC57DA,24,9.83,共用部份,鋼筋混凝土造,86年6月7日,六層,
RPTNMLQLJHGGFBC57DA,24,4.46,共用部份,鋼筋混凝土造,86年6月7日,六層,
RPTNMLQLJHGGFBC57DA,24,41.21,共用部份,鋼筋混凝土造,86年6月7日,六層,
RPOOMLQLJHGGFBC17DA,25,64.01,住宅（夾層）儲藏室,鋼筋混凝土造,84年6月10日,四層,四層 陽台 夾層
RPOOMLSLJHGGFBC37DA,42,24.48,住家用,鋼筋混凝土造,68年5月4日,五層,五層
RPOOMLQLJHGGFBC17DA,25,4.82,共用部份,鋼筋混凝土造,84年6月10日,四層,
RPOOMLQLJHGGFBC17DA,25,.95,共用部份,鋼筋混凝土造,84年6月10日,五層,
RPUNMLKLJHGGFBC07DA,40,95.23,住家用,鋼筋混凝土造,69年11月8日,五層,五層
RPXNMLSLJHGGFBC18DA,42,27.74,住家用,鋼筋混凝土造,68年5月4日,五層,五層
RPROMLSLJHGGFBC67DA,43,34.21,住家用,鋼筋混凝土造,67年5月3日,四層,四層
RPWNMLRLJHGGFCC08DA,8,.04,集合住宅,鋼筋混凝土造,102年3月29日,十二層,
RPWNMLRLJHGGFCC08DA,8,82.46,集合住宅,鋼筋混凝土造,102年3月29日,十三層,五層 陽台 雨遮
RPWNMLRLJHGGFCC08DA,8,18.49,本共有部分之項目有安全梯、電梯、供行動不便者使用電梯、門廳、梯廳、公共服務空間、陽台、出入口雨遮、排風、男廁、女廁、消防水箱、供管委會使用空間、機房、水錶、電錶室、受電箱室、電錶間、水電、台電配電室、污水、進風、發電機室、泳池機房、電信機房、垃圾儲存空間、受電箱通道、防空避難室兼停車空間、獎勵停車位、法定停車位、變電室、消防泵浦室及停車空間等３３項,鋼筋混凝土造,102年3月29日,十三層,
RPWNMLRLJHGGFCC08DA,8,34.78,本共有部分之項目有安全梯、電梯、供行動不便者使用電梯、門廳、梯廳、公共服務空間、陽台、出入口雨遮、排風、男廁、女廁、消防水箱、供管委會使用空間、機房、水錶、電錶室、受電箱室、電錶間、水電、台電配電室、污水、進風、發電機室、泳池機房、電信機房、垃圾儲存空間、受電箱通道、防空避難室兼停車空間、獎勵停車位、法定停車位、變電室、消防泵浦室及停車空間等３３項,鋼筋混凝土造,102年3月29日,十三層,
RPSNMLQLJHGGFCC57DA,11,64.24,集合住宅,鋼筋混凝土造,99年4月20日,九層,八層 陽台 雨遮
RPSNMLQLJHGGFCC57DA,11,23.22,本共用部分之項目有防空避難室兼停車空間、停車空間、騎樓、樓電梯間、汽車坡道、社區公共空間、穿廊、水箱、機械室等九項。,鋼筋混凝土造,99年4月20日,九層,
RPPNMLTJJHGGFCC37DA,38,89.79,住家用,鋼筋混凝土造,71年9月11日,五層,三層 陽台
RPXNMLLLJHGGFCC57DA,26,85.80,住家用,鋼筋混凝土造,83年10月15日,五層,五層 陽台
RPXNMLLLJHGGFCC57DA,26,2.36,共用部份,鋼筋混凝土造,83年10月15日,五層,
RPXNMLLLJHGGFCC57DA,26,7.86,共用部份,鋼筋混凝土造,83年10月15日,五層,
RPVNMLRLJHGGFCC97DA,46,74.90,住家用,鋼筋混凝土造,64年4月21日,四層,三層 陽台
RPPOMLQLJHGGFCC37DA,12,109.64,集合住宅,鋼筋混凝土造,98年7月16日,九層,一層 陽台
RPPOMLQLJHGGFCC37DA,12,58.00,本共有部分之項目有防空避難室兼停車空間、機房、社區中心及樓電梯間等四項,鋼筋混凝土造,98年7月16日,十一層,
RPTNMLLJKHGGFCC07DA,40,35.08,住家用,加強磚造,69年9月19日,二層,一層 二層 陽台
RPTNMLLJKHGGFCC07DA,40,35.08,住家用,加強磚造,69年9月19日,二層,一層 二層 陽台
RPSNMLQLJHGGFBC47DA,28,119.02,住商用,鋼筋混凝土造,82年4月15日,七層,一層 平台 騎樓
RPSNMLQLJHGGFBC47DA,28,20.35,共用部份,鋼筋混凝土造,82年4月15日,七層,
RPUNMLQLJHGGFBC67DA,23,65.45,住家用,鋼筋混凝土造,86年11月21日,十八層,六層 陽台 花台
RPUNMLQLJHGGFBC67DA,23,9.01,共用部份,鋼筋混凝土造,86年11月21日,十八層,
RPUNMLQLJHGGFBC67DA,23,5.60,共用部份,鋼筋混凝土造,86年11月21日,二十一層,
RPSOMLPLJHGGFBC47DA,22,46.72,住家用,鋼筋混凝土造,88年1月14日,十六層,九層 陽台
RPSOMLPLJHGGFBC47DA,22,11.21,共用部份,鋼筋混凝土造,88年1月14日,十六層,
RPSOMLPLJHGGFBC47DA,22,.57,共用部份,鋼筋混凝土造,88年1月14日,十六層,
RPSOMLPLJHGGFBC47DA,22,2.66,共用部份,鋼筋混凝土造,88年1月14日,十六層,
RPSOMLPLJHGGFBC47DA,22,1.09,共用部份,鋼筋混凝土造,88年1月14日,十六層,
RPSOMLPLJHGGFBC47DA,22,.53,共用部份,鋼筋混凝土造,88年1月14日,十六層,
RPVOMLPJJHGGFBC57DA,27,73.45,住家用,鋼筋混凝土造,83年4月20日,七層,四層 陽台 雨遮
RPVOMLPJJHGGFBC57DA,27,12.46,共用部份,鋼筋混凝土造,83年4月20日,七層,
RPPOMLPLJHGGFBC17DA,22,72.93,住家用,鋼筋混凝土造,88年1月14日,十六層,十五層 陽台
RPPOMLPLJHGGFBC17DA,22,17.29,共用部份,鋼筋混凝土造,88年1月14日,十六層,
RPPNMLPLJHGGFBC07DA,25,69.22,住家用,鋼筋混凝土造,85年3月9日,十五層,七層 陽台
RPPOMLPLJHGGFBC17DA,22,3.11,共用部份,鋼筋混凝土造,88年1月14日,十六層,
RPPOMLPLJHGGFBC17DA,22,36.54,共用部份,鋼筋混凝土造,88年1月14日,十六層,
RPPNMLPLJHGGFBC07DA,25,12.10,共用部份,鋼筋混凝土造,85年3月9日,十五層,
RPPOMLPLJHGGFBC17DA,22,1.77,共用部份,鋼筋混凝土造,88年1月14日,十六層,
RPPOMLPLJHGGFBC17DA,22,.85,共用部份,鋼筋混凝土造,88年1月14日,十六層,
RPOPMLTKJHGGFBC47DA,23,53.64,住家用,鋼筋混凝土造,86年11月10日,五層,三層 陽台
RPOPMLTKJHGGFBC47DA,23,7.90,共用部份,鋼筋混凝土造,86年11月10日,五層,
RPWOMLSJJHGGFBC97DA,2,93.61,集合住宅,鋼筋混凝土造,108年2月12日,十四層,十四層 陽台 雨遮
RPWOMLSJJHGGFBC97DA,2,17.53,本共有部分之項目有樓電梯間、梯廳、樓梯間、設備室、機械室及水箱等六項,鋼筋混凝土造,108年2月12日,十四層,
RPWOMLSJJHGGFBC97DA,2,43.54,本共有部分之項目有車道、住宅門廳、排煙室兼梯廳、樓電梯間、陽台、防空避難室兼停車空間、受電箱、安全梯、台電配電場所、電信室、機房、儲藏室、機械設備室、機械室、排煙室、樓梯間、貯藏室、管委會使用空間、門廳及住宅挑高門廳等二十項,鋼筋混凝土造,108年2月12日,十四層,
RPROMLTKJHGGFBC67DA,22,57.92,住家用,鋼筋混凝土造,88年1月14日,十六層,六層 陽台
RPROMLTKJHGGFBC67DA,22,8.42,共用部份,鋼筋混凝土造,88年1月14日,十六層,
RPROMLTKJHGGFBC67DA,22,2.33,共用部份,鋼筋混凝土造,88年1月14日,十六層,
RPTOMLPLJHGGFBC57DA,23,91.04,住家用,鋼筋混凝土造,86年11月21日,十八層,十一層 陽台
RPROMLTKJHGGFBC67DA,22,1.41,共用部份,鋼筋混凝土造,88年1月14日,十六層,
RPROMLTKJHGGFBC67DA,22,.69,共用部份,鋼筋混凝土造,88年1月14日,十六層,
RPTOMLPLJHGGFBC57DA,23,11.56,共用部份,鋼筋混凝土造,86年11月21日,十八層,
RPTOMLPLJHGGFBC57DA,23,7.98,共用部份,鋼筋混凝土造,86年11月21日,二十一層,
RPTOMLPLJHGGFBC57DA,23,34.17,共用部份,鋼筋混凝土造,86年11月21日,二十一層,
RPXOMLSJJHGGFBC08DA,2,42.56,集合住宅,鋼筋混凝土造,108年2月12日,十四層,十四層 陽台
RPXOMLSJJHGGFBC08DA,2,8.47,本共有部分之項目有樓電梯間、梯廳、樓梯間、設備室、機械室及水箱等六項,鋼筋混凝土造,108年2月12日,十四層,
RPXOMLSJJHGGFBC08DA,2,12.44,本共有部分之項目有車道、住宅門廳、排煙室兼梯廳、樓電梯間、陽台、防空避難室兼停車空間、受電箱、安全梯、台電配電場所、電信室、機房、儲藏室、機械設備室、機械室、排煙室、樓梯間、貯藏室、管委會使用空間、門廳及住宅挑高門廳等二十項,鋼筋混凝土造,108年2月12日,十四層,
RPUNMLRLJHGGFBC77DA,26,112.85,集合住宅,鋼筋混凝土造,83年11月8日,五層,五層 陽台
RPUNMLRLJHGGFBC77DA,26,2.21,共用部份,鋼筋混凝土造,83年11月8日,五層,
RPWNMLRLJHGGFBC97DA,24,55.08,住家用,鋼筋混凝土造,85年11月29日,二十三層,六層 陽台 花台
RPWNMLRLJHGGFBC97DA,24,9.64,共用部份,鋼筋混凝土造,85年11月29日,二十三層,
RPWNMLRLJHGGFBC97DA,24,3.54,共用部份,鋼筋混凝土造,85年11月29日,二十三層,
RPWNMLRLJHGGFBC97DA,24,41.78,共用部份,鋼筋混凝土造,85年11月29日,二十三層,
RPWNMLRLJHGGFBC97DA,24,4.46,共用部份,鋼筋混凝土造,85年11月29日,二十三層,
RPQOMLSLJHGGFBC57DA,40,61.88,住家用,鋼筋混凝土造,69年10月14日,四層,陽台 地下一層
RPUNMLTLJHGGFBC97DA,28,102.83,住家用,鋼筋混凝土造,82年1月20日,五層,一層
RPUNMLTLJHGGFBC97DA,28,25.00,共用部份,鋼筋混凝土造,82年1月20日,七層,
RPWNMLTLJHGGFBC18DA,23,128.12,住家用,鋼筋混凝土造,86年11月21日,十七層,十七層 陽台 露台 花台
RPWNMLTLJHGGFBC18DA,23,17.78,共用部份,鋼筋混凝土造,86年11月21日,十七層,
RPWNMLTLJHGGFBC18DA,23,10.73,共用部份,鋼筋混凝土造,86年11月21日,二十一層,
RPWNMLTLJHGGFBC18DA,23,34.17,共用部份,鋼筋混凝土造,86年11月21日,二十一層,
RPVNMLTLJHGGFBC08DA,51,64.56,住家用,鋼筋混凝土造,59年3月6日,四層,二層
RPROMLTLJHGGFBC77DA,42,66.91,住家用,鋼筋混凝土造,67年10月24日,六層,四層 陽台
RPTNMLSLJHGGFBC87EA,23,90.99,住家用,鋼筋混凝土造,86年11月21日,十九層,十二層 陽台
RPTNMLSLJHGGFBC87EA,23,12.45,共用部份,鋼筋混凝土造,86年11月21日,十九層,
RPTNMLSLJHGGFBC87EA,23,8.10,共用部份,鋼筋混凝土造,86年11月21日,二十一層,
RPUNMLSLJHGGFBC87DA,30,122.37,住家用,鋼筋混凝土造,79年11月25日,五層,二層 陽台
RPTNMLSLJHGGFBC87EA,23,34.17,共用部份,鋼筋混凝土造,86年11月21日,二十一層,
RPVNMLLJKHGGFBC17DA,39,133.86,住家用,鋼筋混凝土造,70年11月9日,五層,四層 五層
RPSOMLRLJHGGFCC77DA,39,89.10,住家用,鋼筋混凝土造,70年10月13日,四層,二層 陽台
RPTOMLQLJHGGFCC77DA,1,.10,辦公室（廳）,鋼筋混凝土造,109年3月31日,十二層,
RPTOMLQLJHGGFCC77DA,1,87.55,集合住宅,鋼筋混凝土造,109年3月31日,十二層,二層 陽台 雨遮
RPTOMLQLJHGGFCC77DA,1,14.10,本建物共有部分之項目有樓梯間、梯廳、行動不便者專用電梯等共３項。,鋼筋混凝土造,109年3月31日,十二層,
RPTOMLQLJHGGFCC77DA,1,27.37,本建物共有部分之項目有樓梯間、梯廳、機房、消防水箱、屋頂水箱、電梯間、電梯機械室、行動不便者專用電梯、汽機車車道、公共服務空間、Ａ棟自來水蓄水池、Ｂ棟自來水蓄水池、機電設備空間、消防泵浦室、防空避難室兼停車空間、電信機房、停車空間、緊急發電機室、台電配電室等共１９項。,鋼筋混凝土造,109年3月31日,十二層,
RPTOMLQLJHGGFCC77DA,1,26.05,本建物共有部分之項目有樓梯間、梯廳、機房、消防水箱、屋頂水箱、電梯間、電梯機械室、行動不便者專用電梯、汽機車車道、公共服務空間、Ａ棟自來水蓄水池、Ｂ棟自來水蓄水池、機電設備空間、消防泵浦室、防空避難室兼停車空間、電信機房、停車空間、緊急發電機室、台電配電室等共１９項。,鋼筋混凝土造,109年3月31日,十二層,
RPPNMLLMJHGGFCC86DA,49,68.44,住家用,加強磚造,60年7月9日,二層,一層 二層
RPSOMLQLJHGGFCC67DA,1,.10,辦公室（廳）,鋼筋混凝土造,109年3月31日,十二層,一層
RPSOMLQLJHGGFCC67DA,1,87.79,集合住宅,鋼筋混凝土造,109年3月31日,十二層,十層 陽台 雨遮
RPSOMLQLJHGGFCC67DA,1,14.10,本建物共有部分之項目有樓梯間、梯廳、行動不便者專用電梯等共３項。,鋼筋混凝土造,109年3月31日,十二層,
RPSOMLQLJHGGFCC67DA,1,27.37,本建物共有部分之項目有樓梯間、梯廳、機房、消防水箱、屋頂水箱、電梯間、電梯機械室、行動不便者專用電梯、汽機車車道、公共服務空間、Ａ棟自來水蓄水池、Ｂ棟自來水蓄水池、機電設備空間、消防泵浦室、防空避難室兼停車空間、電信機房、停車空間、緊急發電機室、台電配電室等共１９項。,鋼筋混凝土造,109年3月31日,十二層,
RPSNMLTLJHGGFCC97EA,37,75.93,住家用,鋼筋混凝土造,73年1月12日,四層,一層 平台
RPSOMLQLJHGGFCC67DA,1,26.05,本建物共有部分之項目有樓梯間、梯廳、機房、消防水箱、屋頂水箱、電梯間、電梯機械室、行動不便者專用電梯、汽機車車道、公共服務空間、Ａ棟自來水蓄水池、Ｂ棟自來水蓄水池、機電設備空間、消防泵浦室、防空避難室兼停車空間、電信機房、停車空間、緊急發電機室、台電配電室等共１９項。,鋼筋混凝土造,109年3月31日,十二層,
RPROMLMLJHGGFCC17DA,8,.08,集合住宅,鋼筋混凝土造,102年3月29日,十二層,
RPROMLMLJHGGFCC17DA,8,84.30,集合住宅,鋼筋混凝土造,102年3月29日,十三層,九層 陽台 雨遮
RPROMLMLJHGGFCC17DA,8,36.98,本共有部分之項目有安全梯、電梯、供行動不便者使用電梯、門廳、梯廳、公共服務空間、陽台、出入口雨遮、排風、男廁、女廁、消防水箱、供管委會使用空間、機房、水錶、電錶室、受電箱室、電錶間、水電、台電配電室、污水、進風、發電機室、泳池機房、電信機房、垃圾儲存空間、受電箱通道、防空避難室兼停車空間、獎勵停車位、法定停車位、變電室、消防泵浦室及停車空間等３３項,鋼筋混凝土造,102年3月29日,十三層,
RPROMLMLJHGGFCC17DA,8,36.64,本共有部分之項目有安全梯、電梯、供行動不便者使用電梯、門廳、梯廳、公共服務空間、陽台、出入口雨遮、排風、男廁、女廁、消防水箱、供管委會使用空間、機房、水錶、電錶室、受電箱室、電錶間、水電、台電配電室、污水、進風、發電機室、泳池機房、電信機房、垃圾儲存空間、受電箱通道、防空避難室兼停車空間、獎勵停車位、法定停車位、變電室、消防泵浦室及停車空間等３３項,鋼筋混凝土造,102年3月29日,十三層,
RPPOMLPJJHGGFCC07DA,26,109.52,住家用,鋼筋混凝土造,83年11月8日,五層,三層 陽台 花台
RPPOMLPJJHGGFCC07DA,26,13.91,共用部份,鋼筋混凝土造,83年11月8日,五層,
RPPOMLPJJHGGFCC07DA,26,3.71,共用部份,鋼筋混凝土造,83年11月8日,五層,
RPQOMLMLJHGGFCC07DA,45,62.78,住家用,鋼筋混凝土造,64年11月20日,四層,一層
RPSOMLPKJHGGFCC47DA,42,51.34,住家用,鋼筋混凝土造,68年2月28日,四層,一層 平台
RPUNMLTLJHGGFCC18EA,23,70.45,住家用,鋼筋混凝土造,86年8月15日,五層,五層 陽台
RPUNMLTLJHGGFCC18EA,23,18.18,共用部份,鋼筋混凝土造,86年8月15日,五層,
RPPOMLLLJHGGFCC86DA,11,109.24,集合住宅,鋼筋混凝土造,98年7月16日,十層,一層 陽台
RPPOMLLLJHGGFCC86DA,11,57.85,本共有部分之項目有防空避難室兼停車空間、機房、社區中心及樓電梯間等四項,鋼筋混凝土造,98年7月16日,十一層,
RPQNMLLJKHGGFCC86EA,26,62.94,住家用,鋼筋混凝土造,83年11月9日,五層,二層 陽台 雨遮
RPQNMLLJKHGGFCC86EA,26,3.77,共用部份,鋼筋混凝土造,83年11月9日,五層,
RPSOMLLJKHGGFCC17EA,29,33.25,住家用,鋼筋混凝土造,81年7月8日,九層,九層 陽台
RPSOMLLJKHGGFCC17EA,29,9.65,共用部份,鋼筋混凝土造,81年7月8日,九層,
RPSOMLLJKHGGFCC17EA,29,5.29,共用部份,鋼筋混凝土造,81年7月8日,九層,
RPXNMLLJKHGGFCC47DA,40,80.08,住家用,加強磚造,69年9月26日,二層,一層 二層
RPPOMLLJKHGGFCC76DA,27,1.95,共用部份,鋼筋混凝土造,83年3月10日,十二層,
RPPOMLLJKHGGFCC76DA,27,3.73,共用部份,鋼筋混凝土造,83年3月10日,十二層,
RPPOMLLJKHGGFCC76DA,27,15.61,共用部份,鋼筋混凝土造,83年3月10日,十二層,
RPPOMLLJKHGGFCC76DA,27,97.06,住家用,鋼筋混凝土造,83年3月10日,十二層,十二層 陽台 花台
RPWNMLSKJHGGFCC08DA,39,81.63,住家用,鋼筋混凝土造,71年6月3日,五層,陽台 平台 地下一層
RPSNMLSLJHGGFCC87EA,2,129.05,集合住宅,鋼筋混凝土造,108年1月2日,十五層,五層 陽台 雨遮
RPWNMLSKJHGGFCC08DA,39,1.07,共用部份,鋼筋混凝土造,71年6月3日,五層,
RPSNMLSLJHGGFCC87EA,2,85.01,本共有部分之項目有公共服務空間、戶外安全梯、儲藏室、排煙室、梯廳、無障礙樓梯、管委會使用空間、雨遮、陽台、服務台、車道、排煙室兼梯廳、（排風室）機電設備空間、機電設備空間（發電機室）、防空避難室兼停車空間、（進風室）機電設備空間、垃圾車停車位、垃圾集中場、機械室、（電信室）機電設備空間、Ｂ棟水箱、機電設備空間（消防幫浦室）、Ａ棟水箱、停車空間、樓電梯間、消防水池、水箱共二十七項。,鋼筋混凝土造,108年1月2日,十五層,
RPROMLLJKHGGFCC96DA,38,96.31,住家用,鋼筋混凝土造,71年12月2日,五層,四層
RPVNMLSLJHGGFCC08DA,29,133.05,住家用,鋼筋混凝土造,81年5月28日,五層,二層 三層 陽台
RPVNMLSLJHGGFCC08DA,29,4.10,共用部份,鋼筋混凝土造,81年5月28日,五層,
RPVNMLSLJHGGFCC08DA,29,36.27,防空避難室　停車場,鋼筋混凝土造,81年5月28日,五層,地下二層
RPPNMLRLJHGGFCC37DA,44,72.81,住家用,鋼筋混凝土加強磚造,65年9月27日,四層,二層
RPVNMLTLJHGGFCC18DA,2,60.20,集合住宅,鋼筋混凝土造,107年10月9日,七層,五層 陽台 雨遮
RPVNMLTLJHGGFCC18DA,2,35.85,本建物共有部分之項目有停車空間‧防空避難室兼停車空間等共２項,鋼筋混凝土造,107年10月9日,七層,
RPVNMLTLJHGGFCC18DA,2,32.30,本建物共有部分之項目有樓梯間‧機房‧電梯機房‧水箱‧泳池機房‧台度‧雨水回收機房‧緊急升降機‧排煙室‧安全梯‧污水機房‧通風機房‧消防泵浦‧消防水池‧游泳池‧台電配電場所‧機車車道‧管委會空間‧防空避難室‧電錶牆‧電信室‧管理員室‧裝卸空間‧垃圾儲藏室‧發電機室‧公共服務空間‧門廳‧梯廳‧行動不便樓梯‧停車位等共３０項。,鋼筋混凝土造,107年10月9日,七層,
RPUOMLQLJHGGFCC87DA,1,.10,辦公室（廳）,鋼筋混凝土造,109年3月31日,十二層,一層
RPUOMLQLJHGGFCC87DA,1,87.55,集合住宅,鋼筋混凝土造,109年3月31日,十二層,四層 陽台 雨遮
RPUOMLQLJHGGFCC87DA,1,14.10,本建物共有部分之項目有樓梯間、梯廳、行動不便者專用電梯等共３項。,鋼筋混凝土造,109年3月31日,十二層,
RPUOMLQLJHGGFCC87DA,1,27.37,本建物共有部分之項目有樓梯間、梯廳、機房、消防水箱、屋頂水箱、電梯間、電梯機械室、行動不便者專用電梯、汽機車車道、公共服務空間、Ａ棟自來水蓄水池、Ｂ棟自來水蓄水池、機電設備空間、消防泵浦室、防空避難室兼停車空間、電信機房、停車空間、緊急發電機室、台電配電室等共１９項。,鋼筋混凝土造,109年3月31日,十二層,
RPUOMLQLJHGGFCC87DA,1,26.05,本建物共有部分之項目有樓梯間、梯廳、機房、消防水箱、屋頂水箱、電梯間、電梯機械室、行動不便者專用電梯、汽機車車道、公共服務空間、Ａ棟自來水蓄水池、Ｂ棟自來水蓄水池、機電設備空間、消防泵浦室、防空避難室兼停車空間、電信機房、停車空間、緊急發電機室、台電配電室等共１９項。,鋼筋混凝土造,109年3月31日,十二層,
RPOOMLMJKHGGFBC66DA,43,50.38,商業用,鋼筋混凝土加強磚造,67年4月3日,四層,一層 騎樓
RPPNMLLJKHGGFBC56DA,22,57.92,住家用,鋼筋混凝土造,88年1月14日,十六層,一層 陽台
RPPNMLLJKHGGFBC56DA,22,8.42,共用部份,鋼筋混凝土造,88年1月14日,十六層,
RPPNMLLJKHGGFBC56DA,22,2.33,共用部份,鋼筋混凝土造,88年1月14日,十六層,
RPPNMLLJKHGGFBC56DA,22,34.99,共用部份,鋼筋混凝土造,88年1月14日,十六層,
RPPNMLLJKHGGFBC56DA,22,1.41,共用部份,鋼筋混凝土造,88年1月14日,十六層,
RPPNMLLJKHGGFBC56DA,22,.69,共用部份,鋼筋混凝土造,88年1月14日,十六層,
RPTOMLLJKHGGFCC17DA,25,84.91,住家用,鋼筋混凝土造,85年5月3日,五層,五層 陽台
RPTOMLLJKHGGFCC17DA,25,.35,管理員室,鋼筋混凝土造,85年5月3日,五層,地下一層
RPTOMLLJKHGGFCC17DA,25,5.59,共用部份,鋼筋混凝土造,85年5月3日,五層,
RPTOMLLJKHGGFCC17DA,25,10.20,共用部份,鋼筋混凝土造,85年5月3日,五層,
RPTOMLLJKHGGFCC17DA,25,36.27,共用部份,鋼筋混凝土造,85年5月3日,五層,
SPOOMLMJKHGGFBC76DA,43,50.38,住家用,鋼筋混凝土加強磚造,67年4月3日,四層,二層
UPOOMLMJKHGGFBC96DA,43,50.38,住家用,鋼筋混凝土加強磚造,67年4月3日,四層,四層
TPOOMLMJKHGGFBC86DA,43,50.38,住家用,鋼筋混凝土加強磚造,67年4月3日,四層,三層
RPPNMLLMJHGGFBC76DA,22,104.49,住家用,鋼筋混凝土造,88年1月20日,七層,七層 陽台
RPPNMLLMJHGGFBC76DA,22,27.74,共用部份,鋼筋混凝土造,88年1月20日,七層,
RPUNMLLJKHGGFBC07DA,13,53.93,住家用,鋼骨鋼筋混凝土造,97年2月4日,三十一層,十二層 陽台
RPUNMLLJKHGGFBC07DA,13,11.48,共用部份,鋼骨鋼筋混凝土造,97年2月4日,三十一層,
RPUNMLLJKHGGFBC07DA,13,10.93,共用部份,鋼骨鋼筋混凝土造,97年2月4日,三十一層,
RPXNMLQLJHGGFBC97DA,45,52.70,住家用,鋼筋混凝土造,65年2月17日,四層,一層
RPUOMLTLJHGGFBC08DA,22,102.00,住家用,鋼筋混凝土造,88年1月14日,十五層,十二層 陽台
RPTNMLQJJHGGFBC37DA,48,175.40,住商用,鋼筋混凝土加強磚造,61年9月9日,四層,一層 二層 三層 四層 防空避難室 騎樓
RPUOMLTLJHGGFBC08DA,22,19.58,共用部份,鋼筋混凝土造,88年1月14日,十五層,
RPUOMLTLJHGGFBC08DA,22,5.42,共用部份,鋼筋混凝土造,88年1月14日,十五層,
RPUOMLTLJHGGFBC08DA,22,2.40,共用部份,鋼筋混凝土造,88年1月14日,十六層,
RPUOMLTLJHGGFBC08DA,22,1.19,共用部份,鋼筋混凝土造,88年1月14日,十六層,
RPWOMLPJJHGGFBC67DA,23,35.62,住家用,鋼筋混凝土造,86年6月20日,十四層,十三層 陽台
RPWOMLPJJHGGFBC67DA,23,172.39,住家用,鋼筋混凝土造,86年6月20日,十四層,十三層 陽台 花台
RPWOMLPJJHGGFBC67DA,23,26.85,共用部份,鋼筋混凝土造,86年6月20日,十四層,
RPWOMLPJJHGGFBC67DA,23,57.05,共用部份,鋼筋混凝土造,86年6月20日,十四層,
RPQNMLLMJHGGFBC86DA,24,164.65,住家用,鋼筋混凝土造,85年11月29日,二十三層,二十二層 二十三層 陽台 花台
RPQNMLLMJHGGFBC86DA,24,17.63,共用部份,鋼筋混凝土造,85年11月29日,二十三層,
RPWNMLQLJHGGFBC87DA,23,90.79,住家用,鋼筋混凝土造,86年11月21日,十七層,十一層 陽台
RPQNMLLMJHGGFBC86DA,24,8.59,共用部份,鋼筋混凝土造,85年11月29日,二十三層,
RPWNMLQLJHGGFBC87DA,23,13.94,共用部份,鋼筋混凝土造,86年11月21日,十七層,
RPQNMLLMJHGGFBC86DA,24,39.45,共用部份,鋼筋混凝土造,85年11月29日,二十三層,
RPQNMLLMJHGGFBC86DA,24,13.33,共用部份,鋼筋混凝土造,85年11月29日,二十三層,
RPWNMLQLJHGGFBC87DA,23,8.10,共用部份,鋼筋混凝土造,86年11月21日,二十一層,
RPOPMLSJJHGGFBC27DA,2,74.51,集合住宅,鋼筋混凝土造,108年2月12日,十四層,三層 陽台 雨遮
RPOPMLSJJHGGFBC27DA,2,13.53,本共有部分之項目有樓電梯間、梯廳、樓梯間、設備室、機械室及水箱等六項,鋼筋混凝土造,108年2月12日,十四層,
RPOPMLSJJHGGFBC27DA,2,18.66,本共有部分之項目有車道、住宅門廳、排煙室兼梯廳、樓電梯間、陽台、防空避難室兼停車空間、受電箱、安全梯、台電配電場所、電信室、機房、儲藏室、機械設備室、機械室、排煙室、樓梯間、貯藏室、管委會使用空間、門廳及住宅挑高門廳等二十項,鋼筋混凝土造,108年2月12日,十四層,
RPXNMLLJKHGGFBC37DA,25,71.79,住家用,鋼筋混凝土造,84年11月16日,五層,二層 陽台
RPXNMLLJKHGGFBC37DA,25,9.15,共用部份,鋼筋混凝土造,84年11月16日,五層,
RPRNMLLMJHGGFBC96DA,27,77.54,住家用,鋼筋混凝土造,82年11月20日,五層,四層 陽台
RPRNMLLMJHGGFBC96DA,27,13.83,共用部份,鋼筋混凝土造,82年11月20日,五層,
RPPOMLRLJHGGFCC47DA,13,271.17,１至４層：集合住宅．突一層：樓梯間．突二層：水箱,鋼筋混凝土造,97年2月13日,四層,一層 二層 三層 四層 陽台 屋頂突出物
RPOOMLMJKHGGFCC76DA,4,54.70,集合住宅,鋼筋混凝土造,106年1月24日,十五層,十二層 陽台 雨遮
RPOOMLMJKHGGFCC76DA,4,11.48,本建物共有部分之項目有樓電梯間．梯廳．機械室．水箱．雨遮等共５項。,鋼筋混凝土造,106年1月24日,十五層,
RPOOMLMJKHGGFCC76DA,4,15.29,本建物共有部分之項目有公共服務空間．門廳．樓電梯間．梯廳．陽台．停車空間．防空避難室兼停車空間．車道等共８項。,鋼筋混凝土造,106年1月24日,十五層,
RPWNMLSLJHGGFCC18DA,28,347.83,自用倉庫,鋼筋混凝土造,81年12月23日,五層,地下層
RPSNMLLMJHGGFCC17DA,31,53.89,住家用,鋼筋混凝土造,79年1月23日,五層,五層 陽台 花台
RPSNMLLMJHGGFCC17DA,31,53.89,住家用,鋼筋混凝土造,79年1月23日,五層,五層 陽台 花台
RPSNMLLMJHGGFCC17DA,31,3.84,共用部份,鋼筋混凝土造,79年1月23日,五層,
RPSNMLLMJHGGFCC17DA,31,3.84,共用部份,鋼筋混凝土造,79年1月23日,五層,
RPSOMLLJKHGGFCC07DA,41,85.14,住家用,鋼筋混凝土造,69年1月12日,四層,一層 騎樓
RPPNMLLJKHGGFCC66DA,26,3.37,壹層：辦公室．超級市場；貳層至肆層：辦公室,鋼筋混凝土造,84年1月17日,四層,一層 二層 三層 四層 陽台 水箱 電梯樓梯間 停車場 機械房 露台 地下二層
RPQNMLSLJHGGFCC67EA,40,115.20,商業用,鋼筋混凝土造,69年7月7日,四層,一層 騎樓
RPPNMLLJKHGGFCC66DA,24,192.52,商業用,鋼筋混凝土造,86年4月1日,五層,一層 平台 騎樓 地下二層
RPPNMLLJKHGGFCC66DA,24,62.51,共用部份,鋼筋混凝土造,86年4月1日,五層,
RPQNMLSLJHGGFCC67EA,40,115.20,住家用,鋼筋混凝土造,69年7月7日,四層,二層
RPQNMLSLJHGGFCC67EA,40,115.20,住家用,鋼筋混凝土造,69年7月7日,四層,三層
RPUNMLLLJHGGFCC27DA,23,93.71,住家用,鋼筋混凝土造,87年5月20日,十一層,六層 陽台 花台
RPUNMLLLJHGGFCC27DA,23,20.57,共用部份,鋼筋混凝土造,87年5月20日,十一層,
RPUNMLLLJHGGFCC27DA,23,10.80,共用部份,鋼筋混凝土造,87年5月20日,十二層,
RPOOMLOKJHGGFCC96DA,24,74.19,住家用,鋼筋混凝土造,86年1月17日,二十層,三層 陽台
RPOOMLOKJHGGFCC96DA,24,19.33,共用部份,鋼筋混凝土造,86年1月17日,二十層,
RPOOMLOKJHGGFCC96DA,24,1.50,共用部份,鋼筋混凝土造,86年1月17日,二十層,
RPQNMLQLJHGGFCC47EA,26,80.93,住家用,鋼筋混凝土造,84年1月17日,五層,一層 平台
RPQNMLQLJHGGFCC47EA,26,15.66,共用部份,鋼筋混凝土造,84年1月17日,五層,
RPQNMLQLJHGGFCC47EA,26,2.91,壹層：辦公室．超級市場；貳層至肆層：辦公室,鋼筋混凝土造,84年1月17日,四層,一層 二層 三層 四層 陽台 水箱 電梯樓梯間 停車場 機械房 露台 地下二層
RPTNMLNKJHGGFCC37EA,42,61.41,住家用,鋼筋混凝土造,67年8月9日,五層,五層
RPPNMLOJKHGGFCC07EA,42,102.60,住家用,鋼筋混凝土造,68年2月28日,四層,二層 陽台
RPOOMLSLJHGGFCC47DA,23,54.99,住家用,鋼筋混凝土造,86年7月18日,十二層,三層 陽台 花台
RPOOMLSLJHGGFCC47DA,23,1.31,共用部份,鋼筋混凝土造,86年7月18日,四層,
RPOOMLSLJHGGFCC47DA,23,6.62,共用部份,鋼筋混凝土造,86年7月18日,十二層,
RPOOMLSLJHGGFCC47DA,23,8.20,共用部份,鋼筋混凝土造,86年7月18日,十二層,
RPQNMLLMJHGGFCC96DA,12,94.53,住家用,鋼筋混凝土造,98年6月24日,十四層,六層 陽台
RPQNMLLMJHGGFCC96DA,12,45.42,共用部份,鋼筋混凝土造,98年6月24日,十四層,
RPQNMLLMJHGGFCC96DA,12,21.85,共用部份,鋼筋混凝土造,98年6月24日,十四層,
RPQOMLMJKHGGFCC96DA,25,25.23,住家用,鋼筋混凝土造,85年1月18日,七層,七層 陽台
RPQOMLMJKHGGFCC96DA,25,5.03,共用部份,鋼筋混凝土造,85年1月18日,七層,
RPSNMLOJKHGGFCC27DA,25,104.16,住家用,鋼筋混凝土造,84年7月10日,六層,四層 陽台
RPSNMLOJKHGGFCC27DA,25,25.72,共用部份,鋼筋混凝土造,84年7月10日,六層,
RPXNMLOJKHGGFCC77DA,39,92.70,住家用,鋼筋混凝土造,70年10月3日,四層,二層 陽台
RPUNMLOJKHGGFCC47DA,12,131.27,住家用,鋼筋混凝土造,97年8月21日,八層,四層 陽台 雨遮
RPQOMLMJKHGGFBC86DA,31,259.05,住家用,鋼筋混凝土造,78年6月22日,五層,三層 陽台
RPUNMLOJKHGGFCC47DA,12,56.80,共用部份,鋼筋混凝土造,97年8月21日,八層,
RPQOMLMJKHGGFBC86DA,31,55.96,共用部份,鋼筋混凝土造,78年6月22日,五層,
RPUNMLOJKHGGFCC47DA,12,21.96,共用部份,鋼筋混凝土造,97年8月21日,八層,
RPOOMLOJKHGGFCC96DA,22,2.70,共用部份,鋼筋混凝土造,88年4月15日,五層,
RPOOMLOJKHGGFCC96DA,22,2.70,共用部份,鋼筋混凝土造,88年4月15日,五層,
RPOOMLOJKHGGFCC96DA,22,19.27,共用部份,鋼筋混凝土造,88年4月15日,九層,
RPOOMLOJKHGGFCC96DA,22,19.27,共用部份,鋼筋混凝土造,88年4月15日,九層,
RPOOMLOJKHGGFCC96DA,22,43.02,住家用,鋼筋混凝土造,88年4月15日,五層,三層 陽台
RPOOMLOJKHGGFCC96DA,22,43.02,住家用,鋼筋混凝土造,88年4月15日,五層,三層 陽台
RPWOMLSJKHGGFBC08DA,39,54.15,住家用,鋼筋混凝土造,70年7月22日,五層,三層
RPXNMLPLJHGGFBC87DA,27,6.23,共用部份,鋼筋混凝土造,82年11月8日,七層,
RPXNMLPLJHGGFBC87DA,26,83.12,住家用,鋼筋混凝土造,83年6月22日,七層,六層 陽台
RPXNMLPLJHGGFBC87DA,26,5.17,共用部份,鋼筋混凝土造,83年6月22日,七層,
RPUNMLOJKHGGFBC37DA,29,5.15,共用部份,鋼筋混凝土造,80年8月17日,五層,
RPUNMLOJKHGGFBC37DA,29,120.47,住家用,鋼筋混凝土造,80年8月17日,五層,一層 平台 雨遮 地下層
RPSNMLOJKHGGFBC17DA,40,59.33,住家用,鋼筋混凝土造,69年10月14日,四層,三層
RPVNMLOJKHGGFBC47DA,26,109.57,住家用,鋼筋混凝土造,83年11月8日,五層,四層 陽台
RPVNMLOJKHGGFBC47DA,26,6.83,共用部份,鋼筋混凝土造,83年11月8日,五層,
RPXNMLPJKHGGFBC77DA,37,92.06,住家用,鋼筋混凝土造,73年3月26日,四層,二層 陽台
RPVNMLPJKHGGFBC57DA,23,28.24,住家用,鋼筋混凝土造,86年11月21日,十八層,十一層 陽台
RPVNMLPJKHGGFBC57DA,23,6.45,共用部份,鋼筋混凝土造,86年11月21日,十八層,
RPVNMLPJKHGGFBC57DA,23,2.38,共用部份,鋼筋混凝土造,86年11月21日,二十一層,
RPSOMLMJKHGGFBC07DA,22,57.92,住家用,鋼筋混凝土造,88年1月14日,十六層,十六層 陽台
RPXNMLPJKHGGFCC87DA,11,111.13,集合住宅,鋼筋混凝土造,98年7月16日,十一層,八層 陽台
RPSOMLMJKHGGFBC07DA,22,7.88,共用部份,鋼筋混凝土造,88年1月14日,十六層,
RPSOMLMJKHGGFBC07DA,22,.70,共用部份,鋼筋混凝土造,88年1月14日,十六層,
RPXNMLPJKHGGFCC87DA,11,58.76,本共有部分之項目有防空避難室兼停車空間、機房、社區中心及樓電梯間等四項,鋼筋混凝土造,98年7月16日,十一層,
RPSOMLMJKHGGFBC07DA,22,2.10,共用部份,鋼筋混凝土造,88年1月14日,十六層,
RPSOMLMJKHGGFBC07DA,22,41.38,共用部份,鋼筋混凝土造,88年1月14日,十六層,
RPSOMLMJKHGGFBC07DA,22,1.41,共用部份,鋼筋混凝土造,88年1月14日,十六層,
RPSOMLMJKHGGFBC07DA,22,.69,共用部份,鋼筋混凝土造,88年1月14日,十六層,
RPSNMLLKKIPFFBC87DA,22,92.47,住家用,鋼筋混凝土造,88年1月14日,十五層,五層 陽台
RPSNMLLKKIPFFBC87DA,22,15.21,共用部份,鋼筋混凝土造,88年1月14日,十五層,
RPSNMLLKKIPFFBC87DA,22,4.93,共用部份,鋼筋混凝土造,88年1月14日,十五層,
RPSNMLLKKIPFFBC87DA,22,38.72,共用部份,鋼筋混凝土造,88年1月14日,十五層,
RPSNMLLKKIPFFBC87DA,22,2.19,共用部份,鋼筋混凝土造,88年1月14日,十六層,
RPSNMLLKKIPFFBC87DA,22,1.09,共用部份,鋼筋混凝土造,88年1月14日,十六層,
RPOOMLPJKHGGFCC07DA,22,50.07,住家用,鋼筋混凝土造,88年4月21日,十二層,九層 陽台
RPOOMLPJKHGGFCC07DA,22,50.07,住家用,鋼筋混凝土造,88年4月21日,十二層,九層 陽台
RPOOMLPJKHGGFCC07DA,22,10.57,共用部份,鋼筋混凝土造,88年4月21日,十二層,
RPOOMLPJKHGGFCC07DA,22,10.57,共用部份,鋼筋混凝土造,88年4月21日,十二層,
RPQOMLOJKHGGFCC17DA,26,112.64,住家用,鋼筋混凝土造,84年1月24日,五層,五層 陽台
RPQOMLOJKHGGFCC17DA,26,15.83,共用部份,鋼筋混凝土造,84年1月24日,五層,
RPQOMLOJKHGGFCC17DA,26,2.91,壹層：辦公室．超級市場；貳層至肆層：辦公室,鋼筋混凝土造,84年1月17日,四層,一層 二層 三層 四層 陽台 水箱 電梯樓梯間 停車場 機械房 露台 地下二層
RPTOMLOJKHGGFCC47DA,9,105.55,集合住宅,鋼筋混凝土造,101年6月13日,七層,一層 陽台 雨遮
RPTOMLOJKHGGFCC47DA,9,38.30,本共有部分之項目：防空避難室兼停車空間共１項。,鋼筋混凝土造,101年6月13日,七層,
RPTOMLOJKHGGFCC47DA,9,17.40,本共有部分之項目樓電梯間‧水箱‧機房‧樓梯間共四項。,鋼筋混凝土造,101年6月13日,七層,
RPTOMLOJKHGGFCC47DA,9,3.18,本共有部分之項目：管委會共１項。,鋼筋混凝土造,101年6月13日,七層,
RPQOMLNJKHGGFCC07DA,26,158.78,住家用,鋼筋混凝土造,84年4月20日,二層,一層 二層 陽台 平台 屋頂突出物
RPVNMLMJKHGGFCC37DA,26,136.33,住家用,鋼筋混凝土造,84年1月17日,五層,一層 平台 地下層
RPVNMLMJKHGGFCC37DA,26,11.26,共用部份,鋼筋混凝土造,84年1月17日,五層,
RPVNMLMJKHGGFCC37DA,26,2.91,壹層：辦公室．超級市場；貳層至肆層：辦公室,鋼筋混凝土造,84年1月17日,四層,一層 二層 三層 四層 陽台 水箱 電梯樓梯間 停車場 機械房 露台 地下二層
RPPOMLKLJHGGFCC76DA,24,104.10,住家用,鋼筋混凝土造,85年12月13日,七層,四層 陽台 花台
RPPOMLKLJHGGFCC76DA,24,6.66,共用部份,鋼筋混凝土造,85年12月13日,七層,
RPPOMLKLJHGGFCC76DA,24,10.82,共用部份,鋼筋混凝土造,85年12月13日,七層,
RPXNMLMJKHGGFCC57DA,36,99.15,住家用,鋼筋混凝土造,74年3月6日,四層,一層 平台
RPXNMLMJKHGGFCC57DA,36,9.07,共用部份,鋼筋混凝土造,74年3月6日,四層,
RPSNMLPJKHGGFCC47EA,38,87.61,住家用,鋼筋混凝土造,72年4月18日,五層,二層 陽台
RPUNMLLKJHGGFCC17DA,37,57.20,住家用,鋼筋混凝土造,72年7月27日,五層,陽台 地下一層
RPOPMLTLKIPFFCC68DA,42,91.13,住家用,鋼筋混凝土造,68年2月28日,四層,四層 陽台
RPVNMLSKJHGGFCC97DA,38,89.13,住家用,鋼筋混凝土造,71年12月18日,五層,四層 陽台
RPTNMLPJKHGGFCC57EA,25,145.90,住家用,鋼筋混凝土造,84年12月30日,五層,二層 陽台 露台 花台
RPRNMLPJKHGGFCC37EA,28,104.94,住家用,鋼筋混凝土造,82年5月22日,二層,一層 二層 陽台 平台 屋頂突出物 露台 雨遮 地下層
RPTNMLPJKHGGFCC57EA,25,13.15,共用部份,鋼筋混凝土造,84年12月30日,五層,
RPRNMLPJKHGGFCC37EA,28,8.34,共用部份,鋼筋混凝土造,82年5月22日,二層,
RPUNMLLJKHGGFCC17DA,26,3.34,壹層：辦公室．超級市場；貳層至肆層：辦公室,鋼筋混凝土造,84年1月17日,四層,一層 二層 三層 四層 陽台 水箱 電梯樓梯間 停車場 機械房 露台 地下二層
RPUNMLLJKHGGFCC17DA,23,66.75,住家用,鋼筋混凝土造,87年7月10日,五層,四層 陽台
RPUNMLLJKHGGFCC17DA,23,25.30,共用部份,鋼筋混凝土造,87年7月10日,五層,
RPUNMLSJKHGGFCC97EA,24,22.30,住家用,鋼筋混凝土造,86年1月17日,二十層,十一層 陽台
RPUNMLSJKHGGFCC97EA,24,5.80,共用部份,鋼筋混凝土造,86年1月17日,二十層,
RPUNMLSJKHGGFCC97EA,24,.42,共用部份,鋼筋混凝土造,86年1月17日,二十層,
RPSOMLMJKHGGFCC17DA,5,.02,辦公室,鋼筋混凝土造,105年1月24日,,地下二層
RPSOMLMJKHGGFCC17DA,5,106.28,集合住宅,鋼筋混凝土造,105年1月24日,十八層,十五層 陽台 雨遮
RPSOMLMJKHGGFCC17DA,5,.00,本共有部分之項目為受水池、安全梯、受水池機房、社區水箱、迴廊等共５項。,鋼筋混凝土造,105年1月24日,二十三層,
RPSOMLMJKHGGFCC17DA,5,1.02,本共有部分之項目為受水池、安全梯、受水池機房、社區水箱、迴廊等共５項。,鋼筋混凝土造,105年1月24日,二十三層,
RPSOMLMJKHGGFCC17DA,5,.01,本共有部分之項目為排煙室、特別安全梯、緊急昇降機、機房、樓梯間、消防水箱、水箱、電梯機房、消防中繼機房、陽台、中繼室、中繼自來水箱、雨遮、中繼消防水箱、消防泵浦室、機電空間、安全梯  、發電機室、電信室、台電配電場所、大廳、行動不便者電梯、電梯  、１Ｆ門廳、２Ｆ門廳、３Ｆ門廳、台電管道間、消防幫浦室、泵浦  、走道、停車空間、配電箱、資源回收區、４Ｆ門廳、廚餘冷藏室、  不可回收垃圾區、緊急升降機、梯廳、電信機房、５Ｆ門廳、防空避難室兼停車空間、台電專用管道、雨水回收區、雨水收集槽、雨水回收及噴灌機房、６Ｆ門廳、游泳池及中庭景觀池機房、消防幫浦機房  、電信機房室、垃圾處理空間、７Ｆ門廳、機車位、社區中心、防災中心、水景機房等共５５項。,鋼筋混凝土造,105年1月24日,二十五層,
RPSOMLMJKHGGFCC17DA,5,70.36,本共有部分之項目為排煙室、特別安全梯、緊急昇降機、機房、樓梯間、消防水箱、水箱、電梯機房、消防中繼機房、陽台、中繼室、中繼自來水箱、雨遮、中繼消防水箱、消防泵浦室、機電空間、安全梯  、發電機室、電信室、台電配電場所、大廳、行動不便者電梯、電梯  、１Ｆ門廳、２Ｆ門廳、３Ｆ門廳、台電管道間、消防幫浦室、泵浦  、走道、停車空間、配電箱、資源回收區、４Ｆ門廳、廚餘冷藏室、  不可回收垃圾區、緊急升降機、梯廳、電信機房、５Ｆ門廳、防空避難室兼停車空間、台電專用管道、雨水回收區、雨水收集槽、雨水回收及噴灌機房、６Ｆ門廳、游泳池及中庭景觀池機房、消防幫浦機房  、電信機房室、垃圾處理空間、７Ｆ門廳、機車位、社區中心、防災中心、水景機房等共５５項。,鋼筋混凝土造,105年1月24日,二十五層,
RPQOMLRLJHGGFCC57DA,41,27.84,住家用,鋼筋混凝土造,69年7月23日,五層,四層
RPQOMLRLJHGGFCC57DA,41,27.84,住家用,鋼筋混凝土造,69年7月23日,五層,四層
RPPOMLMJKHGGFCC86DA,5,.01,辦公室,鋼筋混凝土造,105年1月24日,,地下二層
RPPOMLMJKHGGFCC86DA,5,50.51,集合住宅,鋼筋混凝土造,105年1月24日,二十五層,十五層 陽台 雨遮
RPPOMLMJKHGGFCC86DA,5,.00,本共有部分之項目為受水池、安全梯、受水池機房、社區水箱、迴廊等共５項。,鋼筋混凝土造,105年1月24日,二十三層,
RPPOMLMJKHGGFCC86DA,5,.49,本共有部分之項目為受水池、安全梯、受水池機房、社區水箱、迴廊等共５項。,鋼筋混凝土造,105年1月24日,二十三層,
RPPOMLMJKHGGFCC86DA,5,.00,本共有部分之項目為排煙室、特別安全梯、緊急昇降機、機房、樓梯間、消防水箱、水箱、電梯機房、消防中繼機房、陽台、中繼室、中繼自來水箱、雨遮、中繼消防水箱、消防泵浦室、機電空間、安全梯  、發電機室、電信室、台電配電場所、大廳、行動不便者電梯、電梯  、１Ｆ門廳、２Ｆ門廳、３Ｆ門廳、台電管道間、消防幫浦室、泵浦  、走道、停車空間、配電箱、資源回收區、４Ｆ門廳、廚餘冷藏室、  不可回收垃圾區、緊急升降機、梯廳、電信機房、５Ｆ門廳、防空避難室兼停車空間、台電專用管道、雨水回收區、雨水收集槽、雨水回收及噴灌機房、６Ｆ門廳、游泳池及中庭景觀池機房、消防幫浦機房  、電信機房室、垃圾處理空間、７Ｆ門廳、機車位、社區中心、防災中心、水景機房等共５５項。,鋼筋混凝土造,105年1月24日,二十五層,
RPPOMLMJKHGGFCC86DA,5,20.63,本共有部分之項目為排煙室、特別安全梯、緊急昇降機、機房、樓梯間、消防水箱、水箱、電梯機房、消防中繼機房、陽台、中繼室、中繼自來水箱、雨遮、中繼消防水箱、消防泵浦室、機電空間、安全梯  、發電機室、電信室、台電配電場所、大廳、行動不便者電梯、電梯  、１Ｆ門廳、２Ｆ門廳、３Ｆ門廳、台電管道間、消防幫浦室、泵浦  、走道、停車空間、配電箱、資源回收區、４Ｆ門廳、廚餘冷藏室、  不可回收垃圾區、緊急升降機、梯廳、電信機房、５Ｆ門廳、防空避難室兼停車空間、台電專用管道、雨水回收區、雨水收集槽、雨水回收及噴灌機房、６Ｆ門廳、游泳池及中庭景觀池機房、消防幫浦機房  、電信機房室、垃圾處理空間、７Ｆ門廳、機車位、社區中心、防災中心、水景機房等共５５項。,鋼筋混凝土造,105年1月24日,二十五層,
RPXNMLMJKHGGFBC47DA,51,76.70,住家用,加強磚造,59年2月20日,二層,一層 二層
RPRNMLKMJHGGFBC86DA,3,133.25,集合住宅,鋼筋混凝土造,106年10月18日,十五層,十三層 陽台 雨遮
RPRNMLKMJHGGFBC86DA,3,61.74,本共有部分之項目有公設空間、門廳、防空避難室兼停車空間、停車空間、社區中心、機械室、游泳池及管委會辦公室等共八項,鋼筋混凝土造,106年10月18日,十五層,
RPRNMLKMJHGGFBC86DA,3,20.38,本共有部分之項目有電梯間、樓梯間、水箱及蓄水池等共四項,鋼筋混凝土造,106年10月18日,十五層,
RPRNMLKMJHGGFBC86DA,3,.58,本共有部分之項目有台電配電室共一項,鋼筋混凝土造,106年10月18日,十五層,
RPSNMLKMJHGGFBC96DA,3,119.45,集合住宅,鋼筋混凝土造,106年10月18日,十五層,十一層 陽台
RPSNMLKMJHGGFBC96DA,3,59.71,本共有部分之項目有公設空間、門廳、防空避難室兼停車空間、停車空間、社區中心、機械室、游泳池及管委會辦公室等共八項,鋼筋混凝土造,106年10月18日,十五層,
RPSNMLKMJHGGFBC96DA,3,20.20,本共有部分之項目有電梯間、樓梯間、蓄水池及水箱等共四項,鋼筋混凝土造,106年10月18日,十五層,
RPSNMLKMJHGGFBC96DA,3,.52,本共有部分之項目有台電配電室共一項,鋼筋混凝土造,106年10月18日,十五層,
RPVNMLKMJHGGFBC27DA,3,133.25,集合住宅,鋼筋混凝土造,106年10月18日,十五層,六層 陽台 雨遮
RPVNMLKMJHGGFBC27DA,3,61.74,本共有部分之項目有公設空間、門廳、防空避難室兼停車空間、停車空間、社區中心、機械室、游泳池及管委會辦公室等共八項,鋼筋混凝土造,106年10月18日,十五層,
RPVNMLKMJHGGFBC27DA,3,21.28,本共有部分之項目有電梯間、樓梯間、蓄水池及水箱等共四項,鋼筋混凝土造,106年10月18日,十五層,
RPVNMLKMJHGGFBC27DA,3,.58,本共有部分之項目有台電配電室共一項,鋼筋混凝土造,106年10月18日,十五層,
RPTNMLKMJHGGFBC07DA,3,133.33,集合住宅,鋼筋混凝土造,106年10月18日,十五層,十三層 陽台 雨遮
RPTNMLKMJHGGFBC07DA,3,61.74,本共有部分之項目有公設空間、門廳、防空避難室兼停車空間、停車空間、社區中心、機械室、游泳池及管委會辦公室等共八項,鋼筋混凝土造,106年10月18日,十五層,
RPTNMLKMJHGGFBC07DA,3,22.31,本共有部分之項目有電梯間、樓梯間、蓄水池及水箱等共四項,鋼筋混凝土造,106年10月18日,十五層,
RPTNMLKMJHGGFBC07DA,3,.58,本共有部分之項目有台電配電室共一項,鋼筋混凝土造,106年10月18日,十五層,
RPXNMLNJKHGGFBC57DA,43,21.54,商業用,鋼筋混凝土加強磚造,67年2月3日,五層,一層 騎樓
RPUNMLKMJHGGFBC17DA,3,70.95,集合住宅,鋼筋混凝土造,106年10月18日,十五層,十五層 陽台
RPUNMLKMJHGGFBC17DA,3,44.78,本共有部分之項目有公設空間、門廳、防空避難室兼停車空間、停車空間、社區中心、機械室、游泳池及管委會辦公室等共八項,鋼筋混凝土造,106年10月18日,十五層,
RPUNMLKMJHGGFBC17DA,3,17.46,本共有部分之項目有電梯間、樓梯間、蓄水池及水箱等共四項,鋼筋混凝土造,106年10月18日,十五層,
RPUNMLKMJHGGFBC17DA,3,.50,本共有部分之項目有台電配電室共一項,鋼筋混凝土造,106年10月18日,十五層,
RPQOMLNJKHGGFBC96DA,32,110.64,住家用,鋼筋混凝土造,77年8月19日,五層,四層 陽台
RPQOMLNJKHGGFBC96DA,32,8.07,共用部份,鋼筋混凝土造,77年8月19日,五層,
RPWNMLKMJHGGFBC37DA,3,70.70,集合住宅,鋼筋混凝土造,106年10月18日,十五層,十二層 陽台
RPWNMLKMJHGGFBC37DA,3,44.78,本共有部分之項目有公設空間、門廳、防空避難室兼停車空間、停車空間、社區中心、機械室、游泳池及管委會辦公室等共八項,鋼筋混凝土造,106年10月18日,十五層,
RPWNMLKMJHGGFBC37DA,3,18.88,本共有部分之項目有電梯間、樓梯間、蓄水池及水箱等共四項,鋼筋混凝土造,106年10月18日,十五層,
RPWNMLKMJHGGFBC37DA,3,.48,本共有部分之項目有台電配電室共一項,鋼筋混凝土造,106年10月18日,十五層,
RPPOMLNJKHGGFBC86DA,16,95.30,住家用,鋼筋混凝土造,93年11月1日,八層,八層 陽台
RPPOMLNJKHGGFBC86DA,16,.07,住家用,鋼筋混凝土造,93年11月1日,八層,一層
RPPOMLNJKHGGFBC86DA,16,21.96,共用部份,鋼筋混凝土造,93年11月1日,八層,
RPPOMLNJKHGGFBC86DA,16,3.31,共用部份,鋼筋混凝土造,93年11月1日,八層,
RPPOMLNJKHGGFBC86DA,16,34.25,共用部份,鋼筋混凝土造,93年11月1日,八層,
RPQOMLKMJHGGFBC86DA,3,119.45,集合住宅,鋼筋混凝土造,106年10月18日,十五層,二層 陽台
RPQOMLKMJHGGFBC86DA,3,54.96,本共有部分之項目有公設空間、門廳、防空避難室兼停車空間、停車空間、社區中心、機械室、游泳池及管委會辦公室等共八項,鋼筋混凝土造,106年10月18日,十五層,
RPQOMLKMJHGGFBC86DA,3,20.20,本共有部分之項目有電梯間、樓梯間、蓄水池及水箱等共四項,鋼筋混凝土造,106年10月18日,十五層,
RPQOMLKMJHGGFBC86DA,3,.52,本共有部分之項目有台電配電室共一項,鋼筋混凝土造,106年10月18日,十五層,
RPPOMLKMJHGGFBC76DA,3,121.45,集合住宅,鋼筋混凝土造,106年10月18日,十五層,六層 陽台
RPPOMLKMJHGGFBC76DA,3,59.71,本共有部分之項目有公設空間、門廳、防空避難室兼停車空間、停車空間、社區中心、機械室、游泳池及管委會辦公室等共八項,鋼筋混凝土造,106年10月18日,十五層,
RPPOMLKMJHGGFBC76DA,3,20.45,本共有部分之項目有電梯間、樓梯間、蓄水池及水箱等共四項,鋼筋混凝土造,106年10月18日,十五層,
RPPOMLKMJHGGFBC76DA,3,.53,本共有部分之項目有台電配電室共一項,鋼筋混凝土造,106年10月18日,十五層,
RPOOMLKMJHGGFBC66DA,3,95.73,集合住宅,鋼筋混凝土造,106年10月18日,十五層,十二層 陽台 雨遮
RPOOMLKMJHGGFBC66DA,3,54.28,本共有部分之項目有公設空間、門廳、防空避難室兼停車空間、停車空間、社區中心、機械室、游泳池及管委會辦公室等共八項,鋼筋混凝土造,106年10月18日,十五層,
RPOOMLKMJHGGFBC66DA,3,24.22,本共有部分之項目有電梯間、樓梯間、蓄水池及水箱等共四項,鋼筋混凝土造,106年10月18日,十五層,
RPOOMLKMJHGGFBC66DA,3,.66,本共有部分之項目有台電配電室共一項,鋼筋混凝土造,106年10月18日,十五層,
RPROMLKMJHGGFBC96DA,3,119.45,集合住宅,鋼筋混凝土造,106年10月18日,十五層,六層 陽台
RPSOMLKMJHGGFBC07DA,3,133.33,集合住宅,鋼筋混凝土造,106年10月18日,十五層,六層 陽台 雨遮
RPROMLKMJHGGFBC96DA,3,59.71,本共有部分之項目有公設空間、門廳、防空避難室兼停車空間、停車空間、社區中心、機械室、游泳池及管委會辦公室等共八項,鋼筋混凝土造,106年10月18日,十五層,
RPSOMLKMJHGGFBC07DA,3,61.74,本共有部分之項目有公設空間、門廳、防空避難室兼停車空間、停車空間、社區中心、機械室、游泳池及管委會辦公室等共八項,鋼筋混凝土造,106年10月18日,十五層,
RPROMLKMJHGGFBC96DA,3,20.20,本共有部分之項目有電梯間、樓梯間、蓄水池及水箱等共四項,鋼筋混凝土造,106年10月18日,十五層,
RPSOMLKMJHGGFBC07DA,3,21.28,本共有部分之項目有電梯間、樓梯間、蓄水池及水箱等共四項,鋼筋混凝土造,106年10月18日,十五層,
RPROMLKMJHGGFBC96DA,3,.52,本共有部分之項目有台電配電室共一項,鋼筋混凝土造,106年10月18日,十五層,
RPSOMLKMJHGGFBC07DA,3,.58,本共有部分之項目有台電配電室共一項,鋼筋混凝土造,106年10月18日,十五層,
RPUOMLKMJHGGFBC27DA,3,133.21,集合住宅,鋼筋混凝土造,106年10月18日,十五層,一層 陽台 雨遮
RPUOMLKMJHGGFBC27DA,3,61.74,本共有部分之項目有公設空間、門廳、防空避難室兼停車空間、停車空間、社區中心、機械室、游泳池及管委會辦公室等共八項,鋼筋混凝土造,106年10月18日,十五層,
RPUOMLKMJHGGFBC27DA,3,21.46,本共有部分之項目有電梯間、樓梯間、蓄水池及水箱等共四項,鋼筋混凝土造,106年10月18日,十五層,
RPUOMLKMJHGGFBC27DA,3,.67,本共有部分之項目有台電配電室共一項,鋼筋混凝土造,106年10月18日,十五層,
RPWOMLKMJHGGFBC47DA,3,95.73,集合住宅,鋼筋混凝土造,106年10月18日,十五層,十一層 陽台 雨遮
RPWOMLKMJHGGFBC47DA,3,54.28,本共有部分之項目有公設空間、門廳、防空避難室兼停車空間、停車空間、社區中心、機械室、游泳池及管委會辦公室等共八項,鋼筋混凝土造,106年10月18日,十五層,
RPWOMLKMJHGGFBC47DA,3,24.22,本共有部分之項目有電梯間、樓梯間、蓄水池及水箱等共四項,鋼筋混凝土造,106年10月18日,十五層,
RPWOMLKMJHGGFBC47DA,3,.66,本共有部分之項目有台電配電室共一項,鋼筋混凝土造,106年10月18日,十五層,
RPTOMLKMJHGGFBC17DA,3,77.99,集合住宅,鋼筋混凝土造,106年10月18日,十五層,十三層 陽台 雨遮
RPTOMLKMJHGGFBC17DA,3,77.99,集合住宅,鋼筋混凝土造,106年10月18日,十五層,十三層 陽台 雨遮
RPTOMLKMJHGGFBC17DA,3,33.59,本共有部分之項目有公設空間、門廳、防空避難室兼停車空間、停車空間、社區中心、機械室、游泳池及管委會辦公室等共八項,鋼筋混凝土造,106年10月18日,十五層,
RPTOMLKMJHGGFBC17DA,3,33.59,本共有部分之項目有公設空間、門廳、防空避難室兼停車空間、停車空間、社區中心、機械室、游泳池及管委會辦公室等共八項,鋼筋混凝土造,106年10月18日,十五層,
RPTOMLKMJHGGFBC17DA,3,12.61,本共有部分之項目有電梯間、樓梯間、蓄水池及水箱等共四項,鋼筋混凝土造,106年10月18日,十五層,
RPTOMLKMJHGGFBC17DA,3,12.61,本共有部分之項目有電梯間、樓梯間、蓄水池及水箱等共四項,鋼筋混凝土造,106年10月18日,十五層,
RPTOMLKMJHGGFBC17DA,3,.49,本共有部分之項目有台電配電室共一項,鋼筋混凝土造,106年10月18日,十五層,
RPTOMLKMJHGGFBC17DA,3,.49,本共有部分之項目有台電配電室共一項,鋼筋混凝土造,106年10月18日,十五層,
RPVOMLKMJHGGFBC37DA,3,133.25,集合住宅,鋼筋混凝土造,106年10月18日,十五層,九層 陽台 雨遮
RPVOMLKMJHGGFBC37DA,3,61.74,本共有部分之項目有公設空間、門廳、防空避難室兼停車空間、停車空間、社區中心、機械室、游泳池及管委會辦公室等共八項,鋼筋混凝土造,106年10月18日,十五層,
RPVOMLKMJHGGFBC37DA,3,22.31,本共有部分之項目有電梯間、樓梯間、蓄水池及水箱等共四項,鋼筋混凝土造,106年10月18日,十五層,
RPVOMLKMJHGGFBC37DA,3,.58,本共有部分之項目有台電配電室共一項,鋼筋混凝土造,106年10月18日,十五層,
RPUNMLSJKHGGFBC77DA,22,23.85,住家用,鋼筋混凝土造,88年1月14日,十六層,十一層 陽台
RPUNMLSJKHGGFBC77DA,22,5.76,共用部份,鋼筋混凝土造,88年1月14日,十六層,
RPUNMLSJKHGGFBC77DA,22,.30,共用部份,鋼筋混凝土造,88年1月14日,十六層,
RPUNMLSJKHGGFBC77DA,22,1.37,共用部份,鋼筋混凝土造,88年1月14日,十六層,
RPUNMLSJKHGGFBC77DA,22,.57,共用部份,鋼筋混凝土造,88年1月14日,十六層,
RPUNMLSJKHGGFBC77DA,22,.29,共用部份,鋼筋混凝土造,88年1月14日,十六層,
RPUOMLOJKHGGFCC57DA,,35.45,,,,,
RPXOMLKMJHGGFBC57DA,3,35.48,集合住宅,鋼筋混凝土造,106年10月18日,十五層,十二層 陽台
RPXOMLKMJHGGFBC57DA,3,35.48,集合住宅,鋼筋混凝土造,106年10月18日,十五層,十二層 陽台
RPXOMLKMJHGGFBC57DA,3,6.79,本共有部分之項目有公設空間、門廳、防空避難室兼停車空間、停車空間、社區中心、機械室、游泳池及管委會辦公室等共八項,鋼筋混凝土造,106年10月18日,十五層,
RPXOMLKMJHGGFBC57DA,3,6.79,本共有部分之項目有公設空間、門廳、防空避難室兼停車空間、停車空間、社區中心、機械室、游泳池及管委會辦公室等共八項,鋼筋混凝土造,106年10月18日,十五層,
RPXOMLKMJHGGFBC57DA,3,9.50,本共有部分之項目有電梯間、樓梯間、蓄水池及水箱等共四項,鋼筋混凝土造,106年10月18日,十五層,
RPPNMLTJKHGGFBC47EA,24,86.83,住家用,鋼筋混凝土造,85年11月29日,二十三層,十五層 陽台 花台
RPXOMLKMJHGGFBC57DA,3,9.50,本共有部分之項目有電梯間、樓梯間、蓄水池及水箱等共四項,鋼筋混凝土造,106年10月18日,十五層,
RPPNMLTJKHGGFBC47EA,24,11.93,共用部份,鋼筋混凝土造,85年11月29日,二十三層,
RPXOMLKMJHGGFBC57DA,3,.25,本共有部分之項目有台電配電室共一項,鋼筋混凝土造,106年10月18日,十五層,
RPPNMLTJKHGGFBC47EA,24,4.77,共用部份,鋼筋混凝土造,85年11月29日,二十三層,
RPXOMLKMJHGGFBC57DA,3,.25,本共有部分之項目有台電配電室共一項,鋼筋混凝土造,106年10月18日,十五層,
RPPNMLTJKHGGFBC47EA,24,41.78,共用部份,鋼筋混凝土造,85年11月29日,二十三層,
RPPNMLTJKHGGFBC47EA,24,7.12,共用部份,鋼筋混凝土造,85年11月29日,二十三層,
RPWOMLPJKHGGFCC87DA,38,95.74,住家用,鋼筋混凝土造,72年1月20日,五層,三層 陽台
RPWOMLPJKHGGFCC87DA,38,5.09,共用部份,鋼筋混凝土造,72年1月20日,五層,
RPWNMLSJKHGGFCC08DA,25,29.04,住家用,鋼筋混凝土造,85年1月5日,十一層,五層 陽台
RPWNMLSJKHGGFCC08DA,25,17.04,共用部份,鋼筋混凝土造,85年1月5日,十一層,
RPWNMLSJKHGGFCC08DA,25,.17,共用部份,鋼筋混凝土造,85年1月5日,十一層,
RPWNMLSJKHGGFCC08DA,25,.77,共用部份,鋼筋混凝土造,85年1月5日,十一層,
RPWNMLSJKHGGFCC08DA,25,6.82,共用部份,鋼筋混凝土造,85年1月5日,十一層,
RPVNMLSJKHGGFCC97DA,25,74.24,住家用,鋼筋混凝土造,85年2月17日,十層,五層 陽台 花台
RPVNMLSJKHGGFCC97DA,25,8.73,共用部份,鋼筋混凝土造,85年2月17日,十層,
RPVNMLSJKHGGFCC97DA,25,16.06,共用部份,鋼筋混凝土造,85年2月17日,十層,
RPUOMLMKJHGGFCC37DA,2,100.85,集合住宅,鋼筋混凝土造,108年6月3日,十層,三層 陽台
RPUOMLMKJHGGFCC37DA,2,57.99,本建物共有部分之項目有樓電梯間‧停車空間‧機電設備空間‧水箱‧防空避難室兼停車空間‧梯廳‧大廳‧管委會空間‧汽車昇降機‧樓梯間‧電梯間‧機房等共１２項。,鋼筋混凝土造,108年6月3日,十層,
RPOPMLMKJHGGFCC86DA,2,100.85,集合住宅,鋼筋混凝土造,108年6月3日,十層,七層 陽台
RPUNMLRKKHGGFCC87DA,24,22.87,住家用,鋼筋混凝土造,86年6月23日,九層,六層 陽台
RPOPMLMKJHGGFCC86DA,2,57.99,本建物共有部分之項目有樓電梯間‧停車空間‧機電設備空間‧水箱‧防空避難室兼停車空間‧梯廳‧大廳‧管委會空間‧汽車昇降機‧樓梯間‧電梯間‧機房等共１２項。,鋼筋混凝土造,108年6月3日,十層,
RPUNMLRKKHGGFCC87DA,24,2.92,共用部份,鋼筋混凝土造,86年6月23日,九層,
RPUNMLRKKHGGFCC87DA,24,.64,共用部份,鋼筋混凝土造,86年6月23日,九層,
RPUNMLRKKHGGFCC87DA,24,2.91,共用部份,鋼筋混凝土造,86年6月23日,九層,
RPWOMLMKJHGGFCC57DA,2,100.85,集合住宅,鋼筋混凝土造,108年6月3日,十層,六層 陽台
RPWOMLMKJHGGFCC57DA,2,57.99,本建物共有部分之項目有樓電梯間‧停車空間‧機電設備空間‧水箱‧防空避難室兼停車空間‧梯廳‧大廳‧管委會空間‧汽車昇降機‧樓梯間‧電梯間‧機房等共１２項。,鋼筋混凝土造,108年6月3日,十層,
RPROMLMKJHGGFCC07DA,2,100.85,集合住宅,鋼筋混凝土造,108年6月3日,十層,二層 陽台
RPROMLMKJHGGFCC07DA,2,39.40,本建物共有部分之項目有樓電梯間‧停車空間‧機電設備空間‧水箱‧防空避難室兼停車空間‧梯廳‧大廳‧管委會空間‧汽車昇降機‧樓梯間‧電梯間‧機房等共１２項。,鋼筋混凝土造,108年6月3日,十層,
RPUNMLTJKHGGFCC97DA,5,88.45,集合住宅,鋼筋混凝土造,104年12月28日,十五層,十層 陽台 雨遮
RPUNMLTJKHGGFCC97DA,5,81.64,本共有部分之項目有公共服務空間、管委會使用空間、門廳、梯廳、緊急升降機、進氣管道、排氣管道、排煙室、特別安全梯、行動不便者電梯、機電設備空間、樓梯間、消防水池、自來水箱、台電配電室、發電機室、垃圾儲藏室、垃圾車裝卸空間、機電設備空間（電信使用）、防空避難室兼停車空間、電梯間、停車空間、機電設備空間（污廢水設備）及消防泵浦室等２４項,鋼筋混凝土造,104年12月28日,十五層,
RPVNMLRKKHGGFCC97DA,4,62.66,集合住宅,鋼筋混凝土造,106年4月19日,十三層,三層 陽台 雨遮
RPVNMLRKKHGGFCC97DA,4,56.24,本共有部分之項目有防空避難室兼停車空間‧停車空間‧管委會‧管理室‧樓電梯間‧梯廳‧樓梯間‧機械室‧機房‧水箱‧雨遮等共１１項。,鋼筋混凝土造,106年4月19日,十三層,
RPXNMLSLJHGGFCC28DA,25,75.09,住家用,鋼筋混凝土造,84年8月8日,六層,四層 陽台 花台
RPWNMLSKKHGGFCC18DA,12,99.56,住家用,鋼筋混凝土造,98年6月24日,十二層,四層 陽台
RPXNMLSLJHGGFCC28DA,25,12.22,共用部份,鋼筋混凝土造,84年8月8日,六層,
RPWNMLSKKHGGFCC18DA,12,46.35,共用部份,鋼筋混凝土造,98年6月24日,十四層,
RPXNMLSLJHGGFCC28DA,25,11.92,共用部份,鋼筋混凝土造,84年8月8日,六層,
RPWNMLSKKHGGFCC18DA,12,19.00,共用部份,鋼筋混凝土造,98年6月24日,12,
RPUOMLPJKHGGFCC67DA,1,77.25,集合住宅,鋼筋混凝土造,109年3月31日,十二層,一層 陽台 雨遮
RPUOMLPJKHGGFCC67DA,1,.10,辦公室（廳）,鋼筋混凝土造,109年3月31日,十二層,
RPUOMLPJKHGGFCC67DA,1,23.19,本建物共有部分之項目有樓梯間、梯廳、機房、消防水箱、屋頂水箱、電梯間、電梯機械室、行動不便者專用電梯、汽機車車道、公共服務空間、Ａ棟自來水蓄水池、Ｂ棟自來水蓄水池、機電設備空間、消防泵浦室、防空避難室兼停車空間、電信機房、停車空間、緊急發電機室、台電配電室等共１９項。,鋼筋混凝土造,109年3月31日,十二層,
RPUOMLPJKHGGFCC67DA,1,27.37,本建物共有部分之項目有樓梯間、梯廳、機房、消防水箱、屋頂水箱、電梯間、電梯機械室、行動不便者專用電梯、汽機車車道、公共服務空間、Ａ棟自來水蓄水池、Ｂ棟自來水蓄水池、機電設備空間、消防泵浦室、防空避難室兼停車空間、電信機房、停車空間、緊急發電機室、台電配電室等共１９項。,鋼筋混凝土造,109年3月31日,十二層,
RPRNMLRKKHGGFBC57EA,45,108.00,住家用,加強磚造,65年4月13日,二層,一層 二層 騎樓
RPWNMLPJKHGGFCC77DA,5,.02,辦公室,鋼筋混凝土造,105年1月24日,,地下二層
RPWNMLSLJHGGFBC08DA,43,113.09,住家用,鋼筋混凝土加強磚造,67年6月9日,五層,一層
RPWNMLPJKHGGFCC77DA,5,115.41,集合住宅,鋼筋混凝土造,105年1月24日,十八層,十五層 陽台 雨遮
RPWNMLPJKHGGFCC77DA,5,.00,本共有部分之項目為受水池、安全梯、受水池機房、社區水箱、迴廊等共５項。,鋼筋混凝土造,105年1月24日,二十三層,
RPWNMLPJKHGGFCC77DA,5,1.11,本共有部分之項目為受水池、安全梯、受水池機房、社區水箱、迴廊等共５項。,鋼筋混凝土造,105年1月24日,二十三層,
RPWNMLPJKHGGFCC77DA,5,.01,本共有部分之項目為排煙室、特別安全梯、緊急昇降機、機房、樓梯間、消防水箱、水箱、電梯機房、消防中繼機房、陽台、中繼室、中繼自來水箱、雨遮、中繼消防水箱、消防泵浦室、機電空間、安全梯  、發電機室、電信室、台電配電場所、大廳、行動不便者電梯、電梯  、１Ｆ門廳、２Ｆ門廳、３Ｆ門廳、台電管道間、消防幫浦室、泵浦  、走道、停車空間、配電箱、資源回收區、４Ｆ門廳、廚餘冷藏室、  不可回收垃圾區、緊急升降機、梯廳、電信機房、５Ｆ門廳、防空避難室兼停車空間、台電專用管道、雨水回收區、雨水收集槽、雨水回收及噴灌機房、６Ｆ門廳、游泳池及中庭景觀池機房、消防幫浦機房  、電信機房室、垃圾處理空間、７Ｆ門廳、機車位、社區中心、防災中心、水景機房等共５５項。,鋼筋混凝土造,105年1月24日,二十五層,
RPWNMLPJKHGGFCC77DA,5,63.02,本共有部分之項目為排煙室、特別安全梯、緊急昇降機、機房、樓梯間、消防水箱、水箱、電梯機房、消防中繼機房、陽台、中繼室、中繼自來水箱、雨遮、中繼消防水箱、消防泵浦室、機電空間、安全梯  、發電機室、電信室、台電配電場所、大廳、行動不便者電梯、電梯  、１Ｆ門廳、２Ｆ門廳、３Ｆ門廳、台電管道間、消防幫浦室、泵浦  、走道、停車空間、配電箱、資源回收區、４Ｆ門廳、廚餘冷藏室、  不可回收垃圾區、緊急升降機、梯廳、電信機房、５Ｆ門廳、防空避難室兼停車空間、台電專用管道、雨水回收區、雨水收集槽、雨水回收及噴灌機房、６Ｆ門廳、游泳池及中庭景觀池機房、消防幫浦機房  、電信機房室、垃圾處理空間、７Ｆ門廳、機車位、社區中心、防災中心、水景機房等共５５項。,鋼筋混凝土造,105年1月24日,二十五層,
RPRNMLSKKHGGFCC77EA,39,96.71,商業用,鋼筋混凝土造,70年8月27日,四層,一層 騎樓
RPTNMLTJKHGGFCC97EA,9,91.32,集合住宅,鋼筋混凝土造,101年5月4日,十一層,七層 陽台
RPTNMLTJKHGGFCC97EA,9,65.77,本共有部分之項目有無障礙電梯、門廳、發電機室、汽車坡道、陽台、甲梯、乙梯、樓梯間、機械室、水箱、台電配電室、電錶區、機械室（一）、機械室（二）、機房（電信）、消防泵浦室及防空避難室兼停車空間等１７項,鋼筋混凝土造,101年5月4日,十一層,
RPTNMLTJKHGGFCC97EA,9,4.00,本共有部分之項目有機械室等１項,鋼筋混凝土造,101年5月4日,十一層,
RPOOMLOKJHGGFBC86DA,39,56.43,住家用,鋼筋混凝土造,70年7月20日,四層,二層 陽台
RPSNMLSKKHGGFCC87EA,25,82.11,住家用,鋼筋混凝土造,85年1月4日,十二層,二層 陽台 露台 花台
RPSNMLSKKHGGFCC87EA,25,9.35,共用部份,鋼筋混凝土造,85年1月4日,十二層,
RPSOMLTLJHGGFBC87DA,27,125.98,住家用,鋼筋混凝土造,82年7月17日,五層,二層 陽台
RPSOMLTLJHGGFBC87DA,27,2.19,共用部份,鋼筋混凝土造,82年7月17日,五層,
RPQNMLLJKHGGFBC66DA,24,58.94,住家用,鋼筋混凝土造,85年11月29日,二十三層,十八層 陽台
RPQNMLLJKHGGFBC66DA,24,10.90,共用部份,鋼筋混凝土造,85年11月29日,二十三層,
RPQNMLLJKHGGFBC66DA,24,3.32,共用部份,鋼筋混凝土造,85年11月29日,二十三層,
RPQNMLLJKHGGFBC66DA,24,5.01,共用部份,鋼筋混凝土造,85年11月29日,二十三層,
RPPOMLSKKHGGFBC47DA,41,80.59,住家用,鋼筋混凝土造,68年11月30日,五層,三層
RPXNMLSKKHGGFCC28DA,26,57.74,住家用,鋼筋混凝土造,84年2月28日,六層,二層 陽台 花台
RPXNMLSKKHGGFCC28DA,26,9.00,共用部份,鋼筋混凝土造,84年2月28日,六層,
RPXNMLSKKHGGFBC18DA,26,64.11,住宅（夾層）儲藏室,鋼筋混凝土造,84年6月10日,四層,四層 陽台 夾層
RPXNMLSKKHGGFCC28DA,26,9.63,共用部份,鋼筋混凝土造,84年2月28日,六層,
RPXNMLSKKHGGFBC18DA,26,3.39,共用部份,鋼筋混凝土造,84年6月10日,四層,
RPXNMLSKKHGGFBC18DA,26,.88,共用部份,鋼筋混凝土造,84年6月10日,五層,
RPPNMLSKKHGGFBC47EA,5,.06,一般事務所,鋼筋混凝土造,104年11月16日,五層,二層
RPTNMLRKKHGGFCC77DA,40,72.41,國民住宅,鋼筋混凝土造,69年12月10日,五層,五層
RPPNMLSKKHGGFBC47EA,5,.07,一般事務所,鋼筋混凝土造,104年11月16日,五層,二層
RPPNMLSKKHGGFBC47EA,5,2.10,本共有部分之項目有管委會空間、機電空間、梯廳、安全梯、停車空間、集合住宅附屬社區中心、樓電梯間及陽台等八項,鋼筋混凝土造,104年11月16日,五層,
RPPNMLSKKHGGFBC47EA,5,2.10,本共有部分之項目有管委會空間、機電空間、梯廳、安全梯、停車空間、集合住宅附屬社區中心、樓電梯間及陽台等八項,鋼筋混凝土造,104年11月16日,五層,
RPPNMLSKKHGGFBC47EA,5,302.78,一層：集合住宅、停車空間，二層、三層、四層：集合住宅,鋼筋混凝土造,105年2月5日,四層,一層 二層 三層 四層 陽台
RPPNMLSKKHGGFBC47EA,5,1.31,本共有部分之項目有機房及管理室入口等二項,鋼筋混凝土造,105年2月5日,一層,
RPVNMLQJJHGGFCC67DA,23,72.78,住家用,鋼筋混凝土造,87年5月20日,十一層,四層 陽台
RPVNMLQJJHGGFCC67DA,23,16.15,共用部份,鋼筋混凝土造,87年5月20日,十一層,
RPVNMLQJJHGGFCC67DA,23,19.58,共用部份,鋼筋混凝土造,87年5月20日,十二層,
RPPOMLSKKHGGFCC57DA,39,71.11,住家用,鋼筋混凝土造,70年12月31日,四層,四層
RPXNMLRKKHGGFCC18DA,25,66.35,住家用,鋼筋混凝土造,85年3月19日,十一層,三層 陽台
RPXNMLRKKHGGFCC18DA,25,2.43,共用部份,鋼筋混凝土造,85年3月19日,十一層,
RPXNMLRKKHGGFCC18DA,25,1.02,共用部份,鋼筋混凝土造,85年3月19日,十一層,
RPXNMLRKKHGGFCC18DA,25,6.56,共用部份,鋼筋混凝土造,85年3月19日,十一層,
RPVNMLNJKHGGFCC47DA,24,.86,共用部份,鋼筋混凝土造,86年5月8日,十一層,
RPVNMLNJKHGGFCC47DA,24,39.48,住家用,鋼筋混凝土造,86年5月8日,十一層,四層 陽台 雨遮
RPVNMLNJKHGGFCC47DA,24,9.23,共用部份,鋼筋混凝土造,86年5月8日,十一層,
RPVNMLNJKHGGFCC47DA,24,.44,共用部份,鋼筋混凝土造,86年5月8日,十一層,
RPVNMLNJKHGGFCC47DA,24,20.77,共用部份,鋼筋混凝土造,86年5月8日,十一層,
RPWNMLTKKHGGFCC28DA,38,52.47,住家用,鋼筋混凝土造,71年12月26日,五層,二層 陽台
RPWNMLOJKHGGFCC67DA,4,36.26,集合住宅,鋼筋混凝土造,106年1月19日,七層,五層 陽台
RPWNMLOJKHGGFCC67DA,4,36.26,集合住宅,鋼筋混凝土造,106年1月19日,七層,五層 陽台
RPWNMLOJKHGGFCC67DA,4,.21,管委會使用空間、辦公室,鋼筋混凝土造,106年1月19日,七層,二層
RPWNMLOJKHGGFCC67DA,4,.21,管委會使用空間、辦公室,鋼筋混凝土造,106年1月19日,七層,二層
RPWNMLOJKHGGFCC67DA,4,26.66,本共有部分之項目有大廳．社區中心．停車空間．梯廳．防空避難室兼停車空間．防空避難室．機房等共７項。,鋼筋混凝土造,106年1月19日,七層,
RPWNMLOJKHGGFCC67DA,4,.10,本共有部分之項目有大廳．社區中心．停車空間．梯廳．防空避難室兼停車空間．防空避難室．機房等共７項。,鋼筋混凝土造,106年1月19日,七層,
RPWNMLOJKHGGFCC67DA,4,26.66,本共有部分之項目有大廳．社區中心．停車空間．梯廳．防空避難室兼停車空間．防空避難室．機房等共７項。,鋼筋混凝土造,106年1月19日,七層,
RPWNMLOJKHGGFCC67DA,4,.10,本共有部分之項目有大廳．社區中心．停車空間．梯廳．防空避難室兼停車空間．防空避難室．機房等共７項。,鋼筋混凝土造,106年1月19日,七層,
RPWNMLOJKHGGFCC67DA,4,8.24,本共同部分之項目有樓電梯間．梯廳．梯間．機房．水箱等共５項。,鋼筋混凝土造,106年1月19日,七層,
RPWNMLOJKHGGFCC67DA,4,8.24,本共同部分之項目有樓電梯間．梯廳．梯間．機房．水箱等共５項。,鋼筋混凝土造,106年1月19日,七層,
RPROMLSKKHGGFCC77DA,28,172.27,住家用,鋼筋混凝土造,82年1月7日,十四層,十二層 十三層 陽台 露台 花台
RPROMLSKKHGGFCC77DA,28,20.44,共用部份,鋼筋混凝土造,82年1月7日,十四層,
RPROMLSKKHGGFCC77DA,28,44.00,共用部份,鋼筋混凝土造,82年1月7日,十四層,
RPTOMLRKKHGGFCC87DA,41,78.54,住家用,鋼筋混凝土造,69年1月28日,四層,三層
RPUOMLRKKHGGFCC97DA,24,134.02,住家用,鋼筋混凝土造,85年11月7日,七層,五層 陽台
RPUOMLRKKHGGFCC97DA,24,7.72,共用部份,鋼筋混凝土造,85年11月7日,七層,
RPUOMLRKKHGGFCC97DA,24,37.54,共用部份,鋼筋混凝土造,85年11月7日,七層,
RPUOMLRKKHGGFCC97DA,24,3.72,共用部份,鋼筋混凝土造,85年11月7日,七層,
RPVOMLRKKHGGFBC97DA,37,116.49,住家用,鋼筋混凝土造,72年9月27日,四層,二層 陽台
RPPNMLKKKHGGFBC56DA,33,106.24,住商用,鋼筋混凝土造,76年12月4日,五層,一層 平台 騎樓 夾層
RPPNMLKKKHGGFBC56DA,33,5.23,共用部份,鋼筋混凝土造,76年12月4日,五層,
RPROMLMLKIPFFBC08DA,32,108.79,住家用,鋼筋混凝土造,77年7月6日,五層,四層 陽台
RPROMLMLKIPFFBC08DA,32,7.49,共用部份,鋼筋混凝土造,77年7月6日,五層,
RPUNMLSKKHGGFCC08EA,25,116.89,住家用,鋼筋混凝土造,85年4月29日,五層,三層 陽台
RPUNMLSKKHGGFCC08EA,25,5.11,共用部份,鋼筋混凝土造,85年4月29日,五層,
RPUNMLSKKHGGFCC08EA,25,2.18,共用部份,鋼筋混凝土造,85年4月29日,五層,
RPRNMLKLKHGGFCC07EA,43,77.11,住家用,鋼筋混凝土造,67年7月7日,五層,二層
SPPNMLTKJHGGFCC67EA,35,172.34,住家用,加強磚造,75年3月20日,二層,二層 陽台
RPPNMLTKJHGGFCC57EA,35,155.43,工廠,加強磚造,75年3月20日,二層,一層 騎樓
RPOOMLSKKHGGFBC37DA,,94.77,住家用,木造,20年0月0日,二層,一層 二層 騎樓
RPQOMLSKKHGGFBC57DA,22,57.41,住家用,鋼筋混凝土造,88年1月14日,十六層,九層 陽台
RPQOMLSKKHGGFBC57DA,22,10.05,共用部份,鋼筋混凝土造,88年1月14日,十六層,
RPQOMLSKKHGGFBC57DA,22,4.42,共用部份,鋼筋混凝土造,88年1月14日,十六層,
RPQOMLSKKHGGFBC57DA,22,1.46,共用部份,鋼筋混凝土造,88年1月14日,十六層,
RPQOMLSKKHGGFBC57DA,22,.69,共用部份,鋼筋混凝土造,88年1月14日,十六層,
RPQOMLQLJHGGFBC37DA,25,36.65,住家用,鋼筋混凝土造,85年4月26日,十六層,三層 陽台
RPQOMLQLJHGGFBC37DA,25,6.48,共用部份,鋼筋混凝土造,85年4月26日,十六層,
RPQOMLQLJHGGFBC37DA,25,3.95,共用部份,鋼筋混凝土造,85年4月26日,十六層,
RPQOMLQLJHGGFBC37DA,25,35.41,共用部份,鋼筋混凝土造,85年4月26日,十六層,
RPWNMLTKKHGGFBC18DA,,87.30,住家用,加強磚造,,二層,一層 二層
RPPOMLTKKHGGFCC67DA,26,97.76,住家用,鋼筋混凝土造,84年5月12日,五層,二層 陽台
RPPOMLTKKHGGFCC67DA,26,17.97,共用部份,鋼筋混凝土造,84年5月12日,五層,
RPVNMLKLKHGGFCC37DA,25,28.20,住家用,鋼筋混凝土造,84年8月1日,十二層,五層 陽台
RPVNMLTKKHGGFCC18DA,26,84.57,商業用,鋼筋混凝土造,83年11月18日,九層,二層 陽台 花台
RPVNMLKLKHGGFCC37DA,25,28.20,住家用,鋼筋混凝土造,84年8月1日,十二層,五層 陽台
RPVNMLTKKHGGFCC18DA,26,12.04,共用部份,鋼筋混凝土造,83年11月18日,九層,
RPVNMLKLKHGGFCC37DA,25,5.02,共用部份,鋼筋混凝土造,84年8月1日,十二層,
RPVNMLKLKHGGFCC37DA,25,5.02,共用部份,鋼筋混凝土造,84年8月1日,十二層,
RPVNMLKLKHGGFCC37DA,25,1.34,共用部份,鋼筋混凝土造,84年8月1日,十二層,
RPVNMLKLKHGGFCC37DA,25,1.34,共用部份,鋼筋混凝土造,84年8月1日,十二層,
RPUOMLSKKHGGFCC08DA,22,.07,住家用,鋼筋混凝土造,88年6月11日,一層,
RPUOMLSKKHGGFCC08DA,22,.07,住家用,鋼筋混凝土造,88年6月11日,一層,
RPUOMLSKKHGGFCC08DA,22,.00,共用部份,鋼筋混凝土造,88年6月11日,九層,
RPUOMLSKKHGGFCC08DA,22,.00,共用部份,鋼筋混凝土造,88年6月11日,九層,
RPUOMLSKKHGGFCC08DA,22,.39,共用部份,鋼筋混凝土造,88年6月11日,五層,
RPUOMLSKKHGGFCC08DA,22,.39,共用部份,鋼筋混凝土造,88年6月11日,五層,
RPUOMLSKKHGGFCC08DA,22,.01,共用部份,鋼筋混凝土造,88年6月11日,五層,
RPUOMLSKKHGGFCC08DA,22,.01,共用部份,鋼筋混凝土造,88年6月11日,五層,
RPUOMLSKKHGGFCC08DA,21,206.49,一層：機房　第一至四層：鄉村住宅　地下層：停車場,鋼筋混凝土造,88年8月12日,四層,一層 二層 三層 四層 陽台 水箱 露台 雨遮 地下層
RPROMLRLJHGGFCC67DA,31,3.74,共用部份,鋼筋混凝土造,79年4月19日,五層,
RPROMLRLJHGGFCC67DA,31,58.21,住家用,鋼筋混凝土造,79年4月19日,五層,二層 陽台
RPUOMLLJKHGGFCC27DA,17,173.78,住家用,鋼筋混凝土造,93年5月12日,四層,二層 三層 四層 陽台 屋頂突出物 雨遮 見其他登記事項
RPUOMLLJKHGGFCC27DA,17,51.18,共用部份,鋼筋混凝土造,93年5月12日,四層,
RPUOMLLJKHGGFCC27DA,17,23.18,共用部份,鋼筋混凝土造,93年5月12日,四層,
RPPOMLPJKHGGFCC17DA,8,51.87,集合住宅,鋼筋混凝土造,102年3月29日,十二層,三層 陽台 雨遮
RPPOMLPJKHGGFCC17DA,8,21.89,本共有部分之項目有安全梯、電梯、供行動不便者使用電梯、門廳、梯廳、公共服務空間、陽台、出入口雨遮、排風、男廁、女廁、消防水箱、供管委會使用空間、機房、水錶、電錶室、受電箱室、電錶間、水電、台電配電室、污水、進風、發電機室、泳池機房、電信機房、垃圾儲存空間、受電箱通道、防空避難室兼停車空間、獎勵停車位、法定停車位、變電室、消防泵浦室及停車空間等３３項,鋼筋混凝土造,102年3月29日,十三層,
RPRNMLLMJHGGFCC07DA,28,115.23,住家用,鋼筋混凝土造,82年1月7日,十四層,十二層 陽台
RPRNMLLMJHGGFCC07DA,28,12.36,共用部份,鋼筋混凝土造,82年1月7日,十四層,
RPRNMLLMJHGGFCC07DA,28,44.00,共用部份,鋼筋混凝土造,82年1月7日,十四層,
RPVOMLQLJHGGFCC97DA,26,150.96,商業用,鋼筋混凝土造,83年11月18日,九層,一層 平台 花台 地下層
RPVOMLQLJHGGFCC97DA,26,20.89,共用部份,鋼筋混凝土造,83年11月18日,九層,
RPOOMLMLKHGGFCC96DA,26,77.97,住家用,鋼筋混凝土造,84年1月17日,五層,一層 平台
RPOOMLMLKHGGFCC96DA,26,13.42,共用部份,鋼筋混凝土造,84年1月17日,五層,
RPOOMLMLKHGGFCC96DA,26,2.91,壹層：辦公室．超級市場；貳層至肆層：辦公室,鋼筋混凝土造,84年1月17日,四層,一層 二層 三層 四層 陽台 水箱 電梯樓梯間 停車場 機械房 露台 地下二層
RPVNMLKLKHGGFBC27DA,26,188.36,住家用,鋼筋混凝土造,83年11月8日,十層,十層 陽台
RPVNMLKLKHGGFBC27DA,26,11.05,共用部份,鋼筋混凝土造,83年11月8日,十層,
RPUNMLKLKHGGFCC27DA,25,62.13,住家用,鋼筋混凝土造,84年8月8日,六層,三層 陽台 花台
RPUNMLKLKHGGFCC27DA,25,68.36,住家用,鋼筋混凝土造,84年8月8日,六層,三層 陽台 花台
RPUNMLKLKHGGFCC27DA,25,10.28,共用部份,鋼筋混凝土造,84年8月8日,六層,
RPUNMLKLKHGGFCC27DA,25,11.71,共用部份,鋼筋混凝土造,84年8月8日,六層,
RPUNMLKLKHGGFCC27DA,25,8.78,共用部份,鋼筋混凝土造,84年8月8日,六層,
RPUNMLKLKHGGFCC27DA,25,10.00,共用部份,鋼筋混凝土造,84年8月8日,六層,
RPWNMLKLKHGGFBC37DA,24,92.95,集合住宅,鋼筋混凝土造,86年6月30日,十四層,五層 陽台
RPWNMLKLKHGGFBC37DA,24,15.06,共用部份,鋼筋混凝土造,86年6月30日,十四層,
RPWNMLKLKHGGFBC37DA,24,31.25,共用部份,鋼筋混凝土造,86年6月30日,十四層,
RPWNMLKLKHGGFCC47DA,43,59.15,住家用,鋼筋混凝土造,66年5月20日,四層,一層
RPWNMLMLKHGGFBC57DA,42,61.77,住家用,鋼筋混凝土造,68年4月25日,五層,五層
RPPOMLRLJHGGFBC37DA,24,24.03,住家用,鋼筋混凝土造,85年11月29日,二十三層,七層 陽台
RPPOMLRLJHGGFBC37DA,24,3.89,共用部份,鋼筋混凝土造,85年11月29日,二十三層,
RPPOMLRLJHGGFBC37DA,24,1.34,共用部份,鋼筋混凝土造,85年11月29日,二十三層,
RPPOMLRLJHGGFBC37DA,24,1.79,共用部份,鋼筋混凝土造,85年11月29日,二十三層,
RPROMLTKKHGGFCC87DA,24,14.95,共用部份,鋼筋混凝土造,86年1月25日,十二層,
RPROMLMLJHGGFBC07DA,24,90.53,集合住宅,鋼筋混凝土造,85年9月18日,十層,十層 陽台
RPROMLMLJHGGFBC07DA,24,31.69,本共有部分之項目有防空避難室兼停車場、汽車昇降機、機房、水箱、變電室、門廳、停車空間、樓梯間、電梯間及騎樓〈人行道〉等十項,鋼筋混凝土造,85年9月18日,十層,
RPSNMLKLKHGGFCC07DA,15,186.28,住家用,鋼筋混凝土造,94年11月21日,四層,一層 二層 三層 四層 陽台 雨遮 地下一層
RPSNMLKLKHGGFCC07DA,15,.23,管理員室,鋼筋混凝土造,94年11月21日,一層,一層
RPSNMLKLKHGGFCC07DA,15,15.84,共用部份,鋼筋混凝土造,94年11月21日,五層,
RPSNMLKLKHGGFCC07DA,15,43.85,共用部份,鋼筋混凝土造,94年11月21日,四層,
RPVNMLLLJHGGFBC27DA,24,123.73,集合住宅,鋼筋混凝土造,85年9月18日,十層,七層 陽台
RPVNMLLLJHGGFBC27DA,24,53.95,本共有部分之項目有防空避難室兼停車場、汽車昇降機、機房、水箱、變電室、門廳、停車空間、樓梯間、電梯間及騎樓〈人行道〉等十項,鋼筋混凝土造,85年9月18日,十層,
RPTNMLMLKHGGFCC47EA,26,142.29,住家用,鋼筋混凝土造,84年2月8日,十四層,十一層 陽台 雨遮
RPTNMLMLKHGGFCC47EA,26,73.53,停車場．設備室,鋼筋混凝土造,84年2月8日,十五層,地下一層 地下二層
RPTNMLMLKHGGFCC47EA,26,27.37,共用部份,鋼筋混凝土造,84年2月8日,十五層,
RPPNMLMLKHGGFCC07EA,2,95.84,集合住宅,鋼筋混凝土造,108年2月13日,十一層,六層 陽台
RPPNMLMLKHGGFCC07EA,2,20.84,本建物共有部分之項目有消防幫浦室‧地下室排氣口‧樓電梯間‧梯廳‧電信室‧自來水箱‧汙水設備室‧發電機室‧滯洪沉砂池‧機車位‧管委會空間‧垃圾儲藏室‧資源回收區排風管道‧台電配電室‧用戶配電室‧等共１６項。,鋼筋混凝土造,108年2月13日,十一層,
RPPNMLMLKHGGFCC07EA,2,43.44,本建物共有部分之項目有防空避難室兼停車空間‧停車空間等共２項。,鋼筋混凝土造,108年2月13日,十一層,
RPPNMLMLKHGGFCC07EA,2,19.88,本建物共有部分之項目有樓電梯間‧梯廳‧樓梯間‧機房‧水箱等共５項。,鋼筋混凝土造,108年2月13日,十一層,
RPPNMLTKKHGGFBC47DA,39,87.78,住家用,加強磚造,70年12月30日,二層,一層 二層 陽台 平台
RPOOMLTLJHGGFBC47DA,2,401.50,地下一層：停車空間、一至二層：集合住宅、突出物一層：樓梯間,鋼筋混凝土造,108年2月12日,十四層,一層 二層 陽台 地下一層 見其他登記事項
RPOOMLTLJHGGFBC47DA,2,6.22,本共有部分之項目有車道、住宅門廳、排煙室兼梯廳、樓電梯間、陽台、防空避難室兼停車空間、受電箱、安全梯、台電配電場所、電信室、機房、儲藏室、機械設備室、機械室、排煙室、樓梯間、貯藏室、管委會使用空間、門廳及住宅挑高門廳等二十項,鋼筋混凝土造,108年2月12日,十四層,
RPROMLPLJHGGFBC37DA,24,76.76,住家用,鋼筋混凝土造,85年11月29日,二十三層,六層 陽台 花台
RPROMLPLJHGGFBC37DA,24,10.41,共用部份,鋼筋混凝土造,85年11月29日,二十三層,
RPROMLPLJHGGFBC37DA,24,4.02,共用部份,鋼筋混凝土造,85年11月29日,二十三層,
RPROMLPLJHGGFBC37DA,24,44.12,增設停車位,鋼筋混凝土造,85年11月29日,二十三層,地下一層
RPROMLPLJHGGFBC37DA,24,6.25,共用部份,鋼筋混凝土造,85年11月29日,二十三層,
RPTNMLNLKHGGFBC37DA,13,40.70,住家用,鋼骨鋼筋混凝土造,97年2月4日,三十一層,十四層 陽台
RPTNMLNLKHGGFBC37DA,13,8.63,共用部份,鋼骨鋼筋混凝土造,97年2月4日,三十一層,
RPTNMLNLKHGGFBC37DA,13,8.26,共用部份,鋼骨鋼筋混凝土造,97年2月4日,三十一層,
RPVNMLMLKHGGFBC47DA,47,58.91,住家用,鋼筋混凝土加強磚造,63年5月21日,四層,四層 陽台 露台
RPUPMLNLKHGGFBC67DA,26,92.05,住家用,鋼筋混凝土造,83年12月22日,十層,九層 陽台 見其他登記事項
RPUPMLNLKHGGFBC67DA,26,17.30,共用部份,鋼筋混凝土造,83年12月22日,十層,
RPUOMLTKKHGGFBC08DA,12,.02,住家用,鋼筋混凝土造,97年12月26日,六層,六層 陽台
RPUOMLTKKHGGFBC08DA,12,.76,共用部份,鋼筋混凝土造,97年12月26日,六層,
RPOOMLRJJHGGFBC07DA,36,110.03,住家用,鋼筋混凝土造,74年1月26日,四層,二層 陽台
RPUOMLTKKHGGFBC08DA,12,.00,住家用,鋼筋混凝土造,98年2月9日,六層,一層
RPUOMLTKKHGGFBC08DA,12,.03,共用部份,鋼筋混凝土造,98年2月9日,六層,
RPUOMLTKKHGGFBC08DA,12,1.41,共用部份,鋼筋混凝土造,98年2月9日,六層,
RPUOMLTKKHGGFBC08DA,12,.01,一般事務所,鋼筋混凝土造,98年2月9日,六層,地下一層
RPUOMLTKKHGGFBC08DA,12,96.58,住家用,鋼筋混凝土造,98年2月9日,六層,五層 陽台 雨遮
RPTNMLKLKHGGFCC17DA,37,93.51,住家用,鋼筋混凝土造,73年1月27日,四層,四層 陽台
RPUOMLTKKHGGFBC08DA,12,.14,住家用,鋼筋混凝土造,98年2月9日,六層,一層
RPUOMLTKKHGGFBC08DA,12,11.86,共用部份,鋼筋混凝土造,98年2月9日,六層,
RPTNMLKLKHGGFCC17DA,37,5.12,共用部份,鋼筋混凝土造,73年1月27日,四層,
RPUOMLTKKHGGFBC08DA,12,.00,共用部份,鋼筋混凝土造,98年2月9日,六層,
RPUOMLTKKHGGFBC08DA,12,.10,共用部份,鋼筋混凝土造,98年2月9日,六層,
RPUOMLTKKHGGFBC08DA,12,20.28,共用部份,鋼筋混凝土造,98年2月9日,六層,
RPUOMLTKKHGGFBC08DA,12,.00,共用部份,鋼筋混凝土造,98年2月9日,六層,
RPUOMLTKKHGGFBC08DA,12,23.96,共用部份,鋼筋混凝土造,98年2月9日,六層,
RPVNMLMLKHGGFCC57DA,25,89.64,住家用,鋼筋混凝土造,85年2月17日,十層,九層 陽台 花台
RPVNMLMLKHGGFCC57DA,25,12.05,共用部份,鋼筋混凝土造,85年2月17日,十層,
RPVNMLMLKHGGFCC57DA,25,19.82,共用部份,鋼筋混凝土造,85年2月17日,十層,
RPPOMLKLKHGGFCC86DA,5,.01,辦公室,鋼筋混凝土造,105年1月24日,,地下二層
RPPOMLKLKHGGFCC86DA,5,76.21,集合住宅,鋼筋混凝土造,105年1月24日,二十五層,十五層 陽台 雨遮
RPPOMLKLKHGGFCC86DA,5,.00,本共有部分之項目為受水池、安全梯、受水池機房、社區水箱、迴廊等共５項。,鋼筋混凝土造,105年1月24日,二十三層,
RPPOMLKLKHGGFCC86DA,5,.73,本共有部分之項目為受水池、安全梯、受水池機房、社區水箱、迴廊等共５項。,鋼筋混凝土造,105年1月24日,二十三層,
RPPOMLKLKHGGFCC86DA,5,.01,本共有部分之項目為排煙室、特別安全梯、緊急昇降機、機房、樓梯間、消防水箱、水箱、電梯機房、消防中繼機房、陽台、中繼室、中繼自來水箱、雨遮、中繼消防水箱、消防泵浦室、機電空間、安全梯  、發電機室、電信室、台電配電場所、大廳、行動不便者電梯、電梯  、１Ｆ門廳、２Ｆ門廳、３Ｆ門廳、台電管道間、消防幫浦室、泵浦  、走道、停車空間、配電箱、資源回收區、４Ｆ門廳、廚餘冷藏室、  不可回收垃圾區、緊急升降機、梯廳、電信機房、５Ｆ門廳、防空避難室兼停車空間、台電專用管道、雨水回收區、雨水收集槽、雨水回收及噴灌機房、６Ｆ門廳、游泳池及中庭景觀池機房、消防幫浦機房  、電信機房室、垃圾處理空間、７Ｆ門廳、機車位、社區中心、防災中心、水景機房等共５５項。,鋼筋混凝土造,105年1月24日,二十五層,
RPPOMLKLKHGGFCC86DA,5,47.00,本共有部分之項目為排煙室、特別安全梯、緊急昇降機、機房、樓梯間、消防水箱、水箱、電梯機房、消防中繼機房、陽台、中繼室、中繼自來水箱、雨遮、中繼消防水箱、消防泵浦室、機電空間、安全梯  、發電機室、電信室、台電配電場所、大廳、行動不便者電梯、電梯  、１Ｆ門廳、２Ｆ門廳、３Ｆ門廳、台電管道間、消防幫浦室、泵浦  、走道、停車空間、配電箱、資源回收區、４Ｆ門廳、廚餘冷藏室、  不可回收垃圾區、緊急升降機、梯廳、電信機房、５Ｆ門廳、防空避難室兼停車空間、台電專用管道、雨水回收區、雨水收集槽、雨水回收及噴灌機房、６Ｆ門廳、游泳池及中庭景觀池機房、消防幫浦機房  、電信機房室、垃圾處理空間、７Ｆ門廳、機車位、社區中心、防災中心、水景機房等共５５項。,鋼筋混凝土造,105年1月24日,二十五層,
RPROMLNLKHGGFCC37DA,12,111.95,集合住宅,鋼筋混凝土造,98年7月16日,十一層,九層 陽台
RPWNMLMLKHGGFCC67DA,25,79.78,住家用,鋼筋混凝土造,85年2月16日,七層,七層 陽台
RPROMLNLKHGGFCC37DA,12,71.52,本共有部分之項目有防空避難室兼停車空間、機房、地下停車場、社區活動中心、警衛室及樓電梯間等六項,鋼筋混凝土造,98年7月16日,十一層,
RPWNMLMLKHGGFCC67DA,25,14.83,共用部份,鋼筋混凝土造,85年2月16日,七層,
RPOOMLNLKHGGFCC07DA,23,60.32,住家用,鋼筋混凝土造,86年12月2日,十二層,十二層 陽台 花台
RPOOMLNLKHGGFCC07DA,23,13.71,共用部份,鋼筋混凝土造,86年12月2日,十二層,
RPOOMLNLKHGGFCC07DA,23,7.14,共用部份,鋼筋混凝土造,86年12月2日,十二層,
RPXNMLMLKHGGFCC77DA,5,46.91,集合住宅,鋼筋混凝土造,104年12月28日,十五層,十層 陽台 雨遮
RPXNMLMLKHGGFCC77DA,5,60.51,本共有部分之項目有公共服務空間、管委會使用空間、門廳、梯廳、緊急升降機、進氣管道、排氣管道、排煙室、特別安全梯、行動不便者電梯、機電設備空間、樓梯間、消防水池、自來水箱、台電配電室、發電機室、垃圾儲藏室、垃圾車裝卸空間、機電設備空間（電信使用）、防空避難室兼停車空間、電梯間、停車空間、機電設備空間（污廢水設備）及消防泵浦室等２４項,鋼筋混凝土造,104年12月28日,十五層,
RPVNMLNLKHGGFCC67DA,28,2.58,共用部份,鋼筋混凝土造,82年1月11日,十二層,
RPVNMLNLKHGGFCC67DA,28,6.16,共用部份,鋼筋混凝土造,82年1月11日,十二層,
RPVNMLNLKHGGFCC67DA,28,1.33,商業用,鋼筋混凝土造,82年1月11日,十二層,地下一層
RPVNMLNLKHGGFCC67DA,28,1.33,防空避難室,鋼筋混凝土造,82年1月11日,十二層,地下二層
RPVNMLNLKHGGFCC67DA,28,33.00,住家用,鋼筋混凝土造,82年1月11日,十二層,八層 陽台
RPVNMLNLKHGGFCC67DA,28,2.75,共用部份,鋼筋混凝土造,82年1月11日,十二層,
RPVNMLPLJHGGFCC77DA,25,97.42,住家用,鋼筋混凝土造,84年7月1日,十二層,九層 陽台
RPVNMLPLJHGGFCC77DA,25,25.12,共用部份,鋼筋混凝土造,84年7月1日,十二層,
RPVNMLPLJHGGFCC77DA,25,12.48,共用部份,鋼筋混凝土造,84年7月1日,十二層,
RPTOMLNLKHGGFCC57DA,43,72.19,住家用,鋼筋混凝土加強磚造,67年1月19日,四層,四層 陽台
RPPNMLMLKHGGFBC96EA,37,24.93,住家用,鋼筋混凝土造,72年12月14日,三層,一層 二層 三層 陽台 防空避難室 地下一層
RPVNMLLJKHGGFCC27DA,25,90.43,住家用,鋼筋混凝土造,85年3月22日,七層,七層 陽台
RPVNMLLJKHGGFCC27DA,25,5.47,共用部份,鋼筋混凝土造,85年3月22日,七層,
RPVNMLLJKHGGFCC27DA,25,14.14,共用部份,鋼筋混凝土造,85年3月22日,七層,
RPTNMLMLKHGGFBC37EA,,82.28,商業用,鋼筋混凝土加強磚造,,四層,四層
RPTNMLOLKHGGFCC57DA,35,69.36,住家用,鋼筋混凝土造,75年7月15日,五層,三層 陽台
RPTNMLOLKHGGFCC57DA,35,10.64,共用部份,鋼筋混凝土造,75年7月15日,五層,
RPPOMLOJKHGGFCC07DA,31,89.39,住家用,鋼筋混凝土造,79年3月19日,五層,五層 陽台
RPPOMLOJKHGGFCC07DA,31,5.19,共用部份,鋼筋混凝土造,79年3月19日,五層,
RPQOMLNLKHGGFCC27DA,,73.46,住家用,磚造,,二層,一層 二層
RPWOMLNLKHGGFBC77DA,24,24.03,住家用,鋼筋混凝土造,85年11月29日,二十三層,三層 陽台
RPQOMLNLKHGGFCC27DA,52,94.41,住家用,加強磚造,57年10月30日,二層,一層 二層
RPWOMLNLKHGGFBC77DA,24,3.89,共用部份,鋼筋混凝土造,85年11月29日,二十三層,
RPWOMLNLKHGGFBC77DA,24,1.57,共用部份,鋼筋混凝土造,85年11月29日,二十三層,
RPWOMLNLKHGGFBC77DA,24,1.79,共用部份,鋼筋混凝土造,85年11月29日,二十三層,
RPQPMLNLKHGGFBC27DA,35,91.53,住商用,鋼筋混凝土造,75年1月16日,五層,一層 騎樓
RPTNMLOLKHGGFBC47DA,34,77.95,集合住宅,鋼筋混凝土造,75年12月20日,五層,三層 陽台
RPXNMLMLKHGGFBC77EA,23,90.99,住家用,鋼筋混凝土造,86年11月21日,十八層,十三層 陽台
RPXNMLMLKHGGFBC77EA,23,12.71,共用部份,鋼筋混凝土造,86年11月21日,十八層,
RPXNMLMLKHGGFBC77EA,23,8.10,共用部份,鋼筋混凝土造,86年11月21日,二十一層,
RPPPMLNLKHGGFBC17DA,26,40.94,商業用,鋼筋混凝土造,84年5月25日,七層,地下一層
RPXNMLMLKHGGFBC77EA,23,34.17,共用部份,鋼筋混凝土造,86年11月21日,二十一層,
RPPPMLNLKHGGFBC17DA,26,6.44,共用部份,鋼筋混凝土造,84年5月25日,七層,
RPPPMLNLKHGGFBC17DA,26,107.93,住家用,鋼筋混凝土造,84年5月25日,七層,五層 陽台
RPPPMLNLKHGGFBC17DA,26,20.92,共用部份,鋼筋混凝土造,84年5月25日,七層,
RPTOMLNLKHGGFBC47DA,1,65.87,集合住宅,鋼筋混凝土造,109年5月13日,9,八層 陽台 雨遮
RPTOMLNLKHGGFBC47DA,1,12.68,本共有部分之項目有電梯間、樓電梯間、梯廳、樓梯間、電梯機房及水箱等六項,鋼筋混凝土造,109年5月13日,九層,
RPTOMLNLKHGGFBC47DA,1,53.37,本共有部分之項目有樓梯間、幫浦室、水箱、管理員室、管委會使用空間、排風機、停車空間、景觀機房、資源回收室、安全梯、電梯間、配電室、車道、防空避難室兼停車空間、消防泵浦室、機車停車空間、緊急發電機室、陽台、電信室、走道及受電箱區等二十一項,鋼筋混凝土造,109年5月13日,九層,
RPROMLTKKHGGFBC77DA,26,75.41,住家用,鋼筋混凝土造,84年5月25日,七層,六層 陽台
RPROMLTKKHGGFBC77DA,26,5.75,共用部份,鋼筋混凝土造,84年5月25日,七層,
RPPOMLTKKHGGFBC57DA,1,134.73,集合住宅,鋼筋混凝土造,108年12月6日,七層,五層 六層 七層 陽台
RPPOMLTKKHGGFBC57DA,1,97.23,本共有部分之項目有防空避難室兼停車空間、機房、發電機室、垃圾儲藏室、停車空間、管委會使用空間、台電配電場、樓梯間、機械室、水箱及樓電梯間等十一項,鋼筋混凝土造,108年12月6日,七層,
RPPOMLOLKHGGFBC17DA,48,45.52,住家用,鋼筋混凝土加強磚造,62年6月1日,四層,三層
RPSNMLOLKHGGFBC37DA,45,44.71,住家用,鋼筋混凝土加強磚造,65年3月20日,四層,二層
RPQPMLNLKHGGFCC37DA,43,70.85,住家用,加強磚造,67年5月18日,二層,二層
RPUOMLNLKHGGFCC67DA,1,47.90,集合住宅,鋼筋混凝土造,109年4月6日,十五層,十四層 陽台 雨遮
RPUOMLNLKHGGFCC67DA,1,47.90,集合住宅,鋼筋混凝土造,109年4月6日,十五層,十四層 陽台 雨遮
RPUOMLNLKHGGFCC67DA,1,40.48,本建物共有部分之項目有停車空間、公共服務空間、防空避難室兼停車空間、樓電梯間、梯廳、樓梯間、水箱、陽台等共８項。,鋼筋混凝土造,109年4月6日,十五層,
RPUOMLNLKHGGFCC67DA,1,40.48,本建物共有部分之項目有停車空間、公共服務空間、防空避難室兼停車空間、樓電梯間、梯廳、樓梯間、水箱、陽台等共８項。,鋼筋混凝土造,109年4月6日,十五層,
RPSOMLOLKHGGFBC47DA,12,75.98,住家用,鋼筋混凝土造,97年12月26日,六層,一層 陽台 雨遮
RPSOMLOLKHGGFBC47DA,12,.02,住家用,鋼筋混凝土造,97年12月26日,六層,六層 陽台
RPSOMLOLKHGGFBC47DA,12,12.72,共用部份,鋼筋混凝土造,97年12月26日,六層,
RPSOMLOLKHGGFBC47DA,12,.76,共用部份,鋼筋混凝土造,97年12月26日,六層,
RPSOMLOLKHGGFBC47DA,12,13.65,共用部份,鋼筋混凝土造,97年12月26日,六層,
RPSOMLOLKHGGFBC47DA,12,.01,一般事務所,鋼筋混凝土造,98年2月9日,六層,地下一層
RPSOMLOLKHGGFBC47DA,12,.10,共用部份,鋼筋混凝土造,98年2月9日,六層,
RPPOMLNLKHGGFCC17DA,46,65.07,住家用,鋼筋混凝土加強磚造,63年8月13日,四層,四層
RPXOMLNLKHGGFCC97DA,1,.05,辦公室（廳）,鋼筋混凝土造,109年3月31日,十二層,一層
RPXOMLNLKHGGFCC97DA,1,.05,辦公室（廳）,鋼筋混凝土造,109年3月31日,十二層,一層
RPXOMLNLKHGGFCC97DA,1,62.22,集合住宅,鋼筋混凝土造,109年3月31日,十二層,二層 陽台 雨遮
RPXOMLNLKHGGFCC97DA,1,62.22,集合住宅,鋼筋混凝土造,109年3月31日,十二層,二層 陽台 雨遮
RPXOMLNLKHGGFCC97DA,1,9.67,本建物共有部分之項目有樓梯間、梯廳、行動不便者專用電梯等共３項。,鋼筋混凝土造,109年3月31日,十二層,
RPXOMLNLKHGGFCC97DA,1,9.67,本建物共有部分之項目有樓梯間、梯廳、行動不便者專用電梯等共３項。,鋼筋混凝土造,109年3月31日,十二層,
RPXOMLNLKHGGFCC97DA,1,13.68,本建物共有部分之項目有樓梯間、梯廳、機房、消防水箱、屋頂水箱、電梯間、電梯機械室、行動不便者專用電梯、汽機車車道、公共服務空間、Ａ棟自來水蓄水池、Ｂ棟自來水蓄水池、機電設備空間、消防泵浦室、防空避難室兼停車空間、電信機房、停車空間、緊急發電機室、台電配電室等共１９項。,鋼筋混凝土造,109年3月31日,十二層,
RPXOMLNLKHGGFCC97DA,1,13.68,本建物共有部分之項目有樓梯間、梯廳、機房、消防水箱、屋頂水箱、電梯間、電梯機械室、行動不便者專用電梯、汽機車車道、公共服務空間、Ａ棟自來水蓄水池、Ｂ棟自來水蓄水池、機電設備空間、消防泵浦室、防空避難室兼停車空間、電信機房、停車空間、緊急發電機室、台電配電室等共１９項。,鋼筋混凝土造,109年3月31日,十二層,
RPXOMLNLKHGGFCC97DA,1,17.87,本建物共有部分之項目有樓梯間、梯廳、機房、消防水箱、屋頂水箱、電梯間、電梯機械室、行動不便者專用電梯、汽機車車道、公共服務空間、Ａ棟自來水蓄水池、Ｂ棟自來水蓄水池、機電設備空間、消防泵浦室、防空避難室兼停車空間、電信機房、停車空間、緊急發電機室、台電配電室等共１９項。,鋼筋混凝土造,109年3月31日,十二層,
RPXOMLNLKHGGFCC97DA,1,17.87,本建物共有部分之項目有樓梯間、梯廳、機房、消防水箱、屋頂水箱、電梯間、電梯機械室、行動不便者專用電梯、汽機車車道、公共服務空間、Ａ棟自來水蓄水池、Ｂ棟自來水蓄水池、機電設備空間、消防泵浦室、防空避難室兼停車空間、電信機房、停車空間、緊急發電機室、台電配電室等共１９項。,鋼筋混凝土造,109年3月31日,十二層,
RPOPMLNLKHGGFCC17DA,1,.10,辦公室（廳）,鋼筋混凝土造,109年3月31日,十二層,一層
RPOPMLNLKHGGFCC17DA,1,124.43,集合住宅,鋼筋混凝土造,109年3月31日,十二層,五層 陽台 雨遮
RPOPMLNLKHGGFCC17DA,1,19.34,本建物共有部分之項目有樓梯間、梯廳、行動不便者專用電梯等共３項。,鋼筋混凝土造,109年3月31日,十二層,
RPOPMLNLKHGGFCC17DA,1,27.37,本建物共有部分之項目有樓梯間、梯廳、機房、消防水箱、屋頂水箱、電梯間、電梯機械室、行動不便者專用電梯、汽機車車道、公共服務空間、Ａ棟自來水蓄水池、Ｂ棟自來水蓄水池、機電設備空間、消防泵浦室、防空避難室兼停車空間、電信機房、停車空間、緊急發電機室、台電配電室等共１９項。,鋼筋混凝土造,109年3月31日,十二層,
RPOPMLNLKHGGFCC17DA,1,35.73,本建物共有部分之項目有樓梯間、梯廳、機房、消防水箱、屋頂水箱、電梯間、電梯機械室、行動不便者專用電梯、汽機車車道、公共服務空間、Ａ棟自來水蓄水池、Ｂ棟自來水蓄水池、機電設備空間、消防泵浦室、防空避難室兼停車空間、電信機房、停車空間、緊急發電機室、台電配電室等共１９項。,鋼筋混凝土造,109年3月31日,十二層,
RPUNMLNLKHGGFCC57DA,41,59.90,住家用,鋼筋混凝土造,68年12月21日,四層,三層
RPPOMLMLKHGGFCC07DA,45,76.73,住家用,鋼筋混凝土造,64年11月20日,四層,二層 陽台
RPSOMLOLKHGGFCC57DA,26,41.10,住家用,鋼筋混凝土造,83年10月15日,五層,三層 陽台
RPSOMLOLKHGGFCC57DA,26,41.10,住家用,鋼筋混凝土造,83年10月15日,五層,三層 陽台
RPSOMLOLKHGGFCC57DA,26,1.18,共用部份,鋼筋混凝土造,83年10月15日,五層,
RPSOMLOLKHGGFCC57DA,26,1.18,共用部份,鋼筋混凝土造,83年10月15日,五層,
RPSOMLOLKHGGFCC57DA,26,3.93,共用部份,鋼筋混凝土造,83年10月15日,五層,
RPSOMLOLKHGGFCC57DA,26,3.93,共用部份,鋼筋混凝土造,83年10月15日,五層,
RPSOMLPLKHGGFCC67DA,31,135.23,住家用,鋼筋混凝土造,79年1月19日,五層,三層 陽台 露台
RPSOMLPLKHGGFCC67DA,31,4.35,共用部份,鋼筋混凝土造,79年1月19日,五層,
RPQOMLPLKHGGFCC47DA,24,92.12,住家用,鋼筋混凝土造,86年6月23日,九層,八層 陽台 雨遮
RPQOMLPLKHGGFCC47DA,24,12.04,共用部份,鋼筋混凝土造,86年6月23日,九層,
RPQOMLPLKHGGFCC47DA,24,2.62,共用部份,鋼筋混凝土造,86年6月23日,九層,
RPQOMLPLKHGGFCC47DA,24,10.72,共用部份,鋼筋混凝土造,86年6月23日,九層,
RPUOMLPLKHGGFCC87DA,13,21.52,住家用,鋼筋混凝土造,97年7月1日,七層,七層 陽台
RPUOMLPLKHGGFCC87DA,13,3.45,共用部份,鋼筋混凝土造,97年7月1日,七層,
RPUOMLPLKHGGFCC87DA,13,4.97,共用部份,鋼筋混凝土造,97年7月1日,七層,
RPQOMLQJJHGGFCC27DA,5,364.30,一層：停車空間．二至五層：集合住宅．屋頂突一層：樓梯間．,鋼筋混凝土造,104年12月6日,五層,一層 二層 三層 四層 五層 陽台 雨遮 見其他登記事項
RPQOMLQJJHGGFCC27DA,5,14.86,本建物共有部分之項目有管理員室．污水處理設備．中水池．機房．受水池．樓梯間．社區活動中心．蓄水池．水箱．陽台．雨遮等共１１項,鋼筋混凝土造,104年12月6日,四層,
RPOOMLQJJHGGFCC07DA,2,364.30,一層：停車空間．二至五層：集合住宅．屋頂突一層：樓梯間．,鋼筋混凝土造,104年12月6日,五層,一層 二層 三層 四層 五層 陽台 雨遮 見其他登記事項
RPOOMLQJJHGGFCC07DA,2,14.86,本建物共有部分之項目有管理員室．污水處理設備．中水池．機房．受水池．樓梯間．社區活動中心．蓄水池．水箱．陽台．雨遮等共１１項,鋼筋混凝土造,104年12月6日,四層,
RPUNMLPLKHGGFBC67DA,40,99.17,住家用,鋼筋混凝土造,70年4月7日,五層,五層
RPTNMLPLKHGGFBC57DA,22,56.44,住家用,鋼筋混凝土造,88年1月22日,七層,六層 陽台
RPTNMLPLKHGGFBC57DA,22,10.45,共用部份,鋼筋混凝土造,88年1月22日,七層,
RPTNMLPLKHGGFBC57DA,22,3.99,共用部份,鋼筋混凝土造,88年1月22日,七層,
RPTNMLPLKHGGFBC57DA,22,1.33,共用部份,鋼筋混凝土造,88年1月22日,七層,
RPTNMLPLKHGGFBC57DA,22,1.58,共用部份,鋼筋混凝土造,88年1月22日,七層,
RPQOMLOLKHGGFBC27DA,38,76.00,住家用,鋼筋混凝土造,72年7月5日,五層,一層
RPQOMLOLKHGGFBC27DA,38,6.55,共用部份,鋼筋混凝土造,72年7月5日,五層,
RPRPMLNLKHGGFBC37DA,40,43.35,住家用,鋼筋混凝土造,69年8月9日,五層,地下層
RPRPMLNLKHGGFBC37DA,40,60.26,商業用,鋼筋混凝土造,69年8月9日,五層,一層 騎樓
RPTPMLNLKHGGFBC57DA,40,60.26,住家用,鋼筋混凝土造,69年8月9日,五層,二層
RPOOMLRLJHGGFBC27DA,40,59.07,住家用,鋼筋混凝土造,70年6月22日,五層,五層
RPPNMLLLKHGGFBC76DA,,135.96,集合住宅,鋼筋混凝土造,109年5月13日,九層,五層 陽台 雨遮
RPPNMLLLKHGGFBC76DA,,28.81,本共有部分之項目有電梯間、電梯、安全梯、配電室、電表室、樓電梯間、梯廳、樓梯間、電梯機房及水箱等十項,鋼筋混凝土造,109年5月13日,九層,
RPPNMLLLKHGGFBC76DA,,71.42,本共有部分之項目有樓梯間、幫浦室、水箱、管理員室、管委會使用空間、排風機、停車空間、景觀機房、資源回收室、安全梯、電梯間、配電室、車道、防空避難室兼停車空間、消防泵浦室、機車停車空間、緊急發電機室、陽台、電信室、走道及受電箱區等二十一項,鋼筋混凝土造,109年5月13日,九層,
RPPOMLKLKHGGFBC76DA,24,90.53,集合住宅,鋼筋混凝土造,85年9月18日,十層,四層 陽台
RPPOMLKLKHGGFBC76DA,24,31.69,本共有部分之項目有防空避難室兼停車場、汽車昇降機、機房、水箱、變電室、門廳、停車空間、樓梯間、電梯間及騎樓〈人行道〉等十項,鋼筋混凝土造,85年9月18日,十層,
RPQNMLLLKHGGFBC86DA,,140.57,集合住宅,鋼筋混凝土造,109年5月13日,九層,八層 陽台 雨遮
RPQNMLLLKHGGFBC86DA,,30.53,本共有部分之項目有電梯間、配電室、電表室、樓電梯間、梯廳、樓梯間、電梯機房及水箱等八項,鋼筋混凝土造,109年5月13日,九層,
RPQNMLLLKHGGFBC86DA,,73.78,本共有部分之項目有樓梯間、幫浦室、水箱、管理員室、管委會使用空間、排風機、停車空間、景觀機房、資源回收室、安全梯、電梯間、配電室、車道、防空避難室兼停車空間、消防泵浦室、機車停車空間、緊急發電機室、陽台、電信室、走道及受電箱區等二十一項,鋼筋混凝土造,109年5月13日,九層,
RPVNMLLLKHGGFBC37DA,,64.29,集合住宅,鋼筋混凝土造,109年5月13日,九層,一層 陽台
RPVNMLLLKHGGFBC37DA,,14.44,本共有部分之項目有電梯間、配電室、電表室、樓電梯間、梯廳、電梯機房及水箱等七項,鋼筋混凝土造,109年5月13日,九層,
RPVNMLLLKHGGFBC37DA,,17.83,本共有部分之項目有樓梯間、幫浦室、水箱、管理員室、管委會使用空間、排風機、停車空間、景觀機房、資源回收室、安全梯、電梯間、配電室、車道、防空避難室兼停車空間、消防泵浦室、機車停車空間、緊急發電機室、陽台、電信室、走道及受電箱區等二十一項,鋼筋混凝土造,109年5月13日,九層,
RPUNMLLLKHGGFBC27DA,,68.24,集合住宅,鋼筋混凝土造,109年5月13日,九層,六層 陽台 雨遮
RPUNMLLLKHGGFBC27DA,,14.43,本共有部分之項目有電梯間、電梯、安全梯、配電室、電表室、樓電梯間、梯廳、樓梯間、電梯機房及水箱等十項,鋼筋混凝土造,109年5月13日,九層,
RPUNMLLLKHGGFBC27DA,,53.48,本共有部分之項目有樓梯間、幫浦室、水箱、管理員室、管委會使用空間、排風機、停車空間、景觀機房、資源回收室、安全梯、電梯間、配電室、車道、防空避難室兼停車空間、消防泵浦室、機車停車空間、緊急發電機室、陽台、電信室、走道及受電箱區等二十一項,鋼筋混凝土造,109年5月13日,九層,
RPTNMLLLKHGGFBC17DA,1,66.71,集合住宅,鋼筋混凝土造,109年5月13日,九層,八層 陽台 雨遮
RPTNMLLLKHGGFBC17DA,1,14.13,本共有部分之項目有電梯間、電梯、安全梯、配電室、電表室、樓電梯間、梯廳、樓梯間、電梯機房及水箱等十項,鋼筋混凝土造,109年5月13日,九層,
RPTNMLLLKHGGFBC17DA,1,53.03,本共有部分之項目有樓梯間、幫浦室、水箱、管理員室、管委會使用空間、排風機、停車空間、景觀機房、資源回收室、安全梯、電梯間、配電室、車道、防空避難室兼停車空間、消防泵浦室、機車停車空間、緊急發電機室、陽台、電信室、走道及受電箱區等二十一項,鋼筋混凝土造,109年5月13日,九層,
RPWNMLLLKHGGFBC47DA,1,66.75,集合住宅,鋼筋混凝土造,109年5月13日,九層,九層 陽台 雨遮
RPWNMLLLKHGGFBC47DA,1,14.44,本共有部分之項目有電梯間、配電室、電表室、樓電梯間、梯廳、電梯機房及水箱等七項,鋼筋混凝土造,109年5月13日,九層,
RPWNMLLLKHGGFBC47DA,1,17.83,本共有部分之項目有樓梯間、幫浦室、水箱、管理員室、管委會使用空間、排風機、停車空間、景觀機房、資源回收室、安全梯、電梯間、配電室、車道、防空避難室兼停車空間、消防泵浦室、機車停車空間、緊急發電機室、陽台、電信室、走道及受電箱區等二十一項,鋼筋混凝土造,109年5月13日,九層,
RPOOMLLLKHGGFBC76DA,,66.71,集合住宅,鋼筋混凝土造,109年5月13日,九層,七層 陽台 雨遮
RPOOMLLLKHGGFBC76DA,,14.13,本共有部分之項目有電梯間、電梯、安全梯、配電室、電表室、樓電梯間、梯廳、樓梯間、電梯機房及水箱等十項,鋼筋混凝土造,109年5月13日,九層,
RPOOMLLLKHGGFBC76DA,,53.03,本共有部分之項目有樓梯間、幫浦室、水箱、管理員室、管委會使用空間、排風機、停車空間、景觀機房、資源回收室、安全梯、電梯間、配電室、車道、防空避難室兼停車空間、消防泵浦室、機車停車空間、緊急發電機室、陽台、電信室、走道及受電箱區等二十一項,鋼筋混凝土造,109年5月13日,九層,
RPXNMLLLKHGGFBC57DA,,140.57,集合住宅,鋼筋混凝土造,109年5月13日,九層,九層 陽台 雨遮
RPXNMLLLKHGGFBC57DA,,30.53,本共有部分之項目有電梯間、配電室、電表室、樓電梯間、梯廳、樓梯間、電梯機房及水箱等八項,鋼筋混凝土造,109年5月13日,九層,
RPXNMLLLKHGGFBC57DA,,73.78,本共有部分之項目有樓梯間、幫浦室、水箱、管理員室、管委會使用空間、排風機、停車空間、景觀機房、資源回收室、安全梯、電梯間、配電室、車道、防空避難室兼停車空間、消防泵浦室、機車停車空間、緊急發電機室、陽台、電信室、走道及受電箱區等二十一項,鋼筋混凝土造,109年5月13日,九層,
RPPNMLQLKHGGFCC47EA,26,102.78,住家用,鋼筋混凝土造,84年1月18日,十二層,十一層 陽台 花台
RPPNMLQLKHGGFCC47EA,26,40.75,共用部份,鋼筋混凝土造,84年1月18日,十二層,
RPQOMLOKJHGGFBC07DA,48,88.99,住家用,鋼筋混凝土加強磚造,62年2月2日,四層,一層
RPXNMLKMJHGGFBC47DA,9,133.48,住家用,鋼筋混凝土造,101年6月20日,七層,七層 陽台 雨遮
RPXNMLKMJHGGFBC47DA,9,72.58,本共有部分之項目有停車空間、防空避難室兼停車空間、樓電梯間、供管委會使用空間、梯廳、樓梯間、機房、水箱、雨遮等共９項。,鋼筋混凝土造,101年6月20日,七層,
RPVNMLQLJHGGFBC77DA,22,105.20,住家用,鋼筋混凝土造,88年1月20日,七層,七層 陽台
RPVNMLQLJHGGFBC77DA,22,27.31,共用部份,鋼筋混凝土造,88年1月20日,七層,
RPVNMLQLKHGGFBC87DA,16,95.63,住家用,鋼筋混凝土造,93年12月14日,十層,六層 陽台 雨遮
RPVNMLQLKHGGFBC87DA,16,10.37,共用部份,鋼筋混凝土造,93年12月14日,十層,
RPVNMLQLKHGGFBC87DA,16,15.80,共用部份,鋼筋混凝土造,93年12月14日,十層,
RPVNMLQLKHGGFBC87DA,16,43.73,共用部份,鋼筋混凝土造,93年12月14日,十層,
RPROMLOLKHGGFBC37DA,24,100.21,住家用,鋼筋混凝土造,86年1月15日,五層,五層 陽台 花台
RPROMLOLKHGGFBC37DA,24,2.91,共用部份,鋼筋混凝土造,86年1月15日,五層,
RPROMLOLKHGGFBC37DA,24,6.02,共用部份,鋼筋混凝土造,86年1月15日,五層,
RPWOMLPLKHGGFCC08DA,2,58.92,集合住宅,鋼筋混凝土造,107年10月9日,七層,二層 陽台 雨遮
RPWOMLPLKHGGFCC08DA,2,35.85,本建物共有部分之項目有停車空間‧防空避難室兼停車空間等共２項,鋼筋混凝土造,107年10月9日,七層,
RPWOMLPLKHGGFCC08DA,2,31.61,本建物共有部分之項目有樓梯間‧機房‧電梯機房‧水箱‧泳池機房‧台度‧雨水回收機房‧緊急升降機‧排煙室‧安全梯‧污水機房‧通風機房‧消防泵浦‧消防水池‧游泳池‧台電配電場所‧機車車道‧管委會空間‧防空避難室‧電錶牆‧電信室‧管理員室‧裝卸空間‧垃圾儲藏室‧發電機室‧公共服務空間‧門廳‧梯廳‧行動不便樓梯‧停車位等共３０項。,鋼筋混凝土造,107年10月9日,七層,
RPVOMLPLKHGGFCC97DA,28,78.86,住家用,鋼筋混凝土造,82年1月20日,五層,三層 陽台
RPVOMLPLKHGGFCC97DA,28,1.75,共用部份,鋼筋混凝土造,82年1月20日,五層,
RPPPMLPLKHGGFCC47DA,26,40.12,住家用,鋼筋混凝土造,84年8月1日,十二層,十層 陽台 花台
RPPPMLPLKHGGFCC47DA,26,7.42,共用部份,鋼筋混凝土造,84年8月1日,十二層,
RPPPMLPLKHGGFCC47DA,26,1.88,共用部份,鋼筋混凝土造,84年8月1日,十二層,
RPVNMLPLKHGGFCC87DA,26,70.02,住家用,鋼筋混凝土造,83年8月25日,六層,二層 陽台 花台
RPVNMLPLKHGGFCC87DA,26,5.99,共用部份,鋼筋混凝土造,83年8月25日,六層,
RPVNMLQLKHGGFCC97DA,29,52.58,住家用,鋼筋混凝土造,80年7月27日,五層,四層 陽台
RPVNMLQLKHGGFCC97DA,29,52.58,住家用,鋼筋混凝土造,80年7月27日,五層,四層 陽台
RPVNMLQLKHGGFCC97DA,29,15.36,共用部份,鋼筋混凝土造,80年7月27日,五層,
RPXNMLPLKHGGFCC08DA,5,.02,辦公室,鋼筋混凝土造,105年1月24日,,地下二層
RPVNMLQLKHGGFCC97DA,29,15.36,共用部份,鋼筋混凝土造,80年7月27日,五層,
RPXNMLPLKHGGFCC08DA,5,88.36,集合住宅,鋼筋混凝土造,105年1月24日,十八層,十七層 陽台 雨遮
RPXNMLPLKHGGFCC08DA,5,.00,本共有部分之項目為受水池、安全梯、受水池機房、社區水箱、迴廊等共５項。,鋼筋混凝土造,105年1月24日,二十三層,
RPXNMLPLKHGGFCC08DA,5,.85,本共有部分之項目為受水池、安全梯、受水池機房、社區水箱、迴廊等共５項。,鋼筋混凝土造,105年1月24日,二十三層,
RPXNMLPLKHGGFCC08DA,5,.01,本共有部分之項目為排煙室、特別安全梯、緊急昇降機、機房、樓梯間、消防水箱、水箱、電梯機房、消防中繼機房、陽台、中繼室、中繼自來水箱、雨遮、中繼消防水箱、消防泵浦室、機電空間、安全梯  、發電機室、電信室、台電配電場所、大廳、行動不便者電梯、電梯  、１Ｆ門廳、２Ｆ門廳、３Ｆ門廳、台電管道間、消防幫浦室、泵浦  、走道、停車空間、配電箱、資源回收區、４Ｆ門廳、廚餘冷藏室、  不可回收垃圾區、緊急升降機、梯廳、電信機房、５Ｆ門廳、防空避難室兼停車空間、台電專用管道、雨水回收區、雨水收集槽、雨水回收及噴灌機房、６Ｆ門廳、游泳池及中庭景觀池機房、消防幫浦機房  、電信機房室、垃圾處理空間、７Ｆ門廳、機車位、社區中心、防災中心、水景機房等共５５項。,鋼筋混凝土造,105年1月24日,二十五層,
RPXNMLPLKHGGFCC08DA,5,51.97,本共有部分之項目為排煙室、特別安全梯、緊急昇降機、機房、樓梯間、消防水箱、水箱、電梯機房、消防中繼機房、陽台、中繼室、中繼自來水箱、雨遮、中繼消防水箱、消防泵浦室、機電空間、安全梯  、發電機室、電信室、台電配電場所、大廳、行動不便者電梯、電梯  、１Ｆ門廳、２Ｆ門廳、３Ｆ門廳、台電管道間、消防幫浦室、泵浦  、走道、停車空間、配電箱、資源回收區、４Ｆ門廳、廚餘冷藏室、  不可回收垃圾區、緊急升降機、梯廳、電信機房、５Ｆ門廳、防空避難室兼停車空間、台電專用管道、雨水回收區、雨水收集槽、雨水回收及噴灌機房、６Ｆ門廳、游泳池及中庭景觀池機房、消防幫浦機房  、電信機房室、垃圾處理空間、７Ｆ門廳、機車位、社區中心、防災中心、水景機房等共５５項。,鋼筋混凝土造,105年1月24日,二十五層,
RPXOMLOLKHGGFCC08DA,5,15.87,本共有部分之項目為排煙室、特別安全梯、緊急昇降機、機房、樓梯間、消防水箱、水箱、電梯機房、消防中繼機房、陽台、中繼室、中繼自來水箱、雨遮、中繼消防水箱、消防泵浦室、機電空間、安全梯  、發電機室、電信室、台電配電場所、大廳、行動不便者電梯、電梯  、１Ｆ門廳、２Ｆ門廳、３Ｆ門廳、台電管道間、消防幫浦室、泵浦  、走道、停車空間、配電箱、資源回收區、４Ｆ門廳、廚餘冷藏室、  不可回收垃圾區、緊急升降機、梯廳、電信機房、５Ｆ門廳、防空避難室兼停車空間、台電專用管道、雨水回收區、雨水收集槽、雨水回收及噴灌機房、６Ｆ門廳、游泳池及中庭景觀池機房、消防幫浦機房  、電信機房室、垃圾處理空間、７Ｆ門廳、機車位、社區中心、防災中心、水景機房等共５５項。,鋼筋混凝土造,105年1月24日,二十五層,
RPWOMLOLKHGGFCC97DA,5,.04,辦公室,鋼筋混凝土造,105年1月24日,,地下二層
RPWOMLOLKHGGFCC97DA,5,223.73,集合住宅,鋼筋混凝土造,105年1月24日,二十五層,十九層 陽台 雨遮
RPWOMLOLKHGGFCC97DA,5,.00,本共有部分之項目為受水池、安全梯、受水池機房、社區水箱、迴廊等共５項。,鋼筋混凝土造,105年1月24日,二十三層,
RPWOMLOLKHGGFCC97DA,5,2.15,本共有部分之項目為受水池、安全梯、受水池機房、社區水箱、迴廊等共５項。,鋼筋混凝土造,105年1月24日,二十三層,
RPWOMLOLKHGGFCC97DA,5,.02,本共有部分之項目為排煙室、特別安全梯、緊急昇降機、機房、樓梯間、消防水箱、水箱、電梯機房、消防中繼機房、陽台、中繼室、中繼自來水箱、雨遮、中繼消防水箱、消防泵浦室、機電空間、安全梯  、發電機室、電信室、台電配電場所、大廳、行動不便者電梯、電梯  、１Ｆ門廳、２Ｆ門廳、３Ｆ門廳、台電管道間、消防幫浦室、泵浦  、走道、停車空間、配電箱、資源回收區、４Ｆ門廳、廚餘冷藏室、  不可回收垃圾區、緊急升降機、梯廳、電信機房、５Ｆ門廳、防空避難室兼停車空間、台電專用管道、雨水回收區、雨水收集槽、雨水回收及噴灌機房、６Ｆ門廳、游泳池及中庭景觀池機房、消防幫浦機房  、電信機房室、垃圾處理空間、７Ｆ門廳、機車位、社區中心、防災中心、水景機房等共５５項。,鋼筋混凝土造,105年1月24日,二十五層,
RPWOMLOLKHGGFCC97DA,5,147.69,本共有部分之項目為排煙室、特別安全梯、緊急昇降機、機房、樓梯間、消防水箱、水箱、電梯機房、消防中繼機房、陽台、中繼室、中繼自來水箱、雨遮、中繼消防水箱、消防泵浦室、機電空間、安全梯  、發電機室、電信室、台電配電場所、大廳、行動不便者電梯、電梯  、１Ｆ門廳、２Ｆ門廳、３Ｆ門廳、台電管道間、消防幫浦室、泵浦  、走道、停車空間、配電箱、資源回收區、４Ｆ門廳、廚餘冷藏室、  不可回收垃圾區、緊急升降機、梯廳、電信機房、５Ｆ門廳、防空避難室兼停車空間、台電專用管道、雨水回收區、雨水收集槽、雨水回收及噴灌機房、６Ｆ門廳、游泳池及中庭景觀池機房、消防幫浦機房  、電信機房室、垃圾處理空間、７Ｆ門廳、機車位、社區中心、防災中心、水景機房等共５５項。,鋼筋混凝土造,105年1月24日,二十五層,
RPOPMLOLKHGGFCC27DA,5,13.47,本共有部分之項目為排煙室、特別安全梯、緊急昇降機、機房、樓梯間、消防水箱、水箱、電梯機房、消防中繼機房、陽台、中繼室、中繼自來水箱、雨遮、中繼消防水箱、消防泵浦室、機電空間、安全梯  、發電機室、電信室、台電配電場所、大廳、行動不便者電梯、電梯  、１Ｆ門廳、２Ｆ門廳、３Ｆ門廳、台電管道間、消防幫浦室、泵浦  、走道、停車空間、配電箱、資源回收區、４Ｆ門廳、廚餘冷藏室、  不可回收垃圾區、緊急升降機、梯廳、電信機房、５Ｆ門廳、防空避難室兼停車空間、台電專用管道、雨水回收區、雨水收集槽、雨水回收及噴灌機房、６Ｆ門廳、游泳池及中庭景觀池機房、消防幫浦機房  、電信機房室、垃圾處理空間、７Ｆ門廳、機車位、社區中心、防災中心、水景機房等共５５項。,鋼筋混凝土造,105年1月24日,二十五層,
RPXNMLQLKHGGFCC18DA,26,118.39,住家用,鋼筋混凝土造,84年5月4日,十七層,十六層 陽台 雨遮
RPPOMLMJLHGGFCC96DA,49,71.60,住家用,加強磚造,60年12月21日,二層,一層 二層
RPXNMLQLKHGGFCC18DA,26,47.11,共用部份,鋼筋混凝土造,84年5月4日,十七層,
RPSNMLOLKHGGFCC47DA,24,107.54,住家用,鋼筋混凝土造,85年11月26日,十二層,十一層 陽台 見其他登記事項
RPSNMLOLKHGGFCC47DA,24,6.80,共用部份,鋼筋混凝土造,85年11月26日,十二層,
RPSNMLOLKHGGFCC47DA,24,37.36,共用部份,鋼筋混凝土造,85年11月26日,十二層,
RPOOMLRKKHGGFCC37DA,5,383.70,一層：停車空間．二至五層：集合住宅．屋頂突一層：樓梯間．,鋼筋混凝土造,104年12月6日,五層,一層 二層 三層 四層 五層 陽台 雨遮 見其他登記事項
RPOOMLRKKHGGFCC37DA,5,15.72,本建物共有部分之項目有管理員室．污水處理設備．中水池．機房．受水池．樓梯間．社區活動中心．蓄水池．水箱．陽台．雨遮等共１１項,鋼筋混凝土造,104年12月6日,四層,
RPROMLMJLHGGFCC17DA,40,91.67,住家用,鋼筋混凝土造,70年5月19日,四層,四層
RPROMLMJLHGGFCC17DA,40,7.57,共用部份,鋼筋混凝土造,70年5月19日,四層,
RPWNMLNJLHGGFCC67DA,26,98.38,住家用,鋼筋混凝土造,84年1月17日,五層,二層 陽台
RPWNMLQLKHGGFCC08DA,28,141.90,住家用,鋼筋混凝土造,81年11月3日,十七層,二層 陽台 花台
RPWNMLQLKHGGFCC08DA,28,63.70,共用部份,鋼筋混凝土造,81年11月3日,十七層,
RPWNMLNJLHGGFCC67DA,26,15.31,共用部份,鋼筋混凝土造,84年1月17日,五層,
RPWNMLNJLHGGFCC67DA,26,2.91,壹層：辦公室．超級市場；貳層至肆層：辦公室,鋼筋混凝土造,84年1月17日,四層,一層 二層 三層 四層 陽台 水箱 電梯樓梯間 停車場 機械房 露台 地下二層
RPWNMLQLKHGGFCC08DA,28,30.05,防空避難兼停車場,鋼筋混凝土造,81年11月3日,十七層,地下三層
RPROMLPLKHGGFCC57DA,40,92.91,住家用,鋼筋混凝土造,69年10月29日,四層,四層 陽台
RPPNMLSLKHGGFCC57DA,26,11.73,儲藏室,鋼筋混凝土造,84年6月22日,十二層,地下三層 地下四層
RPPNMLSLKHGGFCC57DA,26,80.63,住家用,鋼筋混凝土造,84年6月22日,十二層,十二層 陽台 花台
RPPNMLSLKHGGFCC57DA,26,11.55,共用部份,鋼筋混凝土造,84年6月22日,十二層,
RPPNMLLJLHGGFCC76DA,39,101.06,住家用,鋼筋混凝土造,71年2月13日,五層,四層 陽台
RPRNMLLJLHGGFCC96DA,,168.57,住家用,加強磚造,,三層,一層 二層 三層 騎樓
RPPNMLLJLHGGFBC66DA,25,66.02,住家用,鋼筋混凝土造,85年3月7日,八層,四層 陽台
RPPNMLLJLHGGFBC66DA,25,5.28,共用部份,鋼筋混凝土造,85年3月7日,八層,
RPPNMLLJLHGGFBC66DA,25,8.65,共用部份,鋼筋混凝土造,85年3月7日,八層,
RPPNMLLJLHGGFBC66DA,25,3.40,共用部份,鋼筋混凝土造,85年3月7日,八層,
RPQNMLMJLHGGFBC96EA,22,24.14,住家用,鋼筋混凝土造,88年1月14日,十四層,二層 陽台
RPQNMLMJLHGGFBC96EA,22,5.34,共用部份,鋼筋混凝土造,88年1月14日,十四層,
RPQNMLMJLHGGFBC96EA,22,1.90,共用部份,鋼筋混凝土造,88年1月14日,十六層,
RPQNMLMJLHGGFBC96EA,22,.57,共用部份,鋼筋混凝土造,88年1月14日,十六層,
RPQNMLMJLHGGFBC96EA,22,.29,共用部份,鋼筋混凝土造,88年1月14日,十六層,
RPTNMLNJLHGGFBC27DA,52,93.48,住家用,加強磚造,57年11月4日,五層,五層
RPUOMLMLKHGGFBC47DA,3,70.70,集合住宅,鋼筋混凝土造,106年10月18日,十五層,十層 陽台
RPUOMLMLKHGGFBC47DA,3,44.78,本共有部分之項目有公設空間、門廳、防空避難室兼停車空間、停車空間、社區中心、機械室、游泳池及管委會辦公室等共八項,鋼筋混凝土造,106年10月18日,十五層,
RPUOMLMLKHGGFBC47DA,3,18.16,本共有部分之項目有電梯間、樓梯間、蓄水池及水箱等共四項,鋼筋混凝土造,106年10月18日,十五層,
RPUOMLMLKHGGFBC47DA,3,.48,本共有部分之項目有台電配電室共一項,鋼筋混凝土造,106年10月18日,十五層,
RPWNMLMJLHGGFBC47DA,5,.04,一般事務所,鋼筋混凝土造,104年11月16日,五層,二層
RPWNMLMJLHGGFBC47DA,5,.05,一般事務所,鋼筋混凝土造,104年11月16日,五層,二層
RPWNMLMJLHGGFBC47DA,5,1.42,本共有部分之項目有管委會空間、機電空間、梯廳、安全梯、停車空間、集合住宅附屬社區中心、樓電梯間及陽台等八項,鋼筋混凝土造,104年11月16日,五層,
RPWNMLMJLHGGFBC47DA,5,1.42,本共有部分之項目有管委會空間、機電空間、梯廳、安全梯、停車空間、集合住宅附屬社區中心、樓電梯間及陽台等八項,鋼筋混凝土造,104年11月16日,五層,
RPWNMLMJLHGGFBC47DA,4,227.92,二層：集合住宅、停車空間，一層、三層、四層：集合住宅,鋼筋混凝土造,106年1月27日,四層,一層 二層 三層 四層 陽台
RPTOMLMLKHGGFBC37DA,3,121.45,集合住宅,鋼筋混凝土造,106年10月18日,十五層,十一層 陽台
RPTOMLMLKHGGFBC37DA,3,59.71,本共有部分之項目有公設空間、門廳、防空避難室兼停車空間、停車空間、社區中心、機械室、游泳池及管委會辦公室等共八項,鋼筋混凝土造,106年10月18日,十五層,
RPTOMLMLKHGGFBC37DA,3,20.57,本共有部分之項目有電梯間、樓梯間、蓄水池及水箱等共四項,鋼筋混凝土造,106年10月18日,十五層,
RPTOMLMLKHGGFBC37DA,3,.53,本共有部分之項目有台電配電室共一項,鋼筋混凝土造,106年10月18日,十五層,
RPSOMLMLKHGGFBC27DA,3,118.41,集合住宅,鋼筋混凝土造,106年10月18日,十五層,十五層 陽台 雨遮
RPSOMLMLKHGGFBC27DA,3,59.03,本共有部分之項目有公設空間、門廳、防空避難室兼停車空間、停車空間、社區中心、機械室、游泳池及管委會辦公室等共八項,鋼筋混凝土造,106年10月18日,十五層,
RPSOMLMLKHGGFBC27DA,3,23.08,本共有部分之項目有電梯間、樓梯間、蓄水池及水箱等共四項,鋼筋混凝土造,106年10月18日,十五層,
RPSOMLMLKHGGFBC27DA,3,.74,本共有部分之項目有台電配電室共一項,鋼筋混凝土造,106年10月18日,十五層,
RPWOMLMLKHGGFBC67DA,3,121.45,集合住宅,鋼筋混凝土造,106年10月18日,十五層,三層 陽台
RPWOMLMLKHGGFBC67DA,3,54.96,本共有部分之項目有公設空間、門廳、防空避難室兼停車空間、停車空間、社區中心、機械室、游泳池及管委會辦公室等共八項,鋼筋混凝土造,106年10月18日,十五層,
RPWOMLMLKHGGFBC67DA,3,20.45,本共有部分之項目有電梯間、樓梯間、蓄水池及水箱等共四項,鋼筋混凝土造,106年10月18日,十五層,
RPWOMLMLKHGGFBC67DA,3,.53,本共有部分之項目有台電配電室共一項,鋼筋混凝土造,106年10月18日,十五層,
RPVOMLMLKHGGFBC57DA,3,35.35,集合住宅,鋼筋混凝土造,106年10月18日,十五層,十五層 陽台
RPVOMLMLKHGGFBC57DA,3,35.35,集合住宅,鋼筋混凝土造,106年10月18日,十五層,十五層 陽台
RPVOMLMLKHGGFBC57DA,3,22.39,本共有部分之項目有公設空間、門廳、防空避難室兼停車空間、停車空間、社區中心、機械室、游泳池及管委會辦公室等共八項,鋼筋混凝土造,106年10月18日,十五層,
RPVOMLMLKHGGFBC57DA,3,22.39,本共有部分之項目有公設空間、門廳、防空避難室兼停車空間、停車空間、社區中心、機械室、游泳池及管委會辦公室等共八項,鋼筋混凝土造,106年10月18日,十五層,
RPVOMLMLKHGGFBC57DA,3,8.73,本共有部分之項目有電梯間、樓梯間、蓄水池及水箱等共四項,鋼筋混凝土造,106年10月18日,十五層,
RPVOMLMLKHGGFBC57DA,3,8.73,本共有部分之項目有電梯間、樓梯間、蓄水池及水箱等共四項,鋼筋混凝土造,106年10月18日,十五層,
RPVOMLMLKHGGFBC57DA,3,.24,本共有部分之項目有台電配電室共一項,鋼筋混凝土造,106年10月18日,十五層,
RPVOMLMLKHGGFBC57DA,3,.24,本共有部分之項目有台電配電室共一項,鋼筋混凝土造,106年10月18日,十五層,
RPXOMLMLKHGGFBC77DA,3,121.45,集合住宅,鋼筋混凝土造,106年10月18日,十五層,十五層 陽台
RPXOMLMLKHGGFBC77DA,3,59.71,本共有部分之項目有公設空間、門廳、防空避難室兼停車空間、停車空間、社區中心、機械室、游泳池及管委會辦公室等共八項,鋼筋混凝土造,106年10月18日,十五層,
RPXOMLMLKHGGFBC77DA,3,19.62,本共有部分之項目有電梯間、樓梯間、蓄水池及水箱等共四項,鋼筋混凝土造,106年10月18日,十五層,
RPXOMLMLKHGGFBC77DA,3,.53,本共有部分之項目有台電配電室共一項,鋼筋混凝土造,106年10月18日,十五層,
RPOPMLMLKHGGFBC96DA,3,119.45,集合住宅,鋼筋混凝土造,106年10月18日,十五層,三層 陽台
RPOPMLMLKHGGFBC96DA,3,54.96,本共有部分之項目有公設空間、門廳、防空避難室兼停車空間、停車空間、社區中心、機械室、游泳池及管委會辦公室等共八項,鋼筋混凝土造,106年10月18日,十五層,
RPOPMLMLKHGGFBC96DA,3,20.20,本共有部分之項目有電梯間、樓梯間、蓄水池及水箱等共四項,鋼筋混凝土造,106年10月18日,十五層,
RPOPMLMLKHGGFBC96DA,3,.52,本共有部分之項目有台電配電室共一項,鋼筋混凝土造,106年10月18日,十五層,
RPPPMLMLKHGGFBC07DA,3,133.33,集合住宅,鋼筋混凝土造,106年10月18日,十五層,十三層 陽台 雨遮
RPPPMLMLKHGGFBC07DA,3,61.74,本共有部分之項目有公設空間、門廳、防空避難室兼停車空間、停車空間、社區中心、機械室、游泳池及管委會辦公室等共八項,鋼筋混凝土造,106年10月18日,十五層,
RPPPMLMLKHGGFBC07DA,3,21.28,本共有部分之項目有電梯間、樓梯間、蓄水池及水箱等共四項,鋼筋混凝土造,106年10月18日,十五層,
RPPPMLMLKHGGFBC07DA,3,.58,本共有部分之項目有台電配電室共一項,鋼筋混凝土造,106年10月18日,十五層,
RPRPMLMLKHGGFBC27DA,3,95.73,集合住宅,鋼筋混凝土造,106年10月18日,十五層,十三層 陽台 雨遮
RPRPMLMLKHGGFBC27DA,3,54.28,本共有部分之項目有公設空間、門廳、防空避難室兼停車空間、停車空間、社區中心、機械室、游泳池及管委會辦公室等共八項,鋼筋混凝土造,106年10月18日,十五層,
RPRPMLMLKHGGFBC27DA,3,25.29,本共有部分之項目有電梯間、樓梯間、蓄水池及水箱等共四項,鋼筋混凝土造,106年10月18日,十五層,
RPRPMLMLKHGGFBC27DA,3,.66,本共有部分之項目有台電配電室共一項,鋼筋混凝土造,106年10月18日,十五層,
RPQPMLMLKHGGFBC17DA,3,95.56,集合住宅,鋼筋混凝土造,106年10月18日,十五層,十二層 陽台 雨遮
RPQPMLMLKHGGFBC17DA,3,54.28,本共有部分之項目有公設空間、門廳、防空避難室兼停車空間、停車空間、社區中心、機械室、游泳池及管委會辦公室等共八項,鋼筋混凝土造,106年10月18日,十五層,
RPQPMLMLKHGGFBC17DA,3,25.29,本共有部分之項目有電梯間、樓梯間、蓄水池及水箱等共四項,鋼筋混凝土造,106年10月18日,十五層,
RPQPMLMLKHGGFBC17DA,3,.66,本共有部分之項目有台電配電室共一項,鋼筋混凝土造,106年10月18日,十五層,
RPPOMLSLJHGGFBC47DA,52,75.13,住家及車庫,加強磚造,58年3月6日,三層,一層 地下層
RPOPMLNLKHGGFBC07DA,51,68.10,住家用,加強磚造,59年7月21日,四層,四層
RPQOMLTKKHGGFBC67DA,29,92.80,住家用,鋼筋混凝土造,80年11月28日,五層,五層 陽台
RPQOMLTKKHGGFBC67DA,29,1.75,共用部份,鋼筋混凝土造,80年11月28日,五層,
RPPNMLNJLHGGFCC07EA,26,155.73,住家用,鋼筋混凝土造,83年12月22日,五層,四層 五層 陽台 屋頂突出物
RPPNMLNJLHGGFCC07EA,26,3.83,共用部份,鋼筋混凝土造,83年12月22日,五層,
RPPNMLNJLHGGFCC07EA,26,37.30,共用部份,鋼筋混凝土造,83年12月22日,七層,
RPVNMLNJKHGGFBC37DA,24,94.10,集合住宅,鋼筋混凝土造,86年6月30日,十四層,十三層 陽台
RPVNMLNJKHGGFBC37DA,24,15.26,共用部份,鋼筋混凝土造,86年6月30日,十四層,
RPVNMLNJKHGGFBC37DA,24,31.25,共用部份,鋼筋混凝土造,86年6月30日,十四層,
RPOOMLKLKHGGFBC66DA,23,74.35,住家用,鋼筋混凝土造,86年11月21日,十九層,十八層 陽台
RPOOMLKLKHGGFBC66DA,23,12.64,共用部份,鋼筋混凝土造,86年11月21日,十九層,
RPOOMLKLKHGGFBC66DA,23,6.55,共用部份,鋼筋混凝土造,86年11月21日,二十一層,
RPPOMLNJLHGGFBC96DA,46,87.56,住家用,鋼筋混凝土加強磚造,63年12月23日,四層,二層
RPVNMLOJLHGGFBC57DA,52,46.74,住家用,加強磚造,57年11月4日,五層,四層
RPVNMLOJLHGGFBC57DA,52,46.74,住家用,加強磚造,57年11月4日,五層,四層
RPPOMLOJLHGGFBC07DA,36,66.97,儲藏室,鋼筋混凝土造,73年8月13日,五層,防空避難室 地下二層
RPUNMLOJLHGGFBC47DA,31,69.19,住家用,鋼筋混凝土造,79年5月23日,五層,四層 陽台
RPSOMLMJLHGGFBC17DA,27,136.11,住家用,鋼筋混凝土造,83年1月14日,五層,四層 陽台 花台
RPSOMLMJLHGGFBC17DA,27,12.13,共用部份,鋼筋混凝土造,83年1月14日,五層,
RPSOMLMJLHGGFBC17DA,27,39.65,共用部份,鋼筋混凝土造,83年1月14日,五層,
RPQOMLMJLHGGFBC96DA,22,57.41,住家用,鋼筋混凝土造,88年1月14日,十五層,三層 陽台
RPQOMLMJLHGGFBC96DA,22,8.47,共用部份,鋼筋混凝土造,88年1月14日,十五層,
RPQOMLMJLHGGFBC96DA,22,3.26,共用部份,鋼筋混凝土造,88年1月14日,十五層,
RPQOMLMJLHGGFBC96DA,22,36.53,共用部份,鋼筋混凝土造,88年1月14日,十五層,
RPQOMLMJLHGGFBC96DA,22,1.41,共用部份,鋼筋混凝土造,88年1月14日,十六層,
RPQOMLMJLHGGFBC96DA,22,.69,共用部份,鋼筋混凝土造,88年1月14日,十六層,
RPTOMLMJLHGGFBC27DA,37,107.60,住家用,鋼筋混凝土造,72年10月8日,四層,一層 平台
RPTNMLPJLHGGFBC47DA,1,65.87,集合住宅,鋼筋混凝土造,109年5月13日,九層,四層 陽台 雨遮
RPTNMLPJLHGGFBC47DA,1,12.68,本共有部分之項目有電梯間、樓電梯間、梯廳、樓梯間、電梯機房及水箱等六項,鋼筋混凝土造,109年5月13日,九層,
RPTNMLPJLHGGFBC47DA,1,53.37,本共有部分之項目有樓梯間、幫浦室、水箱、管理員室、管委會使用空間、排風機、停車空間、景觀機房、資源回收室、安全梯、電梯間、配電室、車道、防空避難室兼停車空間、消防泵浦室、機車停車空間、緊急發電機室、陽台、電信室、走道及受電箱區等二十一項,鋼筋混凝土造,109年5月13日,九層,
RPSNMLNJLHGGFBC17DA,46,57.13,住家用,加強磚造,64年1月8日,二層,二層
RPPNMLOJLHGGFBC07EA,31,96.14,住家用,鋼筋混凝土造,79年3月8日,一層,一層
RPVNMLMJLHGGFBC37DA,40,78.52,住家用,鋼筋混凝土造,69年9月24日,四層,一層
RPTNMLOJLHGGFBC47EA,,35.27,住家用,木造,,一層,一層
RPXNMLMJLHGGFCC67DA,26,42.80,共用部份,鋼筋混凝土造,84年5月4日,十七層,
RPXNMLMJLHGGFCC67DA,26,132.66,住家用,鋼筋混凝土造,84年5月4日,十七層,十五層 陽台 雨遮
RPOOMLNJLHGGFCC96DA,40,91.32,住家用,鋼筋混凝土造,70年8月8日,五層,五層
RPOOMLPJLHGGFCC17DA,26,94.68,住家用,鋼筋混凝土造,84年8月8日,六層,五層 陽台 花台
RPOOMLPJLHGGFCC17DA,26,15.38,共用部份,鋼筋混凝土造,84年8月8日,六層,
RPOOMLPJLHGGFCC17DA,26,19.48,共用部份,鋼筋混凝土造,84年8月8日,六層,
RPSNMLPLKHGGFCC57DA,41,82.01,住家用,鋼筋混凝土造,69年1月17日,四層,四層 陽台
RPSOMLNJLHGGFCC37DA,41,82.29,住家用,鋼筋混凝土造,69年3月8日,五層,五層 陽台
RPUOMLNJLHGGFCC57DA,30,134.58,住家用,鋼筋混凝土造,80年4月26日,十二層,五層 陽台 雨遮
RPUOMLNJLHGGFCC57DA,30,7.56,共用部份,鋼筋混凝土造,80年4月26日,十二層,
RPUOMLNJLHGGFCC57DA,30,3.29,共用部份,鋼筋混凝土造,80年4月26日,十二層,
RPUOMLNJLHGGFCC57DA,30,45.85,共用部份,鋼筋混凝土造,80年4月26日,000,
RPUNMLNJLHGGFCC47DA,25,79.24,商業用,鋼筋混凝土造,85年3月22日,七層,一層 平台 走廊
RPUNMLNJLHGGFCC47DA,25,4.82,共用部份,鋼筋混凝土造,85年3月22日,七層,
RPUNMLNJLHGGFCC47DA,25,11.96,共用部份,鋼筋混凝土造,85年3月22日,七層,
RPWNMLOLKHGGFCC87DA,29,128.35,住家用,鋼筋混凝土造,80年8月26日,十七層,七層 陽台 花台
RPWNMLOLKHGGFCC87DA,29,18.72,共用部份,鋼筋混凝土造,80年8月26日,十七層,
RPWNMLOLKHGGFCC87DA,29,11.76,共用部份,鋼筋混凝土造,80年8月26日,十七層,
RPWNMLOLKHGGFCC87DA,29,43.61,停車場,鋼筋混凝土造,80年8月26日,十七層,地下一層
RPVNMLNJLHGGFCC57DA,43,92.18,住家用,鋼筋混凝土造,67年6月1日,五層,五層 陽台
RPSOMLMJLHGGFCC27DA,12,109.24,集合住宅,鋼筋混凝土造,98年7月16日,十一層,一層 陽台
RPSOMLMJLHGGFCC27DA,12,57.85,本共有部分之項目有防空避難室兼停車空間、機房、社區中心及樓電梯間等四項,鋼筋混凝土造,98年7月16日,十一層,
RPWOMLQLJHGGFCC08DA,25,101.60,住家用,鋼筋混凝土造,84年10月2日,七層,二層 陽台 雨遮
RPWOMLQLJHGGFCC08DA,25,2.36,共用部份,鋼筋混凝土造,84年10月2日,七層,
RPWOMLQLJHGGFCC08DA,25,4.66,共用部份,鋼筋混凝土造,84年10月2日,七層,
RPWOMLQLJHGGFCC08DA,25,8.45,共用部份,鋼筋混凝土造,84年10月2日,七層,
RPWOMLRKKHGGFCC18DA,22,64.55,住家用,鋼筋混凝土造,88年1月14日,十二層,三層 陽台 花台
RPWOMLRKKHGGFCC18DA,22,13.04,共用部份,鋼筋混凝土造,88年1月14日,十二層,
RPWOMLRKKHGGFCC18DA,22,40.49,共用部份,鋼筋混凝土造,88年1月14日,十三層,
RPXNMLNJKHGGFCC67DA,24,2.07,共用部份,鋼筋混凝土造,86年5月8日,十一層,
RPXNMLNJKHGGFCC67DA,24,93.69,住家用,鋼筋混凝土造,86年5月8日,二十二層,九層 十層 陽台 雨遮
RPXNMLNJKHGGFCC67DA,24,16.66,共用部份,鋼筋混凝土造,86年5月8日,二十二層,
RPXNMLNJKHGGFCC67DA,24,1.05,共用部份,鋼筋混凝土造,86年5月8日,十一層,
RPTOMLMJLHGGFCC37DA,,7.58,,,,,
RPTOMLMJLHGGFCC37DA,2,7.58,本共有部分之項目有公共服務空間、戶外安全梯、儲藏室、排煙室、梯廳、無障礙樓梯、管委會使用空間、雨遮、陽台、服務台、車道、排煙室兼梯廳、（排風室）機電設備空間、機電設備空間（發電機室）、防空避難室兼停車空間、（進風室）機電設備空間、垃圾車停車位、垃圾集中場、機械室、（電信室）機電設備空間、Ｂ棟水箱、機電設備空間（消防幫浦室）、Ａ棟水箱、停車空間、樓電梯間、消防水池、水箱共二十七項。,鋼筋混凝土造,108年1月2日,十五層,
RPTOMLNJLHGGFCC47DA,42,68.18,住家用,鋼筋混凝土造,67年11月15日,四層,四層 陽台
RPQOMLNJLHGGFCC17DA,8,60.40,集合住宅,鋼筋混凝土造,102年3月29日,十二層,二層 陽台 雨遮
RPQOMLNJLHGGFCC17DA,8,.04,集合住宅,鋼筋混凝土造,102年3月29日,十二層,
RPQOMLNJLHGGFCC17DA,8,25.46,本共有部分之項目有安全梯、電梯、供行動不便者使用電梯、門廳、梯廳、公共服務空間、陽台、出入口雨遮、排風、男廁、女廁、消防水箱、供管委會使用空間、機房、水錶、電錶室、受電箱室、電錶間、水電、台電配電室、污水、進風、發電機室、泳池機房、電信機房、垃圾儲存空間、受電箱通道、防空避難室兼停車空間、獎勵停車位、法定停車位、變電室、消防泵浦室及停車空間等３３項,鋼筋混凝土造,102年3月29日,十三層,
RPQOMLNJLHGGFCC17DA,8,18.49,本共有部分之項目有安全梯、電梯、供行動不便者使用電梯、門廳、梯廳、公共服務空間、陽台、出入口雨遮、排風、男廁、女廁、消防水箱、供管委會使用空間、機房、水錶、電錶室、受電箱室、電錶間、水電、台電配電室、污水、進風、發電機室、泳池機房、電信機房、垃圾儲存空間、受電箱通道、防空避難室兼停車空間、獎勵停車位、法定停車位、變電室、消防泵浦室及停車空間等３３項,鋼筋混凝土造,102年3月29日,十三層,
RPSQMLOJLHGGFCC67DA,,27.86,住家用,磚造,,一層,一層
RPVQMLOJLHGGFCC97DA,39,72.76,住家用,鋼筋混凝土造,71年6月21日,四層,三層
RPRQMLOJLHGGFCC57DA,8,71.46,地下一層：停車空間、一至四層：集合住宅、騎樓：騎樓,鋼筋混凝土造,101年11月6日,四層,一層 二層 三層 四層 陽台 騎樓 雨遮 地下一層
RPPOMLTLJHGGFBC57DA,34,91.91,住家用,鋼筋混凝土造,76年3月23日,五層,五層 陽台
RPRQMLOJLHGGFCC57DA,8,71.46,地下一層：停車空間、一至四層：集合住宅、騎樓：騎樓,鋼筋混凝土造,101年11月6日,四層,一層 二層 三層 四層 陽台 騎樓 雨遮 地下一層
RPRQMLOJLHGGFCC57DA,8,71.46,地下一層：停車空間、一至四層：集合住宅、騎樓：騎樓,鋼筋混凝土造,101年11月6日,四層,一層 二層 三層 四層 陽台 騎樓 雨遮 地下一層
RPRQMLOJLHGGFCC57DA,8,3.21,本共有部分之項目有消防機械間．排風口．發電機室．台電配電室．梯間．電信室．機械間．管道間．供管委會使用空間．管委會會議室．水箱．騎樓等共１２項。,鋼筋混凝土造,101年11月6日,五層,
RPRQMLOJLHGGFCC57DA,8,3.21,本共有部分之項目有消防機械間．排風口．發電機室．台電配電室．梯間．電信室．機械間．管道間．供管委會使用空間．管委會會議室．水箱．騎樓等共１２項。,鋼筋混凝土造,101年11月6日,五層,
RPRQMLOJLHGGFCC57DA,8,3.21,本共有部分之項目有消防機械間．排風口．發電機室．台電配電室．梯間．電信室．機械間．管道間．供管委會使用空間．管委會會議室．水箱．騎樓等共１２項。,鋼筋混凝土造,101年11月6日,五層,
RPRQMLOJLHGGFCC57DA,8,.02,本共有部分之項目有管理室．停車位等共２項。,鋼筋混凝土造,101年11月6日,五層,
RPRQMLOJLHGGFCC57DA,8,.02,本共有部分之項目有管理室．停車位等共２項。,鋼筋混凝土造,101年11月6日,五層,
RPVNMLTKKHGGFBC08DA,22,91.32,住家用,鋼筋混凝土造,88年1月14日,十六層,五層 陽台
RPRQMLOJLHGGFCC57DA,8,.02,本共有部分之項目有管理室．停車位等共２項。,鋼筋混凝土造,101年11月6日,五層,
RPRQMLOJLHGGFCC57DA,8,6.65,本共有部分之項目有停車空間。,鋼筋混凝土造,101年11月6日,五層,
RPVNMLTKKHGGFBC08DA,22,14.70,共用部份,鋼筋混凝土造,88年1月14日,十六層,
RPVNMLTKKHGGFBC08DA,22,7.02,共用部份,鋼筋混凝土造,88年1月14日,十六層,
RPRQMLOJLHGGFCC57DA,8,6.65,本共有部分之項目有停車空間。,鋼筋混凝土造,101年11月6日,五層,
RPVNMLTKKHGGFBC08DA,22,2.24,共用部份,鋼筋混凝土造,88年1月14日,十六層,
RPRQMLOJLHGGFCC57DA,8,6.65,本共有部分之項目有停車空間。,鋼筋混凝土造,101年11月6日,五層,
RPVNMLTKKHGGFBC08DA,22,1.09,共用部份,鋼筋混凝土造,88年1月14日,十六層,
RPQNMLNJLHGGFCC17EA,2,86.84,集合住宅,鋼筋混凝土造,108年1月2日,十五層,十層 陽台 雨遮
RPQNMLNJLHGGFCC17EA,2,55.97,本共有部分之項目有公共服務空間、戶外安全梯、儲藏室、排煙室、梯廳、無障礙樓梯、管委會使用空間、雨遮、陽台、服務台、車道、排煙室兼梯廳、（排風室）機電設備空間、機電設備空間（發電機室）、防空避難室兼停車空間、（進風室）機電設備空間、垃圾車停車位、垃圾集中場、機械室、（電信室）機電設備空間、Ｂ棟水箱、機電設備空間（消防幫浦室）、Ａ棟水箱、停車空間、樓電梯間、消防水池、水箱共二十七項。,鋼筋混凝土造,108年1月2日,十五層,
RPWNMLQLKHGGFBC97DA,52,45.99,住家用,加強磚造,58年7月18日,三層,三層
RPPNMLSJLHGGFCC57EA,24,215.23,住家用,鋼筋混凝土造,86年3月17日,三層,一層 二層 三層 陽台 平台 水箱 露台 花台 地下層
RPPNMLOJLHGGFCC17EA,24,50.76,住家用,鋼筋混凝土造,85年8月30日,七層,七層 陽台
RPPNMLSJLHGGFCC57EA,24,2.32,社區中心,鋼筋混凝土造,86年6月21日,九層,地下一層
RPPNMLOJLHGGFCC17EA,24,50.76,住家用,鋼筋混凝土造,85年8月30日,七層,七層 陽台
RPPNMLSJLHGGFCC57EA,24,.88,共用部份,鋼筋混凝土造,86年6月21日,九層,
RPPNMLOJLHGGFCC17EA,24,12.55,共用部份,鋼筋混凝土造,85年8月30日,七層,
RPPNMLOJLHGGFCC17EA,24,12.55,共用部份,鋼筋混凝土造,85年8月30日,七層,
RPWNMLNJKHGGFBC47DA,24,48.07,住家用,鋼筋混凝土造,85年11月29日,二十三層,十層 陽台
RPWNMLNJKHGGFBC47DA,24,7.78,共用部份,鋼筋混凝土造,85年11月29日,二十三層,
RPWNMLNJKHGGFBC47DA,24,2.37,共用部份,鋼筋混凝土造,85年11月29日,二十三層,
RPWNMLNJKHGGFBC47DA,24,3.54,共用部份,鋼筋混凝土造,85年11月29日,二十三層,
RPSNMLPJLHGGFCC57EA,27,111.53,住家用,鋼筋混凝土造,83年3月10日,十層,九層 陽台 花台 雨遮
RPSNMLPJLHGGFCC57EA,27,33.03,共用部份,鋼筋混凝土造,83年3月10日,十層,
RPVNMLPJLHGGFBC67DA,25,124.49,住家用,鋼筋混凝土造,85年2月8日,五層,五層 陽台
RPVNMLPJLHGGFBC67DA,25,.10,共用部份,鋼筋混凝土造,85年2月8日,五層,
RPVNMLPJLHGGFBC67DA,25,2.72,共用部份,鋼筋混凝土造,85年2月8日,五層,
RPVOMLNJLHGGFCC67DA,47,71.49,住家用,鋼筋混凝土加強磚造,62年8月21日,四層,二層
RPVNMLPJLHGGFCC77DA,33,89.81,住家用,鋼筋混凝土造,76年12月31日,五層,四層 陽台
RPVNMLPJLHGGFCC77DA,33,1.25,共用部份,鋼筋混凝土造,76年12月31日,五層,
RPVNMLPJLHGGFCC77DA,33,3.00,共用部份,鋼筋混凝土造,76年12月31日,五層,
RPVNMLPJLHGGFCC77DA,33,3.00,共用部份,鋼筋混凝土造,76年12月31日,五層,
RPWQMLOJLHGGFCC08DA,33,99.19,住家用,鋼筋混凝土造,76年7月28日,五層,五層 陽台
RPOOMLQLKHGGFCC37DA,35,128.44,住家用,鋼筋混凝土造,74年7月31日,五層,四層 陽台
RPPOMLOLKHGGFCC27DA,53,79.93,住家用,加強磚造,57年1月22日,二層,二層
