鄉鎮市區,交易標的,土地位置建物門牌,土地移轉總面積平方公尺,都市土地使用分區,非都市土地使用分區,非都市土地使用編定,交易年月日,交易筆棟數,移轉層次,總樓層數,建物型態,主要用途,主要建材,建築完成年月,建物移轉總面積平方公尺,建物現況格局-房,建物現況格局-廳,建物現況格局-衛,建物現況格局-隔間,有無管理組織,總價元,單價元平方公尺,車位類別,車位移轉總面積(平方公尺),車位總價元,備註,編號,主建物面積,附屬建物面積,陽台面積,電梯,移轉編號
The villages and towns urban district,transaction sign,land sector position building sector house number plate,land shifting total area square meter,the use zoning or compiles and checks,the non-metropolis land use district,non-metropolis land use,transaction year month and day,transaction pen number,shifting level,total floor number,building state,main use,main building materials,construction to complete the years,building shifting total area,Building present situation pattern - room,building present situation pattern - hall,building present situation pattern - health,building present situation pattern - compartmented,Whether there is manages the organization,total price NTD,the unit price (NTD / square meter),the berth category,berth shifting total area square meter,the berth total price NTD,the note,serial number,,,,,
中西區,房地(土地+建物)+車位,民權路三段３３６號三樓之１,8.82,都市：其他:住宅區,,,1091124,土地2建物1車位1,三層,七層,華廈(10層含以下有電梯),住家用,鋼筋混凝土造,0810130,53.64,1,0,1,有,有,2000000,37293,坡道平面,0.0,1000000,陽台外推；,RPWPMLOLJIPFFAD78DA,27.75,0.0,6.48,有,
安平區,房地(土地+建物)+車位,文平路２０７號四樓之５,14.29,都市：其他:商業區,,,1091107,土地1建物1車位1,四層,二十一層,住宅大樓(11層含以上有電梯),見其他登記事項,鋼筋混凝土造,0960815,185.62,4,2,2,有,有,12300000,66264,坡道平面,24.22,0,,RPUPMLMJKIPFFAD28DA,99.22,0.0,15.05,有,0001
北區,房地(土地+建物),大港街１１０巷１０弄９號,99.55,都市：其他:住宅區,,,1091024,土地1建物1車位0,一層，二層，三層，屋頂突出物，地下層,四層,公寓(5樓含以下無電梯),住家用,鋼筋混凝土造,0811230,231.5,5,2,3,有,無,8600000,37149,,0.0,0,,RPUOMLNJKIPFFAD28DA,184.38,0.0,11.1,無,
北區,房地(土地+建物),南園街４２巷７號,49.0,都市：其他:住宅區,,,1091009,土地1建物1車位0,全,二層,透天厝,住家用,加強磚造,0620630,77.12,6,0,6,有,無,6550000,84933,,0.0,0,含租約；,RPOPMLNJKIPFFAD77DA,77.12,0.0,0.0,無,
安平區,房地(土地+建物)+車位,育平五街６號十七樓之６,12.0,都市：其他:住宅區,,,1091030,土地1建物1車位1,十七層,二十二層,住宅大樓(11層含以上有電梯),住家用,鋼筋混凝土造,0861021,146.95999999999998,3,2,2,有,有,5650000,38448,坡道機械,22.48,0,,RPQNMLOJKIPFFAD87DA,86.16,0.0,6.8,有,0002
安平區,房地(土地+建物)+車位,永華路二段２８６號十一樓,8.9,都市：其他:商業區,,,1090802,土地1建物1車位1,十一層,二十九層,住宅大樓(11層含以上有電梯),見其他登記事項,見其他登記事項,1070921,177.39,4,2,2,有,有,14820000,88749,坡道機械,23.36,1150000,,RPPPMLOJKIPFFAD97DA,95.77,0.85,9.48,有,
安平區,房地(土地+建物)+車位,永華路二段２８８號十一樓,9.74,都市：其他:商業區,,,1090802,土地1建物1車位1,十一層,二十九層,住宅大樓(11層含以上有電梯),見其他登記事項,見其他登記事項,1070921,193.5,3,2,2,有,有,15980000,89438,坡道平面,31.6,1500000,,RPRPMLOJKIPFFAD18DA,100.35,0.77,10.42,有,
安平區,房地(土地+建物)+車位,永華路二段２８８號五樓,9.3,都市：其他:商業區,,,1090905,土地1建物1車位1,五層,二十九層,住宅大樓(11層含以上有電梯),見其他登記事項,見其他登記事項,1070921,185.26,3,2,2,有,有,15750000,89561,坡道機械,23.36,1250000,,RPSPMLOJKIPFFAD28DA,100.35,0.77,10.42,有,
中西區,房地(土地+建物)+車位,中華西路二段４１６號二十一樓之３,27.73,都市：其他:住宅區,,,1091119,土地1建物1車位1,二十一層,二十五層,住宅大樓(11層含以上有電梯),集合住宅,鋼筋混凝土構造,1060817,287.02,3,2,3,有,有,20280000,75349,坡道平面,33.8,1200000,,RPOQMLOJKIPFFAD97DA,165.26,0.0,13.38,有,
北區,房地(土地+建物),成功路５０４巷５５號,79.0,都市：其他:細部計畫道路用地,,,1091103,土地2建物1車位0,全,二層,透天厝,住家用,加強磚造,0551008,83.3,4,2,2,有,無,4616800,55424,,0.0,0,,RPTNMLRJKIPFFAD48DA,83.3,0.0,0.0,無,
中西區,房地(土地+建物)+車位,開山路５１號五樓之２,24.92,都市：其他:商業區,,,1090913,土地4建物1車位1,五層,十一層,住宅大樓(11層含以上有電梯),見其他登記事項,見其他登記事項,0960209,250.07,4,2,2,有,有,15500000,61983,升降平面,15.59,0,含傢俱設備費；陽台外推；,RPQNMLRJKIPFFAD18DA,141.12,0.0,21.26,有,
安平區,房地(土地+建物)+車位,永華路二段８２７號十二樓,8.54,都市：其他:住宅區,,,1091122,土地1建物1車位1,十二層,二十三層,住宅大樓(11層含以上有電梯),見其他登記事項,見其他登記事項,1081217,100.11,2,2,1,有,有,7000000,69923,坡道機械,28.37,0,,RPOQMLSJKIPFFAD38DA,41.4,2.91,3.76,有,0003
中西區,房地(土地+建物),大勇街１８號,44.0,都市：其他:商業區,,,1091022,土地1建物1車位0,全,三層,透天厝,住商用,加強磚造,0560225,118.73,2,2,3,有,無,9000000,75802,,0.0,0,頂樓加蓋；其他增建；,RPQQMLSJKIPFFAD58DA,118.73,0.0,0.0,無,0004
北區,建物,實踐街７１巷８０號,0.0,,,,1091117,土地0建物1車位0,全,一層,透天厝,住家用,加強磚造,0630923,42.78,4,0,4,有,無,3150000,73633,,0.0,0,土地為仁愛之家所有頂樓加蓋；,RPTNMLTJKIPFFAD68DA,42.78,0.0,0.0,無,
安平區,房地(土地+建物)+車位,永華路二段３７９號十一樓之１,34.23,都市：其他:住宅區,,,1091006,土地1建物1車位2,十一層,十九層,住宅大樓(11層含以上有電梯),見其他登記事項,見其他登記事項,1040825,371.55,3,3,4,有,有,23000000,61903,坡道平面,67.72,0,,RPPOMLTJKIPFFAD38DA,201.97,0.0,19.84,有,0005
中西區,房地(土地+建物)+車位,中華西路二段４１２號十四樓之２,24.27,都市：其他:住宅區,,,1091128,土地1建物1車位1,十四層,二十五層,住宅大樓(11層含以上有電梯),集合住宅,鋼筋混凝土構造,1060817,256.02,3,2,3,有,有,16280000,68761,坡道平面,33.8,1000000,,RPTPMLTJKIPFFAD88DA,141.74,0.0,14.58,有,
安南區,土地,佃北段1053地號,1735.52,都市：其他:住宅區,,,1091127,土地2建物0車位0,,,其他,,,,0.0,0,0,0,有,無,27290000,15724,,0.0,0,,RPXNMLLJKIPFFBD38DA,0.0,0.0,0.0,無,0006
安南區,房地(土地+建物),田路３２９巷１９號,176.0,都市：其他:住宅區,,,1091022,土地4建物1車位0,全,三層,透天厝,住家用,加強磚造,0960904,202.07,5,2,3,有,無,7500000,37116,,0.0,0,,RPPOMLLJKIPFFBD67DA,189.47,0.0,12.6,無,
安南區,房地(土地+建物),北安路二段１０９號,98.15,都市：其他:住宅區,,,1091116,土地1建物1車位0,全,三層,透天厝,住商用,鋼筋混凝土造,0701117,158.76,4,2,3,有,無,9350000,58894,,0.0,0,,RPRTMLRJKIPFFBD98DA,144.28,0.0,14.48,無,
安南區,土地,學東段998地號,143.2,都市：其他:住宅區,,,1090511,土地1建物0車位0,,,其他,,,,0.0,0,0,0,有,無,4331000,30244,,0.0,0,,RPTNMLTJKIPFFBD78DA,0.0,0.0,0.0,無,0007
安南區,房地(土地+建物),永續路２３６巷１０號,108.75,都市：其他:住宅區,,,1091114,土地2建物1車位0,全,四層,透天厝,見其他登記事項,鋼筋混凝土造,1090304,236.19,4,2,5,有,無,16700000,70706,,0.0,0,,RPTOMLTJKIPFFBD88DA,222.03,0.0,14.14,無,
南區,房地(土地+建物),体育路２１巷３４弄５號,195.0,都市：其他:住宅區,,,1090920,土地2建物1車位0,全,四層,透天厝,住家用,鋼筋混凝土造,0690901,298.93,6,2,4,有,無,17580000,58810,,0.0,0,,RPSPMLNJJIPFFCD28DA,298.93,0.0,0.0,無,0008
東區,房地(土地+建物),富農街一段７２巷２９號,74.26,都市：其他:第五種住宅區,,,1091110,土地3建物1車位0,全,二層,透天厝,住家用,加強磚造,0611211,84.69,4,2,1,有,無,4800000,56677,,0.0,0,包含公共設施保留地用地；,RPWOMLNLJIPFFCD78DA,84.69,0.0,0.0,無,
南區,房地(土地+建物),中華南路一段１８６巷２０弄５９號,73.0,都市：其他:住宅區,,,1091202,土地1建物1車位0,全,二層,透天厝,住家用,加強磚造,0740115,113.61,4,2,5,有,無,4880000,42954,,0.0,0,,RPUOMLMJKIPFFCD38DA,107.4,0.0,6.21,無,
東區,房地(土地+建物)+車位,富農街二段１３號六樓之２,18.75,都市：其他:第五種住宅區,,,1091102,土地1建物1車位1,六層，夾層,六層,華廈(10層含以下有電梯),住家用,鋼筋混凝土造,0840502,112.27,3,2,2,有,有,5680000,50592,坡道平面,0.0,0,,RPVOMLMJKIPFFCD48DA,57.31,1.53,6.65,有,
南區,房地(土地+建物),金華路二段５１巷８７之１號,33.75,都市：其他:住宅區,,,1091203,土地1建物1車位0,二層,四層,公寓(5樓含以下無電梯),住家用,鋼筋混凝土造,0670509,62.19,3,1,1,有,無,2220000,35697,,0.0,0,親友、員工、共有人或其他特殊關係間之交易；,RPVNMLNJKIPFFCD48DA,62.19,0.0,0.0,無,
東區,房地(土地+建物),東光路二段１０９巷８號,70.0,都市：其他:第五種住宅區,,,1090828,土地1建物1車位0,全,二層,透天厝,住家用,加強磚造,0680331,86.4,2,2,2,有,無,7000000,81019,,0.0,0,,RPWNMLOJKIPFFCD68DA,86.4,0.0,0.0,無,
東區,房地(土地+建物),中華東路二段１９３號六樓之１５,2.6,都市：其他:細部計劃道路用地,,,1091129,土地3建物1車位0,六層,二十層,住宅大樓(11層含以上有電梯),住家用,鋼筋混凝土造,0841106,34.339999999999996,1,0,1,有,有,2030000,59115,,0.0,0,,RPOOMLOJKIPFFCD97DA,19.5,0.0,3.72,有,
東區,房地(土地+建物)+車位,崇善十一街５２號十樓之８,12.88,都市：其他:第五種住宅區,,,1091031,土地1建物1車位1,十層,十四層,住宅大樓(11層含以上有電梯),住家用,鋼筋混凝土造,0880802,79.39,2,2,1,有,有,4900000,61721,坡道機械,11.24,0,,RPRNMLRJKIPFFCD48DA,47.66,0.0,7.15,有,0009
東區,房地(土地+建物)+車位,德昌路６８號九樓之１,60.32,都市：其他:第五種住宅區,,,1090926,土地1建物1車位2,九層,十三層,住宅大樓(11層含以上有電梯),見其他登記事項,見其他登記事項,1080131,293.94,4,2,3,有,有,23500000,85959,坡道平面,61.27,3500000,土地價款:900萬建物價款:1100萬,RPXNMLRJKIPFFCD09DA,139.78,0.0,21.15,有,
東區,房地(土地+建物)+車位,德昌路６６號四樓之２,75.4,都市：其他:第五種住宅區,,,1090917,土地1建物1車位3,四層,十三層,住宅大樓(11層含以上有電梯),見其他登記事項,見其他登記事項,1080131,361.5,4,2,3,有,有,25760000,78874,坡道平面,95.76,4800000,土地價款:9432000元建物價款:11528000元,RPRNMLSJKIPFFCD58DA,161.84,0.0,21.94,有,
東區,房地(土地+建物),中華東路三段３８０巷５５弄２３號,100.3,都市：其他:鄰里商業區,,,1091031,土地2建物1車位0,全,四層,透天厝,見其他登記事項,鋼筋混凝土造,0841229,348.75,5,3,5,有,有,15280000,43814,,0.0,0,含傢俱設備費；其他增建；,RPUNMLSJKIPFFCD88DA,267.53,1.05,30.03,無,
南區,房地(土地+建物),中華南路二段５３巷１２７號,96.0,都市：其他:住宅區,,,1091013,土地2建物1車位0,全,四層,透天厝,見其他登記事項,見其他登記事項,1090806,187.82,4,3,4,有,無,16500000,87850,,0.0,0,其他增建；,RPVOMLSJKIPFFCD09DA,161.48,0.0,26.34,無,
東區,房地(土地+建物),東門路三段１１巷９號四樓,26.51,都市：其他:第五種住宅區,,,1091126,土地1建物1車位0,四層,七層,華廈(10層含以下有電梯),住家用,鋼筋混凝土造,0700407,132.12,3,2,2,有,無,3500000,26491,,0.0,0,,RPQNMLTJKIPFFCD58DA,97.94,0.0,0.0,有,
南區,土地,中和段1120-8地號,7.6,都市：其他:住宅區,,,1091201,土地1建物0車位0,,,其他,,,,0.0,0,0,0,有,無,229900,30250,,0.0,0,政府機關標讓售；,RPSNMLKKKIPFFCD97DA,0.0,0.0,0.0,無,
新營區,房地(土地+建物),康樂街１６之２號四樓之六,9.89,都市：其他:商業區,,,1091119,土地1建物1車位0,四層,八層,公寓(5樓含以下無電梯),住家用,鋼筋混凝土造,0850215,77.86,2,2,1,有,無,2500000,32109,,0.0,0,,RPWNMLSJKIPFFDD56DA,55.86,0.0,0.0,無,
鹽水區,土地,新岸段143-1地號,36.36,都市：其他:住宅區,,,1091011,土地1建物0車位0,,,其他,,,,0.0,0,0,0,有,無,550000,15127,,0.0,0,未登記建物；,RPQNMLTJKIPFFDD68DA,0.0,0.0,0.0,無,
新營區,土地,濟安段44地號,18.25,都市：其他:商業區,,,1091207,土地1建物0車位0,,,其他,,,,0.0,0,0,0,有,無,662406,36296,,0.0,0,,RPVNMLKKKIPFFDD38DA,0.0,0.0,0.0,無,
東山區,土地,東河段367地號,44.34,,鄉村區,水利用地,1091205,土地1建物0車位0,,,其他,,,,0.0,0,0,0,有,無,268000,6044,,0.0,0,,RPPNMLRJKIPFFED48DA,0.0,0.0,0.0,無,
東山區,土地,吉貝耍段838地號,1945.0,,特定農業區,農牧用地,1091127,土地1建物0車位0,,,其他,,,,0.0,0,0,0,有,無,1945000,1000,,0.0,0,,RPPNMLKKKIPFFED87DA,0.0,0.0,0.0,無,
下營區,土地,下營段3860-1地號,1395.0,,特定農業區,農牧用地,1091112,土地1建物0車位0,,,其他,,,,0.0,0,0,0,有,無,1674000,1200,,0.0,0,親友、員工、共有人或其他特殊關係間之交易；,RPWOMLOLJIPFFFD56DA,0.0,0.0,0.0,無,
下營區,土地,大屯寮段2753地號,1462.0,,特定農業區,農牧用地,1091112,土地1建物0車位0,,,其他,,,,0.0,0,0,0,有,無,1535100,1050,,0.0,0,親友、員工、共有人或其他特殊關係間之交易；,RPXOMLOLJIPFFFD66DA,0.0,0.0,0.0,無,0010
六甲區,土地,菁埔段983-2地號,6573.0,,一般農業區,農牧用地,1090620,土地1建物0車位0,,,其他,,,,0.0,0,0,0,有,無,6770000,1030,,0.0,0,,RPRNMLSJKIPFFFD88DA,0.0,0.0,0.0,無,
六甲區,土地,七甲段27-2地號,322.75,都市：其他:計畫道路用地,,,1090930,土地5建物0車位0,,,其他,,,,0.0,0,0,0,有,無,6260000,19396,,0.0,0,預售屋、或土地及建物分次登記案件；,RPXNMLSJKIPFFFD86DA,0.0,0.0,0.0,無,
麻豆區,土地,穀興段96地號,74.0,都市：其他:商業區,,,1091118,土地2建物0車位0,,,其他,,,,0.0,0,0,0,有,無,1650000,22297,,0.0,0,未登記建物；,RPTNMLTJKIPFFFD56DA,0.0,0.0,0.0,無,
麻豆區,土地,保安段1035地號,133.54,都市：其他:第三種住宅區。,,,1091110,土地2建物0車位0,,,其他,,,,0.0,0,0,0,有,無,2398906,17964,,0.0,0,親友、員工、共有人或其他特殊關係間之交易；,RPUNMLTJKIPFFFD66DA,0.0,0.0,0.0,無,
麻豆區,土地,港埔段910地號,1383.0,,特定農業區,農牧用地,1091202,土地1建物0車位0,,,其他,,,,0.0,0,0,0,有,無,1660000,1200,,0.0,0,,RPXNMLRJKIPFFFD76DA,0.0,0.0,0.0,無,0011
麻豆區,土地,中興段770-1地號,63.38,都市：其他:計畫道路用地,,,1091125,土地2建物0車位0,,,其他,,,,0.0,0,0,0,有,無,2766595,43651,,0.0,0,,RPQNMLKKKIPFFFD08DA,0.0,0.0,0.0,無,
下營區,土地,大屯寮段1943地號,4300.0,,特定農業區,農牧用地,1091106,土地2建物0車位0,,,其他,,,,0.0,0,0,0,有,無,5375000,1250,,0.0,0,,RPTNMLKKKIPFFFD38DA,0.0,0.0,0.0,無,
佳里區,土地,龍昌段154地號,1074.0,,特定農業區,農牧用地,1091124,土地1建物0車位0,,,其他,,,,0.0,0,0,0,有,無,2040000,1899,,0.0,0,,RPPNMLPLJIPFFGD58DA,0.0,0.0,0.0,無,
佳里區,土地,新宅段703地號,1272.0,,特定農業區,農牧用地,1091113,土地1建物0車位0,,,其他,,,,0.0,0,0,0,有,無,15300000,12028,,0.0,0,,RPUOMLLJKIPFFGD68DA,0.0,0.0,0.0,無,
西港區,土地,東埔段825地號,1817.88,,一般農業區,農牧用地,1091016,土地1建物0車位0,,,其他,,,,0.0,0,0,0,有,無,8000000,4401,,0.0,0,,RPQNMLSJKIPFFGD88DA,0.0,0.0,0.0,無,
佳里區,土地,子龍段1436地號,1171.0,,特定農業區,農牧用地,1091120,土地1建物0車位0,,,其他,,,,0.0,0,0,0,有,無,2500000,2135,,0.0,0,,RPRNMLSJKIPFFGD98DA,0.0,0.0,0.0,無,
佳里區,土地,新安段146地號,1105.0,,鄉村區,乙種建築用地,1090703,土地1建物0車位0,,,其他,,,,0.0,0,0,0,有,無,8800000,7964,,0.0,0,,RPSNMLSJKIPFFGD09DA,0.0,0.0,0.0,無,
七股區,房地(土地+建物),大潭里台潭１２８之２號,519.4,,一般農業區,養殖用地,1091126,土地2建物1車位0,全,三層,透天厝,農舍,鋼筋混凝土造,0821022,145.38,5,2,3,有,無,4600000,31641,,0.0,0,,RPROMLSJKIPFFGD09DA,136.37,0.0,9.01,無,0012
西港區,土地,成功段704地號,415.32,,鄉村區,乙種建築用地,1090920,土地2建物0車位0,,,其他,,,,0.0,0,0,0,有,無,4522300,10889,,0.0,0,預售屋、或土地及建物分次登記案件；,RPRNMLKKKIPFFGD28DA,0.0,0.0,0.0,無,
西港區,土地,子林段526地號,2756.0,,特定農業區,農牧用地,1091015,土地1建物0車位0,,,其他,,,,0.0,0,0,0,有,無,6000000,2177,,0.0,0,,RPTNMLKKKIPFFGD48DA,0.0,0.0,0.0,無,
佳里區,土地,佳化段1154地號,139.76,,鄉村區,乙種建築用地,1091130,土地4建物0車位0,,,其他,,,,0.0,0,0,0,有,無,883885,6324,,0.0,0,交通用地買賣不計價親友、員工、共有人或其他特殊關係間之交易；,RPUNMLKKKIPFFGD58DA,0.0,0.0,0.0,無,
佳里區,土地,子龍段382-2地號,6.0,,鄉村區,交通用地,1091201,土地1建物0車位0,,,其他,,,,0.0,0,0,0,有,無,42000,7000,,0.0,0,政府機關標讓售；,RPXNMLKKKIPFFGD88DA,0.0,0.0,0.0,無,
七股區,土地,玉成段693地號,730.27,,鄉村區,乙種建築用地,1091125,土地2建物0車位0,,,其他,,,,0.0,0,0,0,有,無,13095514,17932,,0.0,0,,RPWNMLTJKIPFFGD96DA,0.0,0.0,0.0,無,
善化區,房地(土地+建物),善新西路２１８巷９號,241.49,都市：其他:生活服務區(第一種住宅區),,,1090624,土地5建物1車位0,全,四層,透天厝,見其他登記事項,鋼筋混凝土造,1090110,290.06,5,2,5,有,無,23600000,81362,,0.0,0,,RPWPMLMLIIPFFHD56DA,266.47,0.0,23.55,有,
新化區,房地(土地+建物)+車位,永新路２５號七樓之３,43.84,,特定專用區,甲種建築用地,1091104,土地1建物1車位1,七層,七層,華廈(10層含以下有電梯),住家用,鋼筋混凝土造,0860825,139.82,3,2,2,有,有,4600000,32899,坡道平面,0.0,0,,RPWNMLTJJIPFFHD96DA,79.57,0.0,12.44,有,
新化區,土地,知母義段18地號,1537.27,,一般農業區,農牧用地,1090731,土地7建物0車位0,,,其他,,,,0.0,0,0,0,有,無,3000000,1952,,0.0,0,兄妹關係親友、員工、共有人或其他特殊關係間之交易；未登記建物；,RPRNMLTKJIPFFHD56DA,0.0,0.0,0.0,無,
新市區,土地,大洲段290-5地號,191.0,,鄉村區,乙種建築用地,1091105,土地4建物0車位0,,,其他,,,,0.0,0,0,0,有,無,5300000,27749,,0.0,0,,RPPNMLLJKIPFFHD18DA,0.0,0.0,0.0,無,
善化區,房地(土地+建物)+車位,益民寮２５號四樓之１,29.89,都市：其他:住宅區,,,1090919,土地1建物1車位1,四層,十二層,住宅大樓(11層含以上有電梯),見其他登記事項,鋼筋混凝土造,1090114,135.98000000000002,3,2,2,有,有,6400000,46688,坡道平面,22.46,1100000,,RPSRMLMJKIPFFHD98DA,70.75,0.0,5.9,有,
善化區,房地(土地+建物)+車位,益民寮２５號五樓之７,29.18,都市：其他:住宅區,,,1081014,土地1建物1車位1,五層,十二層,住宅大樓(11層含以上有電梯),見其他登記事項,鋼筋混凝土造,1090114,135.26,3,2,2,有,有,6260000,46084,坡道平面,21.12,1000000,,RPXRMLMJKIPFFHD86DA,69.76,0.0,7.18,有,
善化區,房地(土地+建物)+車位,益民寮２５號十二樓之７,29.71,都市：其他:住宅區,,,1091003,土地1建物1車位1,十二層,十二層,住宅大樓(11層含以上有電梯),見其他登記事項,鋼筋混凝土造,1090114,145.57,3,2,2,有,有,7730000,56420,一樓平面,29.83,1200000,,RPOTMLMJKIPFFHD78DA,69.67,0.0,7.19,有,
善化區,房地(土地+建物)+車位,益民寮２５號十二樓之２,30.07,都市：其他:住宅區,,,1090930,土地1建物1車位1,十二層,十二層,住宅大樓(11層含以上有電梯),見其他登記事項,鋼筋混凝土造,1090114,137.56,3,2,2,有,有,8700000,66464,坡道平面,22.46,1050000,,RPWSMLMJKIPFFHD86DA,70.69,0.0,5.87,有,
安定區,土地,新庄段388地號,238.05,,鄉村區,乙種建築用地,1091202,土地3建物0車位0,,,其他,,,,0.0,0,0,0,有,無,8500000,35707,,0.0,0,,RPUTMLMJKIPFFHD76DA,0.0,0.0,0.0,無,
善化區,土地,南小新段542-1地號,1.42,都市：其他:住宅區,,,1091203,土地1建物0車位0,,,其他,,,,0.0,0,0,0,有,無,60000,42254,,0.0,0,,RPROMLNJKIPFFHD68DA,0.0,0.0,0.0,無,
安定區,土地,安定段2355-2地號,1800.0,都市：其他:農業區,,,1091022,土地1建物0車位0,,,其他,,,,0.0,0,0,0,有,無,26200000,14556,,0.0,0,,RPSOMLNJKIPFFHD78DA,0.0,0.0,0.0,無,
新市區,房地(土地+建物)+車位,永華二街１２號四樓,61.32,,特定專用區,甲種建築用地,1091114,土地1建物1車位1,四層,八層,華廈(10層含以下有電梯),住家用,鋼筋混凝土造,0860825,182.1,4,2,2,有,有,5700000,31301,坡道平面,0.0,0,,RPPNNLNJKIPFFHD48DA,112.99,0.0,13.62,有,
善化區,房地(土地+建物),仁愛路２７號,65.57,都市：其他:住宅區,,,1091105,土地1建物1車位0,全,二層,透天厝,住商用,加強磚造,0680524,102.4,3,2,2,有,無,5250000,51270,,0.0,0,,RPXNMLOJKIPFFHD66DA,102.4,0.0,0.0,無,
善化區,房地(土地+建物),蓮潭北一街９５號,154.55,都市：其他:生活服務區(第二種住宅區),,,1091025,土地2建物1車位0,全,三層,透天厝,住家用,鋼筋混凝土造,1030507,224.71,5,2,4,有,無,18660000,83040,,0.0,0,,RPXOMLOJKIPFFHD76DA,214.29,0.0,10.42,無,
新市區,房地(土地+建物),豐榮５１之７號,83.5,,鄉村區,乙種建築用地,1091017,土地2建物1車位0,全,四層,透天厝,住家用,鋼筋混凝土造,1040715,173.96,4,2,4,有,有,9900000,56910,,0.0,0,,RPSOMLRJKIPFFHD56DA,165.08,0.0,8.67,無,
善化區,房地(土地+建物),裕民街１５３號,102.95,都市：其他:住宅區,,,1091018,土地1建物1車位0,全,四層,透天厝,見其他登記事項,鋼筋混凝土造,1030103,221.34,4,2,5,有,無,13000000,58733,,0.0,0,其他增建；,RPUNMLSJKIPFFHD76DA,212.77,0.0,8.57,無,
善化區,土地,曾文段1085-1地號,2069.25,,特定專用區,農牧用地,1091105,土地2建物0車位0,,,其他,,,,0.0,0,0,0,有,無,3428900,1657,,0.0,0,,RPTOMLSJKIPFFHD76DA,0.0,0.0,0.0,無,0013
安定區,房地(土地+建物),許中營１之２７號,39.41,,鄉村區,乙種建築用地,1091113,土地1建物1車位0,全,四層,透天厝,住家用,鋼筋混凝土造,0950517,90.88,5,2,3,有,無,2790000,30700,,0.0,0,親友、員工、共有人或其他特殊關係間之交易；,RPOOMLTJKIPFFHD98DA,69.98,0.0,20.9,無,
新化區,土地,中興段787地號,1556.68,,森林區,農牧用地,1091114,土地1建物0車位0,,,其他,,,,0.0,0,0,0,有,無,6600000,4240,,0.0,0,未登記建物；,RPWOMLTJKIPFFHD17DA,0.0,0.0,0.0,無,
安定區,土地,蘇厝段1214-1地號,3150.0,都市：其他:農業區(供申請變更開發為產業支援區),,,1090916,土地2建物0車位0,,,其他,,,,0.0,0,0,0,有,無,50400000,16000,,0.0,0,預售屋、或土地及建物分次登記案件；,RPTNMLKKKIPFFHD58DA,0.0,0.0,0.0,無,
善化區,土地,成功段653地號,261.81,都市：其他:住宅區,,,1090905,土地7建物0車位0,,,其他,,,,0.0,0,0,0,有,無,9318766,35594,,0.0,0,包含公共設施保留地用地；,RPTPMLTJKIPFFHD96DA,0.0,0.0,0.0,無,0014
善化區,土地,北小新段895地號,352.85,都市：其他:計畫道路用地,,,1090913,土地5建物0車位0,,,其他,,,,0.0,3,2,2,有,無,10000000,28341,,0.0,0,未登記建物；,RPOOMLKKKIPFFHD18DA,0.0,0.0,0.0,無,
新市區,房地(土地+建物)+車位,富中街２６９號八樓之８,18.71,都市：其他:住宅區,,,1090729,土地1建物1車位1,八層,十二層,住宅大樓(11層含以上有電梯),見其他登記事項,鋼筋混凝土造,1060327,118.78,4,4,4,有,有,5720000,48156,坡道平面,0.0,0,,RPPNMLLKKIPFFHD28DA,52.34,0.0,6.57,有,
歸仁區,房地(土地+建物),辜厝里中正南路一段３９２號,97.0,都市：其他:住宅區,,,1091123,土地1建物1車位0,全,二層,透天厝,住商用,加強磚造,0680825,104.97,6,2,3,有,無,10000000,95265,,0.0,0,,RPSPMLQLJIPFFID76DA,104.97,0.0,0.0,無,
歸仁區,房地(土地+建物),民權三街５０巷１５號三樓之２,35.74,都市：其他:住宅區,,,1091109,土地1建物1車位0,三層,六層,華廈(10層含以下有電梯),見其他登記事項,見其他登記事項,1080902,95.69,2,1,2,有,有,5500000,57477,,0.0,0,,RPVNMLRLJIPFFID96DA,63.1,0.0,6.62,有,0015
仁德區,土地,保甲段1136-2地號,1408.0,,一般農業區,農牧用地,1091012,土地1建物0車位0,,,其他,,,,0.0,0,0,0,有,無,9500000,6747,,0.0,0,親友、員工、共有人或其他特殊關係間之交易；,RPRPMLSJKIPFFID76DA,0.0,0.0,0.0,無,
仁德區,房地(土地+建物),土庫里太乙九街８號,816.29,都市：其他:甲種工業區,,,1090929,土地3建物2車位0,全,二層,透天厝,工商用,加強磚造,0730120,427.72,8,2,4,有,無,28000000,65463,,0.0,0,,RPVPMLSJKIPFFID17DA,405.41,0.0,22.31,無,
關廟區,房地(土地+建物),東昌街６０巷６號,106.57,都市：其他:住宅區,,,1091027,土地3建物1車位0,全,二層,透天厝,住家用,加強磚造,0720209,101.36,5,2,2,有,無,2620000,25848,,0.0,0,頂樓加蓋；其他增建；,RPOQMLSJKIPFFID56DA,98.16,0.0,3.2,無,
仁德區,土地,新工段1318地號,871.8,都市：其他:農業區,,,1091111,土地2建物0車位0,,,其他,,,,0.0,0,0,0,有,無,8200000,9406,,0.0,0,親友、員工、共有人或其他特殊關係間之交易；,RPQNMLTJKIPFFID56DA,0.0,0.0,0.0,無,0016
關廟區,土地,保東段653地號,21.51,,鄉村區,乙種建築用地,1091201,土地1建物0車位0,,,其他,,,,0.0,0,0,0,有,無,253500,11785,,0.0,0,,RPTNMLTJKIPFFID86DA,0.0,0.0,0.0,無,0017
仁德區,土地,上崙段681地號,148.64,都市：其他:商業區,,,1091204,土地1建物0車位0,,,其他,,,,0.0,0,0,0,有,無,4500000,30274,,0.0,0,親友、員工、共有人或其他特殊關係間之交易；,RPXNMLTJKIPFFID27DA,0.0,0.0,0.0,無,0018
關廟區,土地,北勢段935-1地號,2.0,都市：其他:住宅區,,,1091204,土地1建物0車位0,,,其他,,,,0.0,0,0,0,有,無,38000,19000,,0.0,0,,RPQNMLKKKIPFFID38DA,0.0,0.0,0.0,無,
南化區,土地,北寮段256-36地號,2508.0,,山坡地保育區,農牧用地,1091105,土地1建物0車位0,,,其他,,,,0.0,0,0,0,有,無,5700000,2273,,0.0,0,,RPQNMLKKKIPFFJD48DA,0.0,0.0,0.0,無,
永康區,房地(土地+建物),網寮里永二街２４５巷２５弄１１號四樓,25.03,都市：其他:住宅區,,,1091113,土地1建物1車位0,四層,五層,公寓(5樓含以下無電梯),住家用,鋼筋混凝土造,0850926,81.99,3,2,2,有,無,2700000,32931,,0.0,0,陽台外推；,RPRRMLPLJIPFFKD96DA,66.81,0.0,8.02,無,
永康區,土地,西勢段1484-2地號,1680.0,都市：其他:農業區,,,1091114,土地1建物0車位0,,,其他,,,,0.0,0,0,0,有,無,25410000,15125,,0.0,0,,RPQPMLRLJIPFFKD86DA,0.0,0.0,0.0,無,
永康區,房地(土地+建物)+車位,埔園里中山路３５４號三樓之２,13.56,都市：其他:道路用地,,,1091109,土地2建物1車位1,三層，四層,二十六層,住宅大樓(11層含以上有電梯),住家用,鋼筋混凝土造,0851106,158.62,3,2,2,有,有,3880000,24459,坡道機械,0.0,0,,RPTNMLKMJIPFFKD98DA,90.32,0.0,18.95,有,
永康區,房地(土地+建物),復華里國華街１０２巷５５號三樓之２,19.42,都市：其他:住宅區,,,1091107,土地2建物1車位0,三層,十一層,住宅大樓(11層含以上有電梯),見其他登記事項,鋼筋混凝土造,0841111,116.57,3,2,2,有,有,4000000,34314,,0.0,0,,RPTOMLKMJIPFFKD09DA,79.37,0.0,8.65,有,
永康區,土地,永保段267地號,512.7,都市：其他:道路用地,,,1090828,土地2建物0車位0,,,其他,,,,0.0,0,0,0,有,無,5372000,10478,,0.0,0,包含公共設施保留地用地；,RPTPMLOJKIPFFKD76DA,0.0,0.0,0.0,無,
永康區,房地(土地+建物),五王里成功路４５號,88.23,都市：其他:住宅區,,,1091114,土地1建物1車位0,全,三層,透天厝,住商用,加強磚造,0690606,171.16,3,2,3,有,無,7400000,43234,,0.0,0,親友、員工、共有人或其他特殊關係間之交易；其他增建；,RPTOMLSJKIPFFKD07DA,171.16,0.0,0.0,無,
永康區,房地(土地+建物),五王里成功路５７號,88.13,都市：其他:住宅區,,,1091114,土地1建物1車位0,全,三層,透天厝,住商用,加強磚造,0690606,171.16,3,1,3,有,無,6400000,37392,,0.0,0,親友、員工、共有人或其他特殊關係間之交易；,RPWOMLSJKIPFFKD37DA,171.16,0.0,0.0,無,
永康區,房地(土地+建物),五王里成功路５９號,88.26,都市：其他:住宅區,,,1091114,土地1建物1車位0,全,三層,透天厝,住商用,加強磚造,0690606,171.16,3,1,3,有,無,6400000,37392,,0.0,0,親友、員工、共有人或其他特殊關係間之交易；,RPXOMLSJKIPFFKD47DA,171.16,0.0,0.0,無,
永康區,房地(土地+建物),南工街２４７巷６４弄７號二樓之３,23.93,都市：其他:住宅區,,,1091027,土地1建物1車位0,二層,七層,華廈(10層含以下有電梯),住家用,鋼筋混凝土造,0830910,114.17,3,2,2,有,有,4000000,35035,,0.0,0,,RPQPMLSJKIPFFKD86DA,80.2,0.0,9.13,有,
永康區,土地,文化段992-2地號,2500.0,都市：其他:農業區,,,1090721,土地3建物0車位0,,,其他,,,,0.0,0,0,0,有,無,41600000,16640,,0.0,0,,RPSPMLSJKIPFFKD07DA,0.0,0.0,0.0,無,
永康區,房地(土地+建物),永大路三段５１１巷２０弄１５號,89.0,都市：其他:住宅區,,,1091120,土地1建物1車位0,全,四層,透天厝,住家用,見其他登記事項,1030821,199.74,4,2,3,有,無,11500000,57575,,0.0,0,,RPUPMLSJKIPFFKD27DA,178.43,0.0,21.31,無,
永康區,房地(土地+建物),王行路２２７號,84.27,都市：其他:住宅區,,,1091027,土地1建物1車位0,全,四層,透天厝,住商用,鋼筋混凝土造,0990305,194.05,5,2,5,有,無,12500000,64416,,0.0,0,陽台外推；其他增建；,RPWNMLRJKIPFFKD17DA,171.78,4.7,17.57,無,
永康區,房地(土地+建物),中華一路１巷２號三樓之２,19.71,都市：其他:市場用地,,,1091121,土地1建物1車位0,三層,四層,公寓(5樓含以下無電梯),住家用,鋼筋混凝土造,0731001,69.84,2,2,1,有,無,3100000,44387,,0.0,0,土地成交價:259萬、建物成交價51萬含裝潢費；含傢俱設備費；其他增建；,RPTNMLSJKIPFFKD96DA,46.34,0.0,3.76,無,0019
永康區,房地(土地+建物)+車位,復華一街１８０號八樓之６,21.34,都市：其他:住宅區,,,1091114,土地1建物1車位1,八層,十四層,住宅大樓(11層含以上有電梯),見其他登記事項,見其他登記事項,1090909,113.63,2,2,1,有,有,6200000,54563,坡道機械,21.05,0,,RPXPMLSJKIPFFKD57DA,57.78,0.0,4.74,有,0020
永康區,土地,蜈蜞潭段2016地號,58.0,都市：其他:道路用地,,,1091202,土地2建物0車位0,,,其他,,,,0.0,0,0,0,有,無,786000,13552,,0.0,0,道路用地包含公共設施保留地用地；,RPOOMLSJKIPFFKD56DA,0.0,0.0,0.0,無,0021
永康區,房地(土地+建物)+車位,安康里中華路７２７巷１６號十四樓之１,13.47,都市：其他:住宅區,,,1091101,土地1建物1車位1,十四層,十四層,住宅大樓(11層含以上有電梯),住家用,鋼筋混凝土造,0880824,131.63,3,2,2,有,有,5300000,40264,坡道機械,13.14,0,,RPUNMLTJKIPFFKD17DA,89.55,0.0,3.56,有,
永康區,房地(土地+建物)+車位,復國一路３３９之５號十一樓之１,18.42,都市：其他:商業區,,,1091031,土地1建物1車位1,十一層,十六層,住宅大樓(11層含以上有電梯),住家用,見其他登記事項,1070202,186.09,3,2,2,有,有,9650000,51857,坡道平面,38.58,0,,RPWNMLTJKIPFFKD37DA,90.27,1.77,9.39,有,0022
永康區,房地(土地+建物),鹽行路６９巷１號,82.75,都市：其他:住宅區,,,1091015,土地2建物1車位0,全,四層,透天厝,見其他登記事項,見其他登記事項,1020821,218.31,11,0,11,有,無,15000000,68710,,0.0,0,,RPTOMLTJKIPFFKD17DA,199.74,0.0,18.57,無,
永康區,土地,蜈蜞潭段2188地號,578.0,都市：其他:道路用地,,,1091203,土地1建物0車位0,,,其他,,,,0.0,0,0,0,有,無,6946606,12018,,0.0,0,包含公共設施保留地用地；,RPUOMLTJKIPFFKD27DA,0.0,0.0,0.0,無,0023
永康區,房地(土地+建物),鹽洲里鹽洲二街１９２號,36.14,都市：其他:住宅區,,,1091105,土地1建物1車位0,一層，二層，三層，騎樓,七層,華廈(10層含以下有電梯),住商用,鋼筋混凝土造,0830602,200.96,3,2,2,有,有,6000000,29857,,0.0,0,,RPWTMLTJKIPFFKD97DA,134.86,0.0,17.76,有,0024
安南區,房地(土地+建物),郡安路四段１０５號,107.04,都市：其他:住宅區,,,1091104,土地1建物1車位0,全,四層,透天厝,見其他登記事項,鋼筋混凝土造,0930813,227.91,5,3,4,有,無,12000000,52652,,0.0,0,,RPPOMLSJKIPFFBD48EA,198.79,0.0,29.12,無,
安南區,房地(土地+建物)+車位,同安路２３７巷１號五樓之３,9.34,都市：其他:市場用地,,,1091118,土地1建物1車位1,五層,十三層,住宅大樓(11層含以上有電梯),住家用,鋼筋混凝土造,0880409,64.06,3,2,2,有,有,2330000,36372,坡道平面,10.64,0,親友、員工、共有人或其他特殊關係間之交易；,RPTOMLSJKIPFFBD88EA,36.29,0.0,3.51,有,
安南區,房地(土地+建物),海佃路一段１５８巷１２２弄８６號,88.3,都市：其他:住宅區,,,1091107,土地2建物1車位0,全,四層,透天厝,見其他登記事項,鋼筋混凝土造,1000401,167.63,5,3,3,有,無,13300000,79341,,0.0,0,陽台外推；頂樓加蓋；其他增建；,RPUOMLSJKIPFFBD98EA,147.97,0.0,19.66,無,
安南區,房地(土地+建物),府安路四段１６２巷５號,98.91,都市：其他:住宅區,,,1091111,土地1建物1車位0,全,二層,透天厝,住家用,加強磚造,0691120,103.12,4,2,1,有,無,2280000,22110,,0.0,0,親友、員工、共有人或其他特殊關係間之交易；,RPQNMLTJKIPFFBD58EA,103.12,0.0,0.0,無,
安南區,土地,原佃段1016地號,200.41,都市：其他:細部計畫道路用地,,,1091124,土地1建物0車位0,,,其他,,,,0.0,0,0,0,有,無,641715,3202,,0.0,0,包含公共設施保留地用地；,RPVNMLOJKIPFFBD58EA,0.0,0.0,0.0,無,
東區,房地(土地+建物),大同路一段１４１巷５２號,83.56,都市：其他:第五種住宅區,,,1091028,土地1建物1車位0,全,三層,透天厝,住商用,鋼筋混凝土造,0670520,161.97,6,3,4,有,無,3160336,19512,,0.0,0,親友、員工、共有人或其他特殊關係間之交易；,RPVNMLSJKIPFFCD09EA,162.0,0.0,0.0,無,
南區,土地,明興段67地號,1024.16,都市：其他:農業區,,,1091107,土地1建物0車位0,,,其他,,,,0.0,0,0,0,有,無,30980000,30249,,0.0,0,,RPSNMLTJKIPFFCD88EA,0.0,0.0,0.0,無,
鹽水區,土地,汫水段459地號,681.29,,鄉村區,乙種建築用地,1091110,土地2建物0車位0,,,其他,,,,0.0,0,0,0,有,無,2000000,2936,,0.0,0,含地上未保存建物2棟,RPXNMLKKKIPFFDD68EA,0.0,0.0,0.0,無,
新營區,房地(土地+建物),隋唐街３１巷２２號,88.0,都市：其他:住宅區,,,1091111,土地2建物1車位0,全,三層,透天厝,住家用,鋼筋混凝土造,0810703,177.32,4,2,3,有,無,7000000,39477,,0.0,0,房屋現況交屋.賣方不負修繕及瑕疵擔保責任.其他增建；,RPSNMLKKKIPFFDD18EA,170.41,0.0,6.91,無,0025
大內區,土地,內庄段848地號,760.13,都市：其他:農業區,,,1091113,土地1建物0車位0,,,其他,,,,0.0,0,0,0,有,無,969200,1275,,0.0,0,,RPSNMLTJKIPFFFD56EA,0.0,0.0,0.0,無,
新化區,土地,新化段王公廟小段2308-1地號,0.99,,特定農業區,農牧用地,1090904,土地1建物0車位0,,,其他,,,,0.0,0,0,0,有,無,2376,0,,0.0,0,協議價購；,RPVQMLNJKIPFFHD76EA,0.0,0.0,0.0,無,0026
新化區,土地,新化段王公廟小段2308-1地號,33.28,,一般農業區,養殖用地,1090904,土地2建物0車位0,,,其他,,,,0.0,0,0,0,有,無,83047,2495,,0.0,0,協議價購；,RPWQMLNJKIPFFHD86EA,0.0,0.0,0.0,無,0026
新化區,土地,新化段王公廟小段2324-4地號,27.99,,特定農業區,農牧用地,1090904,土地2建物0車位0,,,其他,,,,0.0,0,0,0,有,無,80676,2882,,0.0,0,協議價購；,RPXQMLNJKIPFFHD96EA,0.0,0.0,0.0,無,0026
新化區,土地,新化段王公廟小段2324-4地號,27.0,,特定農業區,農牧用地,1090904,土地1建物0車位0,,,其他,,,,0.0,0,0,0,有,無,78300,2900,,0.0,0,協議價購；,RPPRMLNJKIPFFHD88EA,0.0,0.0,0.0,無,
新化區,土地,知母義段534-9地號,97.37,,一般農業區,養殖用地,1090904,土地1建物0車位0,,,其他,,,,0.0,0,0,0,有,無,243413,2500,,0.0,0,協議價購；,RPQRMLNJKIPFFHD98EA,0.0,0.0,0.0,無,
善化區,土地,善成段1382地號,313.72,都市：其他:住宅區,,,1091020,土地4建物0車位0,,,其他,,,,0.0,0,0,0,有,無,20878000,66550,,0.0,0,,RPPOMLTJKIPFFHD56EA,0.0,0.0,0.0,無,0029
善化區,土地,善駕段417地號,79.1,都市：其他:農業區,,,1091112,土地1建物0車位0,,,其他,,,,0.0,0,0,0,有,無,526400,6655,,0.0,0,,RPOPMLTJKIPFFHD56EA,0.0,0.0,0.0,無,0030
左鎮區,土地,草山段200-2地號,2566.62,,森林區,農牧用地,1091203,土地19建物0車位0,,,其他,,,,0.0,0,0,0,有,無,780000,304,,0.0,0,,RPRNMLKKKIPFFHD48EA,0.0,0.0,0.0,無,
左鎮區,土地,草山段195-5地號,498.25,,森林區,農牧用地,1091203,土地1建物0車位0,,,其他,,,,0.0,0,0,0,有,無,120000,241,,0.0,0,,RPSNMLKKKIPFFHD58EA,0.0,0.0,0.0,無,
仁德區,土地,保生段999地號,173.8,都市：其他:住宅區,,,1091023,土地1建物0車位0,,,其他,,,,0.0,0,0,0,有,無,3369737,19389,,0.0,0,親友、員工、共有人或其他特殊關係間之交易；未登記建物；,RPQOMLQLJIPFFID56EA,0.0,0.0,0.0,無,
永康區,土地,大灣段5420地號,1300.0,都市：其他:農業區,,,1091019,土地1建物0車位0,,,其他,,,,0.0,0,0,0,有,無,20500000,15769,,0.0,0,,RPRNMLTJKIPFFKD96EA,0.0,0.0,0.0,無,
永康區,土地,鹽西段915-13地號,883.35,都市：其他:工業區,,,1091111,土地2建物0車位0,,,其他,,,,0.0,0,0,0,有,無,20758725,23500,,0.0,0,親友、員工、共有人或其他特殊關係間之交易；,RPTNMLTJKIPFFKD17EA,0.0,0.0,0.0,無,
關廟區,房地(土地+建物),中山路二段１６５巷１１８號,70.0,都市：其他:住宅區,,,1091024,土地1建物1車位0,全,三層,透天厝,住家用,見其他登記事項,1090305,156.96,4,2,3,有,無,8800000,56065,,0.0,0,,RPPOMLMKJIPFFID58EA,148.83,0.0,8.13,無,
歸仁區,土地,沙崙段1349-2地號,327.0,,一般農業區,農牧用地,1091105,土地1建物0車位0,,,其他,,,,0.0,0,0,0,有,無,3165360,9680,,0.0,0,畸零地或有合併使用效益；,RPSNMLMKJIPFFID78EA,0.0,0.0,0.0,無,0031
仁德區,房地(土地+建物),仁義里正義路１１５號,82.5,都市：其他:住宅區,,,1091203,土地1建物1車位0,全,二層,透天厝,住商用,加強磚造,0660916,101.8,3,2,2,有,無,3347900,32887,,0.0,0,親友、員工、共有人或其他特殊關係間之交易；,RPRNMLTJKIPFFID76EA,101.8,0.0,0.0,無,
關廟區,土地,深坑子段381-9地號,192.0,,鄉村區,乙種建築用地,1091117,土地1建物0車位0,,,其他,,,,0.0,0,0,0,有,無,2729760,14218,,0.0,0,,RPPNMLOKKIPFFID78EA,0.0,0.0,0.0,無,
將軍區,土地,山子段2608地號,999.0,,一般農業區,農牧用地,1091027,土地1建物0車位0,,,其他,,,,0.0,0,0,0,有,無,777777,779,,0.0,0,地清或未辦繼承標售；,RPTNMLLKKIPFFGD68EA,0.0,0.0,0.0,無,0032
麻豆區,土地,大山段227-1地號,14.15,都市：其他:計畫道路用地,,,1091118,土地1建物0車位0,,,其他,,,,0.0,0,0,0,有,無,87730,6200,,0.0,0,包含公共設施保留地用地；,RPRNMLKKKIPFFFD28EA,0.0,0.0,0.0,無,
麻豆區,土地,大山段221-1地號,92.27,都市：其他:住宅區,,,1091118,土地1建物0車位0,,,其他,,,,0.0,0,0,0,有,無,2791000,30248,,0.0,0,畸零地或有合併使用效益；,RPSNMLKKKIPFFFD38EA,0.0,0.0,0.0,無,
六甲區,土地,六甲段925地號,212.5,都市：其他:農業區,,,1091130,土地1建物0車位0,,,其他,,,,0.0,0,0,0,有,無,550000,2588,,0.0,0,親友、員工、共有人或其他特殊關係間之交易；未登記建物；農作物；,RPPNMLOKKIPFFFD48EA,0.0,0.0,0.0,無,
鹽水區,土地,鹽水段1942地號,5028.0,,特定農業區,農牧用地,1091120,土地3建物0車位0,,,其他,,,,0.0,0,0,0,有,無,5280000,1050,,0.0,0,有池塘,RPUNMLKKKIPFFDD38EA,0.0,0.0,0.0,無,
新營區,土地,鐵線橋段851地號,3410.0,,特定農業區,農牧用地,1091103,土地1建物0車位0,,,其他,,,,0.0,0,0,0,有,無,3400000,997,,0.0,0,,RPRNMLOKKIPFFDD48EA,0.0,0.0,0.0,無,
新營區,土地,新富段575地號,188.44,都市：其他:住宅區,,,1091204,土地3建物0車位0,,,其他,,,,0.0,0,0,0,有,無,4525000,24013,,0.0,0,,RPVNMLLKKIPFFDD58EA,0.0,0.0,0.0,無,0033
新營區,土地,土安段1097地號,653.3,,一般農業區,農牧用地,1091204,土地3建物0車位0,,,其他,,,,0.0,0,0,0,有,無,274385,420,,0.0,0,,RPXNMLLKKIPFFDD78EA,0.0,0.0,0.0,無,
柳營區,土地,八翁段826地號,1646.0,,特定農業區,農牧用地,1091130,土地1建物0車位0,,,其他,,,,0.0,0,0,0,有,無,1613080,980,,0.0,0,,RPPNMLOKKIPFFDD28EA,0.0,0.0,0.0,無,
東區,房地(土地+建物),崇德十七街１１１號,98.0,都市：其他:第五種住宅區,,,1091029,土地1建物1車位0,全,四層,透天厝,住家用,鋼筋混凝土造,0790811,289.65,5,2,4,有,無,13000000,44882,,0.0,0,親友、員工、共有人或其他特殊關係間之交易；,RPRNMLKKKIPFFCD97EA,275.73,0.0,13.92,無,
安南區,房地(土地+建物),安七街３號,108.45,都市：其他:住宅區,,,1090727,土地1建物1車位0,全,四層,透天厝,住家用,鋼筋混凝土造,1090501,220.54,5,2,5,有,無,13460000,61032,,0.0,0,陽台外推；其他增建；,RPRNMLTJKIPFFBD68EA,197.99,0.0,22.55,無,
安南區,房地(土地+建物),育安街１８９巷９號,100.4,都市：其他:住宅區,,,1091112,土地1建物1車位0,全,四層,透天厝,住家用,鋼筋混凝土造,0980604,229.36,7,2,5,有,無,14000000,61039,,0.0,0,陽台外推；其他增建；,RPUNMLTJKIPFFBD98EA,187.76,0.0,41.6,無,
安南區,土地,海北段1145地號,148.19,都市：其他:住宅區,,,1091118,土地4建物0車位0,,,其他,,,,0.0,0,0,0,有,無,3000000,20244,,0.0,0,親友、員工、共有人或其他特殊關係間之交易；未登記建物；,RPTNMLKKKIPFFBD08EA,0.0,0.0,0.0,無,
安平區,土地,金城段56-27地號,240.0,都市：其他:住宅區,,,1091109,土地2建物0車位0,,,其他,,,,0.0,0,0,0,有,無,21000000,87500,,0.0,0,,RPPPMLOJKIPFFAD08EA,0.0,0.0,0.0,無,
北區,房地(土地+建物),和緯路四段９５巷１０號,23.76,都市：其他:住宅區,,,1091118,土地3建物1車位0,一層,五層,公寓(5樓含以下無電梯),住商用,鋼筋混凝土造,0701017,78.44,2,1,1,有,無,2000000,25497,,0.0,0,親友、員工、共有人或其他特殊關係間之交易；,RPRNMLKKKIPFFAD77EA,66.36,0.0,0.0,無,
永康區,房地(土地+建物)+車位,鹽行里中正北路１１２號,214.7,都市：其他:住宅區,,,1091021,土地1建物2車位3,一層，二層，騎樓,十五層,住宅大樓(11層含以上有電梯),見其他登記事項,鋼筋混凝土造,0820827,1454.73,18,3,4,有,有,58880168,40475,坡道平面,0.0,0,陽台外推；其他增建；,RPSNMLTJKIPFFKD96DA,1169.4,0.0,21.42,有,
永康區,土地,蜈蜞潭段1196-3地號,99.0,都市：其他:道路用地,,,1090929,土地2建物0車位0,,,其他,,,,0.0,0,0,0,有,無,1360000,13737,,0.0,0,包含公共設施保留地用地；,RPPOMLKKKIPFFKD58DA,0.0,0.0,0.0,無,
永康區,土地,鹽中段1309地號,634.71,都市：其他:道路用地,,,1091023,土地3建物0車位0,,,其他,,,,0.0,0,0,0,有,無,9246900,14569,,0.0,0,包含公共設施保留地用地；,RPSOMLTJKIPFFKD07DA,0.0,0.0,0.0,無,
永康區,房地(土地+建物),復華里國華街１２３巷１１號,83.29,都市：其他:住宅區,,,1091017,土地1建物1車位0,全,四層,透天厝,住家用,鋼筋混凝土造,0820430,199.38,3,2,3,有,無,7000000,35109,,0.0,0,二等親買賣。親友、員工、共有人或其他特殊關係間之交易；,RPVOMLKKKIPFFKD56DA,172.53,7.7,19.15,無,
永康區,房地(土地+建物),中華路５７８巷１７之１３號,6.07,都市：其他:住宅區,,,1091128,土地1建物1車位0,三層,十七層,住宅大樓(11層含以上有電梯),住家用,鋼筋混凝土造,0810723,50.78,1,1,1,有,有,2700000,53171,,0.0,0,,RPORMLTJKIPFFKD96DA,37.0,0.0,3.29,有,
永康區,房地(土地+建物)+車位,東橋五路１０５號十三樓,18.34,都市：其他:商業區,,,1091107,土地1建物1車位1,十三層,二十三層,住宅大樓(11層含以上有電梯),住家用,見其他登記事項,1051026,160.16,2,2,2,有,有,10380000,64810,坡道平面,26.25,0,,RPVNMLRJKIPFFKD07DA,75.39,2.74,7.94,有,
永康區,房地(土地+建物),五福街１８５號,33.47,都市：其他:住宅區,,,1091116,土地1建物2車位0,一層,七層,華廈(10層含以下有電梯),商業用,鋼筋混凝土造,0830519,162.32999999999998,2,1,2,有,有,4500000,27721,,0.0,0,,RPVNMLSJKIPFFKD17DA,122.67,0.0,0.0,有,
永康區,房地(土地+建物)+車位,埔園里中山路３５４號十九樓之１,13.17,都市：其他:道路用地,,,1091119,土地2建物1車位1,十九層，二十層,二十六層,住宅大樓(11層含以上有電梯),住家用,鋼筋混凝土造,0851106,153.53,3,2,2,有,有,4700000,30613,坡道機械,0.0,0,,RPQPMLTJKIPFFKD96DA,83.16,0.0,23.33,有,
永康區,房地(土地+建物)+車位,安康里中華西街１９６巷３０號十三樓之２,20.02,都市：其他:住宅區,,,1091106,土地1建物1車位1,十三層,十四層,住宅大樓(11層含以上有電梯),住家用,鋼筋混凝土造,0880824,115.86000000000001,3,2,2,有,有,5250000,45313,坡道機械,9.8,0,,RPVPMLSJKIPFFKD37DA,74.94,0.0,8.79,有,
永康區,土地,廣興段746地號,101.51,都市：其他:道路用地,,,1091116,土地1建物0車位0,,,其他,,,,0.0,0,0,0,有,無,1134881,11180,,0.0,0,包含公共設施保留地用地；,RPTOMLOJKIPFFKD66DA,0.0,0.0,0.0,無,0034
永康區,土地,大灣段1628-4地號,1112.14,都市：其他:道路用地,,,1091116,土地5建物0車位0,,,其他,,,,0.0,0,0,0,有,無,14237066,12802,,0.0,0,包含公共設施保留地用地；,RPVOMLOJKIPFFKD86DA,0.0,0.0,0.0,無,0035
永康區,房地(土地+建物),八德街８８巷１７號,125.0,都市：其他:住宅區,,,1091119,土地1建物1車位0,全,二層,透天厝,住家用,加強磚造,0720126,118.49,6,2,2,有,無,8100000,68360,,0.0,0,,RPUNMLKMJIPFFKD09DA,113.1,0.0,5.39,無,
永康區,房地(土地+建物)+車位,龍安街２８８號五樓之１,21.13,都市：其他:住宅區,,,1091124,土地1建物1車位1,五層,九層,華廈(10層含以下有電梯),住家用,鋼筋混凝土造,0841130,126.85,3,1,2,有,有,985540,7769,一樓平面,0.0,0,二親等買賣親友、員工、共有人或其他特殊關係間之交易；,RPWNMLNJKIPFFKD76DA,79.92,0.0,7.31,有,
永康區,房地(土地+建物),永春街５３巷７號,81.74,都市：其他:住宅區,,,1091026,土地2建物1車位0,全,四層,透天厝,住家用,見其他登記事項,1090513,180.41,4,2,4,有,無,13760000,76271,,0.0,0,,RPXPMLTLIIPFFKD67DA,177.44,0.0,2.97,無,
永康區,房地(土地+建物),中華一路５８巷６弄２２號,104.59,都市：其他:住宅區,,,1091106,土地1建物1車位0,全,四層,透天厝,住家用,鋼筋混凝土造,0840911,205.32,6,1,3,有,無,12600000,61368,,0.0,0,其他增建；,RPQOMLQJJIPFFKD09DA,190.71,0.0,14.61,無,
玉井區,土地,口宵里段212-52地號,2713.0,,一般農業區,農牧用地,1091130,土地1建物0車位0,,,其他,,,,0.0,0,0,0,有,無,6700000,2470,,0.0,0,,RPRNMLLKKIPFFJD68DA,0.0,0.0,0.0,無,
楠西區,房地(土地+建物),中興路７８－１號,108.01,都市：其他:住宅區,,,1091119,土地1建物1車位0,全,二層,透天厝,住家用,見其他登記事項,0721130,147.1,4,2,2,有,無,2700000,18355,,0.0,0,,RPPNMLKKKIPFFJD38DA,147.1,0.0,0.0,無,
歸仁區,房地(土地+建物),大仁三街２０巷２之２號,92.41,都市：其他:住宅區,,,1080415,土地2建物1車位0,全,三層,透天厝,住家用,見其他登記事項,1090610,169.58,4,2,3,有,無,8950000,52777,,0.0,0,,RPRNMLLKKIPFFID58DA,153.12,0.0,16.46,無,
仁德區,房地(土地+建物),大甲里中正西路３６０巷２０弄４１號二樓之１２,5.02,都市：其他:住宅區,,,1091121,土地2建物1車位0,二層,四層,華廈(10層含以下有電梯),見其他登記事項,鋼筋混凝土造,0960920,14.149999999999999,1,0,1,有,有,440000,31095,,0.0,0,夾層；,RPQNMLNJKIPFFID58DA,5.23,0.9,1.91,有,0036
歸仁區,房地(土地+建物)+車位,中正南路一段２１８巷２５號五樓之１０,27.18,都市：其他:住宅區,,,1091117,土地2建物1車位1,五層,七層,華廈(10層含以下有電梯),住家用,鋼筋混凝土造,0820303,131.12,3,2,2,有,有,3650000,27837,坡道機械,0.0,0,,RPUNMLMJKIPFFID88DA,86.39,0.0,8.58,有,
新化區,土地,拔林段1015地號,5948.0,,一般農業區,農牧用地,1091128,土地3建物0車位0,,,其他,,,,0.0,0,0,0,有,無,33000000,5548,,0.0,0,,RPVOMLTJKIPFFHD07DA,0.0,0.0,0.0,無,
善化區,房地(土地+建物),小新營１０之２２號三樓之１,19.82,都市：其他:商業區,,,1091112,土地1建物1車位0,三層,六層,華廈(10層含以下有電梯),見其他登記事項,鋼筋混凝土造,1090213,88.84,2,1,1,有,有,4230000,47614,,0.0,0,,RPROMLTJKIPFFHD66DA,56.46,0.0,7.1,有,
山上區,土地,樹王段80-4地號,1541.96,都市：其他:農業區,,,1091113,土地1建物0車位0,,,其他,,,,0.0,0,0,0,有,無,4500000,2918,,0.0,0,,RPSOMLTJKIPFFHD76DA,0.0,0.0,0.0,無,0037
新化區,房地(土地+建物),中正路１１８５號,85.0,,特定專用區,甲種建築用地,1091117,土地1建物1車位0,全,三層,透天厝,見其他登記事項,鋼筋混凝土造,0950927,184.89,4,2,3,有,無,9500000,51382,,0.0,0,,RPTOMLTJKIPFFHD86DA,162.9,1.8,20.19,無,
新市區,房地(土地+建物)+車位,社內７３之７號三樓之２,50.19,,鄉村區,乙種建築用地,1091005,土地1建物1車位1,三層,六層,華廈(10層含以下有電梯),見其他登記事項,鋼筋混凝土造,1041026,182.64,5,5,5,有,有,7900000,43254,一樓平面,17.5,0,,RPWOMLSJKIPFFHD07DA,104.51,0.0,9.6,有,
新市區,房地(土地+建物),復興路６２巷９號一樓之２２,17.56,都市：其他:住宅區,,,1091121,土地1建物1車位0,一層,八層,華廈(10層含以下有電梯),住家用,鋼筋混凝土造,0840531,81.56,3,2,2,有,有,3600000,44139,,0.0,0,未登記建物；,RPRNMLSJKIPFFHD09DA,65.81,1.59,0.0,有,
善化區,建物,大信路５７號五樓之７,21.1,都市：其他:住宅區,,,1071003,土地1建物1車位0,五層,七層,華廈(10層含以下有電梯),見其他登記事項,鋼筋混凝土造,1090923,76.06,2,1,1,有,有,3880000,51012,,0.0,0,預售屋、或土地及建物分次登記案件；,RPWNMLRJKIPFFHD86DA,47.16,3.04,6.13,有,
善化區,建物,大信路５７號五樓之６,23.34,都市：其他:住宅區,,,1071003,土地1建物1車位0,五層,七層,華廈(10層含以下有電梯),見其他登記事項,鋼筋混凝土造,1090923,81.68,2,1,1,有,有,4120000,50441,,0.0,0,預售屋、或土地及建物分次登記案件；,RPXNMLRJKIPFFHD96DA,51.91,4.0,4.45,有,
善化區,建物,大信路５７號四樓之５,24.96,都市：其他:住宅區,,,1071003,土地1建物1車位0,四層,七層,華廈(10層含以下有電梯),見其他登記事項,鋼筋混凝土造,1090923,86.78999999999999,2,1,1,有,有,4410000,50812,,0.0,0,預售屋、或土地及建物分次登記案件；,RPOOMLRJKIPFFHD78DA,55.86,1.32,6.58,有,
善化區,建物,大信路５７號三樓之２,31.43,都市：其他:住宅區,,,1071202,土地1建物1車位0,三層,七層,華廈(10層含以下有電梯),見其他登記事項,鋼筋混凝土造,1090923,115.57,3,1,2,有,有,5830000,50446,,0.0,0,預售屋、或土地及建物分次登記案件；,RPPOMLRJKIPFFHD88DA,70.04,2.65,12.66,有,
善化區,建物,大信路５７號三樓之１,31.79,都市：其他:住宅區,,,1080524,土地1建物1車位0,三層,七層,華廈(10層含以下有電梯),見其他登記事項,鋼筋混凝土造,1090923,116.74000000000001,3,1,2,有,有,5900000,50540,,0.0,0,預售屋、或土地及建物分次登記案件；,RPQOMLRJKIPFFHD98DA,68.44,3.65,14.25,有,
善化區,建物,大信路５７號四樓之１,31.79,都市：其他:住宅區,,,1080106,土地1建物1車位0,四層,七層,華廈(10層含以下有電梯),見其他登記事項,鋼筋混凝土造,1090923,116.74000000000001,3,1,2,有,有,5980000,51225,,0.0,0,預售屋、或土地及建物分次登記案件；,RPROMLRJKIPFFHD09DA,68.44,3.65,14.25,有,
新市區,房地(土地+建物),富安一街５０號,78.7,都市：其他:住宅區,,,1091116,土地1建物1車位0,全,四層,透天厝,見其他登記事項,鋼筋混凝土造,1040303,222.89,5,3,6,有,無,15000000,67298,,0.0,0,,RPPNMLPJKIPFFHD58DA,196.18,0.0,26.71,無,
新化區,土地,新太段80-1地號,92.55,都市：其他:住宅區,,,1091105,土地2建物0車位0,,,其他,,,,0.0,0,0,0,有,無,6720000,72609,,0.0,0,,RPRSMLNJKIPFFHD09DA,0.0,0.0,0.0,無,
善化區,房地(土地+建物),善新西路２１８巷３號,241.57,都市：其他:住宅區,,,1090912,土地5建物1車位0,全,四層,透天厝,集合住宅,鋼筋混凝土造,1090110,290.06,5,2,5,有,無,23300000,80328,,0.0,0,,RPWTMLMJKIPFFHD96DA,266.47,0.0,23.55,有,
善化區,建物,大信路５７號四樓之６,26.34,都市：其他:住宅區,,,1070920,土地1建物1車位1,四層,七層,華廈(10層含以下有電梯),見其他登記事項,鋼筋混凝土造,1090923,96.77,2,1,1,有,有,5000000,48359,一樓平面,15.09,1050000,預售屋、或土地及建物分次登記案件；,RPWQMLMJKIPFFHD66DA,51.91,4.0,4.45,有,
善化區,建物,大信路５７號五樓之３,23.55,都市：其他:住宅區,,,1070910,土地1建物1車位1,五層,七層,華廈(10層含以下有電梯),見其他登記事項,鋼筋混凝土造,1090923,87.07,2,1,1,有,有,4860000,52328,升降機械,5.66,600000,預售屋、或土地及建物分次登記案件；,RPXQMLMJKIPFFHD76DA,51.94,1.3,6.67,有,
善化區,房地(土地+建物)+車位,益民寮２５號五樓之１,29.71,都市：其他:住宅區,,,1090808,土地1建物1車位1,五層,十二層,住宅大樓(11層含以上有電梯),見其他登記事項,鋼筋混凝土造,1090114,134.64000000000001,3,2,2,有,有,6378000,46494,坡道平面,21.12,1100000,,RPOSMLMJKIPFFHD68DA,70.75,0.0,5.9,有,
善化區,房地(土地+建物)+車位,益民寮２５號六樓之１,29.89,都市：其他:住宅區,,,1090805,土地1建物1車位1,六層,十二層,住宅大樓(11層含以上有電梯),見其他登記事項,鋼筋混凝土造,1090114,134.64000000000001,3,2,2,有,有,6348000,47111,坡道平面,21.12,1000000,,RPPSMLMJKIPFFHD78DA,70.75,0.0,5.9,有,
善化區,房地(土地+建物),益民寮２５號七樓之３,21.88,都市：其他:住宅區,,,1090208,土地1建物1車位0,七層,十二層,住宅大樓(11層含以上有電梯),見其他登記事項,鋼筋混凝土造,1090114,88.6,2,2,1,有,有,4170000,47065,,0.0,0,,RPRSMLMJKIPFFHD98DA,53.22,0.0,6.55,有,
新市區,房地(土地+建物),綠園一街４５號,134.11,都市：其他:住宅區,,,1091102,土地2建物1車位0,全,四層,透天厝,見其他登記事項,鋼筋混凝土造,1021231,370.98,5,2,5,有,無,21000000,56607,,0.0,0,,RPVOMLNLJIPFFHD56DA,351.03,0.0,19.9,無,
安定區,房地(土地+建物),港口２５３之６２號,94.61,,鄉村區,乙種建築用地,1090917,土地3建物1車位0,全,四層,透天厝,住家用,鋼筋混凝土造,0821012,164.94,6,2,3,有,無,5650000,34255,,0.0,0,,RPWNMLPLRHPFFHD47DA,156.02,0.0,8.92,無,
佳里區,房地(土地+建物),新生路４４１巷６０號,84.65,都市：其他:住宅區,,,1091012,土地1建物1車位0,全,二層,透天厝,住商用,加強磚造,0681113,114.07,3,2,2,有,無,3400000,29806,,0.0,0,,RPQNMLLKKIPFFGD28DA,114.07,0.0,0.0,無,
學甲區,土地,草段798地號,1459.0,,特定農業區,農牧用地,1091202,土地1建物0車位0,,,其他,,,,0.0,0,0,0,有,無,1200000,822,,0.0,0,親友、員工、共有人或其他特殊關係間之交易；,RPRNMLLKKIPFFGD38DA,0.0,0.0,0.0,無,
七股區,土地,後港段1253地號,746.0,,特定農業區,農牧用地,1091120,土地1建物0車位0,,,其他,,,,0.0,0,0,0,有,無,1200000,1609,,0.0,0,親友、員工、共有人或其他特殊關係間之交易；,RPUNMLLKKIPFFGD68DA,0.0,0.0,0.0,無,
佳里區,房地(土地+建物),安西里文化路５３６巷８弄７號,93.55,都市：其他:住宅區,,,1091108,土地1建物1車位0,全,二層,透天厝,住家用,加強磚造,0760207,119.36,4,2,3,有,無,5900000,49430,,0.0,0,,RPXNMLLKKIPFFGD98DA,106.52,0.0,12.84,無,
北門區,土地,保安段697地號,8.49,都市：其他:計畫道路用地,,,1091204,土地1建物0車位0,,,其他,,,,0.0,0,0,0,有,無,33960,4000,,0.0,0,親友、員工、共有人或其他特殊關係間之交易；,RPOOMLLKKIPFFGD18DA,0.0,0.0,0.0,無,
西港區,土地,港東段1379地號,17.37,都市：其他:住宅區,,,1091118,土地1建物0車位0,,,其他,,,,0.0,0,0,0,有,無,788000,45366,,0.0,0,畸零地或有合併使用效益；,RPOOMLKKKIPFFGD08DA,0.0,0.0,0.0,無,
佳里區,土地,北文段813地號,150.68,都市：其他:住宅區,,,1091127,土地1建物0車位0,,,其他,,,,0.0,0,0,0,有,無,1540000,10220,,0.0,0,畸零地或有合併使用效益；,RPVNMLKKKIPFFGD68DA,0.0,0.0,0.0,無,
西港區,土地,劉厝段1623地號,1600.0,,特定農業區,農牧用地,1091106,土地1建物0車位0,,,其他,,,,0.0,0,0,0,有,無,2432000,1520,,0.0,0,,RPWNMLKKKIPFFGD78DA,0.0,0.0,0.0,無,
佳里區,土地,延平段744-2地號,3651.44,,特定農業區,農牧用地,1091027,土地2建物0車位0,,,其他,,,,0.0,0,0,0,有,無,5700000,1561,,0.0,0,,RPTNMLTJKIPFFGD66DA,0.0,0.0,0.0,無,
七股區,土地,榔段1623-11地號,5053.0,,一般農業區,養殖用地,1081210,土地2建物0車位0,,,其他,,,,0.0,0,0,0,有,無,9377500,1856,,0.0,0,,RPPNMLSJKIPFFGD78DA,0.0,0.0,0.0,無,
佳里區,房地(土地+建物),文化路４７２號,83.57,都市：其他:住宅區,,,1090817,土地2建物1車位0,全,三層,透天厝,見其他登記事項,見其他登記事項,0720203,185.53,5,2,3,有,無,8500000,45815,,0.0,0,,RPVNMLSJKIPFFGD76DA,174.33,0.0,11.2,無,
佳里區,房地(土地+建物),佳里興３６８之８號,91.55,,鄉村區,乙種建築用地,1091101,土地2建物1車位0,全,三層,透天厝,見其他登記事項,鋼筋混凝土造,1090721,146.64,4,2,3,有,無,6500000,44326,,0.0,0,,RPRNMLPJKIPFFGD68DA,135.64,0.0,11.02,無,
佳里區,土地,民安段331-1地號,1521.0,,特定農業區,農牧用地,1091126,土地1建物0車位0,,,其他,,,,0.0,0,0,0,有,無,4182750,2750,,0.0,0,,RPSNMLNJKIPFFGD58DA,0.0,0.0,0.0,無,
佳里區,土地,興化段1027地號,3190.0,,特定農業區,農牧用地,1091110,土地1建物0車位0,,,其他,,,,0.0,0,0,0,有,無,6000000,1881,,0.0,0,未登記建物；農業設施；,RPPNMLNLJIPFFGD38DA,0.0,0.0,0.0,無,
佳里區,土地,子龍段486地號,195.83,,鄉村區,乙種建築用地,1091115,土地2建物0車位0,,,其他,,,,0.0,0,0,0,有,無,1057479,5400,,0.0,0,親友、員工、共有人或其他特殊關係間之交易；,RPPNMLKKKIPFFGD08DA,0.0,0.0,0.0,無,
下營區,土地,大屯寮段2717地號,2775.0,,特定農業區,農牧用地,1091107,土地1建物0車位0,,,其他,,,,0.0,0,0,0,有,無,2600000,937,,0.0,0,,RPXNMLKKKIPFFFD78DA,0.0,0.0,0.0,無,
六甲區,房地(土地+建物),龜港里１３鄰龜子港２９２號,80.0,,一般農業區,甲種建築用地,1091031,土地1建物1車位0,全,三層,透天厝,住家用,鋼筋混凝土造,0840608,169.01,4,2,3,有,無,3100000,18342,,0.0,0,,RPOOMLKKKIPFFFD97DA,163.95,0.0,5.06,無,
麻豆區,房地(土地+建物),麻豆區大埕里中正路２５２巷３０號,112.39,都市：其他:第二種住宅區,,,1091114,土地3建物1車位0,全,三層,透天厝,見其他登記事項,見其他登記事項,1081219,191.13,4,2,4,有,無,10350000,54152,,0.0,0,,RPPNMLLKKIPFFFD08DA,178.16,0.0,12.97,無,
麻豆區,土地,東角段197-4地號,9.95,都市：其他:第三種住宅區。,,,1091114,土地1建物0車位0,,,其他,,,,0.0,0,0,0,有,無,450000,45226,,0.0,0,,RPQNMLLKKIPFFFD18DA,0.0,0.0,0.0,無,
官田區,土地,鎮北段228地號,2459.31,,特定農業區,農牧用地,1090902,土地1建物0車位0,,,其他,,,,0.0,0,0,0,有,無,2500000,1017,,0.0,0,,RPSNMLSJKIPFFFD98DA,0.0,0.0,0.0,無,
麻豆區,土地,大埤段1158地號,7.92,都市：其他:第三種住宅區。,,,1091114,土地3建物0車位0,,,其他,,,,0.0,0,0,0,有,無,250000,31566,,0.0,0,,RPTNMLSJKIPFFFD09DA,0.0,0.0,0.0,無,
麻豆區,房地(土地+建物),大山７１之７號,102.54,都市：其他:第三種住宅區。,,,1090120,土地3建物1車位0,全,三層,透天厝,住家用,見其他登記事項,1090728,161.78,4,2,4,有,無,6700000,41414,,0.0,0,預售屋、或土地及建物分次登記案件；,RPUNMLSJKIPFFFD56DA,148.0,0.0,13.78,無,
麻豆區,土地,海埤段893地號,70.64,都市：其他:計畫道路用地,,,1091113,土地2建物0車位0,,,其他,,,,0.0,0,0,0,有,無,160000,2265,,0.0,0,,RPTOMLOJKIPFFFD78DA,0.0,0.0,0.0,無,0038
白河區,土地,竹子門段896地號,43.33,,特定農業區,農牧用地,1091209,土地1建物0車位0,,,其他,,,,0.0,0,0,0,有,無,80000,1846,,0.0,0,,RPPNMLTJKIPFFED68DA,0.0,0.0,0.0,無,0039
東山區,土地,前大埔段68-84地號,661.81,,鄉村區,乙種建築用地,1091122,土地3建物0車位0,,,其他,,,,0.0,0,0,0,有,無,4600000,6951,,0.0,0,,RPTNMLTJKIPFFED09DA,0.0,0.0,0.0,無,
新營區,房地(土地+建物)+車位,新南里２０鄰民治路３６８號,240.0,都市：其他:住宅區,,,1091022,土地1建物1車位1,全,四層,透天厝,住商用,鋼骨鋼筋混凝土造,0960427,710.4100000000001,12,2,13,有,有,29380000,41356,坡道平面,0.0,0,其他增建；,RPWNMLKKKIPFFDD48DA,642.75,0.0,36.7,有,
新營區,房地(土地+建物),民榮里復興路５１１巷１號,177.98,都市：其他:住宅區,,,1091123,土地1建物1車位0,全,二層,透天厝,住商用,加強磚造,0691022,226.09,3,2,3,有,無,4450000,19682,,0.0,0,頂樓加蓋；,RPVNMLRJKIPFFDD98DA,226.09,0.0,0.0,無,
柳營區,房地(土地+建物),人和里１６鄰柳營路三段１７號,3259.29,都市：其他:工業區,,,1090921,土地2建物1車位0,全,三層,透天厝,住工用,,0680208,430.23,6,5,3,有,無,42800000,99482,,0.0,0,頂樓加蓋；未登記建物；,RPPNMLLKKIPFFDD87DA,430.23,0.0,0.0,無,
新營區,土地,卯舍段541地號,2824.0,,特定農業區,農牧用地,1091017,土地1建物0車位0,,,其他,,,,0.0,0,0,0,有,無,4370000,1547,,0.0,0,,RPQNMLLKKIPFFDD97DA,0.0,0.0,0.0,無,
新營區,土地,育德段639-1地號,230.17,都市：其他:住宅區,,,1090812,土地2建物0車位0,,,其他,,,,0.0,0,0,0,有,無,6970000,30282,,0.0,0,預售屋、或土地及建物分次登記案件；,RPTNMLLKKIPFFDD28DA,0.0,0.0,0.0,無,
新營區,土地,建國段680地號,378.6,,鄉村區,乙種建築用地,1091021,土地3建物0車位0,,,其他,,,,0.0,0,0,0,有,無,6200000,16376,,0.0,0,親友、員工、共有人或其他特殊關係間之交易；,RPUNMLLKKIPFFDD38DA,0.0,0.0,0.0,無,
鹽水區,土地,月港段932地號,201.88,都市：其他:住宅區,,,1091125,土地1建物0車位0,,,其他,,,,0.0,0,0,0,有,無,1720000,8520,,0.0,0,,RPQNMLOJKIPFFDD18DA,0.0,0.0,0.0,無,
東區,房地(土地+建物),崇明十四街６０巷１２號四樓之４,3.13,都市：其他:鄰里商業區,,,1091125,土地3建物1車位0,四層,六層,華廈(10層含以下有電梯),住家用,鋼筋混凝土造,0791226,18.740000000000002,1,0,1,有,有,710000,37887,,0.0,0,,RPSOMLKKKIPFFCD08DA,11.22,0.0,3.0,有,
東區,房地(土地+建物),生產路３３３巷１１號,78.0,都市：其他:第五種住宅區,,,1091116,土地1建物1車位0,全,四層,透天厝,住家用,鋼筋混凝土造,0810611,190.26,5,2,4,有,無,11500000,60444,,0.0,0,其他增建；,RPTOMLKKKIPFFCD18DA,174.66,0.0,15.6,無,
南區,土地,省躬段803-1地號,46.0,都市：其他:細部計畫道路用地,,,1091014,土地1建物0車位0,,,其他,,,,0.0,0,0,0,有,無,235000,5109,,0.0,0,包含公共設施保留地用地；,RPRNMLTJKIPFFCD68DA,0.0,0.0,0.0,無,0040
南區,房地(土地+建物),中華南路二段５３巷１２５號,97.0,都市：其他:道路用地,,,1091017,土地2建物1車位0,全,四層,透天厝,見其他登記事項,見其他登記事項,1090806,187.82,4,3,4,有,無,16500000,87850,,0.0,0,,RPUOMLSJKIPFFCD98DA,161.48,0.0,26.34,無,
東區,土地,德高段75地號,64.78,都市：其他:第五種住宅區,,,1091105,土地3建物0車位0,,,其他,,,,0.0,0,0,0,有,無,1600000,24699,,0.0,0,,RPPNMLTJKIPFFCD48DA,0.0,0.0,0.0,無,0041
東區,房地(土地+建物)+車位,崇明二十三街４１號六樓,24.97,都市：其他:第五種住宅區,,,1091124,土地1建物1車位1,六層,六層,華廈(10層含以下有電梯),住家用,鋼筋混凝土造,0790922,145.91,4,2,3,有,有,9380000,64291,坡道平面,0.0,0,,RPTOMLTJKIPFFCD98DA,107.39,0.0,12.04,有,
南區,房地(土地+建物),西門路一段３０９巷２４號,67.0,都市：其他:住宅區,,,1091102,土地2建物1車位0,全,三層,透天厝,住商用,鋼筋混凝土造,0670413,123.48,4,2,3,有,無,5600000,45351,,0.0,0,,RPPNMLKKKIPFFCD67DA,123.48,0.0,0.0,無,
南區,房地(土地+建物),新興路４６１巷１０弄２４號三樓之２,17.58,都市：其他:住宅區,,,1091120,土地6建物1車位0,三層,三層,公寓(5樓含以下無電梯),住家用,鋼筋混凝土造,0720602,55.059999999999995,2,1,1,有,無,1600000,29059,,0.0,0,親友、員工、共有人或其他特殊關係間之交易；,RPOOMLSJKIPFFCD38DA,46.97,0.0,4.72,無,
東區,房地(土地+建物),衛國街１１２巷２１之３號,28.08,都市：其他:細部計劃道路用地,,,1091124,土地16建物1車位0,四層,七層,華廈(10層含以下有電梯),見其他登記事項,鋼筋混凝土造,0690522,75.3,3,2,1,有,有,3720000,49402,,0.0,0,,RPQOMLRJKIPFFCD48DA,62.63,0.0,0.0,有,
南區,房地(土地+建物),中華南路二段１８５巷４７號,92.23,都市：其他:住宅區,,,1091101,土地1建物1車位0,全,三層,透天厝,住家用,鋼筋混凝土造,0700817,156.56,4,2,4,有,無,5000000,31937,,0.0,0,親友、員工、共有人或其他特殊關係間之交易；未登記建物；,RPRNMLLKKIPFFCD97DA,148.7,0.0,7.86,無,
東區,房地(土地+建物)+車位,育樂街９３號,32.4,都市：其他:第五種住宅區,,,1090816,土地1建物1車位1,一層，二層，三層，騎樓,六層,華廈(10層含以下有電梯),住商用,鋼筋混凝土造,0901219,123.44,3,2,2,有,有,5962000,48299,坡道平面,0.0,0,親友、員工、共有人或其他特殊關係間之交易；,RPOOMLLKKIPFFCD77DA,69.14,0.0,7.67,有,
南區,房地(土地+建物),新建路３９巷２０之４號,41.36,都市：其他:住宅區,,,1091117,土地2建物1車位0,五層,五層,公寓(5樓含以下無電梯),見其他登記事項,鋼筋混凝土造,0711204,93.38,3,2,2,有,無,2900000,31056,,0.0,0,,RPXNMLRLJIPFFCD56DA,76.54,0.0,10.48,無,0042
東區,土地,德高段360-10地號,40.7,都市：其他:細部計畫道路用地,,,1090914,土地1建物0車位0,,,其他,,,,0.0,0,0,0,有,無,300000,7371,,0.0,0,包含公共設施保留地用地；,RPPOMLPKIIPFFCD08DA,0.0,0.0,0.0,無,0043
東區,房地(土地+建物),富農街一段１８８巷３４號,72.0,都市：其他:第五種住宅區,,,1091110,土地1建物1車位0,全,二層,透天厝,住商用,加強磚造,0681013,88.0,3,2,2,有,無,7000000,79545,,0.0,0,,RPXNMLNKJIPFFCD68DA,88.0,0.0,0.0,無,
安南區,土地,本淵段37-3地號,1220.69,都市：其他:農業區,,,1091112,土地1建物0車位0,,,其他,,,,0.0,0,0,0,有,無,7754250,6352,,0.0,0,,RPVNMLKKKIPFFBD18DA,0.0,0.0,0.0,無,0044
安南區,房地(土地+建物),仁安路１８１號,69.6,都市：其他:住宅區,,,1091109,土地1建物1車位0,全,三層,透天厝,見其他登記事項,鋼筋混凝土造,0851127,151.44,5,1,3,有,無,9000000,59429,,0.0,0,,RPOOMLKKKIPFFBD57DA,141.97,0.0,9.47,無,
安南區,土地,安慶段153-1地號,82.67,都市：其他:住宅區,,,1091109,土地1建物0車位0,,,其他,,,,0.0,0,0,0,有,無,3130000,37861,,0.0,0,親友、員工、共有人或其他特殊關係間之交易；,RPXNMLTJKIPFFBD56DA,0.0,0.0,0.0,無,
安南區,土地,南興段584地號,1278.58,都市：其他:農業區,,,1091118,土地1建物0車位0,,,其他,,,,0.0,0,0,0,有,無,12376640,9680,,0.0,0,,RPUNMLSJKIPFFBD78DA,0.0,0.0,0.0,無,
安南區,房地(土地+建物)+車位,同安路２３７巷１號八樓之８,18.44,都市：其他:市場用地,,,1091114,土地1建物1車位1,八層,十三層,住宅大樓(11層含以上有電梯),住家用,鋼筋混凝土造,0880409,127.57000000000001,3,2,2,有,有,4050000,31747,坡道平面,21.28,0,,RPWPMLRJKIPFFBD09DA,72.13,0.0,7.02,有,
安南區,房地(土地+建物),安豐三街４２號,135.93,都市：其他:住宅區,,,1091104,土地1建物1車位0,全,四層,透天厝,見其他登記事項,鋼筋混凝土造,1020618,258.08,5,2,5,有,無,17000000,65871,,0.0,0,頂樓加蓋；其他增建；,RPQOMLKKKIPFFBD77DA,245.29,0.0,12.79,無,
安南區,房地(土地+建物),大眾二街７５巷１號,245.56,都市：其他:住宅區,,,1091016,土地2建物1車位0,全,二層,透天厝,見其他登記事項,鋼筋混凝土造,1080221,203.01000000000002,3,1,3,有,無,16300000,80292,,0.0,0,,RPSNMLMJKIPFFBD97DA,201.46,0.0,0.0,無,
安南區,房地(土地+建物),大眾二街７５巷５號,242.48,都市：其他:住宅區,,,1091016,土地2建物1車位0,全,二層,透天厝,見其他登記事項,鋼筋混凝土造,1080221,203.01000000000002,3,1,3,有,無,18300000,90143,,0.0,0,,RPTNMLMJKIPFFBD08DA,201.46,0.0,0.0,無,
安南區,房地(土地+建物),郡安路六段１０號,182.55,都市：其他:住宅區,,,1091119,土地1建物1車位0,全,三層,透天厝,住商用,鋼筋混凝土造,0700129,297.97,4,2,3,有,有,12500000,41951,,0.0,0,頂樓加蓋；其他增建；,RPRPMLMJKIPFFBD08DA,281.77,0.0,16.2,無,
安南區,土地,十字段1157地號,83.67,都市：其他:住宅區,,,1091028,土地1建物0車位0,,,其他,,,,0.0,0,0,0,有,無,4500000,53783,,0.0,0,親友、員工、共有人或其他特殊關係間之交易；,RPROMLRLJIPFFBD58DA,0.0,0.0,0.0,無,0045
安南區,土地,十二佃段82地號,3758.75,都市：其他:工業區,,,1090925,土地1建物0車位0,,,其他,,,,0.0,0,0,0,有,無,66552804,17706,,0.0,0,政府機關標讓售；,RPPNMLSKIIPFFBD18DA,0.0,0.0,0.0,無,
安平區,房地(土地+建物)+車位,國平路５９９號七樓之１７,8.36,都市：其他:商業區,,,1091113,土地1建物1車位1,七層,二十一層,住宅大樓(11層含以上有電梯),住家用,鋼筋混凝土造,0831222,141.05,4,2,2,有,有,5200000,36866,坡道平面,0.0,0,,RPXOMLTJKIPFFAD56DA,65.48,0.0,9.78,有,
安平區,房地(土地+建物)+車位,建平三街６５巷２７號六樓之６,21.66,都市：其他:住宅區,,,1091105,土地1建物1車位1,六層,八層,華廈(10層含以下有電梯),住家用,鋼筋混凝土造,0821222,166.37,3,2,2,有,有,6800000,40873,一樓平面,0.0,0,,RPPPMLTJKIPFFAD48DA,101.76,0.0,14.43,有,
中西區,房地(土地+建物)+車位,頂美三街１６６號九樓之５,17.11,都市：其他:住宅區,,,1091113,土地1建物1車位1,九層,十八層,住宅大樓(11層含以上有電梯),見其他登記事項,見其他登記事項,1051026,168.0,3,2,2,有,有,11900000,70833,坡道機械,0.0,0,,RPRPMLTJKIPFFAD68DA,91.83,0.0,10.07,有,0046
北區,土地,富台段970-2地號,179.0,都市：其他:細部計畫道路用地,,,1091201,土地6建物0車位0,,,其他,,,,0.0,0,0,0,有,無,17211200,96152,,0.0,0,協議價購；,RPTOMLTJKIPFFAD78DA,0.0,0.0,0.0,無,
北區,房地(土地+建物)+車位,公園北路１５６號九樓之９,15.78,都市：其他:商業區,,,1091118,土地1建物1車位1,九層,十四層,住宅大樓(11層含以上有電梯),見其他登記事項,見其他登記事項,0951001,123.63999999999999,2,2,1,有,有,6868000,55548,坡道平面,0.0,0,,RPRQMLSJKIPFFAD68DA,58.26,4.54,3.11,有,
中西區,房地(土地+建物),和美街８號,39.56,都市：其他:住宅區,,,1091105,土地2建物1車位0,全,二層,透天厝,住家用,加強磚造,0710210,70.89,4,2,2,有,無,4200000,59247,,0.0,0,頂樓加蓋；其他增建；,RPRNMLRJKIPFFAD28DA,70.89,0.0,0.0,無,
北區,土地,富台段915-2地號,118.6,都市：其他:細部計畫道路用地,,,1091201,土地3建物0車位0,,,其他,,,,0.0,0,0,0,有,無,7305760,61600,,0.0,0,協議價購；,RPOPMLRJKIPFFAD18DA,0.0,0.0,0.0,無,
北區,房地(土地+建物),開元路４８５巷４１弄１０號五樓之１１,3.72,都市：其他:商業區,,,1091130,土地1建物1車位0,五層,十四層,住宅大樓(11層含以上有電梯),見其他登記事項,鋼筋混凝土造,0891120,29.029999999999998,1,0,1,有,有,1500000,51671,,0.0,0,,RPPOMLSJKIPFFAD28DA,22.65,0.0,0.0,有,0047
北區,土地,富台段727-2地號,53.15,都市：其他:細部計畫道路用地,,,1091201,土地2建物0車位0,,,其他,,,,0.0,0,0,0,有,無,3274040,61600,,0.0,0,協議價購；,RPTOMLRJKIPFFAD58DA,0.0,0.0,0.0,無,0048
北區,土地,富台段726-2地號,18.15,都市：其他:細部計畫道路用地,,,1091201,土地2建物0車位0,,,其他,,,,0.0,0,0,0,有,無,1118040,61600,,0.0,0,協議價購；,RPUOMLRJKIPFFAD68DA,0.0,0.0,0.0,無,0048
安平區,房地(土地+建物)+車位,永華五街８號二十六樓,10.76,都市：其他:商業區,,,1090805,土地1建物1車位2,二十六層,二十九層,住宅大樓(11層含以上有電梯),見其他登記事項,見其他登記事項,1070921,214.24,3,2,2,有,有,17400000,93546,坡道平面,54.96,2500000,,RPTPMLOJKIPFFAD38DA,99.3,0.77,9.66,有,
安平區,房地(土地+建物)+車位,永華五街１０號二十二樓,8.63,都市：其他:商業區,,,1090802,土地1建物1車位1,二十二層,二十九層,住宅大樓(11層含以上有電梯),見其他登記事項,見其他登記事項,1070921,172.17000000000002,2,2,2,有,有,15320000,95222,坡道機械,23.36,1150000,,RPUPMLOJKIPFFAD48DA,92.77,2.89,6.97,有,
安平區,房地(土地+建物),世平路１７０號,99.0,都市：其他:特定住宅專用區,,,1091031,土地1建物1車位0,全,四層,透天厝,見其他登記事項,見其他登記事項,1070124,269.67,5,2,6,有,無,22300000,82694,,0.0,0,陽台外推；,RPVQMLNJKIPFFAD58DA,246.43,0.0,23.24,有,
安平區,房地(土地+建物),慶平路２３４號五樓之３,10.03,都市：其他:商業區,,,1091020,土地1建物1車位0,五層,十二層,住宅大樓(11層含以上有電梯),住家用,鋼筋混凝土造,0840311,111.02,3,2,2,有,有,3650000,32877,,0.0,0,,RPUPMLKLIIPFFAD08DA,70.99,0.0,12.12,有,
安平區,土地,金華段121-15地號,105.0,都市：其他:住宅區,,,1091109,土地1建物0車位0,,,其他,,,,0.0,0,0,0,有,無,9530000,90762,,0.0,0,,RPWOMLTJJIPFFAD98DA,0.0,0.0,0.0,無,0050
北區,房地(土地+建物),公園南路３７０巷６號三樓之３,16.66,都市：其他:住宅區,,,1091124,土地1建物1車位0,三層,十八層,住宅大樓(11層含以上有電梯),住家用,鋼筋混凝土造,0840912,118.14,3,2,2,有,有,4800000,40630,,0.0,0,,RPTPMLOLJIPFFAD48DA,69.88,5.88,9.76,有,
北區,房地(土地+建物),成功路３８８號六樓之８,5.46,都市：其他:商業區,,,1091105,土地1建物1車位0,六層,十二層,住宅大樓(11層含以上有電梯),住家用,鋼筋混凝土造,0711012,56.92,2,0,2,有,有,2020000,35488,,0.0,0,,RPUNMLOLJIPFFAD38DA,41.78,0.0,1.39,有,0051
安平區,房地(土地+建物)+車位,健康路三段３１７號六樓之２,8.04,都市：其他:商業區,,,1091104,土地1建物1車位1,六層,二十七層,住宅大樓(11層含以上有電梯),見其他登記事項,見其他登記事項,1051109,118.21000000000001,2,1,1,有,有,6000000,50757,坡道平面,31.89,0,,RPVNMLLJKIPFFAD08DA,50.44,2.68,5.02,有,0052
中西區,房地(土地+建物),青年路１３２巷３５號,137.78,都市：其他:商業區,,,1091029,土地1建物1車位0,全,三層,透天厝,住家用,加強磚造,0530000,318.01,3,2,3,有,無,12800000,40250,,0.0,0,,RPUPMLLJKIPFFAD18DA,318.01,0.0,0.0,無,
中西區,土地,新臨安段2118地號,167.88,都市：其他:住宅區,,,1091117,土地3建物0車位0,,,其他,,,,0.0,0,0,0,有,無,12500000,74458,,0.0,0,親友、員工、共有人或其他特殊關係間之交易；未登記建物；,RPPNMLQLJIPFFAD08DA,0.0,0.0,0.0,無,
北區,房地(土地+建物),北成路２２號三樓之５,9.1,都市：其他:市場用地,,,1091114,土地1建物1車位0,三層,十四層,住宅大樓(11層含以上有電梯),見其他登記事項,鋼筋混凝土造,0881106,115.00999999999999,4,2,2,有,有,5000000,43474,,0.0,0,,RPUQMLNJKIPFFAD48DA,74.97,0.0,13.08,有,
北區,房地(土地+建物)+車位,開元路５１５號十二樓之２,11.49,都市：其他:住宅區,,,1091115,土地3建物1車位1,十二層,二十四層,住宅大樓(11層含以上有電梯),見其他登記事項,見其他登記事項,1041105,154.88,3,2,2,有,有,8110000,52363,坡道平面,27.73,0,,RPTOMLOJKIPFFAD28DA,74.26,2.66,12.25,有,0053
安平區,房地(土地+建物)+車位,永華路二段８３５號十九樓,8.86,都市：其他:住宅區,,,1091030,土地1建物1車位1,十九層,二十三層,住宅大樓(11層含以上有電梯),見其他登記事項,見其他登記事項,1081217,103.63,1,1,1,有,有,8350000,95668,坡道機械,28.37,1150000,含裝潢,RPWOMLRJKIPFFAD88DA,42.94,3.65,3.9,有,
北區,房地(土地+建物)+車位,育德二路５１巷３０號,73.12,都市：其他:住宅區,,,1091120,土地3建物1車位2,全,四層,透天厝,住家用,鋼筋混凝土造,0861120,223.62,4,2,3,有,無,12300000,55004,坡道平面,25.86,0,,RPWNMLTJKIPFFAD98DA,146.75,2.99,8.99,無,0054
北區,房地(土地+建物)+車位,公園北路１５６號六樓之５,17.8,都市：其他:商業區,,,1091112,土地1建物1車位1,六層,十四層,住宅大樓(11層含以上有電梯),見其他登記事項,見其他登記事項,0951001,80.78999999999999,1,1,1,有,有,4320000,53472,坡道平面,0.0,0,,RPXNMLTJKIPFFAD09DA,32.1,0.0,4.08,有,0055
北區,房地(土地+建物),立賢路一段５７７號,102.46,都市：其他:住宅區,,,1091106,土地1建物1車位0,全,四層,透天厝,見其他登記事項,鋼筋混凝土造,0961109,278.56,3,3,4,有,無,23660000,84937,,0.0,0,陽台外推；頂樓加蓋；其他增建；,RPOOMLTJKIPFFAD28DA,240.78,13.77,24.01,無,
中西區,房地(土地+建物),大同路一段７０巷１７號四樓之２,17.71,都市：其他:商業區,,,1091116,土地1建物1車位0,四層,五層,公寓(5樓含以下無電梯),住家用,鋼筋混凝土造,0710222,84.51,3,2,1,有,無,2780000,32896,,0.0,0,陽台外推；,RPQNMLLKKIPFFAD67DA,61.14,0.0,11.76,無,
中西區,房地(土地+建物)+車位,頂美三街１６８號五樓之１,17.75,都市：其他:住宅區,,,1091017,土地1建物1車位1,五層,十八層,住宅大樓(11層含以上有電梯),見其他登記事項,見其他登記事項,1051026,173.65,3,2,2,有,有,10500000,60466,坡道機械,23.12,0,,RPRNMLOKKIPFFAD08DA,96.43,0.0,9.43,有,0056
中西區,房地(土地+建物),民族路三段１４８巷８號,232.54,都市：其他:商業區,,,1091021,土地2建物1車位0,全,五層,透天厝,住家用,見其他登記事項,0720819,632.68,8,2,8,有,無,30500000,48208,,0.0,0,其他增建；,RPQOMLOKKIPFFAD08DA,596.31,0.0,36.37,有,
安南區,房地(土地+建物),海佃路四段３２６號,73.07,都市：其他:住宅區,,,1091022,土地4建物1車位0,全,二層,透天厝,住商用,加強磚造,0640626,23.68,4,2,2,有,無,965847,40787,,0.0,0,親友、員工、共有人或其他特殊關係間之交易；,RPOSMLRKJIPFFBD58DA,23.68,0.0,0.0,無,0057
安南區,房地(土地+建物),海佃路四段３２６號,73.07,都市：其他:住宅區,,,1091030,土地4建物1車位0,全,二層,透天厝,住商用,加強磚造,0640626,23.68,4,2,2,有,無,965847,40787,,0.0,0,親友、員工、共有人或其他特殊關係間之交易；,RPQSMLRKJIPFFBD78DA,23.68,0.0,0.0,無,0057
安南區,土地,新淵段311-1地號,2107.56,都市：其他:住宅區,,,1090930,土地2建物0車位0,,,其他,,,,0.0,0,0,0,有,無,146631900,69574,,0.0,0,畸零地或有合併使用效益；,RPPNMLNJKIPFFBD77DA,0.0,0.0,0.0,無,
安南區,房地(土地+建物),府安路六段７１巷５１號,136.92,都市：其他:住宅區,,,1091114,土地3建物1車位0,全,三層,透天厝,見其他登記事項,鋼筋混凝土造,1080610,171.2,5,2,3,有,無,12680000,74065,,0.0,0,陽台外推；包含公共設施保留地用地；,RPSNMLRLJIPFFBD58DA,157.58,0.0,13.62,無,
安南區,土地,總頭段291-6地號,163.24,都市：其他:住宅區,,,1091125,土地1建物0車位0,,,其他,,,,0.0,0,0,0,有,無,2222100,13612,,0.0,0,,RPPPMLKKKIPFFBD77DA,0.0,0.0,0.0,無,0059
安南區,土地,總頭段291-6地號,120.92,都市：其他:住宅區,,,1091125,土地1建物0車位0,,,其他,,,,0.0,0,0,0,有,無,1645650,13609,,0.0,0,,RPVOMLKKKIPFFBD28DA,0.0,0.0,0.0,無,0059
安南區,土地,總頭段291-8地號,38.38,都市：其他:住宅區,,,1091125,土地4建物0車位0,,,其他,,,,0.0,0,0,0,有,無,522450,13613,,0.0,0,,RPWOMLKKKIPFFBD38DA,0.0,0.0,0.0,無,0061
安南區,土地,四草段847地號,2401.17,都市：其他:遊樂區,,,1091129,土地1建物0車位0,,,其他,,,,0.0,0,0,0,有,無,11616000,4838,,0.0,0,,RPXOMLKKKIPFFBD48DA,0.0,0.0,0.0,無,0062
安南區,土地,布袋段838-2地號,253.15,都市：其他:農業區,,,1091201,土地1建物0車位0,,,其他,,,,0.0,0,0,0,有,無,2932900,11586,,0.0,0,,RPTNMLLKKIPFFBD08DA,0.0,0.0,0.0,無,
安南區,房地(土地+建物),海佃路四段４９０巷３０弄１３號,147.37,都市：其他:住宅區,,,1090302,土地3建物1車位0,全,三層,透天厝,住家用,鋼筋混凝土造,1090720,184.95,5,2,3,有,無,8380000,45310,,0.0,0,,RPUNMLLKKIPFFBD18DA,169.78,0.0,15.18,無,
安南區,房地(土地+建物),安和路四段２５巷６８號二樓之３,25.92,都市：其他:住宅區,,,1081023,土地1建物1車位0,二層,五層,華廈(10層含以下有電梯),見其他登記事項,鋼筋混凝土造,1090929,82.49,2,2,1,有,有,3310000,40126,,0.0,0,,RPWNMLLKKIPFFBD38DA,49.82,0.0,8.44,有,
安南區,房地(土地+建物)+車位,安和路四段２５巷６８號三樓之１,42.56,都市：其他:住宅區,,,1080831,土地1建物1車位1,三層,五層,華廈(10層含以下有電梯),見其他登記事項,鋼筋混凝土造,1090929,135.26,3,2,2,有,有,5520000,40810,一樓平面,0.0,800000,,RPOOMLLKKIPFFBD67DA,77.03,0.0,8.73,有,
安南區,房地(土地+建物)+車位,安和路四段２５巷６８號三樓之２,39.89,都市：其他:住宅區,,,1080822,土地1建物1車位1,三層,五層,華廈(10層含以下有電梯),見其他登記事項,鋼筋混凝土造,1090929,126.65,3,2,2,有,有,5400000,42637,一樓平面,0.0,800000,,RPPOMLLKKIPFFBD77DA,71.12,0.0,8.54,有,
安南區,房地(土地+建物),公學路五段３６３巷３６弄１２號,73.97,都市：其他:住宅區,,,1091117,土地1建物1車位0,全,三層,透天厝,住家用,鋼筋混凝土造,1090728,142.13,5,2,3,有,無,7380000,51924,,0.0,0,,RPPPMLLKKIPFFBD87DA,127.01,0.0,15.12,無,0063
安南區,土地,海前段190地號,181.05,都市：其他:細部計畫道路用地,,,1091113,土地2建物0車位0,,,其他,,,,0.0,0,0,0,有,無,1221274,6746,,0.0,0,包含公共設施保留地用地；,RPQNMLTJKIPFFBD48DA,0.0,0.0,0.0,無,
安南區,房地(土地+建物),公學路五段６９７巷１６７號十二樓,21.31,都市：其他:市場用地,,,1091106,土地1建物1車位0,十二層,十二層,住宅大樓(11層含以上有電梯),住家用,鋼筋混凝土造,0870814,145.01,3,2,2,有,有,2900000,19999,,0.0,0,,RPPOMLTJKIPFFBD48DA,104.32,0.0,9.89,有,
安南區,土地,國安段543-1地號,172.52,都市：其他:細部計畫道路用地,,,1090729,土地4建物0車位0,,,其他,,,,0.0,0,0,0,有,無,1300000,7535,,0.0,0,包含公共設施保留地用地；,RPQOMLTJKIPFFBD58DA,0.0,0.0,0.0,無,
安南區,土地,學東段1061地號,509.22,都市：其他:住宅區,,,1091026,土地2建物0車位0,,,其他,,,,0.0,0,0,0,有,無,20830000,40906,,0.0,0,,RPPOMLKKKIPFFBD67DA,0.0,0.0,0.0,無,0064
南區,土地,省躬段322地號,142.0,都市：其他:住宅區,,,1090825,土地1建物0車位0,,,其他,,,,0.0,0,0,0,有,無,3000000,21127,,0.0,0,,RPPNMLRLJIPFFCD38DA,0.0,0.0,0.0,無,
南區,房地(土地+建物)+車位,水交社路２０巷９號七樓,20.55,都市：其他:住宅區,,,1091030,土地2建物1車位1,七層,七層,華廈(10層含以下有電梯),見其他登記事項,見其他登記事項,1071114,132.67000000000002,2,2,1,有,有,7400000,55777,坡道平面,35.45,0,,RPQOMLLKKIPFFCD97DA,54.27,0.0,10.65,有,0065
東區,房地(土地+建物)+車位,崇德十八街４４號七樓,14.33,都市：其他:鄰里商業區,,,1091109,土地1建物1車位1,七層,七層,華廈(10層含以下有電梯),住家用,鋼筋混凝土造,0840126,92.51,2,2,1,有,有,4000000,43239,坡道機械,0.0,0,土地交易價格3000000建物交易價格1000000,RPQOMLNJKIPFFCD08DA,61.62,1.32,6.31,有,
東區,房地(土地+建物)+車位,崇德十八街４６號,21.81,都市：其他:鄰里商業區,,,1091109,土地1建物1車位1,一層，二層，騎樓,七層,華廈(10層含以下有電梯),住商用,鋼筋混凝土造,0840126,152.48,2,2,2,有,有,8000000,52466,坡道機械,0.0,0,土地交易價格6000000建物交易價格2000000,SPQOMLNJKIPFFCD18DA,109.41,0.0,7.67,有,
東區,房地(土地+建物)+車位,崇德十八街４６號七樓,12.93,都市：其他:鄰里商業區,,,1091109,土地1建物1車位1,七層,七層,華廈(10層含以下有電梯),住家用,鋼筋混凝土造,0840126,83.75999999999999,2,2,1,有,有,4000000,47755,坡道機械,0.0,0,土地交易價格3000000建物交易價格1000000,TPQOMLNJKIPFFCD28DA,55.51,0.78,6.47,有,
南區,房地(土地+建物),新建路１８巷７之４號,33.3,都市：其他:住宅區,,,1091107,土地1建物1車位0,五層,五層,公寓(5樓含以下無電梯),見其他登記事項,鋼筋混凝土造,0720422,93.25,3,1,2,有,無,3300000,35389,,0.0,0,,RPTNMLNJKIPFFCD28DA,76.54,0.0,10.48,無,0066
東區,房地(土地+建物),東成街１４２巷７２號,96.54,都市：其他:第五種住宅區,,,1091108,土地2建物1車位0,全,四層,透天厝,見其他登記事項,鋼筋混凝土造,0970327,199.45,6,2,4,有,無,17680000,88644,,0.0,0,頂樓加蓋；其他增建；,RPVNMLMJKIPFFCD38DA,190.46,0.98,8.01,無,
南區,土地,明興段632地號,959.36,都市：其他:農業區,,,1091020,土地2建物0車位0,,,其他,,,,0.0,0,0,0,有,無,6715504,7000,,0.0,0,親友、員工、共有人或其他特殊關係間之交易；,RPQOMLTJKIPFFCD68DA,0.0,0.0,0.0,無,
東區,房地(土地+建物),明東街８６號,90.0,都市：其他:第五種住宅區,,,1080807,土地1建物1車位0,全,四層,透天厝,見其他登記事項,見其他登記事項,1090817,269.91,5,2,5,有,無,19390000,71839,,0.0,0,預售屋、或土地及建物分次登記案件；,RPPOMLRJKIPFFCD38DA,248.03,0.0,21.88,無,
東區,土地,裕南段1047地號,23.81,都市：其他:第五種住宅區,,,1091206,土地2建物0車位0,,,其他,,,,0.0,0,0,0,有,無,806000,33851,,0.0,0,包含公共設施保留地用地；,RPPNMLLKKIPFFCD77DA,0.0,0.0,0.0,無,
南區,土地,公英段540-2地號,4.0,都市：其他:公園用地,,,1091028,土地1建物0車位0,,,其他,,,,0.0,0,0,0,有,無,138000,34500,,0.0,0,,RPQNMLLKKIPFFCD87DA,0.0,0.0,0.0,無,
鹽水區,土地,義稠段761地號,51.15,都市：其他:住宅區,,,1091123,土地6建物0車位0,,,其他,,,,0.0,0,0,0,有,無,332465,6500,,0.0,0,,RPRNMLNJKIPFFDD18DA,0.0,0.0,0.0,無,0067
新營區,土地,新營段839-20地號,412.0,都市：其他:主要計畫道路用地,,,1091024,土地1建物0車位0,,,其他,,,,0.0,0,0,0,有,無,1428816,3468,,0.0,0,包含公共設施保留地用地；,RPXNMLRLJIPFFDD66DA,0.0,0.0,0.0,無,0068
鹽水區,土地,頭港段1164地號,2239.0,,特定農業區,農牧用地,1091126,土地1建物0車位0,,,其他,,,,0.0,0,0,0,有,無,4200000,1876,,0.0,0,,RPSNMLRLJIPFFDD78DA,0.0,0.0,0.0,無,
新營區,房地(土地+建物),新南里２８鄰明清二街１９０號,93.5,都市：其他:住宅區,,,1091030,土地1建物1車位0,全,三層,透天厝,住家用,鋼筋混凝土造,0950629,196.31,4,2,4,有,無,8500000,43299,,0.0,0,其他增建；,RPRNMLLKKIPFFDD08DA,181.59,0.0,14.72,無,
新營區,土地,北紙段121-6地號,378.9,都市：其他:住宅區,,,1091125,土地1建物0車位0,,,其他,,,,0.0,0,0,0,有,無,13398700,35362,,0.0,0,鄰地購買,RPOOMLLKKIPFFDD87DA,0.0,0.0,0.0,無,
新營區,房地(土地+建物),東興三街２２巷５６號五樓,30.71,都市：其他:住宅區,,,1091122,土地1建物1車位0,五層,六層,華廈(10層含以下有電梯),見其他登記事項,鋼筋混凝土造,0880317,144.02,3,2,2,有,有,4380000,30412,,0.0,0,,RPUNMLOKKIPFFDD68DA,92.49,0.69,5.19,有,
白河區,房地(土地+建物),永安里四維街９０號,69.0,都市：其他:住宅區,,,1091201,土地1建物1車位0,全,二層,透天厝,住家用,鋼筋混凝土造,0720531,83.3,4,1,2,有,無,3080000,36975,,0.0,0,,RPPNMLLKKIPFFED97DA,78.32,0.0,4.98,無,
東山區,土地,東安段75地號,305.76,都市：其他:住宅區,,,1091011,土地1建物0車位0,,,其他,,,,0.0,0,0,0,有,無,5300000,17334,,0.0,0,,RPQNMLOKKIPFFED38DA,0.0,0.0,0.0,無,
東山區,土地,頂窩段448地號,2100.0,,特定農業區,農牧用地,1091119,土地1建物0車位0,,,其他,,,,0.0,0,0,0,有,無,2520000,1200,,0.0,0,,RPUNMLOKKIPFFED78DA,0.0,0.0,0.0,無,
麻豆區,房地(土地+建物),興民街７４之１號,838.0,都市：其他:計畫道路用地,,,1090930,土地3建物1車位0,全,二層,透天厝,住家用,鋼筋混凝土加強磚造,0580000,164.27,4,2,2,有,無,39000000,237414,,0.0,0,其他增建；未登記建物；,RPPNMLOKJIPFFFD28DA,164.27,0.0,0.0,無,
麻豆區,房地(土地+建物),大山７１之２３號,102.38,都市：其他:第三種住宅區。,,,1080718,土地3建物1車位0,全,三層,透天厝,住家用,見其他登記事項,1090728,161.78,4,2,4,有,無,6750000,41723,,0.0,0,預售屋、或土地及建物分次登記案件；,RPVNMLSJKIPFFFD66DA,148.0,0.0,13.78,無,
麻豆區,房地(土地+建物),大山７１之２２號,102.38,都市：其他:第三種住宅區。,,,1091028,土地3建物1車位0,全,三層,透天厝,住家用,見其他登記事項,1090728,161.78,4,2,4,有,無,6800000,42032,,0.0,0,,RPWNMLSJKIPFFFD76DA,148.0,0.0,13.78,無,
麻豆區,土地,磚子井段433-1地號,1809.0,,一般農業區,農牧用地,1091101,土地1建物0車位0,,,其他,,,,0.0,0,0,0,有,無,2000000,1106,,0.0,0,,RPPOMLKKKIPFFFD08DA,0.0,0.0,0.0,無,0069
下營區,土地,營中段576-2地號,198.28,都市：其他:住宅區,,,1091202,土地2建物0車位0,,,其他,,,,0.0,0,0,0,有,無,3900000,19669,,0.0,0,,RPQOMLKKKIPFFFD18DA,0.0,0.0,0.0,無,
西港區,土地,劉厝段2013地號,2400.0,,特定農業區,農牧用地,1091201,土地1建物0車位0,,,其他,,,,0.0,0,0,0,有,無,4680000,1950,,0.0,0,農作物；,RPTNMLOKKIPFFGD88DA,0.0,0.0,0.0,無,
西港區,土地,營段494地號,54.21,,鄉村區,乙種建築用地,1091204,土地1建物0車位0,,,其他,,,,0.0,0,0,0,有,無,574000,10588,,0.0,0,標的為裡地，出售予鄰地。,RPSNMLMKKIPFFGD58DA,0.0,0.0,0.0,無,
七股區,土地,下山子寮段365-10地號,114812.0,,一般農業區,養殖用地,1091006,土地1建物0車位0,,,其他,,,,0.0,0,0,0,有,無,65105134,567,,0.0,0,,RPQNMLMLJIPFFGD38DA,0.0,0.0,0.0,無,
七股區,土地,下山子寮段365-14地號,25994.0,,一般農業區,養殖用地,1091006,土地1建物0車位0,,,其他,,,,0.0,0,0,0,有,無,14740122,567,,0.0,0,,RPRNMLMLJIPFFGD48DA,0.0,0.0,0.0,無,
七股區,土地,下山子寮段365-27地號,1886.0,,一般農業區,養殖用地,1091006,土地1建物0車位0,,,其他,,,,0.0,0,0,0,有,無,1069472,567,,0.0,0,,RPTNMLMLJIPFFGD68DA,0.0,0.0,0.0,無,
佳里區,土地,文化段27地號,3438.65,,特定農業區,農牧用地,1090923,土地1建物0車位0,,,其他,,,,0.0,0,0,0,有,無,2800000,814,,0.0,0,親友、員工、共有人或其他特殊關係間之交易；,RPUNMLKKJIPFFGD48DA,0.0,0.0,0.0,無,
七股區,房地(土地+建物),樹林１００之２１號,125.71,,鄉村區,乙種建築用地,1090909,土地3建物1車位0,全,三層,透天厝,住家用,鋼筋混凝土造,1090910,157.2,4,2,3,有,無,6580000,41858,,0.0,0,,RPWOMLMJKIPFFGD98DA,145.53,0.0,11.67,無,
佳里區,房地(土地+建物),忠仁里６鄰中山路１２２號,78.0,都市：其他:住宅區,,,1091016,土地1建物1車位0,全,二層,透天厝,住商用,加強磚造,0630301,122.64,4,2,2,有,無,9500000,77462,,0.0,0,其他增建；,RPVNMLLKKIPFFGD78DA,122.64,0.0,0.0,無,
佳里區,土地,新安段462地號,343.73,,鄉村區,乙種建築用地,1091015,土地3建物0車位0,,,其他,,,,0.0,0,0,0,有,無,4080000,11870,,0.0,0,,RPWNMLLKKIPFFGD88DA,0.0,0.0,0.0,無,
七股區,房地(土地+建物),看坪６之２０號,87.2,,鄉村區,乙種建築用地,1091108,土地4建物1車位0,全,三層,透天厝,住家用,鋼筋混凝土造,0830520,138.94,4,2,3,有,無,3500000,25191,,0.0,0,,RPXNMLTJKIPFFGD07DA,128.4,0.0,10.54,無,
佳里區,房地(土地+建物),光明街１００號二樓之１,35.53,都市：其他:住宅區,,,1080521,土地1建物1車位0,二層,五層,華廈(10層含以下有電梯),見其他登記事項,鋼筋混凝土造,1090914,110.38,3,2,2,有,有,4970000,45026,,0.0,0,預售屋、或土地及建物分次登記案件；,RPROMLKKKIPFFGD38DA,76.13,0.0,7.76,有,
佳里區,房地(土地+建物),光明街１００號二樓之２,27.02,都市：其他:住宅區,,,1080521,土地1建物1車位0,二層,五層,華廈(10層含以下有電梯),見其他登記事項,鋼筋混凝土造,1090914,84.08,2,2,2,有,有,3500000,41627,,0.0,0,預售屋、或土地及建物分次登記案件；,RPSOMLKKKIPFFGD48DA,59.23,0.0,4.67,有,
七股區,土地,十一份段774地號,1000.0,,特定農業區,農牧用地,1091113,土地1建物0車位0,,,其他,,,,0.0,0,0,0,有,無,2800000,2800,,0.0,0,,RPPNMLLKKIPFFGD18DA,0.0,0.0,0.0,無,
新市區,房地(土地+建物),大洲４３之１８號,111.98,,鄉村區,乙種建築用地,1091030,土地3建物1車位0,全,四層,透天厝,見其他登記事項,鋼筋混凝土造,1090522,158.91,4,2,3,有,無,9920000,62425,,0.0,0,陽台外推；,RPSNMLOLJIPFFHD88DA,140.12,0.0,18.79,無,
善化區,房地(土地+建物)+車位,益民寮２５號九樓之１,29.71,都市：其他:住宅區,,,1090816,土地1建物1車位1,九層,十二層,住宅大樓(11層含以上有電梯),見其他登記事項,鋼筋混凝土造,1090114,134.64000000000001,3,2,2,有,有,6720000,50388,坡道平面,21.12,1000000,,RPSSMLMJKIPFFHD09DA,70.75,0.0,5.9,有,
善化區,房地(土地+建物)+車位,益民寮２５號十樓之１,30.6,都市：其他:住宅區,,,1090812,土地1建物1車位1,十層,十二層,住宅大樓(11層含以上有電梯),見其他登記事項,鋼筋混凝土造,1090114,146.03,3,2,2,有,有,7150000,51533,一樓平面,32.51,1300000,,RPTSMLMJKIPFFHD56DA,70.75,0.0,5.9,有,
善化區,房地(土地+建物),益民寮２５號八樓之３,21.88,都市：其他:住宅區,,,1090822,土地1建物1車位0,八層,十二層,住宅大樓(11層含以上有電梯),見其他登記事項,鋼筋混凝土造,1090114,88.6,2,2,1,有,有,4261000,48093,,0.0,0,,RPQTMLMJKIPFFHD98DA,53.22,0.0,6.55,有,
善化區,房地(土地+建物),益民寮２５號十樓之３,21.88,都市：其他:住宅區,,,1090907,土地1建物1車位0,十層,十二層,住宅大樓(11層含以上有電梯),見其他登記事項,鋼筋混凝土造,1090114,88.6,2,2,1,有,有,4408000,49752,,0.0,0,,RPRTMLMJKIPFFHD09DA,53.22,0.0,6.55,有,
新化區,房地(土地+建物)+車位,永新路３７號八樓之２,44.08,,特定專用區,甲種建築用地,1091122,土地1建物1車位1,八層,八層,華廈(10層含以下有電梯),住家用,鋼筋混凝土造,0860825,136.74,3,2,2,有,有,4200000,30715,坡道平面,0.0,0,,RPRONLNJKIPFFHD78DA,79.85,0.0,9.62,有,
新市區,土地,大社段2163地號,349.0,,特定農業區,農牧用地,1091202,土地1建物0車位0,,,其他,,,,0.0,0,0,0,有,無,380000,1089,,0.0,0,畸零地或有合併使用效益；,RPXOMLSJKIPFFHD17DA,0.0,0.0,0.0,無,
左鎮區,土地,內庄子段746-2地號,356.5,,鄉村區,乙種建築用地,1090915,土地1建物0車位0,,,其他,,,,0.0,0,0,0,有,無,602900,1691,,0.0,0,地清或未辦繼承標售；,RPXOMLTJKIPFFHD27DA,0.0,0.0,0.0,無,
新市區,土地,番子寮段1585地號,6058.0,,特定專用區,農牧用地,1081224,土地4建物0車位0,,,其他,,,,0.0,0,0,0,有,無,25500000,4209,,0.0,0,,RPUPMLTJKIPFFHD07DA,0.0,0.0,0.0,無,
安定區,房地(土地+建物),許中營２２之１９號,114.44,,鄉村區,乙種建築用地,1091018,土地1建物1車位0,全,四層,透天厝,住家用,鋼筋混凝土造,1030801,200.44,5,3,4,有,無,11200000,55877,,0.0,0,其他增建；,RPXNMLKKKIPFFHD98DA,178.17,0.0,22.27,無,
善化區,土地,善成段1168地號,74.09,都市：其他:商業區,,,1091201,土地1建物0車位0,,,其他,,,,0.0,0,0,0,有,無,6500000,87731,,0.0,0,建物第一次登記公告中未登記建物；預售屋、或土地及建物分次登記案件；,RPTOMLKKKIPFFHD68DA,0.0,0.0,0.0,無,
安定區,房地(土地+建物),港口２７９之４號,78.0,,鄉村區,乙種建築用地,1091123,土地1建物1車位0,全,三層,透天厝,住家用,鋼筋混凝土造,0810706,150.55,5,2,3,有,無,4900000,32547,,0.0,0,,RPUOMLKKKIPFFHD78DA,142.24,0.0,8.31,無,0070
善化區,房地(土地+建物)+車位,建國路４０７號十四樓之１,44.11,都市：其他:住宅區,,,1091017,土地1建物1車位2,十四層，見其他登記事項,十四層,住宅大樓(11層含以上有電梯),見其他登記事項,鋼筋混凝土造,1071022,286.97,4,2,4,有,有,12850000,52564,坡道平面,84.36,2200000,,RPOQMLLKKIPFFHD48DA,126.31,0.0,10.4,有,
仁德區,房地(土地+建物)+車位,保生東路７０號五樓之２,30.44,都市：其他:住宅區,,,1091109,土地1建物1車位1,五層,十四層,住宅大樓(11層含以上有電梯),見其他登記事項,見其他登記事項,1090218,159.0,2,2,2,有,有,15450000,111199,坡道平面,32.65,1400000,預售屋、或土地及建物分次登記案件；,RPXNMLPLJIPFFID96DA,70.82,0.0,13.94,有,
仁德區,房地(土地+建物)+車位,保生東路６８號七樓之２,59.41,都市：其他:住宅區,,,1091030,土地1建物1車位2,七層,十四層,住宅大樓(11層含以上有電梯),見其他登記事項,見其他登記事項,1090218,310.5,3,2,3,有,有,26500000,96856,坡道平面,62.71,2500000,預售屋、或土地及建物分次登記案件；,RPROMLPKJIPFFID98DA,147.36,0.0,18.91,有,
仁德區,土地,保甲段18-9地號,63.53,,一般農業區,農牧用地,1091116,土地1建物0車位0,,,其他,,,,0.0,0,0,0,有,無,349436,5500,,0.0,0,包含公共設施保留地用地；協議價購；,RPXOMLRKJIPFFID17DA,0.0,0.0,0.0,無,
仁德區,土地,保甲段32-1地號,60.14,,一般農業區,農牧用地,1091116,土地1建物0車位0,,,其他,,,,0.0,0,0,0,有,無,318735,5300,,0.0,0,包含公共設施保留地用地；協議價購；,RPOPMLRKJIPFFID98DA,0.0,0.0,0.0,無,0071
歸仁區,土地,歸仁北段1764-6地號,103.0,都市：其他:住宅區,,,1091130,土地1建物0車位0,,,其他,,,,0.0,0,0,0,有,無,4420000,42913,,0.0,0,含土地增值稅或其他稅費；含地政士服務費；親友、員工、共有人或其他特殊關係間之交易；,RPPNMLKKKIPFFID28DA,0.0,0.0,0.0,無,
歸仁區,土地,大同段663地號,146.24,都市：其他:住宅區,,,1091201,土地1建物0車位0,,,其他,,,,0.0,0,0,0,有,無,5307600,36294,,0.0,0,,RPXPMLSJKIPFFID37DA,0.0,0.0,0.0,無,0072
仁德區,房地(土地+建物),德崙路２１巷１０弄１６號一樓之２,6.44,都市：其他:商業區,,,1091127,土地1建物1車位0,一層,十三層,住宅大樓(11層含以上有電梯),住家用,鋼筋混凝土造,0850731,52.11,3,2,2,有,有,1800000,34542,,0.0,0,親友、員工、共有人或其他特殊關係間之交易；,RPPNMLRJKIPFFID88DA,33.87,4.54,0.0,有,
歸仁區,房地(土地+建物),武東一街４９巷６８號二樓之４,13.43,,一般農業區,甲種建築用地,1091203,土地1建物1車位0,二層,六層,華廈(10層含以下有電梯),住家用,鋼筋混凝土造,0860721,47.81,1,0,1,有,有,1100000,23008,,0.0,0,,RPSNMLLKKIPFFID68DA,29.8,0.0,2.85,有,
龍崎區,土地,番社段355-2地號,1348.0,,山坡地保育區,林業用地,1091114,土地1建物0車位0,,,其他,,,,0.0,0,0,0,有,無,300000,223,,0.0,0,,RPUNMLLKKIPFFID88DA,0.0,0.0,0.0,無,
仁德區,房地(土地+建物),長興四街９０巷１號三樓之２,34.78,都市：其他:住宅區,,,1091106,土地1建物1車位0,三層,五層,華廈(10層含以下有電梯),見其他登記事項,見其他登記事項,1090115,94.5,2,2,2,有,有,6550000,69312,,0.0,0,,RPRNMLKKKIPFFID48DA,66.14,0.0,4.78,有,
仁德區,房地(土地+建物),仁德里中正路二段１２０５巷１１號六樓之２,21.08,都市：其他:住宅區,,,1091112,土地1建物1車位0,六層,七層,華廈(10層含以下有電梯),住家用,鋼筋混凝土造,0830225,110.18,3,2,2,有,有,3500000,31766,,0.0,0,,RPSNMLKKKIPFFID58DA,79.95,0.0,4.69,有,
歸仁區,房地(土地+建物),武東一街４９巷６８號三樓之４,13.43,,一般農業區,甲種建築用地,1091126,土地1建物1車位0,三層,六層,華廈(10層含以下有電梯),住家用,鋼筋混凝土造,0860721,47.81,1,0,1,有,有,1200000,25099,,0.0,0,,RPWNMLLKKIPFFID09DA,29.8,0.0,2.85,有,
歸仁區,房地(土地+建物),看西里仁愛南街１０２巷１８號,95.0,都市：其他:住宅區,,,1091106,土地1建物1車位0,全,四層,透天厝,住家用,鋼筋混凝土造,0950830,194.93,6,2,3,有,無,9900000,50787,,0.0,0,,RPXNMLLKKIPFFID56DA,186.01,0.0,8.92,無,
仁德區,房地(土地+建物),二行里中正西路５９之３號,104.63,都市：其他:住宅區,,,1091109,土地2建物1車位0,全,三層,透天厝,住家用,鋼筋混凝土造,1040624,190.48,7,0,7,有,無,10500000,55124,,0.0,0,頂樓增建,RPOOMLLKKIPFFID38DA,180.13,0.0,10.35,無,
仁德區,房地(土地+建物),大甲里中正西路４００號二樓之９,4.83,都市：其他:住宅區,,,1091107,土地2建物1車位0,二層,四層,華廈(10層含以下有電梯),見其他登記事項,鋼筋混凝土造,0960920,13.629999999999999,1,1,1,有,有,510000,37417,,0.0,0,,RPWNMLKKKIPFFID98DA,7.14,0.9,0.0,有,0073
歸仁區,房地(土地+建物),看東里忠孝南路２５巷３７號,78.0,都市：其他:住宅區,,,1091113,土地1建物1車位0,全,二層,透天厝,住商用,加強磚造,0690619,101.16,4,2,4,有,無,6500000,64255,,0.0,0,,RPQOMLLKKIPFFID58DA,101.16,0.0,0.0,無,
歸仁區,房地(土地+建物),辜厝里大順一街１號九樓,12.22,都市：其他:住宅區,,,1091112,土地1建物1車位0,九層,十四層,住宅大樓(11層含以上有電梯),見其他登記事項,鋼筋混凝土造,0870421,85.74,2,1,2,有,有,2950000,34406,,0.0,0,其他增建；,RPQNMLSJKIPFFID09DA,55.14,0.0,11.85,有,
仁德區,土地,後壁段448地號,81.64,都市：其他:住宅區,,,1091208,土地1建物0車位0,,,其他,,,,0.0,0,0,0,有,無,2469550,30249,,0.0,0,,RPTOMLLKKIPFFID88DA,0.0,0.0,0.0,無,0074
關廟區,土地,北勢段618地號,218.0,都市：其他:住宅區,,,1091113,土地1建物0車位0,,,其他,,,,0.0,0,0,0,有,無,6000000,27523,,0.0,0,,RPROMLOKKIPFFID98DA,0.0,0.0,0.0,無,
仁德區,土地,二行段609地號,1170.18,都市：其他:住宅區,,,1090813,土地3建物0車位0,,,其他,,,,0.0,0,0,0,有,無,24000914,20510,,0.0,0,包含公共設施保留地用地；,RPXNMLPKKIPFFID96DA,0.0,0.0,0.0,無,
仁德區,土地,二行段608地號,715.99,都市：其他:住宅區,,,1090813,土地3建物0車位0,,,其他,,,,0.0,0,0,0,有,無,16588518,23169,,0.0,0,包含公共設施保留地用地；,RPPOMLPKKIPFFID88DA,0.0,0.0,0.0,無,
仁德區,土地,二行段607地號,611.06,都市：其他:商業區,,,1090813,土地3建物0車位0,,,其他,,,,0.0,0,0,0,有,無,12910568,21128,,0.0,0,包含公共設施保留地用地；,RPQOMLPKKIPFFID98DA,0.0,0.0,0.0,無,
歸仁區,房地(土地+建物),武東一街４９巷６８號二樓之６,25.93,,一般農業區,甲種建築用地,1091203,土地1建物1車位0,二層,六層,華廈(10層含以下有電梯),住家用,鋼筋混凝土造,0860721,45.55,1,0,1,有,有,1050000,23052,,0.0,0,,RPPNMLRKKIPFFID98DA,27.85,0.0,3.6,有,
永康區,房地(土地+建物),永大路二段１３１０巷２３號,88.0,都市：其他:住宅區,,,1091105,土地2建物1車位0,全,二層,透天厝,住家用,加強磚造,0720523,113.46,5,2,2,有,無,5400000,47594,,0.0,0,其他增建；,RPXOMLMKJIPFFKD86DA,102.84,6.77,3.85,無,
永康區,房地(土地+建物)+車位,復華三街６８號八樓之６,12.73,都市：其他:市場用地,,,1091031,土地1建物1車位1,八層,十九層,住宅大樓(11層含以上有電梯),住家用,鋼筋混凝土造,0840908,174.93,3,2,2,有,有,6500000,37158,坡道平面,0.0,0,其他增建；,RPPOMLLMIIPFFKD68DA,96.17,0.0,6.54,有,0075
永康區,土地,南新段683地號,108.16,都市：其他:住宅區,,,1091117,土地1建物0車位0,,,其他,,,,0.0,0,0,0,有,無,8170000,75536,,0.0,0,,RPPNMLNJKIPFFKD68DA,0.0,0.0,0.0,無,
永康區,土地,大灣段1537-4地號,468.0,都市：其他:道路用地,,,1091203,土地2建物0車位0,,,其他,,,,0.0,0,0,0,有,無,7202520,15390,,0.0,0,包含公共設施保留地用地；,RPVNMLNJKIPFFKD66DA,0.0,0.0,0.0,無,0076
永康區,房地(土地+建物),五王里中山東路１５２號地下一層之７,8.84,都市：其他:住宅區,,,1091120,土地1建物1車位0,一層，地下一層,十一層,住宅大樓(11層含以上有電梯),住家用,鋼筋混凝土造,0900110,53.45,1,1,2,有,有,3150000,58934,,0.0,0,其他增建；,RPPOMLNJKIPFFKD78DA,33.69,2.69,2.51,有,
永康區,房地(土地+建物)+車位,中正南路７７９巷１０弄３號二樓之７,27.91,都市：其他:住宅區,,,1091114,土地1建物1車位1,二層,五層,華廈(10層含以下有電梯),住家用,見其他登記事項,1090513,86.69,2,2,1,有,有,6400000,73826,一樓平面,9.91,0,,RPUNMLPJKIPFFKD76DA,53.87,0.0,3.13,有,
永康區,房地(土地+建物),復華三街６４號十三樓之６,11.34,都市：其他:市場用地,,,1091030,土地1建物1車位0,十三層,十九層,住宅大樓(11層含以上有電梯),住家用,鋼筋混凝土造,0840908,126.62,4,1,2,有,有,3950000,31196,,0.0,0,,RPTOMLKKKIPFFKD98DA,85.92,0.0,7.0,有,
永康區,房地(土地+建物),復華三街６６號十七樓之１,11.34,都市：其他:市場用地,,,1091107,土地1建物1車位0,十七層,十九層,住宅大樓(11層含以上有電梯),住家用,鋼筋混凝土造,0840908,160.32,4,2,2,有,有,4800000,29940,,0.0,0,,RPXNMLKKKIPFFKD66DA,85.92,0.0,7.0,有,
永康區,房地(土地+建物),西勢路６６巷６號五樓之５,27.26,都市：其他:住宅區,,,1091107,土地1建物1車位0,五層,五層,華廈(10層含以下有電梯),住家用,見其他登記事項,1090611,80.75999999999999,2,1,2,有,無,5150000,63769,,0.0,0,,RPTOMLLKKIPFFKD09DA,51.86,0.0,6.65,有,0077
永康區,房地(土地+建物),大灣路９４２巷７１弄９１號,113.34,都市：其他:道路用地,,,1091017,土地2建物1車位0,全,二層,透天厝,住商用,加強磚造,0710929,131.88,3,2,3,有,無,6200000,47012,,0.0,0,,RPSPMLLKKIPFFKD09DA,131.88,0.0,0.0,無,
永康區,房地(土地+建物)+車位,永平街７５７之１１號,24.87,都市：其他:住宅區,,,1091006,土地1建物1車位1,四層,六層,華廈(10層含以下有電梯),住家用,鋼筋混凝土造,0841222,113.96000000000001,3,2,2,有,有,4550000,39926,升降平面,0.0,0,,RPPNMLOKKIPFFKD88DA,77.9,0.0,9.88,有,
北區,房地(土地+建物)+車位,海安路三段８００號八樓之２,24.41,都市：其他:住宅區,,,1091029,土地1建物1車位1,八層,二十四層,住宅大樓(11層含以上有電梯),見其他登記事項,見其他登記事項,1060518,251.71999999999997,3,2,2,有,有,19630000,86534,坡道平面,38.74,1200000,,RPPPMLLKKIPFFAD87EA,135.04,0.0,12.63,有,0078
安南區,土地,青草崙段357-101地號,465.12,都市：其他:住宅區,,,1091118,土地2建物0車位0,,,其他,,,,0.0,0,0,0,有,無,7738500,16638,,0.0,0,,RPXOMLLKKIPFFBD68EA,0.0,0.0,0.0,無,0079
柳營區,土地,綠隧段859地號,138.76,,鄉村區,乙種建築用地,1091108,土地1建物0車位0,,,其他,,,,0.0,0,0,0,有,無,2518494,18150,,0.0,0,,RPSNMLOKKIPFFDD58EA,0.0,0.0,0.0,無,
柳營區,土地,綠隧段861地號,134.0,,鄉村區,乙種建築用地,1091108,土地2建物0車位0,,,其他,,,,0.0,0,0,0,有,無,2432100,18150,,0.0,0,,RPTNMLOKKIPFFDD68EA,0.0,0.0,0.0,無,
新營區,土地,新營段840-70地號,213.0,都市：其他:住宅區,,,1091204,土地2建物0車位0,,,其他,,,,0.0,0,0,0,有,無,173808,816,,0.0,0,既有巷道瑕疵物件；,RPPOMLOKKIPFFDD38EA,0.0,0.0,0.0,無,
鹽水區,土地,大埔段172地號,3838.0,,一般農業區,農牧用地,1091126,土地1建物0車位0,,,其他,,,,0.0,0,0,0,有,無,3070400,800,,0.0,0,,RPUNMLPKKIPFFDD88EA,0.0,0.0,0.0,無,
白河區,房地(土地+建物),白河里３鄰康樂路１之８１號,88.0,都市：其他:住宅區,,,1091130,土地1建物1車位0,全,四層,透天厝,見其他登記事項,鋼筋混凝土造,1010702,190.0,4,1,3,有,無,6300000,33158,,0.0,0,,RPUNMLOKKIPFFED88EA,174.08,0.0,15.92,無,
安定區,土地,蘇安段410地號,1113.74,,特定農業區,農牧用地,1081106,土地1建物0車位0,,,其他,,,,0.0,0,0,0,有,無,3563968,3200,,0.0,0,,RPPOMLKKKIPFFHD38EA,0.0,0.0,0.0,無,
關廟區,土地,深坑子段167地號,1319.0,,特定農業區,農牧用地,1091120,土地1建物0車位0,,,其他,,,,0.0,0,0,0,有,無,2718000,2061,,0.0,0,,RPOOMLMKJIPFFID48EA,0.0,0.0,0.0,無,
仁德區,土地,十三甲段1067地號,3172.0,,一般農業區,農牧用地,1091201,土地4建物0車位0,,,其他,,,,0.0,0,0,0,有,無,13913185,4386,,0.0,0,,RPROMLQLJIPFFID66EA,0.0,0.0,0.0,無,0080
關廟區,房地(土地+建物),北安一街７８號,101.0,都市：其他:住宅區,,,1091118,土地1建物1車位0,全,三層,透天厝,住家用,鋼筋混凝土造,1030725,164.1,4,1,2,有,無,7800000,47532,,0.0,0,,RPUOMLOKKIPFFID76EA,149.86,0.0,14.24,無,
玉井區,土地,玉中段1241-1地號,38.41,都市：其他:住宅區,,,1091204,土地1建物0車位0,,,其他,,,,0.0,0,0,0,有,無,1685047,43870,,0.0,0,地清或未辦繼承標售；,RPQNMLQKKIPFFJD56EA,0.0,0.0,0.0,無,
新營區,房地(土地+建物),太子路２００巷１１１弄１０號,81.95,都市：其他:住宅區,,,1091102,土地1建物1車位0,全,三層,透天厝,住家用,鋼筋混凝土造,1090902,182.28,4,2,3,有,無,8680000,47619,,0.0,0,,RPXNMLPKKIPFFDD56EA,172.49,0.0,9.79,無,
鹽水區,土地,北門段486-1地號,82.34,都市：其他:住宅區,,,1091201,土地1建物0車位0,,,其他,,,,0.0,0,0,0,有,無,2005600,24358,,0.0,0,,RPPNMLPKKIPFFDD38EA,0.0,0.0,0.0,無,
鹽水區,土地,北門段481-25地號,82.91,都市：其他:住宅區,,,1091201,土地4建物0車位0,,,其他,,,,0.0,0,0,0,有,無,2005600,24190,,0.0,0,,RPQNMLPKKIPFFDD48EA,0.0,0.0,0.0,無,
東區,房地(土地+建物)+車位,東光路二段５８巷１６號四樓之２,19.05,都市：其他:第五種住宅區,,,1091114,土地1建物1車位1,四層,七層,華廈(10層含以下有電梯),住家用,鋼筋混凝土造,0830629,102.04,2,2,1,有,有,5020000,49196,坡道機械,0.0,0,,RPPOMLLKKIPFFCD97EA,55.17,0.32,10.94,有,
南區,土地,興農段596地號,34.11,都市：其他:保護區,,,1091113,土地1建物0車位0,,,其他,,,,0.0,0,0,0,有,無,150000,4398,,0.0,0,,RPUNMLOKKIPFFCD68EA,0.0,0.0,0.0,無,
安南區,土地,國安段1473-1地號,422.05,都市：其他:主要計畫道路用地,,,1091204,土地5建物0車位0,,,其他,,,,0.0,0,0,0,有,無,3179062,7532,,0.0,0,包含公共設施保留地用地；,RPOPMLLKKIPFFBD87EA,0.0,0.0,0.0,無,0081
安南區,房地(土地+建物),安六街１０２號,103.81,都市：其他:住宅區,,,1091101,土地1建物1車位0,全,五層,透天厝,見其他登記事項,鋼筋混凝土造,1090501,297.79,5,2,6,有,無,18080000,60714,,0.0,0,陽台外推；其他增建；,RPPNMLOKKIPFFBD08EA,258.07,0.0,39.72,有,
安南區,房地(土地+建物),安路３６５號,101.14,都市：其他:住宅區,,,1091102,土地1建物1車位0,全,四層,透天厝,住家用,鋼筋混凝土造,1090421,182.87,4,1,4,有,無,13550000,74096,,0.0,0,陽台外推；其他增建；,RPQNMLOKKIPFFBD18EA,178.77,0.0,4.1,無,
安南區,房地(土地+建物),安路３６３號,105.31,都市：其他:住宅區,,,1090804,土地1建物1車位0,全,四層,透天厝,住家用,鋼筋混凝土造,1090421,184.46,4,1,4,有,無,13460000,72970,,0.0,0,陽台外推；,RPRNMLOKKIPFFBD28EA,180.36,0.0,4.1,無,
永康區,房地(土地+建物),復華里復國二路２２３號三樓之３,20.39,都市：其他:住宅區,,,1091027,土地1建物1車位0,三層,十一層,住宅大樓(11層含以上有電梯),見其他登記事項,鋼筋混凝土造,0840520,113.15,3,2,2,有,有,3500000,30932,,0.0,0,,RPVNMLOKKIPFFKD86DA,75.76,0.0,9.96,有,
永康區,土地,六甲頂段437地號,221.0,都市：其他:住宅區,,,1090623,土地1建物0車位0,,,其他,,,,0.0,0,0,0,有,無,17120000,77466,,0.0,0,未登記建物；,RPTOMLOKKIPFFKD76DA,0.0,0.0,0.0,無,
永康區,房地(土地+建物),復華里復國二路２４３巷２８號,25.5,都市：其他:住宅區,,,1090918,土地2建物1車位0,一層，二層，騎樓,十二層,住宅大樓(11層含以上有電梯),住商用,鋼筋混凝土造,0831006,141.17,3,1,2,有,有,5388000,38167,,0.0,0,,RPOQMLLKKIPFFKD78DA,106.84,0.0,5.21,有,
永康區,土地,六甲頂段1397地號,448.0,都市：其他:住宅區,,,1091010,土地1建物0車位0,,,其他,,,,0.0,0,0,0,有,無,33200000,74107,,0.0,0,,RPRQMLLKKIPFFKD09DA,0.0,0.0,0.0,無,
永康區,土地,六甲頂段438地號,394.0,都市：其他:住宅區,,,1090605,土地1建物0車位0,,,其他,,,,0.0,0,0,0,有,無,44410000,112716,,0.0,0,未登記建物；,RPTQMLLKKIPFFKD66DA,0.0,0.0,0.0,無,
永康區,房地(土地+建物),鹽行里新行街７９巷３弄１０號,102.23,都市：其他:住宅區,,,1091026,土地2建物1車位0,全,四層,透天厝,住家用,鋼筋混凝土造,0900314,266.01,3,4,4,有,無,15880000,59697,,0.0,0,頂樓加蓋；其他增建；,RPQNMLMKKIPFFKD78DA,240.95,17.68,7.38,無,
永康區,房地(土地+建物),大橋三街５７巷１９弄６７號,106.0,都市：其他:住宅區,,,1091203,土地1建物1車位0,全,二層,透天厝,住家用,加強磚造,0700519,120.2,4,2,2,有,無,9600000,79867,,0.0,0,,RPVOMLOKKIPFFKD96DA,117.82,0.0,2.38,無,
永康區,土地,鹽新段370-3地號,25.65,都市：其他:廣場用地(兼供自行車道使用),,,1091203,土地2建物0車位0,,,其他,,,,0.0,0,0,0,有,無,1203241,46910,,0.0,0,政府機關標讓售；,RPROMLPKKIPFFKD66DA,0.0,0.0,0.0,無,
永康區,房地(土地+建物)+車位,復華一街１７８號四樓之２,30.73,都市：其他:住宅區,,,1070421,土地1建物1車位1,四層,十四層,住宅大樓(11層含以上有電梯),見其他登記事項,見其他登記事項,1090909,158.29000000000002,3,1,2,有,有,6700000,43816,坡道平面,28.2,1000000,預售屋、或土地及建物分次登記案件；,RPQOMLKKKIPFFKD68DA,78.91,0.0,8.99,有,
永康區,房地(土地+建物)+車位,六合里中華二路２６６巷１７號十樓之５,14.78,都市：其他:住宅區,,,1090919,土地1建物1車位2,十層,十六層,住宅大樓(11層含以上有電梯),住家用,鋼筋混凝土造,0850522,135.78,3,2,2,有,有,6500000,47875,坡道機械,0.0,0,,RPWOMLKKKIPFFKD66DA,77.08,0.0,11.68,有,
永康區,房地(土地+建物),中山北路４６１巷８弄１１號,35.43,都市：其他:住宅區,,,1091028,土地1建物1車位0,全,二層,透天厝,住商用,加強磚造,0700309,45.45,3,2,3,有,無,2250000,49505,,0.0,0,親友、員工、共有人或其他特殊關係間之交易；,RPOOMLLKKIPFFKD58DA,45.44,0.0,0.0,無,
永康區,房地(土地+建物),復華三街９０巷６５號,97.21,都市：其他:住宅區,,,1091023,土地1建物1車位0,全,四層,透天厝,住家用,鋼筋混凝土造,0830131,199.62,5,2,3,有,無,7500000,37571,,0.0,0,土地成交價:650萬建物成交價:100萬陽台外推；頂樓加蓋；其他增建；,RPSOMLLKKIPFFKD98DA,172.53,7.94,19.15,無,
永康區,房地(土地+建物)+車位,復華一街１７８號十樓之１,31.13,都市：其他:住宅區,,,1071020,土地1建物1車位1,十層,十四層,住宅大樓(11層含以上有電梯),見其他登記事項,見其他登記事項,1090909,159.49,3,1,2,有,有,7830000,52022,坡道平面,28.2,1000000,預售屋、或土地及建物分次登記案件；,RPVOMLTJKIPFFKD37DA,78.91,0.0,9.8,有,
永康區,房地(土地+建物)+車位,復華一街１７８號五樓之１,31.13,都市：其他:住宅區,,,1070520,土地1建物2車位1,五層,十四層,住宅大樓(11層含以上有電梯),見其他登記事項,見其他登記事項,1090909,248.2,3,1,2,有,有,7500000,29091,坡道平面,28.2,1100000,預售屋、或土地及建物分次登記案件；,RPWOMLTJKIPFFKD47DA,157.82,0.0,19.6,有,
永康區,房地(土地+建物)+車位,復華一街１８０號五樓之２,29.2,都市：其他:住宅區,,,1070414,土地1建物1車位1,五層,十四層,住宅大樓(11層含以上有電梯),見其他登記事項,見其他登記事項,1090909,150.48,3,1,2,有,有,6480000,45018,坡道平面,26.53,900000,預售屋、或土地及建物分次登記案件；,RPXOMLTJKIPFFKD57DA,75.88,0.0,7.83,有,
永康區,房地(土地+建物)+車位,復華一街１８０號六樓之１,30.41,都市：其他:住宅區,,,1070412,土地1建物1車位1,六層,十四層,住宅大樓(11層含以上有電梯),見其他登記事項,見其他登記事項,1090909,157.13,3,1,2,有,有,6960000,46227,坡道平面,28.2,1000000,預售屋、或土地及建物分次登記案件；,RPOPMLTJKIPFFKD76DA,77.56,0.0,9.57,有,
永康區,房地(土地+建物)+車位,復華一街１８０號十樓之６,21.34,都市：其他:住宅區,,,1070506,土地1建物1車位1,十層,十四層,住宅大樓(11層含以上有電梯),見其他登記事項,見其他登記事項,1090909,113.63,2,1,1,有,有,5300000,51307,坡道機械,21.05,550000,權利買賣契約價格580萬元整含車位價款55萬元預售屋、或土地及建物分次登記案件；,RPPPMLTJKIPFFKD86DA,57.78,0.0,4.74,有,
永康區,房地(土地+建物)+車位,復華一街１７８號二樓之５,30.1,都市：其他:住宅區,,,1070529,土地1建物1車位1,二層,十四層,住宅大樓(11層含以上有電梯),見其他登記事項,見其他登記事項,1090909,151.52,3,1,2,有,有,6400000,44071,坡道機械,21.05,650000,預售屋、或土地及建物分次登記案件；,RPQRMLTJKIPFFKD17DA,79.97,0.0,8.21,有,
永康區,房地(土地+建物)+車位,復華一街１７８號十四樓之５,31.18,都市：其他:住宅區,,,1070501,土地1建物1車位1,十四層,十四層,住宅大樓(11層含以上有電梯),見其他登記事項,見其他登記事項,1090909,160.03,3,1,2,有,有,8260000,54312,坡道平面,28.2,1100000,預售屋、或土地及建物分次登記案件；,RPRRMLTJKIPFFKD27DA,79.83,0.0,9.22,有,
永康區,房地(土地+建物)+車位,復華一街１８０號二樓之２,28.75,都市：其他:住宅區,,,1070707,土地1建物1車位1,二層,十四層,住宅大樓(11層含以上有電梯),見其他登記事項,見其他登記事項,1090909,145.0,3,1,1,有,有,6250000,45180,坡道機械,21.05,650000,預售屋、或土地及建物分次登記案件；,RPSRMLTJKIPFFKD37DA,75.88,0.0,7.83,有,
永康區,房地(土地+建物)+車位,復華一街１７８號十二樓之３,31.04,都市：其他:住宅區,,,1090821,土地1建物1車位1,十二層,十四層,住宅大樓(11層含以上有電梯),見其他登記事項,見其他登記事項,1090909,159.57999999999998,3,1,2,有,有,7980000,52367,坡道平面,28.2,1100000,預售屋、或土地及建物分次登記案件；,RPTRMLTJKIPFFKD47DA,80.81,0.0,7.99,有,
永康區,房地(土地+建物)+車位,復華一街１７８號十二樓之６,21.34,都市：其他:住宅區,,,1070529,土地1建物1車位1,十二層,十四層,住宅大樓(11層含以上有電梯),見其他登記事項,見其他登記事項,1090909,113.63,2,1,1,有,有,5380000,52171,坡道機械,21.05,550000,權利買賣契約價格578萬元整含車位價款55萬元預售屋、或土地及建物分次登記案件；,RPRSMLTJKIPFFKD37DA,58.03,0.0,4.49,有,
永康區,房地(土地+建物)+車位,復華一街１７８號十四樓之３,31.18,都市：其他:住宅區,,,1080616,土地1建物1車位1,十四層,十四層,住宅大樓(11層含以上有電梯),見其他登記事項,見其他登記事項,1090909,160.74,3,1,2,有,有,8350000,53946,坡道平面,28.2,1200000,預售屋、或土地及建物分次登記案件；,RPSSMLTJKIPFFKD47DA,79.72,0.0,9.84,有,
永康區,房地(土地+建物)+車位,復華一街１８０號一樓之７,21.2,都市：其他:住宅區,,,1070608,土地1建物1車位1,一層,十四層,住宅大樓(11層含以上有電梯),見其他登記事項,見其他登記事項,1090909,112.0,2,1,1,有,有,4880000,47609,坡道機械,21.05,550000,預售屋、或土地及建物分次登記案件；,RPTSMLTJKIPFFKD57DA,57.03,0.0,4.45,有,
永康區,房地(土地+建物),復華一街１８０號三樓之７,20.75,都市：其他:住宅區,,,1070412,土地1建物1車位0,三層,十四層,住宅大樓(11層含以上有電梯),見其他登記事項,見其他登記事項,1090909,90.94999999999999,2,1,1,有,有,4220000,46399,,0.0,0,預售屋、或土地及建物分次登記案件；,RPUSMLTJKIPFFKD67DA,57.03,0.0,4.45,有,
永康區,房地(土地+建物)+車位,復華一街１８０號十樓之５,30.41,都市：其他:住宅區,,,1070401,土地1建物1車位1,十層,十四層,住宅大樓(11層含以上有電梯),見其他登記事項,見其他登記事項,1090909,156.87,3,1,2,有,有,7430000,49973,坡道平面,28.2,1000000,預售屋、或土地及建物分次登記案件；,RPVSMLTJKIPFFKD77DA,78.89,0.0,8.08,有,
永康區,房地(土地+建物)+車位,復華一街１８０號十二樓之７,21.65,都市：其他:住宅區,,,1090912,土地1建物1車位1,十二層,十四層,住宅大樓(11層含以上有電梯),見其他登記事項,見其他登記事項,1090909,117.47999999999999,2,1,1,有,有,5790000,52666,坡道平面,26.53,1000000,預售屋、或土地及建物分次登記案件；,RPWSMLTJKIPFFKD87DA,57.03,0.0,4.45,有,
永康區,房地(土地+建物),復華一街１７８號二樓之７,20.71,都市：其他:住宅區,,,1070417,土地1建物1車位0,二層,十四層,住宅大樓(11層含以上有電梯),見其他登記事項,見其他登記事項,1090909,90.59,2,1,1,有,有,4000000,44155,,0.0,0,權利買賣契約價格435萬元整預售屋、或土地及建物分次登記案件；,RPXSMLTJKIPFFKD97DA,56.76,0.0,4.46,有,
永康區,房地(土地+建物)+車位,復華一街１８０號十一樓之６,21.34,都市：其他:住宅區,,,1070402,土地1建物1車位1,十一層,十四層,住宅大樓(11層含以上有電梯),見其他登記事項,見其他登記事項,1090909,113.63,2,1,1,有,有,5260000,50875,坡道機械,21.05,550000,預售屋、或土地及建物分次登記案件；,RPOTMLTJKIPFFKD17DA,57.78,0.0,4.74,有,
永康區,房地(土地+建物)+車位,復華一街１７８號三樓之１,30.82,都市：其他:住宅區,,,1080215,土地1建物1車位1,三層,十四層,住宅大樓(11層含以上有電梯),見其他登記事項,見其他登記事項,1090909,158.05,3,1,2,有,有,6940000,45745,坡道平面,28.2,1000000,預售屋、或土地及建物分次登記案件；,RPPTMLTJKIPFFKD27DA,78.91,0.0,8.85,有,
永康區,房地(土地+建物)+車位,復華一街１７８號五樓之５,30.55,都市：其他:住宅區,,,1070526,土地1建物1車位1,五層,十四層,住宅大樓(11層含以上有電梯),見其他登記事項,見其他登記事項,1090909,157.67000000000002,3,1,2,有,有,7200000,47888,坡道平面,28.2,1000000,預售屋、或土地及建物分次登記案件；,RPQTMLTJKIPFFKD37DA,79.35,0.0,8.12,有,
永康區,房地(土地+建物)+車位,復華一街１７８號十二樓之２,30.73,都市：其他:住宅區,,,1070325,土地1建物1車位1,十二層,十四層,住宅大樓(11層含以上有電梯),見其他登記事項,見其他登記事項,1090909,158.29000000000002,3,1,2,有,有,7860000,51964,坡道平面,28.2,1100000,預售屋、或土地及建物分次登記案件；,RPRTMLTJKIPFFKD47DA,78.91,0.0,8.99,有,
永康區,房地(土地+建物)+車位,復華一街１８０號四樓之６,21.02,都市：其他:住宅區,,,1070610,土地1建物1車位1,四層,十四層,住宅大樓(11層含以上有電梯),見其他登記事項,見其他登記事項,1090909,112.14,2,1,1,有,有,4310000,41278,坡道機械,21.05,550000,權利買賣契約價格480萬元整含車位價款55萬元預售屋、或土地及建物分次登記案件；,RPTTMLTJKIPFFKD67DA,56.78,0.0,4.74,有,
永康區,房地(土地+建物)+車位,復華一街１８０號十四樓之１,30.41,都市：其他:住宅區,,,1080518,土地1建物1車位1,十四層,十四層,住宅大樓(11層含以上有電梯),見其他登記事項,見其他登記事項,1090909,157.13,3,1,2,有,有,8080000,53362,坡道平面,28.2,1200000,預售屋、或土地及建物分次登記案件；,RPUTMLTJKIPFFKD77DA,77.56,0.0,9.57,有,
永康區,房地(土地+建物)+車位,復華一街１７８號九樓之２,30.73,都市：其他:住宅區,,,1070513,土地1建物1車位1,九層,十四層,住宅大樓(11層含以上有電梯),見其他登記事項,見其他登記事項,1090909,158.29000000000002,3,1,2,有,有,7560000,50427,坡道平面,28.2,1000000,預售屋、或土地及建物分次登記案件；,RPVTMLTJKIPFFKD87DA,78.91,0.0,8.99,有,
永康區,房地(土地+建物),東灣里民族路１８１巷３弄１５號,44.5,都市：其他:住宅區,,,1091103,土地1建物1車位0,全,二層,透天厝,住家用,加強磚造,0771108,64.0,5,2,3,有,無,2350000,36719,,0.0,0,原因：1.二親等間買賣。2.土地買賣價款新台幣2209700元整、建物買賣價款新台幣140300元整。,RPWPMLSJKIPFFKD47DA,52.29,7.56,4.16,無,
永康區,房地(土地+建物)+車位,東橋七路１９３號二樓之１,22.96,都市：其他:住宅區,,,1091117,土地1建物1車位1,二層,十六層,住宅大樓(11層含以上有電梯),住家用,見其他登記事項,1061114,148.15,3,2,2,有,有,9500000,64124,坡道平面,22.39,0,,RPOOMLNJKIPFFKD68DA,73.75,1.11,8.39,有,0082
永康區,房地(土地+建物)+車位,復華一街１８０號十樓之７,21.2,都市：其他:住宅區,,,1070412,土地1建物1車位1,十層,十四層,住宅大樓(11層含以上有電梯),見其他登記事項,見其他登記事項,1090909,112.0,2,1,1,有,有,5110000,50137,坡道機械,21.05,550000,預售屋、或土地及建物分次登記案件；,RPRPMLTJKIPFFKD07DA,57.03,0.0,4.45,有,
永康區,房地(土地+建物),復華一街１７８號二樓之６,20.71,都市：其他:住宅區,,,1070403,土地1建物1車位0,二層,十四層,住宅大樓(11層含以上有電梯),見其他登記事項,見其他登記事項,1090909,91.68,2,1,1,有,有,3930000,42866,,0.0,0,預售屋、或土地及建物分次登記案件；,RPSPMLTJKIPFFKD17DA,57.43,0.0,4.49,有,
永康區,房地(土地+建物)+車位,復華一街１７８號九樓之５,30.55,都市：其他:住宅區,,,1071020,土地1建物1車位1,九層,十四層,住宅大樓(11層含以上有電梯),見其他登記事項,見其他登記事項,1090909,157.63,3,1,2,有,有,7660000,51456,坡道平面,28.2,1000000,權利買賣契約價格816萬元整含車位價款100萬元整預售屋、或土地及建物分次登記案件；,RPTPMLTJKIPFFKD27DA,79.35,0.0,8.08,有,
永康區,房地(土地+建物)+車位,復華一街１８０號三樓之５,29.96,都市：其他:住宅區,,,1070405,土地1建物1車位1,三層,十四層,住宅大樓(11層含以上有電梯),見其他登記事項,見其他登記事項,1090909,149.86,3,1,2,有,有,6290000,43785,坡道機械,21.05,650000,權利買賣契約價格698萬元整含車位價款65萬元預售屋、或土地及建物分次登記案件；,RPWPMLTJKIPFFKD57DA,78.89,0.0,8.12,有,
永康區,房地(土地+建物)+車位,復華一街１８０號十一樓之３,30.5,都市：其他:住宅區,,,1071213,土地1建物1車位1,十一層,十四層,住宅大樓(11層含以上有電梯),見其他登記事項,見其他登記事項,1090909,157.39,3,1,2,有,有,7700000,51088,坡道平面,28.2,1100000,預售屋、或土地及建物分次登記案件；,RPPQMLTJKIPFFKD96DA,79.19,0.0,8.1,有,
永康區,房地(土地+建物)+車位,復華一街１８０號十一樓之５,30.41,都市：其他:住宅區,,,1071124,土地1建物1車位1,十一層,十四層,住宅大樓(11層含以上有電梯),見其他登記事項,見其他登記事項,1090909,156.87,3,1,2,有,有,7720000,51449,坡道平面,28.2,1100000,預售屋、或土地及建物分次登記案件；,RPQQMLTJKIPFFKD07DA,78.89,0.0,8.08,有,
永康區,房地(土地+建物)+車位,復華一街１８０號十二樓之２,29.65,都市：其他:住宅區,,,1080125,土地1建物1車位1,十二層,十四層,住宅大樓(11層含以上有電梯),見其他登記事項,見其他登記事項,1090909,157.04,3,1,2,有,有,7680000,52279,坡道平面,33.09,1200000,權利買賣契約價格830萬元整含車位價款120萬元整預售屋、或土地及建物分次登記案件；,RPRQMLTJKIPFFKD17DA,75.88,0.0,7.83,有,
永康區,房地(土地+建物)+車位,復華一街１７８號三樓之５,30.55,都市：其他:住宅區,,,1070721,土地1建物1車位1,三層,十四層,住宅大樓(11層含以上有電梯),見其他登記事項,見其他登記事項,1090909,157.67000000000002,3,1,2,有,有,7100000,46343,坡道平面,28.2,1100000,預售屋、或土地及建物分次登記案件；,RPSQMLTJKIPFFKD27DA,79.35,0.0,8.12,有,
永康區,房地(土地+建物)+車位,復華一街１７８號十三樓之１,31.13,都市：其他:住宅區,,,1080526,土地1建物1車位1,十三層,十四層,住宅大樓(11層含以上有電梯),見其他登記事項,見其他登記事項,1090909,159.49,3,1,2,有,有,8180000,53926,坡道平面,28.2,1100000,預售屋、或土地及建物分次登記案件；,RPTQMLTJKIPFFKD37DA,78.91,0.0,9.8,有,
永康區,房地(土地+建物)+車位,復華一街１８０號七樓之１,30.41,都市：其他:住宅區,,,1070410,土地1建物1車位1,七層,十四層,住宅大樓(11層含以上有電梯),見其他登記事項,見其他登記事項,1090909,157.13,3,1,2,有,有,7080000,47157,坡道平面,28.2,1000000,預售屋、或土地及建物分次登記案件；,RPUQMLTJKIPFFKD47DA,77.56,0.0,9.57,有,
永康區,房地(土地+建物)+車位,復華一街１８０號十一樓之７,21.2,都市：其他:住宅區,,,1070511,土地1建物1車位1,十一層,十四層,住宅大樓(11層含以上有電梯),見其他登記事項,見其他登記事項,1090909,112.0,2,1,1,有,有,5160000,50687,坡道機械,21.05,550000,權利買賣契約價格556萬元整含車位價款55萬元整預售屋、或土地及建物分次登記案件；,RPVQMLTJKIPFFKD57DA,57.03,0.0,4.45,有,
永康區,房地(土地+建物)+車位,復華一街１７０號,46.23,都市：其他:住宅區,,,1090914,土地1建物1車位1,一層，二層,十四層,住宅大樓(11層含以上有電梯),見其他登記事項,見其他登記事項,1090909,184.81,0,0,0,無,有,15030000,87351,坡道平面,28.2,1350000,預售屋、或土地及建物分次登記案件；,RPWQMLTJKIPFFKD67DA,128.0,0.0,3.55,有,
永康區,房地(土地+建物),六合里中華二路３４０巷１５弄８號四樓之１,22.45,都市：其他:住宅區,,,1091024,土地1建物1車位0,四層,十八層,住宅大樓(11層含以上有電梯),住家用,鋼筋混凝土造,0811015,152.78,5,2,2,有,有,5550000,36327,,0.0,0,其他增建；,RPRPMLRKJIPFFKD86DA,111.3,0.57,14.52,有,
仁德區,房地(土地+建物),大甲里中正西路３６０巷２０弄４３號二樓之３,5.39,都市：其他:住宅區,,,1091206,土地2建物1車位0,二層,四層,華廈(10層含以下有電梯),見其他登記事項,鋼筋混凝土造,0960920,15.2,1,1,1,有,有,560000,36842,,0.0,0,夾層；,RPXOMLPKKIPFFID07DA,7.65,0.0,0.0,有,
關廟區,房地(土地+建物),關新路二段６８９之７號,85.18,,一般農業區,甲種建築用地,1081215,土地3建物1車位0,全,四層,透天厝,見其他登記事項,見其他登記事項,1090529,181.09,4,2,5,有,有,7650000,42244,,0.0,0,,RPQNMLPKKIPFFID88DA,166.14,0.0,14.91,無,
關廟區,土地,忠孝段584地號,549.0,都市：其他:住宅區,,,1091126,土地1建物0車位0,,,其他,,,,0.0,0,0,0,有,無,33200000,60474,,0.0,0,,RPTOMLOKKIPFFID56DA,0.0,0.0,0.0,無,
歸仁區,土地,林子邊段426-2地號,838.0,,一般農業區,農牧用地,1091204,土地1建物0車位0,,,其他,,,,0.0,0,0,0,有,無,2765400,3300,,0.0,0,親友、員工、共有人或其他特殊關係間之交易；,RPRPMLOKKIPFFID09DA,0.0,0.0,0.0,無,
仁德區,房地(土地+建物),大甲里中正西路４００號四樓之２９,4.83,都市：其他:住宅區,,,1091204,土地2建物1車位0,四層,四層,華廈(10層含以下有電梯),見其他登記事項,鋼筋混凝土造,0960920,13.629999999999999,0,0,0,無,有,530000,38885,,0.0,0,,RPSNMLOKKIPFFID98DA,7.14,0.9,0.0,有,0083
仁德區,房地(土地+建物),中正路二段３０６號,49.14,都市：其他:住宅區,,,1091117,土地1建物1車位0,全,二層,透天厝,住商用,加強磚造,0721130,57.98,1,2,1,有,無,1890000,32597,,0.0,0,1.買賣契約由雙方自行訂定。2.買方支付價金20萬元，其餘價款169萬元賣方同意免除債務，另18834元係以顯著不相當之代價讓與財產。親友、員工、共有人或其他特殊關係間之交易；未登記建物；,RPOOMLOKKIPFFID68DA,55.46,0.0,2.52,無,
關廟區,房地(土地+建物),園中街５２巷１５號,102.7,都市：其他:住宅區,,,1091102,土地3建物1車位0,全,三層,透天厝,住家用,見其他登記事項,1090708,167.77,5,2,3,有,無,8300000,49472,,0.0,0,,RPPOMLOKKIPFFID78DA,157.98,0.0,9.79,無,
關廟區,房地(土地+建物),園中街５２巷１７號,102.7,都市：其他:住宅區,,,1091102,土地3建物1車位0,全,三層,透天厝,住家用,見其他登記事項,1090708,167.77,5,2,3,有,無,8350000,49771,,0.0,0,,RPQOMLOKKIPFFID88DA,157.98,0.0,9.79,無,
仁德區,土地,太乙段426地號,1698.53,都市：其他:甲種工業區,,,1091105,土地2建物0車位0,,,其他,,,,0.0,0,0,0,有,無,70890600,41736,,0.0,0,,RPPOMLLKKIPFFID48DA,0.0,0.0,0.0,無,
歸仁區,房地(土地+建物),文化街三段５９２巷８弄５號,101.51,都市：其他:住宅區,,,1090330,土地2建物1車位0,全,三層,透天厝,住家用,見其他登記事項,1090512,176.81,5,2,5,有,無,10500000,59386,,0.0,0,,RPQPMLLKKIPFFID68DA,163.45,0.0,13.36,無,
歸仁區,房地(土地+建物),文化街三段５９２巷８弄９號,113.13,都市：其他:住宅區,,,1080413,土地2建物1車位0,全,三層,透天厝,住家用,見其他登記事項,1090512,192.07,5,2,5,有,無,10700000,55709,,0.0,0,,RPRPMLLKKIPFFID78DA,173.78,0.0,18.29,無,
關廟區,土地,忠孝段172地號,94.0,都市：其他:住宅區,,,1091208,土地1建物0車位0,,,其他,,,,0.0,0,0,0,有,無,1500000,15957,,0.0,0,,RPSPMLLKKIPFFID88DA,0.0,0.0,0.0,無,
歸仁區,房地(土地+建物),文化街二段５７號,125.0,都市：其他:住宅區,,,1091112,土地1建物1車位0,全,二層,透天厝,住商用,加強磚造,0681114,159.79,3,2,2,有,無,8500000,53195,,0.0,0,頂樓加蓋；其他增建；,RPUNMLKKKIPFFID78DA,159.79,0.0,0.0,無,
仁德區,房地(土地+建物),大甲里中正西路４００號二樓之１７,9.66,都市：其他:住宅區,,,1091205,土地2建物2車位0,二層,四層,華廈(10層含以下有電梯),見其他登記事項,鋼筋混凝土造,0960920,27.259999999999998,2,2,2,有,有,950000,34850,,0.0,0,,RPPOMLKKKIPFFID38DA,14.28,1.8,0.0,有,
仁德區,房地(土地+建物),大甲里中正西路３６０巷２０弄４３號一樓之３,5.02,都市：其他:住宅區,,,1091205,土地2建物1車位0,一層,四層,華廈(10層含以下有電梯),見其他登記事項,鋼筋混凝土造,0960920,14.149999999999999,1,1,1,有,有,630000,44523,,0.0,0,,SPPOMLKKKIPFFID48DA,7.14,0.9,0.0,有,
關廟區,土地,布袋尾段174-7地號,1718.0,,一般農業區,農牧用地,1091128,土地3建物0車位0,,,其他,,,,0.0,0,0,0,有,無,2860000,1665,,0.0,0,含土地增值稅或其他稅費；含仲介費；含地政士服務費；其他                    ；農作物；,RPQNMLOKKIPFFID78DA,0.0,0.0,0.0,無,
歸仁區,房地(土地+建物),南保里９鄰文化八街２８號,70.82,都市：其他:住宅區,,,1091107,土地1建物1車位0,全,二層,透天厝,住商用,加強磚造,0690915,91.44,4,2,2,有,無,6500000,71085,,0.0,0,其他增建；,RPUNMLTJKIPFFID96DA,84.72,0.0,6.72,無,
仁德區,土地,保甲段32-1地號,2.0,,一般農業區,農牧用地,1091116,土地1建物0車位0,,,其他,,,,0.0,0,0,0,有,無,10625,5313,,0.0,0,包含公共設施保留地用地；協議價購；,RPPPMLRKJIPFFID09DA,0.0,0.0,0.0,無,0071
仁德區,土地,保甲段32-1地號,0.29,,一般農業區,農牧用地,1091116,土地1建物0車位0,,,其他,,,,0.0,0,0,0,有,無,1517,0,,0.0,0,包含公共設施保留地用地；協議價購；,RPQPMLRKJIPFFID56DA,0.0,0.0,0.0,無,0071
仁德區,土地,保甲段32-1地號,2.0,,一般農業區,農牧用地,1091116,土地1建物0車位0,,,其他,,,,0.0,0,0,0,有,無,10625,5313,,0.0,0,包含公共設施保留地用地；協議價購；,RPRPMLRKJIPFFID66DA,0.0,0.0,0.0,無,0071
仁德區,土地,保甲段32-1地號,2.0,,一般農業區,農牧用地,1091116,土地1建物0車位0,,,其他,,,,0.0,0,0,0,有,無,10625,5313,,0.0,0,包含公共設施保留地用地；協議價購；,RPSPMLRKJIPFFID76DA,0.0,0.0,0.0,無,0071
歸仁區,土地,媽祖廟段三小段107地號,170.42,,鄉村區,乙種建築用地,1090609,土地1建物0車位0,,,其他,,,,0.0,0,0,0,有,無,5050000,29633,,0.0,0,未登記建物；,RPRPMLNLJIPFFID98DA,0.0,0.0,0.0,無,0088
歸仁區,土地,媽祖廟段三小段107地號,278.46,,鄉村區,乙種建築用地,1090506,土地1建物0車位0,,,其他,,,,0.0,0,0,0,有,無,6650000,23881,,0.0,0,未登記建物；,RPSPMLNLJIPFFID09DA,0.0,0.0,0.0,無,0088
歸仁區,土地,媽祖廟段三小段107地號,379.68,,鄉村區,乙種建築用地,1090506,土地1建物0車位0,,,其他,,,,0.0,0,0,0,有,無,8627250,22722,,0.0,0,未登記建物；,RPTPMLNLJIPFFID56DA,0.0,0.0,0.0,無,0088
仁德區,土地,保甲段602地號,1102.21,,一般農業區,農牧用地,1091031,土地1建物0車位0,,,其他,,,,0.0,0,0,0,有,無,13336800,12100,,0.0,0,,RPPOMLRJKIPFFID98DA,0.0,0.0,0.0,無,
安定區,土地,蘇興段769地號,234.69,,鄉村區,乙種建築用地,1090905,土地3建物0車位0,,,其他,,,,0.0,0,0,0,有,無,5400000,23009,,0.0,0,,RPOOMLOKKIPFFHD58DA,0.0,0.0,0.0,無,
善化區,土地,南小新段975地號,1593.37,都市：其他:農業區,,,1091125,土地1建物0車位0,,,其他,,,,0.0,0,0,0,有,無,22500000,14121,,0.0,0,未登記建物；,RPPOMLOKKIPFFHD68DA,0.0,0.0,0.0,無,
新市區,土地,福壽段119地號,233.26,都市：其他:住宅區,,,1090930,土地3建物0車位0,,,其他,,,,0.0,0,0,0,有,無,26800000,114893,,0.0,0,本件買賣價格未包含未保存登記建物未登記建物；含租約；,RPXNMLPKKIPFFHD86DA,0.0,0.0,0.0,無,0091
安定區,土地,海安段409地號,308.62,,鄉村區,乙種建築用地,1091207,土地1建物0車位0,,,其他,,,,0.0,0,0,0,有,無,7000000,22682,,0.0,0,,RPQOMLPKKIPFFHD88DA,0.0,0.0,0.0,無,
安定區,房地(土地+建物),六塊寮５７之３號,133.0,,鄉村區,乙種建築用地,1091027,土地3建物1車位0,全,二層,透天厝,住家用,加強磚造,0720108,106.68,5,1,2,有,無,4200000,39370,,0.0,0,頂樓加蓋；其他增建；,RPOPMLPKKIPFFHD78DA,106.68,0.0,0.0,無,0092
新市區,土地,大社段2112-7地號,10.0,,鄉村區,乙種建築用地,1091102,土地1建物0車位0,,,其他,,,,0.0,0,0,0,有,無,211700,21170,,0.0,0,,RPVOMLKKKIPFFHD88DA,0.0,0.0,0.0,無,
新市區,土地,大社段2112-5地號,89.0,,鄉村區,乙種建築用地,1091126,土地1建物0車位0,,,其他,,,,0.0,0,0,0,有,無,1884400,21173,,0.0,0,,RPWOMLKKKIPFFHD98DA,0.0,0.0,0.0,無,
善化區,房地(土地+建物)+車位,興安街１５０號六樓之５,23.46,都市：其他:住宅區,,,1091112,土地1建物1車位1,六層,十五層,住宅大樓(11層含以上有電梯),住家用,鋼筋混凝土造,1030520,150.54000000000002,3,2,1,有,有,8280000,55002,坡道平面,33.76,0,,RPVNMLKKKIPFFHD78DA,73.74,0.0,6.82,有,
山上區,房地(土地+建物),北勢洲３０之２號,81.74,,一般農業區,甲種建築用地,1091023,土地1建物1車位0,全,三層,透天厝,住家用,鋼筋混凝土造,0831001,112.23,4,2,2,有,無,3600000,32077,,0.0,0,頂樓加蓋；其他增建；,RPVQMLMJKIPFFHD56DA,107.41,0.0,4.82,無,
善化區,房地(土地+建物)+車位,益民寮２５號十一樓之６,29.35,都市：其他:住宅區,,,1090908,土地1建物1車位1,十一層,十二層,住宅大樓(11層含以上有電梯),見其他登記事項,鋼筋混凝土造,1090114,136.1,3,2,2,有,有,6668000,49877,坡道平面,22.46,1000000,,RPXSMLMJKIPFFHD96DA,69.74,0.0,7.03,有,
善化區,房地(土地+建物)+車位,益民寮２５號十樓之５,45.36,都市：其他:住宅區,,,1090907,土地1建物1車位1,十層,十二層,住宅大樓(11層含以上有電梯),見其他登記事項,鋼筋混凝土造,1090114,109.85,2,2,1,有,有,5508000,49679,坡道平面,21.12,1100000,,RPUSMLMJKIPFFHD66DA,53.36,0.0,6.55,有,
善化區,房地(土地+建物),西拉雅大道３１２號,172.7,都市：其他:生活服務區(產業服務專用),,,1091028,土地5建物1車位0,全,四層,透天厝,見其他登記事項,鋼筋混凝土造,1060505,305.58,6,2,8,有,無,22550000,73794,,0.0,0,,RPTNMLTLJIPFFHD86DA,290.43,0.0,15.15,無,
善化區,房地(土地+建物),小新里成功新村８４號八樓,16.68,都市：其他:國宅專用區,,,1091101,土地3建物1車位0,八層,八層,華廈(10層含以下有電梯),住家用,鋼筋混凝土造,0830923,71.71000000000001,2,2,1,有,有,2600000,36257,,0.0,0,,RPSOMLSKJIPFFHD66DA,50.9,0.0,4.8,有,
學甲區,土地,東陽段561-5地號,323.26,都市：其他:住宅區,,,1091114,土地6建物0車位0,,,其他,,,,0.0,0,0,0,無,無,4350000,13457,,0.0,0,未登記建物；,RPSNMLLKKIPFFGD48DA,0.0,0.0,0.0,無,
西港區,房地(土地+建物),慶安路１７１巷５６號,128.89,都市：其他:住宅區,,,1091030,土地5建物1車位0,全,四層,透天厝,見其他登記事項,鋼筋混凝土造,1090416,218.56,5,2,5,有,無,11900000,54447,,0.0,0,,RPPOMLLKKIPFFGD28DA,199.1,0.0,19.46,無,
佳里區,房地(土地+建物)+車位,光明街１００號三樓之３,38.27,都市：其他:住宅區,,,1080822,土地1建物1車位1,三層,五層,華廈(10層含以下有電梯),見其他登記事項,鋼筋混凝土造,1090914,114.10000000000001,3,2,2,有,有,5200000,47160,一樓平面,15.5,550000,預售屋、或土地及建物分次登記案件；,RPPOMLKKKIPFFGD18DA,67.32,0.0,7.61,有,
佳里區,房地(土地+建物)+車位,光明街１００號四樓之３,38.27,都市：其他:住宅區,,,1080708,土地1建物1車位1,四層,五層,華廈(10層含以下有電梯),見其他登記事項,鋼筋混凝土造,1090914,114.10000000000001,3,2,2,有,有,4980000,44929,一樓平面,15.5,550000,預售屋、或土地及建物分次登記案件；,RPQOMLKKKIPFFGD28DA,67.32,0.0,7.62,有,
佳里區,房地(土地+建物),安西里忠孝路２２２號,116.01,都市：其他:住宅區,,,1091024,土地1建物1車位0,全,三層,透天厝,住商用,鋼筋混凝土造,0691217,202.37,2,3,3,有,無,7000000,34590,,0.0,0,,RPRNMLOLJIPFFGD68DA,202.37,0.0,0.0,無,
佳里區,土地,塭子內段1444地號,1300.0,,特定農業區,農牧用地,1091115,土地1建物0車位0,,,其他,,,,0.0,0,0,0,有,無,3350000,2577,,0.0,0,,RPSOMLOKKIPFFGD88DA,0.0,0.0,0.0,無,
北門區,土地,鯤江段950地號,2637.57,,一般農業區,養殖用地,1091102,土地2建物0車位0,,,其他,,,,0.0,0,0,0,有,無,1490000,565,,0.0,0,親友、員工、共有人或其他特殊關係間之交易；,RPUNMLOKKIPFFGD98DA,0.0,0.0,0.0,無,
學甲區,土地,中洲南段812地號,356.51,,鄉村區,特定目的事業用地,1091029,土地1建物0車位0,,,其他,,,,0.0,0,0,0,有,無,1588888,4457,,0.0,0,地清或未辦繼承標售；,RPWNMLOKKIPFFGD56DA,0.0,0.0,0.0,無,
七股區,土地,三聖段2219地號,247.7,,鄉村區,乙種建築用地,1091109,土地1建物0車位0,,,其他,,,,0.0,0,0,0,有,無,2622500,10587,,0.0,0,未登記建物；,RPXNMLOKKIPFFGD66DA,0.0,0.0,0.0,無,
北門區,土地,保吉段246地號,52.73,都市：其他:商業區,,,1091029,土地2建物0車位0,,,其他,,,,0.0,0,0,0,有,無,274180,5200,,0.0,0,親友、員工、共有人或其他特殊關係間之交易；地清或未辦繼承標售；,RPOOMLOKKIPFFGD48DA,0.0,0.0,0.0,無,
將軍區,土地,巷口段二小段330地號,1276.0,,特定農業區,農牧用地,1091029,土地1建物0車位0,,,其他,,,,0.0,0,0,0,有,無,1000000,784,,0.0,0,,RPRNMLMKKIPFFGD48DA,0.0,0.0,0.0,無,0093
佳里區,房地(土地+建物),安西里光華街１３０巷５０弄１８號,151.8,都市：其他:住宅區,,,1091021,土地2建物1車位0,全,四層,透天厝,住家用,鋼筋混凝土造,0850629,345.67,6,2,6,有,無,12600000,36451,,0.0,0,,RPPNMLMKKIPFFGD28DA,317.12,6.92,21.63,無,
將軍區,土地,忠昌段818-2地號,14.48,都市：其他:住宅區,,,1091127,土地1建物0車位0,,,其他,,,,0.0,0,0,0,有,無,107007,7390,,0.0,0,政府機關標讓售；,RPVNMLPKKIPFFGD56DA,0.0,0.0,0.0,無,
將軍區,房地(土地+建物),昌平４１之１２號,85.39,都市：其他:住宅區,,,1091028,土地1建物1車位0,全,三層,透天厝,見其他登記事項,鋼筋混凝土造,1090401,165.99,5,2,4,有,無,6160000,37111,,0.0,0,,RPPOMLPKKIPFFGD68DA,150.6,0.0,15.39,無,
官田區,房地(土地+建物),官田１８６之２２號,95.81,都市：其他:第一種住宅區,,,1091108,土地1建物1車位0,全,三層,透天厝,見其他登記事項,見其他登記事項,1081212,156.66,5,2,5,有,無,7280000,46470,,0.0,0,,RPVOMLOJKIPFFFD98DA,133.04,0.0,23.62,無,
後壁區,房地(土地+建物),上茄苳４２號,100.36,,鄉村區,乙種建築用地,1091202,土地1建物1車位0,全,三層,透天厝,住家用,鋼筋混凝土造,0781007,157.61,4,2,3,有,無,2700000,17131,,0.0,0,,RPVNMLOKKIPFFED88DA,147.81,0.0,9.8,無,
後壁區,土地,下茄苳段1590-1地號,1000.0,都市：其他:住宅區,,,1091007,土地1建物0車位0,,,其他,,,,0.0,0,0,0,有,無,10707400,10707,,0.0,0,農作物；,RPXNMLOKKIPFFED09DA,0.0,0.0,0.0,無,
後壁區,土地,下茄苳段1590-2地號,1297.0,都市：其他:農業區,,,1091007,土地1建物0車位0,,,其他,,,,0.0,0,0,0,有,無,1712040,1320,,0.0,0,農作物；,SPXNMLOKKIPFFED56DA,0.0,0.0,0.0,無,
白河區,房地(土地+建物),永安里７鄰十全東街１２巷８號,129.75,都市：其他:住宅區,,,1091119,土地4建物1車位0,全,三層,透天厝,見其他登記事項,見其他登記事項,1060314,168.75,5,2,3,有,無,8000000,47407,,0.0,0,,RPQNMLTKJIPFFED78DA,157.14,11.35,0.0,無,0094
下營區,土地,下營段1284地號,1825.0,,一般農業區,農牧用地,1090722,土地1建物0車位0,,,其他,,,,0.0,0,0,0,有,無,1000000,548,,0.0,0,未登記建物；,RPUNMLLKKIPFFFD58DA,0.0,0.0,0.0,無,
柳營區,土地,柳南段937-15地號,875.39,都市：其他:商業區,,,1090930,土地3建物0車位0,,,其他,,,,0.0,0,0,0,有,無,29033400,33166,,0.0,0,土地買賣價款：28917400元未保存建物價款：116000元未登記建物；,RPPOMLLKKIPFFDD97DA,0.0,0.0,0.0,無,
新營區,房地(土地+建物),南紙里建業路３０７號,89.83,都市：其他:住宅區,,,1090817,土地2建物1車位0,全,二層,透天厝,住家用,鋼筋混凝土造,0800607,134.52,5,1,4,有,無,6780000,50401,,0.0,0,含四樓隔間改成二房間及一衛浴頂樓加蓋；其他增建；,RPSNMLSJRHPFFDD76DA,124.25,0.0,10.27,無,
南區,房地(土地+建物),新都路４６２巷１３號五樓,25.35,都市：其他:住宅區,,,1091113,土地4建物1車位0,五層,五層,公寓(5樓含以下無電梯),住家用,鋼筋混凝土造,0710904,93.69,3,2,1,有,無,2800000,29883,,0.0,0,,RPPPMLKKKIPFFCD87DA,69.9,0.0,14.11,無,
東區,房地(土地+建物),富農街二段１０９巷４２號,27.11,都市：其他:第五種住宅區,,,1091120,土地2建物1車位0,一層,五層,公寓(5樓含以下無電梯),住家用,鋼筋混凝土造,0740304,89.71000000000001,3,2,2,有,無,4700000,52391,,0.0,0,,RPXOMLKKKIPFFCD58DA,76.65,0.0,0.0,無,0095
南區,土地,公英段401-1地號,519.0,都市：其他:細部計畫道路用地,,,1091006,土地3建物0車位0,,,其他,,,,0.0,0,0,0,有,無,56500000,108863,,0.0,0,未登記建物；,RPOOMLKKKIPFFCD67DA,0.0,0.0,0.0,無,
東區,房地(土地+建物),裕平路２６８之２１號,70.2,都市：其他:虎尾寮第三種住宅區,,,1091116,土地4建物1車位0,全,五層,透天厝,見其他登記事項,鋼筋混凝土造,0930812,168.64,5,2,3,有,無,13100000,77680,,0.0,0,陽台外推；其他增建；,RPUNMLKKKIPFFCD18DA,145.23,0.0,23.41,無,
南區,房地(土地+建物)+車位,大德街１４１巷８９號二樓之１,20.89,都市：其他:細部計畫道路用地,,,1091126,土地2建物1車位1,二層,六層,華廈(10層含以下有電梯),住家用,鋼筋混凝土造,0841209,86.02,2,2,1,有,有,4300000,49988,升降機械,0.0,0,,RPWNMLLKKIPFFCD48DA,55.05,0.0,5.84,有,0096
東區,房地(土地+建物),裕敬五街３９號,169.3,都市：其他:虎尾寮第二種住宅區,,,1091005,土地1建物1車位0,全,四層,透天厝,見其他登記事項,鋼筋混凝土造,1050505,320.9,3,3,7,有,無,33800000,105329,,0.0,0,未登記建物；,RPRNMLOKKIPFFCD28DA,297.03,0.0,23.87,有,
南區,土地,省躬段666-2地號,58.22,都市：其他:細部計畫道路用地,,,1090921,土地1建物0車位0,,,其他,,,,0.0,0,0,0,有,無,180000,3092,,0.0,0,包含公共設施保留地用地；,RPSOMLOKKIPFFCD48DA,0.0,0.0,0.0,無,0097
東區,房地(土地+建物),怡東路７２巷１２號三樓,28.85,都市：其他:第五種住宅區,,,1091102,土地1建物1車位0,三層,五層,公寓(5樓含以下無電梯),住家用,鋼筋混凝土造,0721216,104.92999999999999,3,2,2,有,無,5900000,56228,,0.0,0,土地成交價500萬，建物成交價90萬,RPPQMLOKKIPFFCD38DA,85.6,0.0,6.72,無,0098
南區,房地(土地+建物)+車位,興昌路９巷９號三樓,35.76,都市：其他:住宅區,,,1091106,土地1建物1車位1,三層,十一層,住宅大樓(11層含以上有電梯),見其他登記事項,見其他登記事項,1090213,195.54,3,2,3,有,有,13200000,67505,坡道平面,34.54,0,增建:陽台廚房其他增建；,RPVNMLPKKIPFFCD78DA,90.07,0.0,10.7,有,0099
南區,房地(土地+建物),新興路４６１巷１０弄２號五樓之１,34.76,都市：其他:住宅區,,,1091121,土地4建物1車位0,五層,五層,公寓(5樓含以下無電梯),住家用,鋼筋混凝土造,0720602,141.37,3,2,1,有,無,1070000,7569,,0.0,0,,RPPNMLPKKIPFFCD18DA,97.81,0.0,15.03,無,
南區,房地(土地+建物),仁慈街２７號六樓之４,4.96,都市：其他:住宅區,,,1091208,土地1建物1車位0,六層,七層,華廈(10層含以下有電梯),住家用,鋼筋混凝土造,0791024,29.89,1,0,1,有,有,800000,26765,,0.0,0,,RPXNMLQKKIPFFCD09DA,17.54,0.0,3.63,有,
東區,房地(土地+建物),崇善十四街１１６號,71.0,都市：其他:第五種住宅區,,,1091101,土地1建物1車位0,全,二層,透天厝,住家用,加強磚造,0780911,128.71,4,2,5,有,無,10100000,78471,,0.0,0,其他增建；,RPTOMLMKJIPFFCD28DA,116.05,0.0,12.66,無,0100
南區,房地(土地+建物)+車位,萬年三街２４６號六樓,23.69,都市：其他:住宅區,,,1091108,土地1建物1車位1,六層,十五層,住宅大樓(11層含以上有電梯),見其他登記事項,鋼筋混凝土造,1050527,133.06,4,1,2,有,有,5780000,43577,坡道機械,14.19,600000,,RPROMLKKJIPFFCD87DA,70.92,0.0,8.18,有,
安南區,土地,安西段276-1地號,174.13,都市：其他:細部計畫道路用地,,,1091026,土地2建物0車位0,,,其他,,,,0.0,0,0,0,有,無,9000000,51686,,0.0,0,親友、員工、共有人或其他特殊關係間之交易；未登記建物；,RPVNMLTJKIPFFBD98DA,0.0,0.0,0.0,無,
安南區,房地(土地+建物),安生街１２２巷８號,135.0,都市：其他:住宅區,,,1090816,土地1建物1車位0,全,二層,透天厝,住家用,加強磚造,0691128,87.16,3,1,2,有,無,6800000,78017,,0.0,0,,RPWNMLTJKIPFFBD09DA,80.02,0.0,7.14,無,
安南區,房地(土地+建物),大安街２７８巷２４號,102.92,都市：其他:住宅區,,,1091108,土地1建物1車位0,全,二層,透天厝,住商用,加強磚造,0700910,114.63,3,1,2,有,無,2463808,21494,,0.0,0,親友、員工、共有人或其他特殊關係間之交易；未登記建物；未登記建物；,RPPNMLTJKIPFFBD38DA,105.25,0.0,9.38,無,
安南區,土地,海東段37-2地號,140.32,都市：其他:住宅區,,,1091112,土地2建物0車位0,,,其他,,,,0.0,0,0,0,有,無,6678700,47596,,0.0,0,,RPVOMLLKKIPFFBD38DA,0.0,0.0,0.0,無,
安南區,房地(土地+建物),府安路五段１１巷７７弄１５號,98.56,都市：其他:住宅區,,,1091111,土地1建物1車位0,全,二層,透天厝,住商用,加強磚造,0711020,120.59,4,2,3,有,無,4200000,34829,,0.0,0,親友、員工、共有人或其他特殊關係間之交易；未登記建物；,RPSNMLOKKIPFFBD28DA,109.15,0.0,11.44,無,
安南區,房地(土地+建物),州南五街２２９號,176.4,都市：其他:住宅區,,,1091122,土地1建物1車位0,全,五層,透天厝,見其他登記事項,鋼筋混凝土造,1090114,300.0,5,2,6,有,無,27200000,90667,,0.0,0,,RPVNMLOKKIPFFBD58DA,282.79,0.0,17.21,有,
安南區,房地(土地+建物),安和路四段２５巷６８號三樓之３,25.92,都市：其他:住宅區,,,1080914,土地1建物1車位0,三層,五層,華廈(10層含以下有電梯),見其他登記事項,鋼筋混凝土造,1090929,82.49,2,2,1,有,有,3350000,40611,,0.0,0,,RPQOMLLKKIPFFBD87DA,49.82,0.0,8.44,有,
安南區,房地(土地+建物),安和路四段２５巷６８號四樓之３,25.92,都市：其他:住宅區,,,1080827,土地1建物1車位0,四層,五層,華廈(10層含以下有電梯),見其他登記事項,鋼筋混凝土造,1090929,82.49,2,2,1,有,有,3360000,40732,,0.0,0,,RPSOMLLKKIPFFBD08DA,49.82,0.0,8.44,有,
安南區,房地(土地+建物),安和路四段２５巷６８號五樓之３,25.92,都市：其他:住宅區,,,1090920,土地1建物1車位0,五層,五層,華廈(10層含以下有電梯),見其他登記事項,鋼筋混凝土造,1090929,82.49,2,2,1,有,有,3470000,42066,,0.0,0,,RPTOMLLKKIPFFBD18DA,49.82,0.0,8.44,有,
安南區,土地,總頭段291-8地號,55.07,都市：其他:住宅區,,,1091125,土地5建物0車位0,,,其他,,,,0.0,0,0,0,有,無,747000,13565,,0.0,0,,RPOPMLKKKIPFFBD67DA,0.0,0.0,0.0,無,0061
安南區,土地,淵西段359地號,121.11,都市：其他:細部計畫道路用地,,,1091208,土地1建物0車位0,,,其他,,,,0.0,0,0,0,有,無,700000,5780,,0.0,0,包含公共設施保留地用地；,RPPNMLLKKIPFFBD67DA,0.0,0.0,0.0,無,
安南區,土地,育安段99地號,58.04,都市：其他:主要計畫道路用地,,,1091008,土地1建物0車位0,,,其他,,,,0.0,0,0,0,有,無,275000,4738,,0.0,0,包含公共設施保留地用地；,RPPNMLPKKIPFFBD08DA,0.0,0.0,0.0,無,
安南區,土地,新淵段576地號,1117.2,都市：其他:住宅區,,,1091021,土地2建物0車位0,,,其他,,,,0.0,0,0,0,有,無,83643300,74869,,0.0,0,,RPQNMLPKKIPFFBD18DA,0.0,0.0,0.0,無,
安南區,土地,海中段255地號,550.36,都市：其他:住宅區,,,1091113,土地2建物0車位0,,,其他,,,,0.0,0,0,0,有,無,20477000,37207,,0.0,0,,RPWNMLPKKIPFFBD78DA,0.0,0.0,0.0,無,0102
安南區,土地,淵西段220-24地號,90.67,都市：其他:住宅區,,,1091118,土地1建物0車位0,,,其他,,,,0.0,0,0,0,有,無,1500000,16544,,0.0,0,親友、員工、共有人或其他特殊關係間之交易；,RPQNMLNJKIPFFBD87DA,0.0,0.0,0.0,無,
安南區,土地,淵西段220-23地號,90.67,都市：其他:住宅區,,,1091118,土地1建物0車位0,,,其他,,,,0.0,0,0,0,有,無,1500000,16544,,0.0,0,親友、員工、共有人或其他特殊關係間之交易；,RPRNMLNJKIPFFBD97DA,0.0,0.0,0.0,無,
安南區,房地(土地+建物),安中路一段７９之１號,77.67,都市：其他:住宅區,,,1091116,土地1建物1車位0,全,五層,透天厝,住商用,鋼筋混凝土造,0831018,282.91,5,2,3,有,無,12500000,44184,,0.0,0,其他增建；,RPXQMLSKJIPFFBD76DA,256.58,0.0,26.33,無,
安南區,房地(土地+建物),安中路四段２９０巷３５１弄２２之５號,101.89,都市：其他:住宅區,,,1090919,土地1建物1車位0,全,四層,透天厝,見其他登記事項,鋼筋混凝土造,1090715,203.99,5,2,5,有,無,12000000,58826,,0.0,0,,RPXUMLPKIIPFFBD76DA,182.8,0.0,21.19,無,
北區,建物,西門路四段１２６巷１５號五樓之６,0.0,,,,1091203,土地0建物1車位0,五層,六層,華廈(10層含以下有電梯),住家用,鋼筋混凝土造,0790619,36.5,1,1,1,有,有,950000,26027,,0.0,0,仁愛之家土地,RPTOMLOKKIPFFAD38DA,21.04,0.0,2.76,有,
北區,房地(土地+建物)+車位,公園北路１５６號六樓之１３,20.63,都市：其他:商業區,,,1090905,土地1建物1車位1,六層,十四層,住宅大樓(11層含以上有電梯),集合住宅,ＲＣ造,0951001,137.49,3,2,2,有,有,8000000,58186,坡道機械,0.0,0,,RPQNMLOKKIPFFAD97DA,77.44,2.38,10.71,有,
北區,土地,東興段444地號,132.0,都市：其他:住宅區,,,1091109,土地1建物0車位0,,,其他,,,,0.0,0,0,0,有,無,8850000,67045,,0.0,0,,RPQNMLMKKIPFFAD77DA,0.0,0.0,0.0,無,
安平區,房地(土地+建物)+車位,育平五街６號十九樓之１,13.06,都市：其他:住宅區,,,1091030,土地1建物1車位1,十九層,二十二層,住宅大樓(11層含以上有電梯),住家用,鋼筋混凝土造,0861021,185.18,4,2,2,有,有,7300000,40986,坡道平面,31.47,1000000,,RPUNMLMKKIPFFAD18DA,110.3,0.0,11.93,有,0103
中西區,土地,星鑽段1701地號,15.76,都市：其他:商業區,,,1091204,土地1建物0車位0,,,其他,,,,0.0,0,0,0,有,無,1300000,82487,,0.0,0,親友、員工、共有人或其他特殊關係間之交易；未登記建物；,RPXNMLKKKIPFFAD28DA,0.0,0.0,0.0,無,
安平區,房地(土地+建物)+車位,健康三街１２巷１號九樓之１７,19.99,都市：其他:住宅區,,,1091117,土地1建物1車位1,九層,十四層,住宅大樓(11層含以上有電梯),見其他登記事項,鋼筋混凝土造,0890822,126.31,3,2,2,有,有,5880000,46552,坡道平面,0.0,0,,RPTOMLKKKIPFFAD97DA,74.77,1.64,9.66,有,
北區,房地(土地+建物)+車位,長榮路五段４１巷４０號五樓之１,32.32,都市：其他:住宅區,,,1091117,土地2建物1車位1,五層,十四層,住宅大樓(11層含以上有電梯),集合住宅,鋼筋混凝土造,0920916,169.23000000000002,3,2,2,有,有,8250000,48750,坡道平面,0.0,0,,RPXOMLOKKIPFFAD78DA,101.12,0.0,9.02,有,
中西區,房地(土地+建物),民權路一段１７９號五樓之５,12.5,都市：其他:商業區,,,1091026,土地1建物1車位0,五層,九層,華廈(10層含以下有電梯),住家用,鋼筋混凝土造,0691125,80.86,2,2,2,有,有,4500000,55652,,0.0,0,,RPQPMLOKKIPFFAD18DA,56.01,0.0,0.0,有,0104
中西區,房地(土地+建物),民權路一段１８５號,315.74,都市：其他:商業區,,,1091018,土地3建物2車位0,全,二層,透天厝,住商用,加強磚造,0450430,161.35,4,3,1,有,無,30000000,185931,,0.0,0,,RPUPMLOKKIPFFAD58DA,161.35,0.0,0.0,無,
中西區,房地(土地+建物),民權路三段１９６號五樓之３,7.6,都市：其他:商業區,,,1091029,土地1建物1車位0,五層,七層,華廈(10層含以下有電梯),住家用,鋼筋混凝土造,0850911,48.36,3,2,2,有,有,1600000,33085,,0.0,0,,RPPOMLOKKIPFFAD97DA,34.69,0.0,0.0,有,
安平區,房地(土地+建物),建平一街２６３號,134.0,都市：其他:住宅區,,,1091112,土地1建物1車位0,全,五層,透天厝,住家用,見其他登記事項,1090122,384.76,5,2,5,有,無,34500000,89666,,0.0,0,,RPPPMLSJKIPFFAD38DA,347.15,0.0,37.61,有,
中西區,房地(土地+建物),金華新路４３號四樓之８,3.39,都市：其他:商業區,,,1091104,土地2建物1車位0,四層,十二層,住宅大樓(11層含以上有電梯),住家用,鋼筋混凝土造,0840104,35.870000000000005,1,0,1,有,無,2000000,55757,,0.0,0,,RPQNMLNLJIPFFAD87DA,22.51,0.0,4.75,有,0105
中西區,土地,五條港段1046地號,22.66,都市：其他:主要計畫道路用地,,,1090901,土地1建物0車位0,,,其他,,,,0.0,0,0,0,有,無,960000,42365,,0.0,0,包含公共設施保留地用地；,RPVNMLOKIIPFFAD28DA,0.0,0.0,0.0,無,0106
安平區,房地(土地+建物),建平路６９８號,102.46,都市：其他:住宅區,,,1091021,土地1建物1車位0,全,五層,透天厝,見其他登記事項,見其他登記事項,0991104,266.93,4,3,5,有,無,23880000,89462,,0.0,0,其他增建；,RPTTMLRKJIPFFAD09DA,259.29,0.0,7.64,無,0107
北區,房地(土地+建物)+車位,大武街１４８之５號十樓之２,29.63,都市：其他:住宅區,,,1091105,土地1建物1車位1,十層,十三層,住宅大樓(11層含以上有電梯),見其他登記事項,鋼筋混凝土造,0911227,131.98000000000002,3,2,2,有,有,7000000,53038,坡道平面,0.0,0,,RPPPMLNLJIPFFAD97DA,80.82,0.0,10.33,有,
中西區,土地,青年段210地號,34.7,都市：其他:商業區,,,1090914,土地2建物0車位0,,,其他,,,,0.0,0,0,0,有,無,3300000,95101,,0.0,0,親友、員工、共有人或其他特殊關係間之交易；未登記建物；,RPQOMLRLJIPFFAD38DA,0.0,0.0,0.0,無,
中西區,房地(土地+建物)+車位,西門路二段３５１號五樓,57.42,都市：其他:商業區,,,1091104,土地1建物1車位2,五層，騎樓,十二層,住宅大樓(11層含以上有電梯),商業用,鋼筋混凝土造,0800225,646.61,0,0,0,無,有,22500000,34797,升降機械,0.0,0,陽台外推；,RPQNMLMJKIPFFAD67DA,515.05,0.0,62.97,有,
北區,房地(土地+建物),開元路５２３號十樓之２,5.75,都市：其他:住宅區,,,1091125,土地3建物1車位0,十層,二十四層,住宅大樓(11層含以上有電梯),見其他登記事項,見其他登記事項,1041105,78.60000000000001,2,1,1,有,有,4550000,57888,,0.0,0,,RPTOMLSJKIPFFAD68DA,47.83,0.0,7.26,有,0108
安平區,房地(土地+建物)+車位,建平十七街３１號八樓之４,14.1,都市：其他:商業區,,,1091105,土地1建物1車位1,八層,十五層,住宅大樓(11層含以上有電梯),住家用,鋼筋混凝土造,0810324,192.13,3,2,2,有,有,6000000,31229,坡道平面,0.0,0,,RPUOMLTJKIPFFAD88DA,153.39,0.0,12.54,有,
北區,房地(土地+建物)+車位,海安路三段８１２號十一樓之７,15.18,都市：其他:住宅區,,,1091110,土地1建物1車位1,十一層,二十四層,住宅大樓(11層含以上有電梯),見其他登記事項,見其他登記事項,1090131,164.47,3,2,2,有,有,11300000,68706,坡道平面,33.38,0,,RPROMLTJKIPFFAD58DA,80.64,2.55,7.14,有,0109
北區,房地(土地+建物),文成三路４６號,68.0,都市：其他:商業區,,,1090722,土地1建物1車位0,一層，二層，三層，四層，騎樓，地下層,十層,公寓(5樓含以下無電梯),商業用,鋼筋混凝土造,0770420,317.99,3,2,3,有,無,12000000,37737,,0.0,0,,RPUPMLNJKIPFFAD38DA,265.69,0.0,0.0,無,
安平區,土地,石門段1081地號,159.74,都市：其他:特定住宅專用區,,,1091208,土地1建物0車位0,,,其他,,,,0.0,0,0,0,有,無,2899000,18148,,0.0,0,未登記建物；,RPRNMLPKKIPFFAD18DA,0.0,0.0,0.0,無,
安平區,房地(土地+建物),育平九街２４３號,24.99,都市：其他:住宅區,,,1091030,土地1建物1車位0,一層，二層，騎樓,八層,華廈(10層含以下有電梯),住商用,鋼筋混凝土造,0830817,136.29,1,1,2,有,有,5300000,38888,,0.0,0,,RPQOMLPKKIPFFAD18DA,92.73,17.61,5.85,有,
中西區,房地(土地+建物)+車位,中華西路二段４１２號七樓之１,34.99,都市：其他:住宅區,,,1091114,土地1建物1車位2,七層,二十五層,住宅大樓(11層含以上有電梯),集合住宅,鋼筋混凝土構造,1060817,386.01,4,2,4,有,有,22680000,64948,坡道平面,67.6,2000000,,RPROMLPKKIPFFAD28DA,204.37,0.0,21.31,有,
中西區,房地(土地+建物)+車位,民權路四段１２８號十三樓之２,16.79,都市：其他:住宅區,,,1091123,土地1建物1車位1,十三層,二十層,住宅大樓(11層含以上有電梯),見其他登記事項,見其他登記事項,1070531,153.44,2,2,2,有,有,10000000,65172,坡道機械,29.15,0,陽台外推；,RPWOMLPKKIPFFAD78DA,69.91,3.72,9.41,有,0110
安平區,房地(土地+建物),安平路５１６號,595.0,都市：其他:住宅區,,,1090818,土地4建物1車位0,全,三層,透天厝,住商用,鋼筋混凝土造,0690529,334.63,4,2,3,有,無,33000000,98616,,0.0,0,其他增建；未登記建物；,RPRPMLPKKIPFFAD38DA,334.63,0.0,0.0,無,
中西區,房地(土地+建物),和緯路四段３０５號,2223.07,都市：其他:住宅區,,,1091020,土地1建物3車位0,全,二層,透天厝,見其他登記事項,見其他登記事項,1061025,2918.26,0,4,6,有,無,541346000,185503,,0.0,0,其他增建；含租約；,RPVOMLLKKIPFFAD28DA,2134.19,0.0,0.0,有,
中西區,房地(土地+建物)+車位,武聖路６９巷４０弄３０號十二樓之５,17.55,都市：其他:市場用地,,,1091109,土地1建物1車位1,十二層,十二層,住宅大樓(11層含以上有電梯),住家用,鋼筋混凝土造,0831108,130.26999999999998,4,2,2,有,有,6600000,50668,坡道機械,0.0,0,,RPSPMLLKKIPFFAD08DA,84.6,2.94,7.84,有,0111
中西區,房地(土地+建物)+車位,府前路二段２５８巷３１號六樓之５,9.24,都市：其他:住宅區,,,1091113,土地4建物1車位1,六層,六層,華廈(10層含以下有電梯),住家用,鋼筋混凝土造,0790615,40.71,0,0,0,無,有,2400000,58954,坡道平面,0.0,0,,RPUPMLLKKIPFFAD28DA,27.48,0.0,0.0,有,
中西區,房地(土地+建物)+車位,五妃街１５號五樓之４,14.07,都市：其他:住宅區,,,1091126,土地1建物1車位1,五層,八層,華廈(10層含以下有電梯),住家用,鋼筋混凝土造,0851016,96.44999999999999,2,2,1,有,有,5700000,59098,坡道平面,27.11,0,,RPRNMLMKKIPFFAD87DA,46.86,0.0,5.35,有,
北區,房地(土地+建物),開元路５２３號四樓之２,5.75,都市：其他:住宅區,,,1091118,土地3建物1車位0,四層,二十四層,住宅大樓(11層含以上有電梯),見其他登記事項,見其他登記事項,1041105,78.60000000000001,2,1,1,有,有,4300000,54707,,0.0,0,,RPTNMLOKKIPFFAD28DA,47.83,0.0,7.26,有,0112
安平區,土地,金華段132地號,7388.0,都市：其他:社區商業區,,,1091116,土地1建物0車位0,,,其他,,,,0.0,0,0,0,有,無,1614197903,218489,,0.0,0,,RPUNMLOKKIPFFAD38DA,0.0,0.0,0.0,無,0113
中西區,房地(土地+建物),開山路８號,36.1,都市：其他:商業區,,,1091123,土地1建物1車位0,全,四層,透天厝,住商用,加強磚造,0540000,196.2,3,3,3,有,無,16800000,85627,,0.0,0,頂樓加蓋；,RPROMLOKKIPFFAD18DA,196.2,0.0,0.0,無,0114
安南區,土地,州北段1094-20地號,3.89,都市：其他:細部計畫道路用地,,,1091107,土地2建物0車位0,,,其他,,,,0.0,0,0,0,有,無,16000,4113,,0.0,0,包含公共設施保留地用地；,RPUNMLMKJIPFFBD18DA,0.0,0.0,0.0,無,
安南區,房地(土地+建物),海環街３１７巷５號,90.94,都市：其他:住宅區,,,1091122,土地1建物1車位0,全,三層,透天厝,住家用,鋼筋混凝土造,1090610,163.18,5,2,3,有,無,12280000,75254,,0.0,0,,RPXNMLPKKIPFFBD88DA,136.86,0.0,26.32,無,
安南區,房地(土地+建物),永續路２３６巷５０號,108.75,都市：其他:住宅區,,,1091109,土地2建物1車位0,全,四層,透天厝,見其他登記事項,鋼筋混凝土造,1090304,236.19,4,2,5,有,無,19000000,80444,,0.0,0,,RPTNMLPKKIPFFBD48DA,222.03,0.0,14.14,無,
安南區,房地(土地+建物),安吉路一段２９０巷３２弄４２號,109.99,都市：其他:住宅區,,,1091027,土地1建物1車位0,全,四層,透天厝,見其他登記事項,鋼筋混凝土造,0950403,231.09,5,2,5,有,無,13800000,59717,,0.0,0,頂樓加蓋；,RPUNMLPKKIPFFBD58DA,198.0,0.0,33.09,無,
安南區,房地(土地+建物),安豐六街１０巷７１弄４２號,149.77,都市：其他:住宅區,,,1091031,土地1建物1車位0,全,三層,透天厝,住家用,鋼筋混凝土造,0990208,240.74,5,2,5,有,無,17880000,74271,,0.0,0,,RPVNMLPKKIPFFBD68DA,216.32,0.0,24.42,無,
安南區,房地(土地+建物)+車位,怡安路二段５４５巷１８號十三樓,14.36,都市：其他:住宅區,,,1091204,土地1建物1車位1,十三層,十七層,住宅大樓(11層含以上有電梯),住家用,鋼筋混凝土造,0850816,141.0,4,2,2,有,有,5200000,36879,升降機械,0.0,0,,RPUOMLOKKIPFFBD58DA,93.14,0.0,10.32,有,
安南區,土地,長安段782-2地號,157.22,都市：其他:停車場用地,,,1091203,土地5建物0車位0,,,其他,,,,0.0,0,0,0,有,無,2615250,16634,,0.0,0,,RPXOMLOKKIPFFBD88DA,0.0,0.0,0.0,無,
安南區,房地(土地+建物),樂活十街３號,114.02,都市：其他:住宅區,,,1080919,土地1建物1車位0,全,四層,透天厝,住家用,鋼筋混凝土造,1090907,277.51,5,2,5,有,無,17000000,61259,,0.0,0,,RPWNMLOKKIPFFBD68DA,248.36,0.0,29.14,無,
安南區,房地(土地+建物),樂活十街９號,86.8,都市：其他:住宅區,,,1080930,土地1建物1車位0,全,四層,透天厝,住家用,鋼筋混凝土造,1090907,222.59,5,2,4,有,無,12380000,55618,,0.0,0,,RPXNMLOKKIPFFBD78DA,191.62,0.0,30.97,無,
安南區,房地(土地+建物),樂活十街５號,114.01,都市：其他:住宅區,,,1080923,土地1建物1車位0,全,四層,透天厝,住家用,鋼筋混凝土造,1090907,277.51,5,2,5,有,無,17000000,61259,,0.0,0,,RPOOMLOKKIPFFBD97DA,248.37,0.0,29.14,無,
安南區,房地(土地+建物),樂活十街２３號,86.8,都市：其他:住宅區,,,1081025,土地1建物1車位0,全,四層,透天厝,住家用,鋼筋混凝土造,1090907,222.59,5,2,4,有,無,12500000,56157,,0.0,0,,RPPOMLOKKIPFFBD08DA,191.6,0.0,30.96,無,
安南區,房地(土地+建物),安昌街１０３巷４９弄７０號,115.44,都市：其他:住宅區,,,1091120,土地5建物1車位0,全,四層,透天厝,見其他登記事項,鋼筋混凝土造,0950731,209.12,7,0,7,有,無,11000000,52601,,0.0,0,其他增建；,RPQOMLOKKIPFFBD18DA,194.43,4.68,10.01,無,
安南區,房地(土地+建物),樂活十街１號,192.69,都市：其他:住宅區,,,1090610,土地1建物1車位0,全,五層,透天厝,住家用,鋼筋混凝土造,1090907,428.84,5,3,7,有,無,26000000,60629,,0.0,0,,RPUNMLOKKIPFFBD48DA,396.79,0.0,32.05,無,
安南區,房地(土地+建物),安西路２１３號,180.47,都市：其他:住宅區,,,1090328,土地1建物1車位0,全,四層,透天厝,見其他登記事項,鋼筋混凝土造,1061108,371.31,4,2,6,有,無,36000000,96954,,0.0,0,陽台外推；未登記建物；,RPSOMLOKKIPFFBD38DA,322.78,0.0,48.53,有,
安南區,土地,州南段1112地號,6.82,都市：其他:主要計畫道路用地,,,1081107,土地4建物0車位0,,,其他,,,,0.0,0,0,0,有,無,46997,6891,,0.0,0,含土地增值稅或其他稅費17149元；含仲介費5000元；含地政士服務費12000元；,RPVOMLSJKIPFFBD98DA,0.0,0.0,0.0,無,
安南區,土地,佃北段1098地號,263.13,都市：其他:住宅區,,,1091106,土地2建物0車位0,,,其他,,,,0.0,0,0,0,有,無,13372296,50820,,0.0,0,,RPWNMLKKKIPFFBD28DA,0.0,0.0,0.0,無,
安南區,土地,佃北段1088地號,98.19,都市：其他:住宅區,,,1091106,土地1建物0車位0,,,其他,,,,0.0,0,0,0,有,無,4989936,50819,,0.0,0,,RPXNMLKKKIPFFBD38DA,0.0,0.0,0.0,無,
安南區,房地(土地+建物),十二佃路１１號,77.06,都市：其他:住宅區,,,1091118,土地1建物1車位0,全,三層,透天厝,住商用,鋼筋混凝土造,0811023,169.31,5,2,3,有,無,6550000,38686,,0.0,0,其他增建；,RPRRMLPJKIPFFBD58DA,157.36,0.0,11.95,無,
安南區,土地,佃西段762地號,531.46,都市：其他:住宅區,,,1090929,土地4建物0車位0,,,其他,,,,0.0,0,0,0,有,無,20000000,37632,,0.0,0,包含公共設施保留地用地；,RPTRMLRJKIPFFBD98DA,0.0,0.0,0.0,無,
東區,房地(土地+建物),大同路一段１７５巷１１之６號,96.22,都市：其他:第五種住宅區,,,1091025,土地1建物1車位0,全,四層,透天厝,見其他登記事項,見其他登記事項,0940203,258.61,4,3,4,有,無,17300000,66896,,0.0,0,陽台外推；頂樓加蓋；其他增建；,RPPNMLPLIIPFFCD08DA,235.57,0.0,23.04,無,
東區,房地(土地+建物)+車位,裕信路４１７號九樓,54.35,都市：其他:虎尾寮第二種住宅區,,,1091025,土地1建物1車位1,九層,十層,華廈(10層含以下有電梯),住家用,鋼筋混凝土造,0880312,219.04999999999998,4,3,2,有,有,10500000,48152,坡道平面,21.76,1000000,陽台外推；夾層；其他增建；,RPTNMLPLIIPFFCD48DA,144.44,0.0,16.26,有,
東區,房地(土地+建物),德光街４５號,80.0,都市：其他:第五種住宅區,,,1091103,土地1建物1車位0,全,二層,透天厝,住家用,鋼筋混凝土造,0760703,119.94,4,2,4,有,無,15900000,132566,,0.0,0,交易總價分土地價款＄1502萬元、建物價款＄88萬元,RPXOMLSKJIPFFCD66DA,112.35,3.78,3.81,無,
東區,房地(土地+建物),裕農路３１６號,29.94,都市：其他:第五種住宅區,,,1091029,土地2建物1車位0,一層，二層，三層,十四層,住宅大樓(11層含以上有電梯),住商用,鋼筋混凝土造,0811002,170.43,3,2,2,有,有,7880000,46236,,0.0,0,,RPWNMLPKKIPFFCD88DA,134.0,0.0,13.14,有,
南區,房地(土地+建物),灣裡路２８２巷６８弄５９號,115.0,都市：其他:住宅區,,,1091105,土地1建物1車位0,全,三層,透天厝,住家用,見其他登記事項,1090429,248.19,5,2,5,有,無,15000000,60438,,0.0,0,,RPXOMLOKKIPFFCD98DA,227.74,0.0,20.45,無,
東區,房地(土地+建物),崇善路１０８９巷１６弄６號,70.0,都市：其他:細部計畫道路用地,,,1091109,土地2建物1車位0,全,二層,透天厝,住家用,加強磚造,0660812,83.88,3,2,2,有,無,4500000,53648,,0.0,0,土地成交價:423萬 建物成交價27萬頂樓加蓋；其他增建；,RPTNMLOKKIPFFCD48DA,83.88,0.0,0.0,無,
東區,房地(土地+建物),中華東路二段１９３號十七樓之１５,2.6,都市：其他:細部計劃道路用地,,,1091204,土地3建物1車位0,十七層,二十層,住宅大樓(11層含以上有電梯),住家用,鋼筋混凝土造,0841106,34.339999999999996,1,0,1,有,有,1900000,55329,,0.0,0,,RPVNMLOKKIPFFCD68DA,19.5,0.0,3.72,有,
東區,房地(土地+建物),富農街二段１０９巷４０之３號,27.11,都市：其他:第五種住宅區,,,1091118,土地2建物1車位0,四層,五層,公寓(5樓含以下無電梯),住家用,鋼筋混凝土造,0740304,96.9,3,2,2,有,無,4500000,46440,,0.0,0,,RPXNMLOKKIPFFCD88DA,75.1,0.0,8.74,無,
南區,土地,新興段204-9地號,236.0,都市：其他:住宅區,,,1090911,土地2建物0車位0,,,其他,,,,0.0,5,3,6,有,無,35600000,150847,,0.0,0,未登記建物；,RPQPMLOKKIPFFCD38DA,0.0,0.0,0.0,無,
南區,房地(土地+建物),鹽埕路２９１巷６２號,64.28,都市：其他:細部計畫道路用地,,,1091113,土地3建物1車位0,全,二層,透天厝,住家用,加強磚造,0621218,83.38,2,2,2,有,無,5400000,64764,,0.0,0,,RPXNMLTJKIPFFCD66DA,83.38,0.0,0.0,無,0115
東區,土地,裕南段1480地號,76.61,都市：其他:細部計劃道路用地,,,1091017,土地1建物0車位0,,,其他,,,,0.0,0,0,0,有,無,1256850,16406,,0.0,0,包含公共設施保留地用地；,RPPOMLKKKIPFFCD77DA,0.0,0.0,0.0,無,0116
東區,土地,裕南段1480地號,76.61,都市：其他:細部計劃道路用地,,,1091016,土地1建物0車位0,,,其他,,,,0.0,0,0,0,有,無,1256850,16406,,0.0,0,包含公共設施保留地用地；,RPQOMLKKKIPFFCD87DA,0.0,0.0,0.0,無,0116
東區,房地(土地+建物),仁和路１３９巷５１弄１９號之２,27.27,都市：其他:第五種住宅區,,,1091028,土地1建物1車位0,一層，二層，三層,九層,華廈(10層含以下有電梯),住商用,鋼筋混凝土造,0840810,129.06,4,2,4,有,有,6500000,50364,,0.0,0,陽台外推；,RPTNMLLJKIPFFCD08DA,106.91,0.0,5.93,有,
南區,房地(土地+建物),新興路４１５之２號,22.86,都市：其他:細部計畫道路用地,,,1091121,土地2建物1車位0,三層,五層,公寓(5樓含以下無電梯),住家用,鋼筋混凝土造,0710430,89.0,2,2,1,有,無,3700000,41573,,0.0,0,,RPROMLRJKIPFFCD58DA,57.59,0.0,9.43,無,0118
東區,房地(土地+建物)+車位,榮譽街１２３巷１弄１２號八樓,19.85,都市：其他:第五種住宅區,,,1091106,土地1建物1車位1,八層,八層,華廈(10層含以下有電梯),住家用,鋼筋混凝土造,0880201,136.37,3,2,2,有,有,7700000,56464,坡道平面,23.0,0,,RPPNMLPJKIPFFCD08DA,77.69,0.0,9.43,有,
鹽水區,土地,鹽水段2146-3地號,2293.0,都市：其他:住宅區,,,1090926,土地3建物0車位0,,,其他,,,,0.0,0,0,0,有,無,56176180,24499,,0.0,0,包含公共設施保留地用地；,RPROMLTLRHPFFDD07DA,0.0,0.0,0.0,無,
鹽水區,土地,鹽水段2147-3地號,2256.0,都市：其他:住宅區,,,1090926,土地3建物0車位0,,,其他,,,,0.0,0,0,0,有,無,55323820,24523,,0.0,0,包含公共設施保留地用地；,RPUOMLTLRHPFFDD37DA,0.0,0.0,0.0,無,
鹽水區,土地,頭港段1165地號,1400.0,,特定農業區,農牧用地,1091126,土地1建物0車位0,,,其他,,,,0.0,0,0,0,有,無,2600000,1857,,0.0,0,,RPTNMLRLJIPFFDD88DA,0.0,0.0,0.0,無,
新營區,房地(土地+建物),民治路３３２之１號,21.62,都市：其他:住宅區,,,1091110,土地1建物1車位0,一層，見其他登記事項,十五層,住宅大樓(11層含以上有電梯),見其他登記事項,鋼筋混凝土造,1090331,95.14999999999999,0,0,2,有,有,12300000,129270,,0.0,0,房地總價含管理費,RPROMLLJKIPFFDD08DA,75.99,0.0,0.0,有,
新營區,房地(土地+建物),東興路２８７號,101.2,都市：其他:住宅區,,,1090508,土地1建物1車位0,全,四層,透天厝,住家用,鋼筋混凝土造,1090522,219.89,4,1,5,有,無,16680000,75856,,0.0,0,,RPQNMLRKKIPFFDD58DA,207.37,0.0,12.52,無,
新營區,土地,新電段525地號,305.93,都市：其他:主要計畫道路用地,,,1091211,土地1建物0車位0,,,其他,,,,0.0,0,0,0,有,無,400000,1307,,0.0,0,包含公共設施保留地用地；,RPWNMLLKKIPFFDD58DA,0.0,0.0,0.0,無,
新營區,房地(土地+建物)+車位,隋唐街１１號十樓之二,26.57,都市：其他:住宅區,,,1090918,土地1建物1車位1,十層,十五層,住宅大樓(11層含以上有電梯),見其他登記事項,鋼筋混凝土造,1090331,168.28,3,2,2,有,有,8800000,52830,坡道平面,22.53,1100000,房地總價含管理費，商品提貨單,RPWNMLRJKIPFFDD09DA,87.96,0.0,10.73,有,
新營區,土地,民治段553地號,66.88,都市：其他:主要計畫道路用地,,,1091209,土地1建物0車位0,,,其他,,,,0.0,0,0,0,有,無,300000,4486,,0.0,0,包含公共設施保留地用地；,RPPOMLKKKIPFFDD87DA,0.0,0.0,0.0,無,
官田區,房地(土地+建物),工社中街１６巷６號,168.42,都市：其他:住宅區,,,1090926,土地2建物1車位0,全,三層,透天厝,住家用,見其他登記事項,1080705,231.64,5,2,4,有,無,13800000,59575,,0.0,0,,RPRNMLPKKIPFFFD68DA,207.91,23.73,0.0,無,
白河區,土地,永安段375-5地號,407.33,都市：其他:住宅區,,,1091203,土地3建物0車位0,,,其他,,,,0.0,0,0,0,有,無,3450000,8470,,0.0,0,部分土地為公共設施保留地，公共設施尚未完成之裡地。未保存之鐵皮小屋贈與買方處理。,RPPNMLPKKIPFFED38DA,0.0,0.0,0.0,無,
後壁區,土地,下茄苳段1477地號,1605.0,,特定農業區,農牧用地,1091126,土地1建物0車位0,,,其他,,,,0.0,0,0,0,有,無,2200000,1371,,0.0,0,,RPPNMLQKKIPFFED48DA,0.0,0.0,0.0,無,
六甲區,土地,光明段164地號,1477.68,都市：其他:計畫道路用地,,,1090519,土地17建物0車位0,,,其他,,,,0.0,0,0,0,有,無,25680000,17379,,0.0,0,,RPQNMLOKKIPFFFD48DA,0.0,0.0,0.0,無,
將軍區,房地(土地+建物),長榮里１２鄰長榮１８７之１號,124.32,都市：其他:住宅區,,,1091105,土地2建物1車位0,全,三層,透天厝,見其他登記事項,鋼筋混凝土造,1070823,178.6,5,2,4,有,無,6000000,33595,,0.0,0,親友、員工、共有人或其他特殊關係間之交易；,RPRNMLPKKIPFFGD78DA,154.77,0.0,23.83,無,
將軍區,土地,忠昌段820-4地號,22.36,都市：其他:住宅區,,,1091127,土地1建物0車位0,,,其他,,,,0.0,0,0,0,有,無,182458,8160,,0.0,0,政府機關標讓售；,RPWNMLPKKIPFFGD66DA,0.0,0.0,0.0,無,
學甲區,房地(土地+建物),民族路５４巷８號六樓之２,18.5,都市：其他:住宅區,,,1091108,土地1建物1車位0,六層,七層,華廈(10層含以下有電梯),住家用,鋼筋混凝土造,0850712,99.66,3,2,2,有,無,2180000,21874,,0.0,0,,RPXNMLPKKIPFFGD76DA,71.74,0.0,4.26,有,0119
佳里區,建物,頂里１鄰頂１之３０號,0.0,,,,1091118,土地0建物1車位0,全,四層,透天厝,見其他登記事項,見其他登記事項,0910207,4069.52,1,0,6,有,無,8045100,1977,,0.0,0,親友、員工、共有人或其他特殊關係間之交易；,RPROMLPKKIPFFGD88DA,4018.15,51.37,0.0,無,
佳里區,房地(土地+建物),東寧里義民街２７巷１號,68.0,都市：其他:住宅區,,,1090729,土地1建物1車位0,全,三層,透天厝,住家用,鋼筋混凝土造,0690812,115.28,3,1,2,有,無,800000,6940,,0.0,0,親友、員工、共有人或其他特殊關係間之交易；,RPPNMLQKKIPFFGD68DA,115.28,0.0,0.0,無,
七股區,土地,後港東段1093地號,6169.82,,特定農業區,農牧用地,1091105,土地1建物0車位0,,,其他,,,,0.0,0,0,0,有,無,5552800,900,,0.0,0,,RPQNMLMKKIPFFGD38DA,0.0,0.0,0.0,無,
七股區,土地,榔段248地號,85.57,,鄉村區,乙種建築用地,1091026,土地4建物0車位0,,,其他,,,,0.0,0,0,0,有,無,330000,3856,,0.0,0,親友、員工、共有人或其他特殊關係間之交易；,RPPOMLOKKIPFFGD58DA,0.0,0.0,0.0,無,
佳里區,土地,佳東段1078-2地號,60.48,都市：其他:農業區,,,1091104,土地1建物0車位0,,,其他,,,,0.0,0,0,0,有,無,731800,12100,,0.0,0,畸零地或有合併使用效益；,RPRNMLOKKIPFFGD68DA,0.0,0.0,0.0,無,
西港區,土地,子林段1341地號,2400.0,,特定農業區,農牧用地,1091116,土地1建物0車位0,,,其他,,,,0.0,0,0,0,有,無,6050000,2521,,0.0,0,,RPSNMLOKKIPFFGD78DA,0.0,0.0,0.0,無,
佳里區,房地(土地+建物),佳南路３６８巷２０號,81.83,都市：其他:住宅區,,,1091121,土地1建物1車位0,全,二層,透天厝,住家用,加強磚造,0660409,102.23,3,2,2,有,無,4680000,45779,,0.0,0,,RPOOMLLJKIPFFGD08DA,102.22,0.0,0.0,無,
學甲區,土地,東興段139地號,2.25,都市：其他:住宅區,,,1090924,土地3建物0車位0,,,其他,,,,0.0,0,0,0,有,無,65500,29111,,0.0,0,畸零地或有合併使用效益；包含公共設施保留地用地；,RPQOMLTKJIPFFGD09DA,0.0,0.0,0.0,無,
西港區,房地(土地+建物),慶安路１７１巷５８號,136.27,都市：其他:住宅區,,,1070712,土地5建物1車位0,全,四層,透天厝,見其他登記事項,鋼筋混凝土造,1090416,222.23,5,2,5,有,無,12480000,56158,,0.0,0,預售屋、或土地及建物分次登記案件；,RPROMLLKKIPFFGD48DA,202.65,0.0,19.56,無,
善化區,房地(土地+建物),陽光大道３９２號,127.88,都市：其他:生活服務區(第二種住宅區),,,1091010,土地1建物1車位0,全,四層,透天厝,見其他登記事項,鋼筋混凝土造,1071023,343.6,5,2,5,有,無,26800000,77998,,0.0,0,,RPTNMLQKIIPFFHD98DA,313.2,0.0,30.4,有,
安定區,土地,六塊寮段3254-2地號,18.0,,鄉村區,乙種建築用地,1091125,土地1建物0車位0,,,其他,,,,0.0,0,0,0,有,無,381500,21194,,0.0,0,,RPUOMLQLJIPFFHD76DA,0.0,0.0,0.0,無,
新化區,土地,新豐段1051-2地號,0.44,都市：其他:住宅區,,,1091209,土地1建物0車位0,,,其他,,,,0.0,0,0,0,有,無,27000,0,,0.0,0,,RPQPMLTJKIPFFHD66DA,0.0,0.0,0.0,無,
安定區,房地(土地+建物),新吉７３之１５號,75.04,,鄉村區,乙種建築用地,1091204,土地1建物1車位0,全,四層,透天厝,住家用,鋼筋混凝土造,0850115,189.64,3,2,2,有,無,5000000,26366,,0.0,0,,RPPNMLKKKIPFFHD18DA,179.66,0.0,9.98,無,0120
新市區,土地,新北段45地號,894.52,都市：其他:住宅區,,,1091014,土地1建物0車位0,,,其他,,,,0.0,0,0,0,有,無,77659800,86817,,0.0,0,,RPUOMLTJKIPFFHD96DA,0.0,0.0,0.0,無,
安定區,土地,保加段684-1地號,79.21,都市：其他:計畫道路用地,,,1091130,土地2建物0車位0,,,其他,,,,0.0,0,0,0,有,無,1517600,19159,,0.0,0,未登記建物；,RPVOMLOJKIPFFHD56DA,0.0,0.0,0.0,無,
善化區,房地(土地+建物),小新里成功新村６８號七樓,25.66,都市：其他:國宅專用區,,,1091109,土地3建物1車位0,七層,八層,華廈(10層含以下有電梯),住家用,鋼筋混凝土造,0830923,114.95,3,2,2,有,有,3400000,29578,,0.0,0,,RPWOMLOJKIPFFHD66DA,79.96,0.0,12.68,有,0121
新市區,土地,大社段1260地號,3067.0,,特定農業區,農牧用地,1091111,土地1建物0車位0,,,其他,,,,0.0,0,0,0,有,無,15335000,5000,,0.0,0,,RPVNMLSJKIPFFHD86DA,0.0,0.0,0.0,無,0122
新市區,房地(土地+建物),豐榮１７６之１號,298.64,,特定農業區,丁種建築用地,1080402,土地4建物1車位0,全,一層,透天厝,工業用,見其他登記事項,1081001,162.82,0,0,2,有,有,13680000,84019,,0.0,0,,RPWPMLPKKIPFFHD96DA,162.82,0.0,0.0,無,
善化區,土地,善新段207地號,918.99,都市：其他:生活服務區(第二種住宅區),,,1091027,土地1建物0車位0,,,其他,,,,0.0,0,0,0,有,無,66717600,72599,,0.0,0,,RPOQMLPKKIPFFHD88DA,0.0,0.0,0.0,無,
善化區,土地,善新段208地號,591.82,都市：其他:生活服務區(第二種住宅區),,,1091027,土地1建物0車位0,,,其他,,,,0.0,0,0,0,有,無,42964800,72598,,0.0,0,,RPPQMLPKKIPFFHD98DA,0.0,0.0,0.0,無,
善化區,房地(土地+建物)+車位,大信路５７號七樓之１,32.29,都市：其他:住宅區,,,1080707,土地1建物1車位1,七層,七層,華廈(10層含以下有電梯),見其他登記事項,鋼筋混凝土造,1090923,122.4,3,1,2,有,有,6850000,53966,升降機械,5.66,550000,預售屋、或土地及建物分次登記案件；,RPPOMLPKKIPFFHD78DA,68.44,3.65,14.25,有,
善化區,房地(土地+建物)+車位,大信路５７號七樓之７,21.6,都市：其他:住宅區,,,1080511,土地1建物1車位1,七層,七層,華廈(10層含以下有電梯),見其他登記事項,鋼筋混凝土造,1090923,81.72,2,1,1,有,有,4700000,54562,升降機械,5.66,550000,預售屋、或土地及建物分次登記案件；,RPXOMLOKKIPFFHD86DA,47.16,3.04,6.13,有,
安定區,土地,安定段1632-1地號,80.0,都市：其他:農業區(供申請變更開發為產業支援區),,,1091121,土地1建物0車位0,,,其他,,,,0.0,0,0,0,有,無,1530000,19125,,0.0,0,,RPUOMLQKKIPFFHD76DA,0.0,0.0,0.0,無,
善化區,房地(土地+建物)+車位,大信路５７號二樓之３,51.01,都市：其他:住宅區,,,1070901,土地1建物1車位1,二層,七層,華廈(10層含以下有電梯),見其他登記事項,鋼筋混凝土造,1090923,183.26,4,2,2,有,有,9400000,49652,一樓平面,15.09,1050000,此案原係一次承購二戶，後將二戶打通成一戶預售屋、或土地及建物分次登記案件；,RPPNMLPKKIPFFHD68DA,107.79,2.62,13.25,有,
善化區,房地(土地+建物)+車位,大信路５７號二樓之１,34.79,都市：其他:住宅區,,,1070827,土地1建物1車位1,二層,七層,華廈(10層含以下有電梯),見其他登記事項,鋼筋混凝土造,1090923,131.83,3,1,2,有,有,7350000,53966,一樓平面,15.09,1050000,預售屋、或土地及建物分次登記案件；,RPQNMLPKKIPFFHD78DA,68.44,3.65,14.25,有,
善化區,房地(土地+建物)+車位,大信路５７號三樓之５,25.46,都市：其他:住宅區,,,1070910,土地1建物1車位1,三層,七層,華廈(10層含以下有電梯),見其他登記事項,鋼筋混凝土造,1090923,92.45,2,1,1,有,有,5110000,51388,升降機械,5.66,650000,預售屋、或土地及建物分次登記案件；,RPRNMLPKKIPFFHD88DA,55.86,1.32,6.58,有,
善化區,房地(土地+建物)+車位,大信路５７號四樓之２,34.43,都市：其他:住宅區,,,1070902,土地1建物1車位1,四層,七層,華廈(10層含以下有電梯),見其他登記事項,鋼筋混凝土造,1090923,130.66,3,1,2,有,有,6850000,50186,一樓平面,15.09,1050000,預售屋、或土地及建物分次登記案件；,RPSNMLPKKIPFFHD98DA,70.04,2.65,12.66,有,
善化區,房地(土地+建物),大信路５７號四樓之３,23.05,都市：其他:住宅區,,,1070915,土地1建物1車位0,四層,七層,華廈(10層含以下有電梯),見其他登記事項,鋼筋混凝土造,1090923,81.41,2,1,1,有,有,4120000,50608,,0.0,0,預售屋、或土地及建物分次登記案件；,RPTNMLPKKIPFFHD09DA,51.94,1.3,6.67,有,
善化區,房地(土地+建物)+車位,大信路５７號五樓之２,34.43,都市：其他:住宅區,,,1070929,土地1建物1車位1,五層,七層,華廈(10層含以下有電梯),見其他登記事項,鋼筋混凝土造,1090923,130.66,3,1,2,有,有,7070000,52090,一樓平面,15.09,1050000,預售屋、或土地及建物分次登記案件；,RPUNMLPKKIPFFHD56DA,70.04,2.65,12.66,有,
善化區,房地(土地+建物)+車位,大信路５７號六樓之３,26.05,都市：其他:住宅區,,,1070922,土地1建物1車位1,六層,七層,華廈(10層含以下有電梯),見其他登記事項,鋼筋混凝土造,1090923,96.49,2,1,1,有,有,5460000,54177,一樓平面,15.09,1050000,預售屋、或土地及建物分次登記案件；,RPVNMLPKKIPFFHD66DA,51.94,1.3,6.67,有,
新化區,土地,竹子腳段996-2地號,1179.0,,特定農業區,農牧用地,1091031,土地1建物0車位0,,,其他,,,,0.0,0,0,0,有,無,8680000,7362,,0.0,0,,RPQPMLLKKIPFFHD58DA,0.0,0.0,0.0,無,
新化區,土地,新太段81-1地號,69.32,都市：其他:住宅區,,,1091202,土地1建物0車位0,,,其他,,,,0.0,0,0,0,有,無,3258040,47000,,0.0,0,政府機關標讓售；,RPQNMLLKKIPFFHD38DA,0.0,0.0,0.0,無,
善化區,房地(土地+建物),興農路１７８號四樓之１,21.63,,特定農業區,甲種建築用地,1091007,土地1建物1車位0,四層,七層,華廈(10層含以下有電梯),見其他登記事項,鋼筋混凝土造,1090424,75.28,2,2,2,有,有,4800000,63762,,0.0,0,,RPWNMLLKKIPFFHD98DA,54.51,0.0,6.71,有,0123
善化區,土地,善西段103地號,523.22,都市：其他:計畫道路用地,,,1090803,土地2建物0車位0,,,其他,,,,0.0,0,0,0,有,無,16636900,31797,,0.0,0,包含公共設施保留地用地；,RPQOMLLKKIPFFHD48DA,0.0,0.0,0.0,無,
善化區,土地,善西段99地號,1954.35,都市：其他:住宅區,,,1081222,土地4建物0車位0,,,其他,,,,0.0,0,0,0,有,無,142469000,72898,,0.0,0,包含公共設施保留地用地；,RPROMLLKKIPFFHD58DA,0.0,0.0,0.0,無,
仁德區,房地(土地+建物),仁德里中正路二段１２０５巷１０號五樓之１,26.35,都市：其他:住宅區,,,1091116,土地1建物1車位0,五層,七層,華廈(10層含以下有電梯),住家用,鋼筋混凝土造,0830225,137.67,3,2,2,有,有,5580000,40532,,0.0,0,,RPRNMLLJKIPFFID48DA,98.04,0.0,7.7,有,0124
仁德區,房地(土地+建物),太子一街４３巷１１之１號,86.04,都市：其他:住宅區,,,1091106,土地4建物1車位0,全,二層,透天厝,住家用,加強磚造,0690524,99.11,5,2,2,有,無,5800000,58521,,0.0,0,,RPSOMLRKJIPFFID66DA,99.11,0.0,0.0,無,
歸仁區,房地(土地+建物),文化街三段５９２巷８弄８號,102.79,都市：其他:住宅區,,,1070305,土地2建物1車位0,全,三層,透天厝,住家用,見其他登記事項,1090512,170.94,5,2,3,有,無,9500000,55575,,0.0,0,,RPVNMLOKKIPFFID66DA,146.34,0.0,24.6,無,
歸仁區,房地(土地+建物),文化街三段５９２巷８弄１１號,112.02,都市：其他:住宅區,,,1081228,土地3建物1車位0,全,三層,透天厝,住家用,見其他登記事項,1090512,192.08,5,2,5,有,無,11050000,57528,,0.0,0,,RPXNMLOKKIPFFID86DA,172.47,0.0,19.61,無,
歸仁區,房地(土地+建物),歸南里民生南街二段２６１號,97.0,,鄉村區,乙種建築用地,1091110,土地1建物1車位0,全,二層,透天厝,住家用,加強磚造,0651100,96.91,3,2,2,有,無,4700000,48499,,0.0,0,,RPPPMLOKKIPFFID88DA,96.91,0.0,0.0,無,0125
仁德區,土地,長興段14-4地號,30.16,都市：其他:住宅區,,,1091109,土地1建物0車位0,,,其他,,,,0.0,0,0,0,有,無,1103088,36575,,0.0,0,,RPRNMLPKKIPFFID98DA,0.0,0.0,0.0,無,
仁德區,土地,長興段14-3地號,19.84,都市：其他:住宅區,,,1091109,土地1建物0車位0,,,其他,,,,0.0,0,0,0,有,無,725792,36582,,0.0,0,,RPSNMLPKKIPFFID09DA,0.0,0.0,0.0,無,
歸仁區,房地(土地+建物),七甲里七甲五街１０２巷６９號,115.57,,特定農業區,甲種建築用地,1091023,土地4建物1車位0,全,四層,透天厝,住家用,見其他登記事項,1060413,175.14,4,2,3,有,無,10200000,58239,,0.0,0,頂樓加蓋；其他增建；,RPTPMLOKKIPFFID66DA,165.65,0.0,9.49,無,0126
仁德區,土地,長興段14-2地號,16.54,都市：其他:住宅區,,,1091109,土地1建物0車位0,,,其他,,,,0.0,0,0,0,有,無,605003,36578,,0.0,0,,RPPNMLPKKIPFFID78DA,0.0,0.0,0.0,無,
關廟區,建物,五甲里五福路１６號,0.0,,,,1091204,土地0建物1車位0,全,二層,透天厝,見其他登記事項,加強磚造,0770920,254.35,4,2,3,有,無,250000,983,,0.0,0,親友、員工、共有人或其他特殊關係間之交易；,RPUNMLPKKIPFFID66DA,254.35,0.0,0.0,無,
歸仁區,土地,六甲段581地號,790.44,,鄉村區,乙種建築用地,1090819,土地1建物0車位0,,,其他,,,,0.0,0,0,0,有,無,37000000,46809,,0.0,0,,RPQNMLLLKIPFFID58DA,0.0,0.0,0.0,無,
歸仁區,房地(土地+建物),武東一街４９巷６８號五樓之６,12.5,,一般農業區,甲種建築用地,1091109,土地1建物1車位0,五層,六層,華廈(10層含以下有電梯),住家用,鋼筋混凝土造,0860721,45.55,1,0,1,有,有,950000,20856,,0.0,0,,RPXPMLLLKIPFFID86DA,27.85,0.0,3.6,有,
永康區,土地,崑山段226地號,26.65,都市：其他:道路用地,,,1090929,土地1建物0車位0,,,其他,,,,0.0,0,0,0,有,無,200000,7505,,0.0,0,包含公共設施保留地用地；,RPPNMLPKJIPFFKD88DA,0.0,0.0,0.0,無,
永康區,房地(土地+建物)+車位,鹽行里新行街１２５號十三樓之３,9.7,都市：其他:住宅區,,,1091108,土地1建物1車位1,十三層,十六層,住宅大樓(11層含以上有電梯),住家用,鋼筋混凝土造,0820827,105.88000000000001,2,2,1,有,有,3900000,36838,升降機械,15.7,0,,RPPOMLRLJIPFFKD66DA,72.12,0.0,6.81,有,
永康區,土地,信義段463地號,43.64,都市：其他:道路用地,,,1090924,土地5建物0車位0,,,其他,,,,0.0,0,0,0,有,無,350000,8020,,0.0,0,包含公共設施保留地用地；,RPPOMLSLIIPFFKD66DA,0.0,0.0,0.0,無,
永康區,房地(土地+建物),復華三街６４號七樓之４,8.4,都市：其他:市場用地,,,1091103,土地1建物1車位0,七層,十九層,住宅大樓(11層含以上有電梯),住家用,鋼筋混凝土造,0840908,128.68,3,2,2,有,有,4200000,32639,,0.0,0,陽台外推；其他增建；,RPRPMLNJJIPFFKD98DA,64.29,0.0,5.01,有,
永康區,房地(土地+建物)+車位,復華一街１７８號十一樓之５,30.55,都市：其他:住宅區,,,1080109,土地1建物1車位1,十一層,十四層,住宅大樓(11層含以上有電梯),見其他登記事項,見其他登記事項,1090909,157.63,3,1,2,有,有,7920000,52693,坡道平面,28.2,1100000,權利買賣契約價格810萬元整含車位價款110萬元整預售屋、或土地及建物分次登記案件；,RPXQMLTJKIPFFKD77DA,79.35,0.0,8.08,有,
永康區,房地(土地+建物)+車位,復華一街１８０號一樓之６,21.16,都市：其他:住宅區,,,1070602,土地1建物1車位1,一層,十四層,住宅大樓(11層含以上有電梯),見其他登記事項,見其他登記事項,1090909,112.91,2,1,1,有,有,4900000,47355,坡道機械,21.05,550000,預售屋、或土地及建物分次登記案件；,RPWRMLTJKIPFFKD77DA,57.36,0.0,4.74,有,
永康區,房地(土地+建物)+車位,復華一街１８０號七樓之７,21.2,都市：其他:住宅區,,,1070417,土地1建物1車位1,七層,十四層,住宅大樓(11層含以上有電梯),見其他登記事項,見其他登記事項,1090909,112.0,2,1,1,有,有,4970000,48598,坡道機械,21.05,550000,預售屋、或土地及建物分次登記案件；,RPXRMLTJKIPFFKD87DA,57.03,0.0,4.45,有,
永康區,房地(土地+建物)+車位,復華一街１８０號七樓之５,30.41,都市：其他:住宅區,,,1070422,土地1建物1車位1,七層,十四層,住宅大樓(11層含以上有電梯),見其他登記事項,見其他登記事項,1090909,157.01,3,1,2,有,有,7130000,47589,坡道平面,28.2,1000000,預售屋、或土地及建物分次登記案件；,RPOSMLTJKIPFFKD07DA,78.89,0.0,8.12,有,
永康區,房地(土地+建物)+車位,復華一街１８０號十樓之３,30.5,都市：其他:住宅區,,,1071116,土地1建物1車位1,十層,十四層,住宅大樓(11層含以上有電梯),見其他登記事項,見其他登記事項,1090909,157.39,3,1,2,有,有,7870000,52403,坡道平面,28.2,1100000,預售屋、或土地及建物分次登記案件；,RPPSMLTJKIPFFKD17DA,79.19,0.0,8.1,有,
永康區,房地(土地+建物)+車位,復華一街１８０號十三樓之７,21.2,都市：其他:住宅區,,,1070401,土地1建物1車位1,十三層,十四層,住宅大樓(11層含以上有電梯),見其他登記事項,見其他登記事項,1090909,112.0,2,1,1,有,有,5400000,52226,坡道機械,21.05,650000,預售屋、或土地及建物分次登記案件；,RPQSMLTJKIPFFKD27DA,57.03,0.0,4.45,有,
永康區,房地(土地+建物)+車位,大灣東路６１３號三樓之３,36.84,都市：其他:住宅區,,,1080119,土地1建物1車位1,三層,五層,華廈(10層含以下有電梯),見其他登記事項,見其他登記事項,1090819,118.66,3,2,2,有,有,5960000,49965,一樓平面,19.39,1000000,預售屋、或土地及建物分次登記案件；,RPSNMLLKKIPFFKD88DA,62.15,0.0,9.28,有,
永康區,房地(土地+建物),復國一路４７５巷２８號三樓之２１,5.06,都市：其他:住宅區,,,1091201,土地1建物1車位0,三層,五層,華廈(10層含以下有電梯),住家用,見其他登記事項,1070402,13.61,1,1,1,有,有,1030000,75680,,0.0,0,,RPOOMLKKKIPFFKD48DA,8.06,0.0,1.36,有,0127
永康區,房地(土地+建物),文賢街７８巷５弄１０號,126.0,都市：其他:住宅區,,,1091015,土地1建物1車位0,全,四層,透天厝,見其他登記事項,鋼筋混凝土造,0800820,388.45,6,2,5,有,無,12900000,33209,,0.0,0,陽台外推；,RPUNMLPKKIPFFKD86DA,347.18,9.42,31.85,無,
永康區,房地(土地+建物),鹽忠街１７０號,79.49,都市：其他:住宅區,,,1091005,土地1建物1車位0,全,四層,透天厝,見使用執照,鋼筋混凝土造,0930210,212.9,5,2,6,有,無,11300000,53077,,0.0,0,其他增建；,RPXOMLLKKIPFFKD86DA,192.12,11.17,9.61,無,
永康區,房地(土地+建物),中山南路４３巷７弄２３號五樓,25.34,都市：其他:住宅區,,,1091111,土地2建物1車位0,五層,五層,公寓(5樓含以下無電梯),住家用,鋼筋混凝土造,0700812,94.79,3,2,1,有,無,1800000,18989,,0.0,0,,RPUOMLLKKIPFFKD56DA,72.46,0.0,9.02,無,0128
永康區,房地(土地+建物),大灣路９４２巷７１弄１７號,76.4,都市：其他:住宅區,,,1091124,土地1建物1車位0,全,二層,透天厝,住家用,加強磚造,0700130,100.77,5,2,2,有,無,5050000,50114,,0.0,0,,RPUOMLOKKIPFFKD86DA,95.14,0.0,5.63,無,
永康區,房地(土地+建物),埔園街３２３號,126.85,都市：其他:住宅區,,,1091112,土地2建物1車位0,全,四層,透天厝,住家用,鋼筋混凝土造,0980220,274.58,5,2,4,有,無,16000000,58271,,0.0,0,,RPSNMLOKKIPFFKD56DA,222.03,0.0,52.55,無,
永康區,土地,鹽新段603地號,3285.94,都市：其他:住宅區,,,1090714,土地1建物0車位0,,,其他,,,,0.0,0,0,0,有,無,339900000,103441,,0.0,0,,RPPOMLOKKIPFFKD98DA,0.0,0.0,0.0,無,
永康區,土地,鹽新段607地號,16.22,都市：其他:道路用地,,,1090714,土地1建物0車位0,,,其他,,,,0.0,0,0,0,有,無,100000,6165,,0.0,0,,SPPOMLOKKIPFFKD09DA,0.0,0.0,0.0,無,
安南區,房地(土地+建物)+車位,長和路二段１２巷２１３弄２０號,40.05,都市：其他:住宅區,,,1091209,土地1建物1車位1,全,四層,透天厝,住商用,鋼筋混凝土造,0861023,89.72,4,1,3,有,無,2000000,22294,一樓平面,0.0,0,親友、員工、共有人或其他特殊關係間之交易；,RPPNMLQKKIPFFBD28EA,71.36,0.0,5.46,無,
新營區,房地(土地+建物),太子宮２９７之２９號,112.58,都市：其他:住宅區,,,1091020,土地3建物1車位0,全,三層,透天厝,見其他登記事項,鋼筋混凝土造,1090830,154.39999999999998,4,2,3,有,有,6980000,45207,,0.0,0,,RPQNMLOKKIPFFDD38EA,144.63,0.0,9.63,無,
新營區,房地(土地+建物)+車位,中華路１８之６號,29.33,都市：其他:商業區,,,1091203,土地1建物2車位1,一層，騎樓,八層,華廈(10層含以下有電梯),住家用,鋼筋混凝土造,0830401,219.73,2,2,2,有,無,6500000,29582,升降機械,0.0,0,,RPPNMLQKKIPFFDD48EA,171.75,0.0,0.0,有,
新營區,土地,新營段720-1地號,63.5,都市：其他:主要計畫道路用地,,,1091111,土地2建物0車位0,,,其他,,,,0.0,0,0,0,有,無,1071600,16876,,0.0,0,包含公共設施保留地用地；,RPQNMLQKKIPFFDD58EA,0.0,0.0,0.0,無,0129
新營區,土地,後鎮段1941地號,2917.0,,特定農業區,農牧用地,1091020,土地1建物0車位0,,,其他,,,,0.0,0,0,0,有,無,4083800,1400,,0.0,0,,RPTNMLQKKIPFFDD88EA,0.0,0.0,0.0,無,
新營區,房地(土地+建物),南興里建業路５４之２號,91.59,都市：其他:住宅區,,,1091103,土地8建物1車位0,三層,四層,公寓(5樓含以下無電梯),住家用,加強磚造,0691016,90.42,3,2,2,有,無,2000000,22119,,0.0,0,,RPUNMLQKKIPFFDD98EA,90.42,0.0,0.0,無,
新營區,房地(土地+建物),中正路３９巷７４之１９號,62.0,都市：其他:住宅區,,,1091122,土地1建物1車位0,全,二層,透天厝,住家用,鋼筋混凝土造,0630703,83.48,5,2,3,有,無,2700000,32343,,0.0,0,頂樓加蓋；其他增建；,RPPNMLRKKIPFFDD58EA,83.48,0.0,0.0,無,
永康區,房地(土地+建物)+車位,永二街４２５號十一樓之３,20.55,都市：其他:道路用地,,,1091114,土地2建物1車位1,十一層,十五層,住宅大樓(11層含以上有電梯),住家用,鋼筋混凝土造,0830504,122.65,3,2,2,有,有,3100000,25275,坡道機械,0.0,0,親友、員工、共有人或其他特殊關係間之交易；,RPWNMLOKKIPFFKD07EA,81.14,1.76,7.82,有,
後壁區,土地,長短樹段4692地號,2022.0,,特定農業區,農牧用地,1091214,土地1建物0車位0,,,其他,,,,0.0,0,0,0,有,無,2527500,1250,,0.0,0,,RPPNMLRKKIPFFED68EA,0.0,0.0,0.0,無,
麻豆區,土地,麻安段660-1地號,52.05,都市：其他:農業區,,,1091119,土地1建物0車位0,,,其他,,,,0.0,0,0,0,有,無,442425,8500,,0.0,0,政府機關標讓售；,RPRNMLLKKIPFFFD38EA,0.0,0.0,0.0,無,
善化區,土地,善中段1674地號,684.16,都市：其他:計畫道路用地,,,1091208,土地3建物0車位0,,,其他,,,,0.0,0,0,0,有,無,4162672,6084,,0.0,0,包含公共設施保留地用地；,RPQNMLQKKIPFFHD98EA,0.0,0.0,0.0,無,0130
善化區,土地,善文段467地號,166.9,都市：其他:計畫道路用地,,,1091207,土地1建物0車位0,,,其他,,,,0.0,0,0,0,有,無,2280500,13664,,0.0,0,政府機關標讓售；,RPWNMLQKKIPFFHD96EA,0.0,0.0,0.0,無,
安定區,土地,港子尾段981-3地號,540.0,都市：其他:農業區,,,1091208,土地1建物0車位0,,,其他,,,,0.0,0,0,0,有,無,3105000,5750,,0.0,0,,RPPNMLSKKIPFFHD09EA,0.0,0.0,0.0,無,
佳里區,土地,港墘段24地號,2447.0,,特定農業區,農牧用地,1091113,土地2建物0車位0,,,其他,,,,0.0,0,0,0,有,無,3000000,1226,,0.0,0,,RPQNMLOKKIPFFGD68EA,0.0,0.0,0.0,無,
學甲區,土地,信義段88地號,265.01,都市：其他:計畫道路用地,,,1091020,土地4建物0車位0,,,其他,,,,0.0,0,0,0,有,無,600000,2264,,0.0,0,親友、員工、共有人或其他特殊關係間之交易；未登記建物；,RPRNMLQKJIPFFGD88EA,0.0,0.0,0.0,無,
南化區,土地,中坑段105-1地號,1024.5,,山坡地保育區,農牧用地,1091211,土地1建物0車位0,,,其他,,,,0.0,0,0,0,有,無,260000,254,,0.0,0,,RPPNMLQKKIPFFJD09EA,0.0,0.0,0.0,無,0131
永康區,土地,永和段1203地號,561.22,都市：其他:道路用地,,,1090914,土地1建物0車位0,,,其他,,,,0.0,0,0,0,有,無,8524932,15190,,0.0,0,包含公共設施保留地用地；,RPPNMLRJKIPFFKD56EA,0.0,0.0,0.0,無,
歸仁區,房地(土地+建物),看東里成功六街１６號,39.5,都市：其他:住宅區,,,1091206,土地2建物1車位0,全,二層,透天厝,住商用,加強磚造,0680620,51.15,4,2,2,有,無,1700000,33236,,0.0,0,親友、員工、共有人或其他特殊關係間之交易；急買急賣；,RPSOMLQLJIPFFID76EA,51.15,0.0,0.0,無,0132
新營區,房地(土地+建物),忠政里１鄰中正路３１巷５６號,46.36,都市：其他:住宅區,,,1091211,土地1建物1車位0,全,三層,透天厝,住家用,鋼筋混凝土造,05811,100.86,3,1,3,有,無,2300000,22804,,0.0,0,,RPRNMLRKKIPFFDD78EA,100.86,0.0,0.0,無,
新營區,房地(土地+建物),府西路２０２巷５０號,91.15,都市：其他:住宅區,,,1080130,土地1建物1車位0,全,三層,透天厝,住家用,鋼筋混凝土造,1090622,198.95,4,2,4,有,無,10680000,53682,,0.0,0,,RPSNMLRKKIPFFDD88EA,192.14,0.0,6.8,無,
新營區,房地(土地+建物),民生路２０８巷１６號,89.22,都市：其他:住宅區,,,1091204,土地1建物1車位0,全,五層,透天厝,住家用,鋼筋混凝土造,0820813,248.29,6,3,7,有,無,7000000,28193,,0.0,0,,RPTNMLRKKIPFFDD98EA,233.81,0.0,14.48,無,
南區,土地,南豐段27地號,945.35,都市：其他:農業區,,,1091124,土地1建物0車位0,,,其他,,,,0.0,0,0,0,有,無,11781898,12463,,0.0,0,,RPQNMLRKKIPFFCD58EA,0.0,0.0,0.0,無,0133
安南區,土地,新順段845地號,53.49,都市：其他:農業區,,,1091208,土地1建物0車位0,,,其他,,,,0.0,0,0,0,有,無,680000,12713,,0.0,0,,RPRNMLQKKIPFFBD48EA,0.0,0.0,0.0,無,
永康區,房地(土地+建物),正強街２３３號,97.0,都市：其他:住宅區,,,1091123,土地1建物1車位0,全,四層,透天厝,見其他登記事項,見其他登記事項,1031217,271.29,7,1,8,有,無,22800000,84043,,0.0,0,頂樓加蓋；其他增建；含租約；,RPQOMLOKKIPFFKD09DA,259.33,0.0,11.96,無,
永康區,土地,鹽東段1876地號,33.03,都市：其他:道路用地,,,1091201,土地1建物0車位0,,,其他,,,,0.0,0,0,0,有,無,595597,18032,,0.0,0,包含公共設施保留地用地；,RPSOMLOKKIPFFKD66DA,0.0,0.0,0.0,無,0134
永康區,土地,鹽新段339地號,143.57,都市：其他:道路用地,,,1091206,土地2建物0車位0,,,其他,,,,0.0,0,0,0,有,無,1200000,8358,,0.0,0,包含公共設施保留地用地；,RPXOMLOKKIPFFKD17DA,0.0,0.0,0.0,無,0135
永康區,房地(土地+建物)+車位,大灣東路６１３號四樓之５,42.52,都市：其他:住宅區,,,1080417,土地1建物1車位1,四層,五層,華廈(10層含以下有電梯),見其他登記事項,見其他登記事項,1090819,134.39,3,2,2,有,有,6750000,50000,一樓平面,19.39,1000000,預售屋、或土地及建物分次登記案件；,RPUNMLLKKIPFFKD09DA,71.54,0.0,11.42,有,
永康區,房地(土地+建物)+車位,永康里中山路１２號五樓之３,23.96,都市：其他:道路用地,,,1091005,土地2建物1車位1,五層,八層,華廈(10層含以下有電梯),住家用,鋼筋混凝土造,0860523,137.19,3,2,2,有,有,5750000,41913,坡道機械,10.74,0,,RPWOMLLKKIPFFKD76DA,85.52,0.0,8.46,有,0136
永康區,房地(土地+建物),復華里復華八街４７巷２７號六樓之１０,6.12,都市：其他:住宅區,,,1091108,土地1建物1車位0,六層,六層,華廈(10層含以下有電梯),住家用,鋼筋混凝土造,0850305,31.14,1,0,1,有,有,1020000,32755,,0.0,0,,RPPQMLLKKIPFFKD88DA,20.28,1.12,0.0,有,
永康區,房地(土地+建物)+車位,中華路７巷８號七樓之３,10.28,都市：其他:住宅區,,,1091012,土地1建物1車位1,七層,十九層,住宅大樓(11層含以上有電梯),見其他登記事項,見其他登記事項,1010817,141.98,2,2,2,有,有,9800000,69024,坡道機械,10.33,0,,RPPPMLPKKIPFFKD56DA,79.62,0.0,7.79,有,
永康區,房地(土地+建物),復國二路３０３巷１７號,73.71,都市：其他:住宅區,,,1091106,土地1建物1車位0,全,四層,透天厝,住家用,鋼筋混凝土造,0820903,165.87,5,2,4,有,無,12900000,77772,,0.0,0,土地成交價:1092萬 建物成交價:198萬含裝潢費；含傢俱設備費；頂樓加蓋；,RPRPMLPKKIPFFKD76DA,148.77,0.0,17.1,無,0137
永康區,土地,蜈蜞潭段2188-3地號,686.0,都市：其他:公園兼兒童遊樂場用地,,,1091203,土地1建物0車位0,,,其他,,,,0.0,0,0,0,有,無,8937894,13029,,0.0,0,包含公共設施保留地用地；,RPSPMLPKKIPFFKD86DA,0.0,0.0,0.0,無,0138
永康區,房地(土地+建物)+車位,東橋五路１０９號七樓,15.92,都市：其他:商業區,,,1091121,土地1建物1車位1,七層,二十三層,住宅大樓(11層含以上有電梯),住家用,見其他登記事項,1051026,137.24,2,1,2,有,有,9100000,66307,坡道平面,27.63,0,,RPVNMLQKKIPFFKD07DA,62.6,4.14,3.15,有,
永康區,房地(土地+建物)+車位,鹽行里新行街１３１號八樓之３,10.92,都市：其他:住宅區,,,1091203,土地1建物1車位1,八層,十六層,住宅大樓(11層含以上有電梯),住家用,鋼筋混凝土造,0820827,112.06,3,1,2,有,有,2200000,19632,坡道平面,0.0,0,,RPWNMLQKKIPFFKD17DA,73.35,0.0,12.33,有,
永康區,房地(土地+建物),復華里復華八街４７巷５５號,8.03,都市：其他:住宅區,,,1091117,土地1建物1車位0,一層,六層,華廈(10層含以下有電梯),商業用,鋼筋混凝土造,0850426,46.21,2,2,1,有,有,2000000,43281,,0.0,0,親友、員工、共有人或其他特殊關係間之交易；,RPTNMLQKKIPFFKD86DA,26.86,0.0,4.92,有,
永康區,房地(土地+建物),正強街３０７巷２２號,82.87,都市：其他:住宅區,,,1091025,土地2建物1車位0,全,四層,透天厝,住家用,鋼筋混凝土造,0800204,206.65,4,1,2,有,無,6000000,29035,,0.0,0,親友、員工、共有人或其他特殊關係房東房客間之交易,RPWOMLQKKIPFFKD27DA,168.7,16.5,21.45,無,
永康區,房地(土地+建物)+車位,勝學路２４１號十二樓之１,14.79,都市：其他:住宅區,,,1091016,土地1建物1車位1,十二層,十三層,住宅大樓(11層含以上有電梯),住家用,鋼筋混凝土造,0880701,137.07999999999998,4,2,2,有,有,7350000,53614,坡道機械,12.52,0,,RPOOMLLLKIPFFKD68DA,80.75,1.16,10.93,有,0139
永康區,房地(土地+建物)+車位,大灣東路６１３號二樓之５,42.64,都市：其他:住宅區,,,1081006,土地1建物1車位1,二層,五層,華廈(10層含以下有電梯),見其他登記事項,見其他登記事項,1090819,134.39,3,2,2,有,有,6700000,49855,一樓平面,0.0,1000000,預售屋、或土地及建物分次登記案件；,RPRNMLLKKIPFFKD78DA,71.54,0.0,11.42,有,
永康區,土地,蜈蜞潭段2065-2地號,856.25,都市：其他:道路用地,,,1091125,土地10建物0車位0,,,其他,,,,0.0,0,0,0,有,無,15898461,18568,,0.0,0,包含公共設施保留地用地；,RPPPMLOJKIPFFKD98DA,0.0,0.0,0.0,無,0140
永康區,土地,北灣段122地號,43.47,都市：其他:住宅區,,,1091015,土地1建物0車位0,,,其他,,,,0.0,5,3,4,有,無,4000000,92017,,0.0,0,親友、員工、共有人或其他特殊關係間之交易；未登記建物；,RPUQMLMKJIPFFKD76DA,0.0,0.0,0.0,無,
永康區,房地(土地+建物),中山東路４７２巷１弄１號,202.11,都市：其他:住宅區,,,1091127,土地2建物1車位0,全,一層,透天厝,住家用,磚造,0631200,62.07,3,2,2,有,無,15500000,249718,,0.0,0,其他增建；,RPROMLRLJIPFFKD86DA,62.07,0.0,0.0,無,
仁德區,房地(土地+建物)+車位,上崙里德崙路４４２巷３５弄６號四樓之３,28.65,都市：其他:農業區,,,1090922,土地3建物1車位1,四層,十四層,住宅大樓(11層含以上有電梯),見其他登記事項,鋼筋混凝土造,1041230,149.05,3,2,2,有,有,6300000,42268,坡道平面,29.19,0,,RPVOMLOKKIPFFID76DA,75.51,0.0,8.36,有,
歸仁區,土地,媽祖廟段一小段282地號,1546.0,,一般農業區,農牧用地,1091115,土地1建物0車位0,,,其他,,,,0.0,0,0,0,有,無,11160000,7219,,0.0,0,,RPQNMLRKKIPFFID09DA,0.0,0.0,0.0,無,
仁德區,房地(土地+建物),正義二街１２４號,103.96,都市：其他:住宅區,,,1091103,土地2建物1車位0,全,四層,透天厝,住家用,鋼筋混凝土造,0811118,229.97,4,2,4,有,無,8000000,34787,,0.0,0,親友、員工、共有人或其他特殊關係間之交易；,RPWNMLPKKIPFFID86DA,214.55,0.0,15.42,無,
龍崎區,土地,龍船段498地號,306.0,,山坡地保育區,丙種建築用地,1091029,土地1建物0車位0,,,其他,,,,0.0,0,0,0,有,無,150000,490,,0.0,0,地清或未辦繼承標售；,RPUNMLRKKIPFFID86DA,0.0,0.0,0.0,無,
關廟區,房地(土地+建物),大仁街２３５巷２１之１號,69.55,都市：其他:住宅區,,,1090809,土地2建物1車位0,全,四層,透天厝,見其他登記事項,見其他登記事項,1090721,169.68,4,2,4,有,無,7900000,46558,,0.0,0,未登記建物；,RPUOMLTLRHPFFID87DA,160.13,0.0,9.55,無,
關廟區,房地(土地+建物),大仁街２３５巷２１號,71.55,都市：其他:住宅區,,,1091016,土地2建物1車位0,全,四層,透天厝,見其他登記事項,見其他登記事項,1090721,172.32,4,2,4,有,無,7950000,46135,,0.0,0,未登記建物；,RPROMLTKJIPFFID76DA,162.61,0.0,9.71,無,
善化區,土地,北子店段二小段486地號,2817.0,,特定農業區,農牧用地,1091025,土地2建物0車位0,,,其他,,,,0.0,0,0,0,有,無,9859500,3500,,0.0,0,,RPXOMLLKKIPFFHD56DA,0.0,0.0,0.0,無,
新市區,土地,橋頭段210-53地號,1000.0,都市：其他:農業區,,,1091014,土地1建物0車位0,,,其他,,,,0.0,0,0,0,有,無,17995570,17996,,0.0,0,,RPVNMLOKKIPFFHD56DA,0.0,0.0,0.0,無,
新市區,土地,橋頭段210-54地號,1612.0,都市：其他:農業區,,,1091014,土地1建物0車位0,,,其他,,,,0.0,0,0,0,有,無,29008860,17996,,0.0,0,,RPWNMLOKKIPFFHD66DA,0.0,0.0,0.0,無,
安定區,土地,蘇安段304-2地號,1160.57,,特定農業區,農牧用地,1091112,土地1建物0車位0,,,其他,,,,0.0,0,0,0,有,無,6000000,5170,,0.0,0,,RPSNMLOKKIPFFHD88DA,0.0,0.0,0.0,無,0141
新市區,土地,橋頭段210-43地號,1000.0,都市：其他:農業區(供申請變更開發為生活服務區),,,1091014,土地1建物0車位0,,,其他,,,,0.0,0,0,0,有,無,17995570,17996,,0.0,0,,RPTNMLOKKIPFFHD98DA,0.0,0.0,0.0,無,
新市區,房地(土地+建物),中山路７８巷６１號,139.42,都市：其他:住宅區,,,1091025,土地1建物1車位0,全,二層,透天厝,住商用,加強磚造,0720323,122.22,6,2,2,有,無,6320000,51710,,0.0,0,,RPSOMLQKKIPFFHD56DA,112.59,0.0,9.63,無,
新市區,土地,潭頂段869地號,3898.0,,一般農業區,農牧用地,1091106,土地1建物0車位0,,,其他,,,,0.0,0,0,0,有,無,7090462,1819,,0.0,0,親友、員工、共有人或其他特殊關係間之交易；,RPTOMLQKKIPFFHD66DA,0.0,0.0,0.0,無,
新市區,房地(土地+建物)+車位,富中街２６９號三樓之７,24.95,都市：其他:住宅區,,,1091028,土地1建物1車位1,三層,十二層,住宅大樓(11層含以上有電梯),見其他登記事項,鋼筋混凝土造,1060327,149.27,4,2,4,有,有,7000000,46895,坡道平面,26.04,0,親友、員工、共有人或其他特殊關係間之交易；,RPVPMLPKKIPFFHD86DA,69.78,0.0,8.76,有,
新市區,房地(土地+建物)+車位,永華二街７號七樓,51.5,,特定專用區,甲種建築用地,1091121,土地2建物1車位1,七層,八層,華廈(10層含以下有電梯),住家用,鋼筋混凝土造,0860825,155.88,3,2,2,有,有,4000000,25661,坡道平面,0.0,0,,RPPOMLQKKIPFFHD88DA,96.32,0.0,12.33,有,
山上區,房地(土地+建物),明和８３號之５,92.96,都市：其他:住宅區,,,1091103,土地3建物1車位0,全,二層,透天厝,住家用,加強磚造,0771022,103.48,3,2,2,有,無,3700000,35756,,0.0,0,,RPOPMLOKKIPFFHD68DA,103.48,0.0,0.0,無,
新市區,房地(土地+建物),光華街１８８巷２７號,89.7,都市：其他:住宅區,,,1091116,土地2建物1車位0,全,四層,透天厝,住家用,鋼筋混凝土造,1030925,197.99,7,0,7,有,無,11500000,58084,,0.0,0,陽台外推；頂樓加蓋；其他增建；,RPWOMLOKKIPFFHD76DA,174.89,0.0,23.1,無,
安定區,土地,蘇厝段1509地號,1960.0,都市：其他:農業區(供申請變更開發為產業支援區),,,1091020,土地1建物0車位0,,,其他,,,,0.0,0,0,0,有,無,37000000,18878,,0.0,0,,RPQQMLPKKIPFFHD09DA,0.0,0.0,0.0,無,0142
新市區,土地,大社段1986-2地號,152.0,,鄉村區,乙種建築用地,1091211,土地2建物0車位0,,,其他,,,,0.0,0,0,0,有,無,4356000,28658,,0.0,0,,RPOOMLRKKIPFFHD88DA,0.0,0.0,0.0,無,
善化區,土地,大成段29地號,154.32,都市：其他:住宅區,,,1091130,土地4建物0車位0,,,其他,,,,0.0,0,0,0,有,無,12700000,82297,,0.0,0,親友、員工、共有人或其他特殊關係間之交易；,RPRNMLSKKIPFFHD56DA,0.0,0.0,0.0,無,
善化區,房地(土地+建物),小新營１０２之１３號二樓之２,33.55,都市：其他:住宅區,,,1091206,土地1建物1車位0,二層,六層,華廈(10層含以下有電梯),見其他登記事項,鋼筋混凝土造,1091019,100.58000000000001,3,2,2,有,有,4710000,46828,,0.0,0,預售屋、或土地及建物分次登記案件；,RPQNMLTJKIPFFHD09DA,71.38,0.0,5.77,有,
善化區,土地,善文段273地號,16.85,都市：其他:計畫道路用地,,,1091208,土地1建物0車位0,,,其他,,,,0.0,0,0,0,有,無,555376,32960,,0.0,0,包含公共設施保留地用地；,RPRNMLTJKIPFFHD56DA,0.0,0.0,0.0,無,0143
善化區,房地(土地+建物),小新營１０２之１３號二樓之５,31.24,都市：其他:住宅區,,,1091206,土地1建物1車位0,二層,六層,華廈(10層含以下有電梯),見其他登記事項,鋼筋混凝土造,1091019,95.22,3,2,2,有,有,4460000,46839,,0.0,0,預售屋、或土地及建物分次登記案件；,RPSNMLTJKIPFFHD66DA,66.02,0.0,5.77,有,
善化區,房地(土地+建物),小新營１０２之１３號三樓之１,31.16,都市：其他:住宅區,,,1091206,土地1建物1車位0,三層,六層,華廈(10層含以下有電梯),見其他登記事項,鋼筋混凝土造,1091019,95.07000000000001,3,2,2,有,有,4450000,46808,,0.0,0,預售屋、或土地及建物分次登記案件；,RPTNMLTJKIPFFHD76DA,66.1,0.0,5.77,有,
善化區,房地(土地+建物),小新營１０２之１５號二樓之２,33.16,都市：其他:住宅區,,,1091206,土地1建物1車位0,二層,六層,華廈(10層含以下有電梯),見其他登記事項,鋼筋混凝土造,1091019,96.78,3,2,2,有,有,4530000,46807,,0.0,0,預售屋、或土地及建物分次登記案件；,RPUNMLTJKIPFFHD86DA,70.52,0.0,5.77,有,
善化區,土地,善文段474地號,48.94,都市：其他:計畫道路用地,,,1091208,土地1建物0車位0,,,其他,,,,0.0,0,0,0,有,無,626432,12800,,0.0,0,包含公共設施保留地用地；,RPVNMLTJKIPFFHD96DA,0.0,0.0,0.0,無,0144
新化區,房地(土地+建物),頂山５３之５８號,3653.0,,特定農業區,農牧用地,1091112,土地1建物1車位0,全,一層,透天厝,農舍,見其他登記事項,1040303,285.55,1,2,2,有,無,28500000,99807,,0.0,0,土地上農業設施為擋土牆農業設施；,RPOPMLOLJIPFFHD68DA,285.55,0.0,0.0,無,0145
新市區,土地,北社內段1202地號,2513.29,都市：其他:農業區,,,1091121,土地1建物0車位0,,,其他,,,,0.0,0,0,0,有,無,15079700,6000,,0.0,0,,RPTTMLMJKIPFFHD66DA,0.0,0.0,0.0,無,
新市區,土地,福壽段1144地號,34.31,都市：其他:住宅區,,,1090727,土地1建物0車位0,,,其他,,,,0.0,0,0,0,有,無,3974977,115855,,0.0,0,1.本案所發生之土地增值稅.規費.印花稅.簽約.登錄.代書費均由買方負擔。2.本筆土地係畸零地。親友、員工、共有人或其他特殊關係間之交易；,RPVOMLKLIIPFFHD78DA,0.0,0.0,0.0,無,
新市區,土地,大洲段234-6地號,573.78,,鄉村區,乙種建築用地,1091010,土地2建物0車位0,,,其他,,,,0.0,0,0,0,有,無,18550000,32329,,0.0,0,,RPWPMLSKJIPFFHD17DA,0.0,0.0,0.0,無,
七股區,土地,後港段1149地號,3041.02,,特定農業區,農牧用地,1091003,土地3建物0車位0,,,其他,,,,0.0,0,0,0,有,無,5600000,1841,,0.0,0,,RPPNMLQLJIPFFGD68DA,0.0,0.0,0.0,無,
北門區,土地,渡子頭段163-1地號,3417.0,,一般農業區,農牧用地,1091120,土地1建物0車位0,,,其他,,,,0.0,0,0,0,有,無,2300000,673,,0.0,0,,RPPNMLPKKIPFFGD58DA,0.0,0.0,0.0,無,
北門區,土地,仁里段117地號,17.14,,鄉村區,乙種建築用地,1091029,土地1建物0車位0,,,其他,,,,0.0,0,0,0,有,無,54900,3203,,0.0,0,畸零地或有合併使用效益；地清或未辦繼承標售；,RPSNMLQKKIPFFGD98DA,0.0,0.0,0.0,無,
北門區,土地,保吉段251地號,139.46,都市：其他:商業區,,,1091029,土地2建物0車位0,,,其他,,,,0.0,0,0,0,有,無,818889,5872,,0.0,0,地清或未辦繼承標售；,RPUOMLPKKIPFFGD56DA,0.0,0.0,0.0,無,
將軍區,土地,口寮段56-6地號,236.0,,一般農業區,甲種建築用地,1091117,土地2建物0車位0,,,其他,,,,0.0,0,0,0,有,無,1500000,6356,,0.0,0,,RPWOMLPKKIPFFGD76DA,0.0,0.0,0.0,無,
將軍區,房地(土地+建物),長榮８９之２１號,157.38,都市：其他:住宅區,,,1091022,土地2建物1車位0,全,二層,透天厝,見其他登記事項,鋼筋混凝土造,1090219,138.73,4,2,2,有,無,6300000,45412,,0.0,0,,RPQOMLPKKIPFFGD78DA,134.43,0.0,4.3,無,
七股區,土地,新篤加段941地號,10284.01,,一般農業區,養殖用地,1091209,土地2建物0車位0,,,其他,,,,0.0,0,0,0,有,無,17000000,1653,,0.0,0,,RPWNMLQKKIPFFGD76DA,0.0,0.0,0.0,無,
學甲區,土地,學甲段93地號,153.0,,鄉村區,乙種建築用地,1091029,土地1建物0車位0,,,其他,,,,0.0,0,0,0,有,無,320000,2092,,0.0,0,地清或未辦繼承標售；,RPOOMLQKKIPFFGD68DA,0.0,0.0,0.0,無,0146
將軍區,房地(土地+建物),長榮２３１之６號,123.6,都市：其他:住宅區,,,1091125,土地1建物1車位0,全,三層,透天厝,見其他登記事項,鋼筋混凝土造,1081121,204.78,4,2,3,有,無,8000000,39066,,0.0,0,,RPQOMLQKKIPFFGD88DA,197.85,0.0,6.93,無,
佳里區,房地(土地+建物),佳北路３５５號,114.19,都市：其他:住宅區,,,1091122,土地1建物1車位0,全,四層,透天厝,見其他登記事項,鋼筋混凝土造,0950810,271.27,5,3,6,有,無,15000000,55295,,0.0,0,,RPSOMLQKKIPFFGD09DA,238.86,0.0,32.41,無,
麻豆區,土地,莊禮段26-11地號,56.0,,特定農業區,交通用地,1091113,土地1建物0車位0,,,其他,,,,0.0,0,0,0,有,無,386400,6900,,0.0,0,政府機關標讓售；,RPSNMLLKKIPFFFD38DA,0.0,0.0,0.0,無,
白河區,土地,埤子頭段埤子頭小段1057地號,2080.0,,特定農業區,農牧用地,1091112,土地1建物0車位0,,,其他,,,,0.0,0,0,0,有,無,2281723,1097,,0.0,0,,RPPNMLMKKIPFFED08DA,0.0,0.0,0.0,無,
東山區,土地,前大埔段1008-6地號,75.0,,鄉村區,乙種建築用地,1091110,土地1建物0車位0,,,其他,,,,0.0,0,0,0,有,無,850000,11333,,0.0,0,,RPPNMLNKJIPFFED08DA,0.0,0.0,0.0,無,
後壁區,土地,長短樹段2215地號,2000.0,,特定農業區,農牧用地,1091209,土地1建物0車位0,,,其他,,,,0.0,0,0,0,有,無,2980000,1490,,0.0,0,,RPRNMLRKKIPFFED78DA,0.0,0.0,0.0,無,
後壁區,土地,白沙屯段2308地號,1800.0,,特定農業區,農牧用地,1091209,土地1建物0車位0,,,其他,,,,0.0,0,0,0,有,無,1890000,1050,,0.0,0,,RPSNMLRKKIPFFED88DA,0.0,0.0,0.0,無,0147
白河區,房地(土地+建物),三間厝４０１號,90.0,,特定農業區,甲種建築用地,1090925,土地1建物1車位0,全,三層,透天厝,住家用,鋼筋混凝土造,0810421,184.17,3,1,3,有,無,3800000,20633,,0.0,0,,RPTNMLRKKIPFFED98DA,162.4,6.11,15.66,無,
東山區,土地,崎子頭段157-4地號,1426.0,,山坡地保育區,農牧用地,1091029,土地1建物0車位0,,,其他,,,,0.0,0,0,0,有,無,460000,323,,0.0,0,地清或未辦繼承標售；,RPVNMLRKKIPFFED56DA,0.0,0.0,0.0,無,
麻豆區,房地(土地+建物),大山７１之２６號,124.93,都市：其他:第三種住宅區。,,,1090329,土地3建物1車位0,全,三層,透天厝,住家用,見其他登記事項,1090728,164.08,4,2,4,有,無,6800000,41443,,0.0,0,預售屋、或土地及建物分次登記案件；,RPUNMLQKKIPFFFD09DA,150.1,0.0,13.98,無,
麻豆區,房地(土地+建物),大山７１之１７號,107.24,都市：其他:第三種住宅區。,,,1090105,土地5建物1車位0,全,三層,透天厝,住家用,見其他登記事項,1090728,152.72,4,2,3,有,無,6060000,39680,,0.0,0,預售屋、或土地及建物分次登記案件；,RPVNMLQKKIPFFFD56DA,139.11,0.0,13.61,無,
麻豆區,房地(土地+建物),大山７１之３２號,128.82,都市：其他:第三種住宅區。,,,1091020,土地2建物1車位0,全,三層,透天厝,住家用,見其他登記事項,1090728,174.37,4,2,4,有,無,7120000,40833,,0.0,0,,RPWNMLQKKIPFFFD66DA,159.87,0.0,14.5,無,
六甲區,土地,信義段774地號,536.03,都市：其他:住宅區,,,1091104,土地1建物0車位0,,,其他,,,,0.0,0,0,0,有,無,13214410,24652,,0.0,0,,RPVNMLPKKIPFFFD09DA,0.0,0.0,0.0,無,
新營區,房地(土地+建物),復興路６２０巷３９弄５２號三之六樓,15.14,都市：其他:住宅區,,,1091209,土地1建物1車位0,三層,六層,華廈(10層含以下有電梯),住家用,鋼筋混凝土造,0810617,71.91,1,1,1,有,有,1000000,13906,,0.0,0,本件土地增值稅由買方負擔。,RPQNMLKKKIPFFDD87DA,38.93,0.0,7.21,有,
鹽水區,土地,仁光段541地號,142.41,,鄉村區,乙種建築用地,1091202,土地3建物0車位0,,,其他,,,,0.0,0,0,0,有,無,530000,3722,,0.0,0,,RPPOMLPKKIPFFDD38DA,0.0,0.0,0.0,無,0148
新營區,土地,周武段1380地號,2125.76,都市：其他:住宅區,,,1090917,土地5建物0車位0,,,其他,,,,0.0,0,0,0,有,無,80366300,37806,,0.0,0,,RPVNMLOKKIPFFDD78DA,0.0,0.0,0.0,無,
新營區,房地(土地+建物),南紙里６鄰南紙街１３５巷６號,72.05,都市：其他:住宅區,,,1091107,土地1建物1車位0,全,二層,透天厝,住家用,加強磚造,0700423,96.45,4,2,2,有,無,2500000,25920,,0.0,0,頂樓加蓋；其他增建；,RPSOMLOKKIPFFDD58DA,96.45,0.0,0.0,無,
南區,房地(土地+建物)+車位,水交社路２０巷１２號五樓之３,19.48,都市：其他:住宅區,,,1091121,土地3建物1車位1,五層,七層,華廈(10層含以下有電梯),見其他登記事項,鋼筋混凝土造,1051201,112.50999999999999,2,2,1,有,有,7450000,66216,坡道平面,25.33,0,,RPUOMLNLJIPFFCD58DA,48.82,2.1,4.37,有,0149
東區,房地(土地+建物)+車位,長榮路二段２４巷６４號七樓之２,28.41,都市：其他:第五種住宅區,,,1091027,土地2建物1車位1,七層,七層,華廈(10層含以下有電梯),住家用,鋼筋混凝土造,0830216,160.39,3,2,2,有,有,6930000,43207,升降平面,0.0,0,頂樓加蓋；,RPVOMLKKKIPFFCD38DA,98.24,0.0,6.95,有,
南區,房地(土地+建物),中華西路一段１１１號三樓之３,13.43,都市：其他:主要計畫道路用地,,,1091205,土地2建物1車位0,三層,七層,華廈(10層含以下有電梯),住家用,鋼筋混凝土造,0701226,66.4,2,2,1,有,有,2800000,42169,,0.0,0,包含公共設施保留地用地；,RPXOMLSJKIPFFCD66DA,52.16,0.0,8.3,有,0150
東區,房地(土地+建物)+車位,德昌路６６號三樓之２,68.3,都市：其他:第五種住宅區,,,1091022,土地1建物1車位2,三層,十三層,住宅大樓(11層含以上有電梯),見其他登記事項,見其他登記事項,1080131,329.58000000000004,4,2,3,有,有,28000000,91819,坡道平面,63.84,3600000,土地價款:10980000元建物價款:13420000元,RPROMLTJKIPFFCD78DA,161.84,0.0,21.94,有,
南區,房地(土地+建物),尊南街２５３號二樓之７,18.09,都市：其他:住宅區,,,1091126,土地1建物1車位0,二層,五層,華廈(10層含以下有電梯),住家用,鋼筋混凝土造,0771107,66.04,2,1,2,有,有,2950000,44670,,0.0,0,,RPTOMLLKKIPFFCD28DA,49.41,0.0,7.4,有,0151
東區,房地(土地+建物),崇德三十街３號四樓,49.78,都市：其他:第五種住宅區,,,1091114,土地3建物1車位0,四層,四層,公寓(5樓含以下無電梯),住家用,鋼筋混凝土造,0701013,122.9,3,2,1,有,無,3000000,24410,,0.0,0,,RPOOMLOKKIPFFCD08DA,88.47,0.0,7.0,無,
南區,房地(土地+建物),府緯街１３２號十樓之６,5.79,都市：其他:住宅區,,,1091201,土地1建物1車位0,十層,十三層,住宅大樓(11層含以上有電梯),住家用,鋼筋混凝土造,0830521,30.91,1,0,1,有,有,1500000,48528,,0.0,0,,RPWOMLOKKIPFFCD88DA,19.8,1.31,2.77,有,
南區,土地,南豐段211地號,132.04,都市：其他:農業區,,,1091028,土地1建物0車位0,,,其他,,,,0.0,0,0,0,有,無,1120000,8482,,0.0,0,親友、員工、共有人或其他特殊關係間之交易；,RPQOMLPKKIPFFCD38DA,0.0,0.0,0.0,無,0152
南區,土地,南豐段211-1地號,131.87,都市：其他:農業區,,,1091028,土地1建物0車位0,,,其他,,,,0.0,0,0,0,有,無,1120000,8493,,0.0,0,親友、員工、共有人或其他特殊關係間之交易；,RPROMLPKKIPFFCD48DA,0.0,0.0,0.0,無,
南區,房地(土地+建物),大林路５５巷１３弄１５號,80.68,都市：其他:住宅區,,,1091128,土地2建物1車位0,全,四層,透天厝,見其他登記事項,鋼筋混凝土造,0960627,219.28,4,3,4,有,有,13100000,59741,,0.0,0,,RPTOMLPKKIPFFCD68DA,207.03,0.0,12.14,無,
東區,土地,中和段318地號,48.73,都市：其他:細部計畫道路用地,,,1091127,土地3建物0車位0,,,其他,,,,0.0,0,0,0,有,無,939364,19277,,0.0,0,包含公共設施保留地用地；,RPUOMLPKKIPFFCD78DA,0.0,0.0,0.0,無,0153
東區,房地(土地+建物),怡東路７２巷３號五樓,36.09,都市：其他:細部計畫道路用地,,,1091101,土地2建物1車位0,五層,五層,公寓(5樓含以下無電梯),住家用,鋼筋混凝土造,0721216,132.91,6,3,3,有,無,4880000,36717,,0.0,0,未登記建物；,RPVOMLPKKIPFFCD88DA,107.7,0.0,9.76,無,
南區,房地(土地+建物),大同路二段７２６巷８之２號,37.43,都市：其他:住宅區,,,1091202,土地1建物1車位0,三層,五層,公寓(5樓含以下無電梯),住家用,鋼筋混凝土造,0750628,115.02000000000001,3,2,2,有,無,1287437,11193,,0.0,0,親友、員工、共有人或其他特殊關係間之交易；,RPPNMLQKKIPFFCD28DA,80.31,0.0,9.36,無,
東區,房地(土地+建物),崇德二十二街５４號,116.0,都市：其他:第五種住宅區,,,1091105,土地1建物1車位0,全,五層,透天厝,住家用,鋼筋混凝土造,0830725,358.18,5,3,7,有,無,25880000,72254,,0.0,0,,RPQNMLQKKIPFFCD38DA,311.36,21.15,25.67,有,
南區,房地(土地+建物)+車位,中華西路一段１０９巷７４號五樓之１,39.78,都市：其他:住宅區,,,1091020,土地1建物1車位1,五層,六層,華廈(10層含以下有電梯),住家用,鋼筋混凝土造,0810509,230.84,5,2,3,有,有,7780000,33703,升降平面,0.0,0,陽台外推；,RPTNMLPKKIPFFCD58DA,158.05,0.0,11.32,有,
東區,房地(土地+建物)+車位,崇仁街６６巷２１號四樓,11.2,都市：其他:副都心商業區,,,1091115,土地1建物1車位1,四層,十四層,住宅大樓(11層含以上有電梯),住家用,鋼筋混凝土造,0960906,127.73,3,2,2,有,有,9200000,72027,坡道平面,29.92,0,,RPUNMLPKKIPFFCD68DA,64.23,0.0,5.22,有,
南區,土地,鹽埕段255-1地號,353.0,都市：其他:住宅區,,,1091204,土地1建物0車位0,,,其他,,,,0.0,0,0,0,有,無,20099999,56941,,0.0,0,政府機關標讓售；,RPVOMLQKKIPFFCD98DA,0.0,0.0,0.0,無,
安南區,土地,十二佃段86地號,2372.26,都市：其他:工業區,,,1091117,土地1建物0車位0,,,其他,,,,0.0,0,0,0,有,無,42418145,17881,,0.0,0,政府機關標讓售；,RPPNMLKKKIPFFBD57DA,0.0,0.0,0.0,無,
安南區,土地,州南段1087-3地號,495.03,都市：其他:農業區,,,1090904,土地2建物0車位0,,,其他,,,,0.0,0,0,0,有,無,5250000,10605,,0.0,0,親友、員工、共有人或其他特殊關係間之交易；,RPTOMLOKKIPFFBD48DA,0.0,0.0,0.0,無,
安南區,房地(土地+建物),大眾六街１４８巷３９弄２號,834.81,都市：其他:住宅區,,,1090816,土地2建物1車位0,全,一層,透天厝,住家用,鋼造,0851012,97.36,2,2,3,有,無,15300000,157149,,0.0,0,,RPVPMLLKKIPFFBD48DA,97.36,0.0,0.0,無,
安南區,房地(土地+建物),永續十八街１９２號,91.0,都市：其他:住宅區,,,1071230,土地2建物1車位0,全,四層,透天厝,見其他登記事項,鋼筋混凝土造,1090721,191.9,4,2,4,有,無,13280000,69203,,0.0,0,,RPQPMLOKKIPFFBD28DA,163.6,0.0,28.26,無,
安南區,土地,砂崙段322-16地號,524.56,都市：其他:農業區,,,1091120,土地2建物0車位0,,,其他,,,,0.0,0,0,0,有,無,3060000,5833,,0.0,0,,RPRPMLOKKIPFFBD38DA,0.0,0.0,0.0,無,0154
安南區,土地,神榕段1226地號,213.3,都市：其他:住宅區,,,1090816,土地1建物0車位0,,,其他,,,,0.0,0,0,0,有,無,8710000,40835,,0.0,0,,RPSPMLOKKIPFFBD48DA,0.0,0.0,0.0,無,
安南區,房地(土地+建物),功安二街６２號,89.0,都市：其他:住宅區,,,1091122,土地1建物1車位0,全,四層,透天厝,住家用,鋼筋混凝土造,1090107,224.61,5,2,6,有,無,13550000,60327,,0.0,0,,RPPOMLPKKIPFFBD18DA,200.72,0.0,23.9,無,
安南區,房地(土地+建物),功安二街６６號,89.0,都市：其他:住宅區,,,1091119,土地1建物1車位0,全,四層,透天厝,住家用,鋼筋混凝土造,1090107,221.71,5,2,6,有,無,14380000,64860,,0.0,0,,RPQOMLPKKIPFFBD28DA,198.03,0.0,23.68,無,0155
安南區,房地(土地+建物),府安路六段４８號,146.2,都市：其他:主要計畫道路用地,,,1091105,土地2建物1車位0,全,三層,透天厝,住商用,鋼筋混凝土造,0700904,193.89,4,1,3,有,無,7500000,38682,,0.0,0,包含公共設施保留地用地；,RPOOMLQKKIPFFBD18DA,179.16,0.0,14.73,無,
安南區,房地(土地+建物),安中路二段２８號,135.52,都市：其他:住宅區,,,1091104,土地1建物1車位0,全,四層,透天厝,見其他登記事項,鋼筋混凝土造,1020320,255.19,5,2,5,有,無,20200000,79157,,0.0,0,其他增建；,RPWOMLOJJIPFFBD58DA,241.63,0.0,13.56,無,
安南區,房地(土地+建物),北安路三段３９４巷２０弄５號,96.29,都市：其他:住宅區,,,1091020,土地2建物1車位0,全,四層,透天厝,見其他登記事項,鋼筋混凝土造,1020717,192.49,4,3,3,有,無,12700000,65977,,0.0,0,,RPPNMLQLJIPFFBD18DA,144.0,0.0,48.49,無,
安南區,土地,國安段1483-2地號,169.54,都市：其他:主要計畫道路用地,,,1090716,土地11建物0車位0,,,其他,,,,0.0,0,0,0,有,無,1000000,5898,,0.0,0,包含公共設施保留地用地；,RPTOMLKMRHPFFBD88DA,0.0,0.0,0.0,無,0156
安平區,房地(土地+建物),建平七街１９２號,102.0,都市：其他:住宅區,,,1091103,土地1建物1車位0,全,五層,透天厝,住商用,鋼筋混凝土造,0870522,323.09,5,3,7,有,無,19500000,60355,,0.0,0,,RPXNMLOKKIPFFAD68DA,278.71,0.0,44.38,無,0157
安平區,房地(土地+建物)+車位,平豐路１２２號十八樓之１,43.18,都市：其他:住宅區,,,1091029,土地1建物1車位2,十八層,二十七層,住宅大樓(11層含以上有電梯),見其他登記事項,見其他登記事項,1050604,298.02,4,2,4,有,有,17500000,58721,坡道平面,69.77,0,陽台外推；其他增建；,RPTPMLPKKIPFFAD58DA,147.61,0.0,9.76,有,0158
北區,房地(土地+建物),公園北路１５６號二樓之６,8.09,都市：其他:商業區,,,1091123,土地1建物1車位0,二層,十四層,住宅大樓(11層含以上有電梯),見其他登記事項,見其他登記事項,0951001,51.48,1,0,1,有,有,3560000,69153,,0.0,0,,RPQQMLPKKIPFFAD38DA,32.04,0.0,4.08,有,0159
北區,土地,北華段631地號,246.0,都市：其他:住宅區,,,1091119,土地3建物0車位0,,,其他,,,,0.0,0,0,0,有,無,33500000,136179,,0.0,0,親友、員工、共有人或其他特殊關係間之交易；,RPSNMLPKKIPFFAD28DA,0.0,0.0,0.0,無,
中西區,房地(土地+建物),協和街１０５號,85.05,都市：其他:住宅區,,,1090219,土地1建物1車位0,全,四層,透天厝,住家用,鋼筋混凝土造,0790104,231.84,4,1,3,有,無,5000000,21567,,0.0,0,親友、員工、共有人或其他特殊關係間之交易；,RPVNMLPKKIPFFAD58DA,219.96,0.0,11.88,無,
北區,房地(土地+建物)+車位,公園南路３４３號十二樓之３,9.29,都市：其他:商業區,,,1091116,土地2建物1車位1,十二層,十四層,住宅大樓(11層含以上有電梯),見其他登記事項,鋼筋混凝土造,0971219,102.33,2,1,1,有,有,7300000,71338,坡道平面,24.8,0,,RPXNMLPKKIPFFAD78DA,48.12,0.0,8.04,有,
安平區,房地(土地+建物),永華八街１９３巷２號五樓之１,25.17,都市：其他:住宅區,,,1091026,土地1建物1車位0,五層,七層,華廈(10層含以下有電梯),住家用,鋼筋混凝土造,0830826,130.63,2,2,2,有,有,4500000,34448,,0.0,0,,RPWPMLOKKIPFFAD78DA,81.45,1.44,15.15,有,0160
中西區,房地(土地+建物)+車位,民權路四段３５６號二樓之２,19.3,都市：其他:住宅區,,,1091118,土地1建物1車位1,二層,二十一層,住宅大樓(11層含以上有電梯),見其他登記事項,見其他登記事項,1011031,211.73000000000002,3,2,2,有,有,12720000,60077,坡道平面,36.72,0,,RPRPMLOKKIPFFAD28DA,108.48,0.0,15.44,有,0161
北區,土地,仁愛段582地號,15.68,都市：其他:商業區,,,1091119,土地1建物0車位0,,,其他,,,,0.0,0,0,0,有,無,4000000,255102,,0.0,0,親友、員工、共有人或其他特殊關係間之交易；,RPSPMLOKKIPFFAD38DA,0.0,0.0,0.0,無,
北區,房地(土地+建物),大興街２４６巷３８弄１７號,152.19,都市：其他:細部計畫道路用地,,,1091030,土地2建物1車位0,全,二層,透天厝,住家用,加強磚造,0701103,92.69,3,2,2,有,無,5800000,62574,,0.0,0,,RPWNMLQKKIPFFAD78DA,89.7,0.0,2.99,無,
北區,房地(土地+建物),大興街２４６巷３８弄１９號,106.58,都市：其他:住宅區,,,1091030,土地1建物1車位0,全,二層,透天厝,住家用,加強磚造,0701103,91.42,3,2,2,有,無,7200000,78757,,0.0,0,,RPXNMLQKKIPFFAD88DA,88.51,0.0,2.91,無,
北區,土地,東豐段959地號,68.0,都市：其他:住宅區,,,1091011,土地1建物0車位0,,,其他,,,,0.0,0,0,0,有,無,3300000,48529,,0.0,0,未登記建物；,RPROMLQKKIPFFAD38DA,0.0,0.0,0.0,無,
中西區,房地(土地+建物)+車位,文賢路１３號七樓之６,51.64,都市：其他:細部計畫道路用地,,,1091031,土地6建物4車位3,七層,七層,華廈(10層含以下有電梯),住家用,鋼筋混凝土造,0800213,466.76000000000005,16,0,16,有,有,14000000,29994,升降平面,0.0,0,,RPWOMLQKKIPFFAD88DA,323.31,0.83,33.83,有,
安平區,房地(土地+建物),建平十一街２４３號,89.0,都市：其他:住宅區,,,1091120,土地1建物1車位0,全,四層,透天厝,住商用,鋼筋混凝土造,0820717,247.28,5,3,5,有,無,9500000,38418,,0.0,0,,RPQPMLQKKIPFFAD38DA,216.12,8.89,22.27,無,
安平區,房地(土地+建物),健康路三段１８０之８號,85.02,都市：其他:住宅區,,,1091002,土地3建物1車位0,全,四層,透天厝,住家用,鋼筋混凝土造,0840228,264.99,5,2,3,有,有,10380000,39171,,0.0,0,,RPUPMLQKKIPFFAD78DA,248.46,2.26,11.57,無,
中西區,房地(土地+建物)+車位,中華西路二段４１６號二十樓之１,62.32,都市：其他:住宅區,,,1091123,土地1建物1車位2,二十層,二十五層,住宅大樓(11層含以上有電梯),集合住宅,鋼筋混凝土構造,1060817,386.42,4,2,4,有,有,26270000,74870,坡道平面,67.6,2400000,,RPXPMLRKKIPFFAD56DA,204.35,0.0,21.74,有,
安平區,土地,金城段61-35地號,136.0,都市：其他:住宅區,,,1091103,土地1建物0車位0,,,其他,,,,0.0,0,0,0,有,無,10500000,77206,,0.0,0,,RPXOMLRJKIPFFAD98DA,0.0,0.0,0.0,無,
安平區,房地(土地+建物)+車位,永華路二段８３１號八樓,8.83,都市：其他:住宅區,,,1091125,土地1建物1車位1,八層,二十三層,住宅大樓(11層含以上有電梯),見其他登記事項,見其他登記事項,1081217,103.33,2,1,1,有,有,7000000,67744,坡道機械,28.37,0,,RPPOMLMJKIPFFAD67DA,43.31,3.28,3.7,有,0162
安平區,房地(土地+建物)+車位,健康三街１４８號二樓之１,15.54,都市：其他:住宅區,,,1091122,土地1建物1車位1,二層,十四層,住宅大樓(11層含以上有電梯),集合住宅,ＲＣ造,0950822,148.91,3,2,2,有,有,7200000,48351,坡道平面,0.0,1000000,,RPPNMLMLJIPFFAD67DA,77.81,0.0,8.29,有,
北區,房地(土地+建物),開元路５１９號十四樓之７,6.42,都市：其他:住宅區,,,1091113,土地3建物1車位0,十四層,二十四層,住宅大樓(11層含以上有電梯),見其他登記事項,見其他登記事項,1041105,86.72,2,1,1,有,有,5250000,60540,,0.0,0,,RPSPMLNKJIPFFAD18DA,50.03,1.82,8.95,有,0163
北區,房地(土地+建物)+車位,西門路四段２００巷３２號八樓,39.31,都市：其他:住宅區,,,1090920,土地1建物1車位1,八層,九層,華廈(10層含以下有電梯),見其他登記事項,鋼筋混凝土造,0851009,161.79999999999998,3,1,2,有,有,6400000,39555,坡道平面,0.0,0,,RPPNMLKLRHPFFAD18DA,101.18,0.0,11.39,有,
北區,房地(土地+建物)+車位,中華北路一段７８巷５１號十四樓,20.51,都市：其他:商業區,,,1091030,土地1建物1車位1,十四層,二十二層,住宅大樓(11層含以上有電梯),見其他登記事項,見其他登記事項,1090109,228.5,3,2,2,有,有,16900000,80264,坡道平面,36.01,1450000,,RPUPMLSJKIPFFAD88DA,104.11,8.32,15.93,有,
中西區,土地,三民段246地號,101.86,都市：其他:商業區,,,1091116,土地1建物0車位0,,,其他,,,,0.0,0,0,0,有,無,15000000,147261,,0.0,0,未登記建物；,RPVOMLSJKIPFFAD88DA,0.0,0.0,0.0,無,
中西區,房地(土地+建物),民族路二段５７巷３８號二樓之４,4.29,都市：其他:商業區,,,1091109,土地1建物1車位0,二層,五層,華廈(10層含以下有電梯),住家用,鋼筋混凝土造,0790609,21.42,1,0,1,有,無,550000,25677,,0.0,0,,RPVNMLRKKIPFFAD78DA,12.68,0.0,0.0,有,
安平區,土地,石門段144地號,14.06,都市：其他:細部計畫道路用地,,,1091214,土地1建物0車位0,,,其他,,,,0.0,0,0,0,有,無,70000,4982,,0.0,0,包含公共設施保留地用地；,RPOOMLRKKIPFFAD18DA,0.0,0.0,0.0,無,
北區,房地(土地+建物),成功路２號二樓之３５,2.02,都市：其他:細部計畫道路用地,,,1091202,土地4建物1車位0,二層,十四層,住宅大樓(11層含以上有電梯),商業用,鋼筋混凝土造,0731228,23.79,0,0,0,無,有,850000,35729,,0.0,0,,RPTPMLQKKIPFFAD68DA,12.06,0.0,0.0,有,
北區,房地(土地+建物),西門路三段１３４號八樓之６,8.87,都市：其他:商業區,,,1091125,土地1建物1車位0,八層,十二層,住宅大樓(11層含以上有電梯),住家用,鋼筋混凝土造,0810529,112.13,3,2,2,有,有,5080000,45305,,0.0,0,,RPQOMLQKKIPFFAD28DA,75.19,0.0,21.09,有,
中西區,房地(土地+建物)+車位,慈聖街６７號三樓之３,33.8,都市：其他:商業區,,,1090818,土地1建物1車位1,三層,五層,華廈(10層含以下有電梯),見其他登記事項,見其他登記事項,1091023,140.96,3,2,2,有,有,9400000,67664,其他,15.34,900000,預售屋、或土地及建物分次登記案件；,RPOQMLQKKIPFFAD28DA,77.66,0.0,13.2,有,
中西區,房地(土地+建物),慈聖街６７號四樓之３,26.54,都市：其他:商業區,,,1080615,土地1建物1車位0,四層,五層,華廈(10層含以下有電梯),見其他登記事項,見其他登記事項,1091023,111.13,2,2,2,有,有,6950000,62539,,0.0,0,預售屋、或土地及建物分次登記案件；,RPPQMLQKKIPFFAD38DA,70.54,0.0,6.16,有,
中西區,房地(土地+建物)+車位,慈聖街６７號三樓之１,32.86,都市：其他:商業區,,,1091012,土地1建物1車位1,三層,五層,華廈(10層含以下有電梯),見其他登記事項,見其他登記事項,1091023,137.54,3,2,2,有,有,9310000,68418,其他,15.35,950000,預售屋、或土地及建物分次登記案件；,RPQQMLQKKIPFFAD48DA,77.58,0.0,10.91,有,
中西區,房地(土地+建物)+車位,慈聖街６７號五樓之１,36.51,都市：其他:商業區,,,1081108,土地1建物1車位1,五層,五層,華廈(10層含以下有電梯),見其他登記事項,見其他登記事項,1091023,153.28,2,2,2,有,有,9930000,66555,其他,15.35,750000,預售屋、或土地及建物分次登記案件；,RPSQMLQKKIPFFAD68DA,91.3,0.0,11.77,有,
中西區,房地(土地+建物),慈聖街６７號二樓之３,29.8,都市：其他:商業區,,,1091002,土地1建物1車位0,二層,五層,華廈(10層含以下有電梯),見其他登記事項,見其他登記事項,1091023,124.25,3,2,2,有,有,9000000,72435,,0.0,0,預售屋、或土地及建物分次登記案件；,RPUQMLQKKIPFFAD88DA,77.66,0.0,12.63,有,
安平區,房地(土地+建物)+車位,永華五街９３號,32.3,都市：其他:住宅區,,,1091203,土地1建物1車位1,一層，二層,七層,華廈(10層含以下有電梯),住商用,鋼筋混凝土造,0830323,172.63,2,2,2,有,有,7800000,45183,坡道機械,0.0,0,,RPSPMLPKKIPFFAD48DA,118.64,6.71,6.71,有,
安南區,房地(土地+建物),環館路３５６巷２０號,183.22,都市：其他:住宅區,,,1090901,土地3建物1車位0,全,四層,透天厝,見其他登記事項,鋼筋混凝土造,1050531,365.76000000000005,3,4,4,有,有,24100000,65890,,0.0,0,,RPTPMLOLJIPFFBD58DA,332.76,0.0,30.64,有,
安南區,房地(土地+建物),環館路３５６巷１８號,187.35,都市：其他:住宅區,,,1091102,土地3建物1車位0,全,四層,透天厝,見其他登記事項,鋼筋混凝土造,1050531,365.76000000000005,3,4,4,有,有,24100000,65890,,0.0,0,,RPUPMLOLJIPFFBD68DA,332.76,0.0,30.64,有,
安南區,土地,國安段1483-2地號,169.54,都市：其他:主要計畫道路用地,,,1090804,土地11建物0車位0,,,其他,,,,0.0,0,0,0,有,無,1000000,5898,,0.0,0,包含公共設施保留地用地；,RPQRMLMLIIPFFBD18DA,0.0,0.0,0.0,無,0156
安南區,土地,安慶段547-8地號,430.83,都市：其他:住宅區,,,1091031,土地3建物0車位0,,,其他,,,,0.0,0,0,0,有,無,6200000,14391,,0.0,0,,RPPNMLLMIIPFFBD67DA,0.0,0.0,0.0,無,
安南區,房地(土地+建物),公學路六段６６０巷３５弄４號,80.05,都市：其他:住宅區,,,1091108,土地1建物1車位0,全,二層,透天厝,住家用,鋼筋混凝土造,0840607,103.41,4,3,4,有,無,5550000,53670,,0.0,0,,RPVOMLNJKIPFFBD48DA,96.6,0.0,6.81,無,
安南區,房地(土地+建物),安和路二段３１８巷３５弄１２號,69.6,都市：其他:工業區,,,1091120,土地1建物1車位0,全,二層,透天厝,住家用,加強磚造,0640224,94.8,2,2,2,有,無,2700000,28481,,0.0,0,,RPPOMLQKKIPFFBD28DA,94.8,0.0,0.0,無,0165
安南區,土地,佃西段923-1地號,133.04,都市：其他:國小學校用地,,,1091109,土地1建物0車位0,,,其他,,,,0.0,0,0,0,有,無,1400000,10523,,0.0,0,親友、員工、共有人或其他特殊關係間之交易；,RPQNMLRKKIPFFBD38DA,0.0,0.0,0.0,無,
東區,房地(土地+建物)+車位,仁東街６３號十樓之８,28.6,都市：其他:第五種住宅區,,,1090816,土地1建物1車位1,十層,十二層,住宅大樓(11層含以上有電梯),住家用,鋼筋混凝土造,0870919,158.31,4,2,2,有,有,7500000,47375,坡道平面,19.86,0,,RPXOMLQKKIPFFCD56DA,97.5,0.0,13.08,有,0166
南區,房地(土地+建物),中華西路一段５４巷８號三樓,33.3,都市：其他:住宅區,,,1091129,土地1建物1車位0,三層,五層,公寓(5樓含以下無電梯),見其他登記事項,鋼筋混凝土造,0720422,93.25,3,2,2,有,無,3150000,33780,,0.0,0,,RPOPMLQKKIPFFCD38DA,76.54,0.0,10.48,無,
東區,房地(土地+建物),崇善十二街２９之４號,18.61,都市：其他:第五種住宅區,,,1091103,土地1建物1車位0,五層,五層,公寓(5樓含以下無電梯),住家用,鋼筋混凝土造,0701222,83.38,3,2,1,有,有,3450000,41377,,0.0,0,,RPQPMLQKKIPFFCD58DA,61.22,0.0,4.35,無,0167
東區,房地(土地+建物),中華東路二段１３３巷４弄１號,24.52,都市：其他:第五種住宅區,,,1091209,土地2建物1車位0,一層,五層,公寓(5樓含以下無電梯),住家用,鋼筋混凝土造,0701224,89.78999999999999,3,2,1,有,有,3200000,35639,,0.0,0,,RPRNMLRKKIPFFCD58DA,79.6,0.0,0.0,無,
南區,房地(土地+建物),金華路二段３巷６之２號,39.0,都市：其他:住宅區,,,1091010,土地1建物1車位0,三層,四層,公寓(5樓含以下無電梯),住家用,鋼筋混凝土造,0670509,75.67,3,1,1,有,無,2800000,37003,,0.0,0,親友、員工、共有人或其他特殊關係間之交易；,RPTNMLRKKIPFFCD78DA,75.67,0.0,0.0,無,
東區,房地(土地+建物)+車位,崇德二十一街５８號六樓之４,16.94,都市：其他:第五種住宅區,,,1091105,土地2建物1車位1,六層,九層,華廈(10層含以下有電梯),住家用,鋼筋混凝土造,0821227,149.06,3,2,2,有,有,7380000,49510,坡道平面,0.0,0,,RPQPMLPKKIPFFCD48DA,68.37,3.63,13.88,有,
東區,房地(土地+建物),崇德十八街４６號三樓,20.13,都市：其他:鄰里商業區,,,1091119,土地1建物1車位0,三層,七層,華廈(10層含以下有電梯),住家用,鋼筋混凝土造,0840126,134.96,4,2,2,有,有,6040000,44754,,0.0,0,,RPVNMLQKKIPFFCD88DA,91.84,0.78,9.67,有,
東區,房地(土地+建物),衛國街１１４巷１８之５號,31.59,都市：其他:第五種住宅區,,,1091121,土地16建物1車位0,六層,七層,華廈(10層含以下有電梯),見其他登記事項,鋼筋混凝土造,0690522,90.72,3,2,2,有,有,3250000,35825,,0.0,0,,RPSNMLOKKIPFFCD38DA,77.38,0.0,0.0,有,
東區,房地(土地+建物),中華東路二段１９３號十九樓之１１,5.83,都市：住,,,1091121,土地3建物1車位0,十九層,二十層,住宅大樓(11層含以上有電梯),住家用,鋼筋混凝土造,0841106,80.83,2,1,1,有,有,4850000,60002,,0.0,0,包含公共設施保留地用地；,RPUNMLNLJIPFFCD48DA,44.98,3.62,5.98,有,
南區,房地(土地+建物),明興路６１１巷２６５號,296.14,都市：其他:農業區,,,1091125,土地1建物1車位0,全,三層,透天厝,見其他登記事項,見其他登記事項,0821208,257.52,0,0,0,有,無,2500000,9708,,0.0,0,親友、員工、共有人或其他特殊關係間之交易；,RPQOMLOLJIPFFCD28DA,248.04,0.0,9.48,無,
東區,房地(土地+建物)+車位,長榮路一段８７號十一樓,31.7,都市：其他:第五種住宅區,,,1090913,土地3建物1車位1,十一層,十五層,住宅大樓(11層含以上有電梯),住家用,鋼筋混凝土造,1000520,331.03999999999996,3,2,2,有,有,26280000,82238,坡道平面,29.72,1500000,,RPQNMLNKRHPFFCD68DA,200.33,2.19,17.71,有,
鹽水區,土地,義中段356地號,1994.28,,河川區,農牧用地,1091020,土地1建物0車位0,,,其他,,,,0.0,0,0,0,有,無,250000,125,,0.0,0,親友、員工、共有人或其他特殊關係間之交易；,RPVOMLKKKIPFFDD48DA,0.0,0.0,0.0,無,
新營區,土地,太子段1649地號,548.0,都市：其他:計畫道路用地,,,1091214,土地3建物0車位0,,,其他,,,,0.0,0,0,0,有,無,7875436,14371,,0.0,0,,RPSNMLQKKIPFFDD68DA,0.0,0.0,0.0,無,
官田區,土地,南段831地號,2128.0,,特定農業區,農牧用地,1090826,土地1建物0車位0,,,其他,,,,0.0,0,0,0,有,無,5200000,2444,,0.0,0,,RPPOMLQKKIPFFFD68DA,0.0,0.0,0.0,無,
官田區,土地,南段828-7地號,13327.0,,特定農業區,農牧用地,1090826,土地1建物0車位0,,,其他,,,,0.0,0,0,0,有,無,6800000,510,,0.0,0,未登記建物；,RPQOMLQKKIPFFFD78DA,0.0,0.0,0.0,無,0168
下營區,土地,茅港尾段5309地號,2486.0,,一般農業區,農牧用地,1091204,土地1建物0車位0,,,其他,,,,0.0,0,0,0,有,無,3750000,1508,,0.0,0,,RPRNMLRKKIPFFFD88DA,0.0,0.0,0.0,無,
麻豆區,房地(土地+建物),客子寮２１９號,190.0,,鄉村區,乙種建築用地,1091114,土地1建物1車位0,全,三層,透天厝,住家用,見其他登記事項,1081106,242.46,5,2,5,有,有,15000000,61866,,0.0,0,,RPVNMLRKKIPFFFD66DA,207.37,35.09,0.0,無,
麻豆區,房地(土地+建物),麻豆區大埕里中正路２５２巷１９號,115.97,都市：其他:第二種住宅區,,,1070303,土地3建物1車位0,全,三層,透天厝,住家用,見其他登記事項,1081219,191.33,4,2,4,有,無,10000000,52266,,0.0,0,預售屋、或土地及建物分次登記案件；,RPUNMLPKKIPFFFD98DA,181.01,0.0,10.32,無,
後壁區,土地,嘉民段182地號,593.15,,鄉村區,乙種建築用地,1091130,土地1建物0車位0,,,其他,,,,0.0,0,0,0,有,無,5741692,9680,,0.0,0,,RPPNMLSKKIPFFED68DA,0.0,0.0,0.0,無,
東山區,土地,崎子頭段944地號,1096.0,,山坡地保育區,農牧用地,1091214,土地1建物0車位0,,,其他,,,,0.0,0,0,0,有,無,1000000,912,,0.0,0,,RPQNMLRKKIPFFED68DA,0.0,0.0,0.0,無,
白河區,土地,草店段1019地號,638.4,,特定農業區,農牧用地,1091125,土地1建物0車位0,,,其他,,,,0.0,0,0,0,有,無,510720,800,,0.0,0,親友、員工、共有人或其他特殊關係間之交易；,RPWNMLOKKIPFFED98DA,0.0,0.0,0.0,無,0169
東山區,土地,下南勢段800-6地號,2002.0,,山坡地保育區,農牧用地,1091126,土地1建物0車位0,,,其他,,,,0.0,0,0,0,有,無,800000,400,,0.0,0,,RPUNMLQLJIPFFED98DA,0.0,0.0,0.0,無,0170
官田區,土地,西庄段154-41地號,56.0,,鄉村區,乙種建築用地,1091202,土地1建物0車位0,,,其他,,,,0.0,0,0,0,有,無,585760,10460,,0.0,0,政府機關標讓售；,RPTNMLLKKIPFFFD48DA,0.0,0.0,0.0,無,
麻豆區,土地,磚井段528-1地號,164.91,都市：其他:農業區,,,1091123,土地1建物0車位0,,,其他,,,,0.0,0,0,0,有,無,748691,4540,,0.0,0,政府機關標讓售；,RPXOMLRJKIPFFFD86DA,0.0,0.0,0.0,無,
下營區,土地,茅港尾段729-5地號,2463.0,,一般農業區,農牧用地,1091204,土地1建物0車位0,,,其他,,,,0.0,0,0,0,有,無,6600000,2680,,0.0,0,,RPSOMLOJKIPFFFD68DA,0.0,0.0,0.0,無,
下營區,土地,下營段3655地號,2812.0,,特定農業區,農牧用地,1091120,土地1建物0車位0,,,其他,,,,0.0,0,0,0,有,無,3655600,1300,,0.0,0,,RPPNMLMLJIPFFFD18DA,0.0,0.0,0.0,無,
麻豆區,房地(土地+建物),埤頭里１鄰埤頭２０之１５號,4741.0,都市：其他:乙種工業區,,,1090825,土地1建物6車位0,全,三層,透天厝,見其他登記事項,見其他登記事項,0830829,3141.24,0,0,0,無,無,115080000,36635,,0.0,0,其他增建；,RPUOMLRKJIPFFFD56DA,3141.24,0.0,0.0,無,
佳里區,房地(土地+建物),成功路１３９巷１７號,112.1,都市：其他:住宅區,,,1091120,土地2建物1車位0,全,四層,透天厝,見其他登記事項,鋼筋混凝土造,1010106,196.94,5,2,4,有,無,9600000,48746,,0.0,0,,RPSNMLSKKIPFFGD56DA,175.19,0.0,21.75,無,
北門區,土地,溪底寮段三寮灣小段1268地號,5060.0,,特定農業區,農牧用地,1090915,土地2建物0車位0,,,其他,,,,0.0,0,0,0,有,無,2586000,511,,0.0,0,地清或未辦繼承標售；,RPUNMLSKKIPFFGD76DA,0.0,0.0,0.0,無,
佳里區,土地,佳化段1634地號,1315.0,,特定農業區,農牧用地,1091204,土地1建物0車位0,,,其他,,,,0.0,0,0,0,有,無,3200000,2433,,0.0,0,,RPRNMLQKKIPFFGD88DA,0.0,0.0,0.0,無,
學甲區,土地,欣榮段591地號,30.89,都市：其他:農業區,,,1090804,土地1建物0車位0,,,其他,,,,0.0,0,0,0,有,無,146800,4752,,0.0,0,地清或未辦繼承標售；,RPTOMLSLKIPFFGD86DA,0.0,0.0,0.0,無,0171
北門區,土地,溪底寮段二重港小段353-2地號,1447.2,,一般農業區,農牧用地,1091029,土地3建物0車位0,,,其他,,,,0.0,0,0,0,有,無,811556,561,,0.0,0,地清或未辦繼承標售；,RPOPMLRKKIPFFGD88DA,0.0,0.0,0.0,無,
佳里區,房地(土地+建物),祥和一街３２號,103.71,都市：其他:住宅區,,,1070521,土地1建物1車位0,全,三層,透天厝,住家用,鋼筋混凝土造,1090513,194.55,5,2,3,有,無,6500000,33410,,0.0,0,預售屋、或土地及建物分次登記案件；,RPQNMLRKKIPFFGD88DA,187.45,0.0,7.1,無,
佳里區,房地(土地+建物),祥和一街３０號,104.64,都市：其他:住宅區,,,1091004,土地1建物1車位0,全,四層,透天厝,住家用,鋼筋混凝土造,1090513,215.62,5,2,3,有,無,7950000,36870,,0.0,0,預售屋、或土地及建物分次登記案件；,RPSNMLRKKIPFFGD09DA,201.84,0.0,13.78,無,
佳里區,房地(土地+建物),鎮山１９０之３１號,104.15,都市：其他:住宅區,,,1090626,土地1建物1車位0,全,三層,透天厝,住家用,鋼筋混凝土造,1090513,201.86,5,2,3,有,無,8380000,41514,,0.0,0,,RPTNMLRKKIPFFGD56DA,190.54,0.0,11.32,無,
佳里區,房地(土地+建物),鎮山１９０之３３號,104.12,都市：其他:住宅區,,,1090627,土地1建物1車位0,全,三層,透天厝,住家用,鋼筋混凝土造,1090513,194.55,5,2,3,有,無,8180000,42046,,0.0,0,,RPVNMLRKKIPFFGD76DA,187.45,0.0,7.1,無,
佳里區,房地(土地+建物),祥和一街２５巷７號,133.89,都市：其他:住宅區,,,1090501,土地2建物1車位0,全,三層,透天厝,住家用,鋼筋混凝土造,1090513,186.94,5,2,3,有,無,8880000,47502,,0.0,0,預售屋、或土地及建物分次登記案件；,RPOOMLRKKIPFFGD78DA,179.94,0.0,7.0,無,
佳里區,房地(土地+建物),祥和一街２５巷３號,135.33,都市：其他:住宅區,,,1071122,土地2建物1車位0,全,三層,透天厝,住家用,鋼筋混凝土造,1090513,200.76,5,2,3,有,無,8700000,43335,,0.0,0,預售屋、或土地及建物分次登記案件；,RPPOMLRKKIPFFGD88DA,193.4,0.0,7.38,無,
佳里區,房地(土地+建物),祥和一街２５巷１號,123.83,都市：其他:住宅區,,,1090606,土地2建物1車位0,全,三層,透天厝,住家用,鋼筋混凝土造,1090513,189.64,5,2,3,有,無,9250000,48777,,0.0,0,預售屋、或土地及建物分次登記案件；,RPQOMLRKKIPFFGD98DA,182.26,0.0,7.38,無,
佳里區,房地(土地+建物),祥和一街２５巷１１號,133.6,都市：其他:住宅區,,,1080413,土地2建物1車位0,全,三層,透天厝,住家用,鋼筋混凝土造,1090513,189.64,5,2,3,有,無,8180000,43134,,0.0,0,預售屋、或土地及建物分次登記案件；,RPUOMLRKKIPFFGD76DA,182.26,0.0,7.38,無,
佳里區,房地(土地+建物),祥和一街２５巷１０號,134.01,都市：其他:住宅區,,,1090520,土地2建物1車位0,全,三層,透天厝,住家用,鋼筋混凝土造,1090513,189.64,5,2,3,有,無,9060000,47775,,0.0,0,預售屋、或土地及建物分次登記案件；,RPVOMLRKKIPFFGD86DA,182.26,0.0,7.38,無,
佳里區,土地,新安段129地號,889.1,,鄉村區,乙種建築用地,1091020,土地2建物0車位0,,,其他,,,,0.0,0,0,0,有,無,10750000,12091,,0.0,0,,RPXOMLPKKIPFFGD86DA,0.0,0.0,0.0,無,
善化區,土地,北子店段1138地號,4819.0,,特定農業區,農牧用地,1091104,土地3建物0車位0,,,其他,,,,0.0,0,0,0,有,無,21685500,4500,,0.0,0,,RPUQMLPJJIPFFHD66DA,0.0,0.0,0.0,無,
新市區,房地(土地+建物)+車位,永福街１６巷２弄２號一樓之２,28.84,都市：其他:住宅區,,,1091119,土地1建物1車位1,一層,六層,華廈(10層含以下有電梯),住家用,鋼筋混凝土造,0821222,131.23000000000002,3,2,2,有,有,4250000,32386,坡道平面,0.0,0,,RPQOMLPLJIPFFHD88DA,81.47,11.31,0.0,有,
新市區,房地(土地+建物),復興路６巷２５號,74.71,都市：其他:住宅區,,,1091125,土地2建物1車位0,全,二層,透天厝,住商用,加強磚造,0680800,100.8,4,3,3,有,無,4200000,41667,,0.0,0,價金中出賣人主張新台幣220萬元贈與親友、員工、共有人或其他特殊關係間之交易；,RPSOMLPLJIPFFHD09DA,100.8,0.0,0.0,無,
新化區,房地(土地+建物),頂山５３之２６０號三樓之２,45.52,,特定農業區,甲種建築用地,1091115,土地3建物1車位0,三層,七層,華廈(10層含以下有電梯),見其他登記事項,鋼筋混凝土造,1090506,108.44,3,2,2,有,有,4650000,42881,,0.0,0,,RPUOMLOJKIPFFHD09DA,69.54,0.0,11.53,有,
安定區,土地,蘇厝段1764-6地號,436.0,都市：其他:計畫道路用地,,,1091127,土地1建物0車位0,,,其他,,,,0.0,0,0,0,有,無,7900000,18119,,0.0,0,,RPWNMLSKKIPFFHD07DA,0.0,0.0,0.0,無,
安定區,土地,蘇厝段1430地號,1505.0,都市：其他:農業區(供申請變更開發為產業支援區),,,1091210,土地1建物0車位0,,,其他,,,,0.0,0,0,0,有,無,25163600,16720,,0.0,0,,RPQOMLRKKIPFFHD09DA,0.0,0.0,0.0,無,
新化區,土地,礁坑子段104地號,44.08,,山坡地保育區,農牧用地,1091211,土地1建物0車位0,,,其他,,,,0.0,0,0,0,有,無,35000,794,,0.0,0,,RPUPMLPKKIPFFHD76DA,0.0,0.0,0.0,無,
新市區,房地(土地+建物),大營１２６之９３號,93.0,,特定農業區,甲種建築用地,1091203,土地1建物1車位0,全,四層,透天厝,住商用,鋼筋混凝土造,1030827,197.85,4,2,4,有,無,11000000,55598,,0.0,0,頂樓加蓋；其他增建；,RPQOMLQKKIPFFHD98DA,172.04,0.0,25.81,無,
安定區,土地,蘇厝段1767-5地號,510.0,都市：其他:計畫道路用地,,,1091120,土地2建物0車位0,,,其他,,,,0.0,0,0,0,有,無,7580000,14863,,0.0,0,,RPUPMLQKKIPFFHD86DA,0.0,0.0,0.0,無,
左鎮區,房地(土地+建物),左鎮１２１之１號,208.0,,一般農業區,丙種建築用地,1091022,土地1建物2車位0,全,三層,透天厝,住家用,鋼筋混凝土造,0860310,201.3,6,4,3,有,無,5900000,29309,,0.0,0,,RPRNMLRKKIPFFHD09DA,197.23,0.0,4.07,無,
善化區,房地(土地+建物),六分寮２１４之１號,200.62,,鄉村區,乙種建築用地,1091201,土地2建物1車位0,全,一層,透天厝,住家用,磚造,0580501,36.18,3,2,1,有,無,1609754,44493,,0.0,0,親友、員工、共有人或其他特殊關係間之交易；,RPXNMLRKKIPFFHD07DA,0.0,0.0,0.0,無,
安定區,土地,蘇興段578地號,369.54,,鄉村區,乙種建築用地,1090904,土地3建物0車位0,,,其他,,,,0.0,0,0,0,有,無,8660000,23435,,0.0,0,,RPQQMLLKKIPFFHD68DA,0.0,0.0,0.0,無,0172
善化區,土地,胡厝寮段97-161地號,2554.0,,一般農業區,農牧用地,1091108,土地1建物0車位0,,,其他,,,,0.0,0,0,0,有,無,4050000,1586,,0.0,0,農作物；,RPPNMLNKKIPFFHD48DA,0.0,0.0,0.0,無,
仁德區,土地,中軍段282地號,335.8,都市：其他:住宅區,,,1090901,土地1建物0車位0,,,其他,,,,0.0,0,0,0,有,無,11681700,34788,,0.0,0,,RPTPMLNJRHPFFID07DA,0.0,0.0,0.0,無,
歸仁區,土地,南興段312地號,637.02,都市：其他:道路用地,,,1091020,土地3建物0車位0,,,其他,,,,0.0,0,0,0,有,無,28905000,45375,,0.0,0,,RPUNMLPLJIPFFID66DA,0.0,0.0,0.0,無,
仁德區,土地,中清段1257地號,34.96,都市：其他:計畫道路用地,,,1091203,土地2建物0車位0,,,其他,,,,0.0,0,0,0,有,無,88000,2517,,0.0,0,,RPTNMLRJKIPFFID66DA,0.0,0.0,0.0,無,
歸仁區,房地(土地+建物),七甲一街５２巷３９號,92.83,,一般農業區,甲種建築用地,1080317,土地2建物1車位0,全,四層,透天厝,住家用,見其他登記事項,1090327,161.24,4,2,3,有,有,8920000,55321,,0.0,0,本案有轉讓，權利買賣契約價格950萬元。預售屋、或土地及建物分次登記案件；,RPTPMLSJKIPFFID96DA,142.81,0.0,18.43,無,
歸仁區,房地(土地+建物)+車位,許厝里仁愛北街６２號六樓,19.85,都市：其他:住宅區,,,1091109,土地1建物1車位1,六層,八層,華廈(10層含以下有電梯),住家用,鋼筋混凝土造,0840106,129.79,3,2,2,有,有,5600000,43147,坡道平面,0.0,0,,RPTNMLRKKIPFFID76DA,77.96,0.0,10.92,有,0173
歸仁區,土地,八甲段2889地號,2390.0,,特定農業區,農牧用地,1091104,土地1建物0車位0,,,其他,,,,0.0,0,0,0,有,無,19500000,8159,,0.0,0,,RPTOMLRKKIPFFID86DA,0.0,0.0,0.0,無,0174
歸仁區,房地(土地+建物),六甲里六甲三街７巷１２號,100.53,,鄉村區,乙種建築用地,1091207,土地1建物1車位0,全,三層,透天厝,住家用,加強磚造,,197.26,5,1,2,有,無,2750000,13941,,0.0,0,其他增建；,RPRNMLSKKIPFFID66DA,197.26,0.0,0.0,無,
仁德區,土地,中洲段126地號,11420.0,,一般農業區,特定目的事業用地,1090419,土地4建物0車位0,,,其他,,,,0.0,0,0,0,有,無,24200000,2119,,0.0,0,,RPTNMLOKKIPFFID09DA,0.0,0.0,0.0,無,
永康區,房地(土地+建物)+車位,大橋里大橋一街３６之１號三樓,26.26,都市：其他:住宅區,,,1090927,土地2建物1車位1,三層,六層,華廈(10層含以下有電梯),住家用,鋼筋混凝土造,0791107,117.97,3,2,2,有,有,5830000,49419,坡道平面,0.0,0,,RPRPMLQLJIPFFKD86DA,85.91,0.0,3.99,有,
永康區,土地,正強段535地號,139.06,都市：其他:道路用地,,,1090930,土地2建物0車位0,,,其他,,,,0.0,0,0,0,有,無,960000,6903,,0.0,0,包含公共設施保留地用地；,RPQNMLPKJIPFFKD98DA,0.0,0.0,0.0,無,
永康區,土地,四維段807地號,1235.22,都市：其他:道路用地,,,1091105,土地2建物0車位0,,,其他,,,,0.0,0,0,0,有,無,16270000,13172,,0.0,0,包含公共設施保留地用地；,RPXNMLLKJIPFFKD66DA,0.0,0.0,0.0,無,
永康區,房地(土地+建物),東橋三路４６６巷１號,249.25,都市：其他:住宅區,,,1091022,土地2建物1車位0,全,四層,透天厝,住家用,鋼筋混凝土造,0980722,478.64,7,3,7,有,無,37200000,77720,,0.0,0,其他增建；,RPWNMLMLIIPFFKD66DA,424.94,6.08,47.62,有,
楠西區,房地(土地+建物),博愛路１２９巷８２號,95.28,都市：其他:住宅區,,,1091126,土地2建物1車位0,全,三層,透天厝,住家用,見其他登記事項,0830706,135.87,5,2,4,有,無,2400000,17664,,0.0,0,其他增建；,RPRNMLQKKIPFFJD56DA,131.37,0.0,4.5,無,
玉井區,土地,佛聖段790地號,146.41,都市：其他:住宅區,,,1091209,土地1建物0車位0,,,其他,,,,0.0,0,0,0,有,無,1570000,10723,,0.0,0,政府機關標讓售；,RPPNMLSKKIPFFJD56DA,0.0,0.0,0.0,無,
南化區,土地,竹頭崎段347地號,5359.0,,山坡地保育區,農牧用地,1091119,土地1建物0車位0,,,其他,,,,0.0,0,0,0,有,無,2465140,460,,0.0,0,,RPQNMLSKKIPFFJD66DA,0.0,0.0,0.0,無,
永康區,房地(土地+建物),國華街４３號,14.67,都市：其他:商業區,,,1091115,土地1建物1車位0,一層，二層，騎樓，夾層,十五層,住宅大樓(11層含以上有電梯),住商用,鋼筋混凝土造,0841009,140.72,3,2,2,有,有,6000000,42638,,0.0,0,,RPXNMLNJKIPFFKD86DA,111.28,0.0,10.94,有,
永康區,房地(土地+建物)+車位,永平街２９８巷２之７號,18.81,都市：其他:住宅區,,,1091113,土地1建物1車位1,四層,九層,華廈(10層含以下有電梯),住家用,鋼筋混凝土造,0850515,120.92,3,2,2,有,有,4000000,33080,一樓平面,0.0,0,親友、員工、共有人或其他特殊關係間之交易；,RPXNMLTJKIPFFKD47DA,73.62,0.0,11.52,有,
永康區,房地(土地+建物),大灣東路６１１號二樓之２,28.99,都市：其他:住宅區,,,1080602,土地1建物1車位0,二層,五層,華廈(10層含以下有電梯),見其他登記事項,見其他登記事項,1090819,78.25999999999999,2,2,1,有,有,3780000,48301,,0.0,0,預售屋、或土地及建物分次登記案件；,RPQNMLLKKIPFFKD68DA,48.17,0.0,8.27,有,
永康區,房地(土地+建物),龍昌街１１號,84.0,都市：其他:住宅區,,,1091126,土地1建物1車位0,全,四層,透天厝,見其他登記事項,見其他登記事項,1061011,174.78,5,2,3,有,無,14280000,81703,,0.0,0,,RPUNMLKKKIPFFKD98DA,157.2,0.0,17.58,無,0175
永康區,房地(土地+建物),永勝街２０９巷３２號,79.56,都市：其他:住宅區,,,1090831,土地2建物1車位0,全,四層,透天厝,住家用,見其他登記事項,1070108,288.56,5,2,3,有,有,15800000,54755,,0.0,0,,RPQPMLRKKIPFFKD86DA,262.11,10.68,15.77,有,
永康區,土地,勝利段699地號,50.14,都市：其他:住宅區,,,1091115,土地1建物0車位0,,,其他,,,,0.0,0,0,0,有,無,3000000,59832,,0.0,0,母子關係親友、員工、共有人或其他特殊關係間之交易；,RPTNMLSKKIPFFKD07DA,0.0,0.0,0.0,無,
永康區,房地(土地+建物),自強路３５３巷７之４號,23.78,都市：其他:住宅區,,,1091104,土地1建物1車位0,五層,五層,公寓(5樓含以下無電梯),住家用,鋼筋混凝土造,0820511,99.94,3,2,2,有,無,3750000,37523,,0.0,0,,RPUNMLQKKIPFFKD96DA,61.35,0.0,4.72,無,
永康區,房地(土地+建物)+車位,東橋五路９５號十三樓,18.96,都市：其他:商業區,,,1091125,土地1建物1車位1,十三層,二十三層,住宅大樓(11層含以上有電梯),住家用,見其他登記事項,1051026,165.56,3,2,2,有,有,12300000,74293,坡道平面,26.25,0,,RPPNMLRKKIPFFKD56DA,75.79,7.49,6.46,有,
永康區,房地(土地+建物)+車位,東橋五路１１２號,66.48,都市：其他:住宅區,,,1091106,土地1建物1車位1,一層，見其他登記事項,十六層,住宅大樓(11層含以上有電梯),見其他登記事項,見其他登記事項,1061114,201.05,0,0,1,有,有,18220000,97168,坡道平面,22.39,860000,,RPTNMLRKKIPFFKD96DA,122.94,0.0,8.66,有,
永康區,土地,自強段815地號,224.81,都市：其他:住宅區,,,1091117,土地1建物0車位0,,,其他,,,,0.0,0,0,0,有,無,6780000,30159,,0.0,0,親友、員工、共有人或其他特殊關係間之交易；,RPXNMLRKKIPFFKD37DA,0.0,0.0,0.0,無,
永康區,房地(土地+建物),五王里中華路５９８之７５號五樓,35.34,都市：其他:住宅區,,,1091210,土地2建物2車位0,五層,七層,華廈(10層含以下有電梯),住家用,鋼筋混凝土造,0791203,92.36,1,0,1,有,無,490000,5305,,0.0,0,親友、員工、共有人或其他特殊關係間之交易；,RPXNMLQKKIPFFKD27DA,50.75,0.0,9.07,有,0176
永康區,房地(土地+建物),五王里中華路５９８之７５號五樓,35.34,都市：其他:住宅區,,,1091210,土地2建物2車位0,五層,七層,華廈(10層含以下有電梯),住家用,鋼筋混凝土造,0791203,92.36,1,0,1,有,無,690000,7471,,0.0,0,親友、員工、共有人或其他特殊關係間之交易；,SPXNMLQKKIPFFKD37DA,50.75,0.0,9.07,有,0176
永康區,房地(土地+建物),東橋二街９７巷２８號,104.14,都市：其他:住宅區,,,1091114,土地3建物1車位0,全,四層,透天厝,見其他登記事項,見其他登記事項,1000524,177.92,3,3,3,有,無,17150000,96392,,0.0,0,增建:一樓前方、一樓及四樓後方採光罩其他增建；,RPOOMLQKKIPFFKD09DA,155.81,3.86,18.25,無,
永康區,房地(土地+建物)+車位,東橋十二街５７號七樓之２,15.07,都市：其他:住宅區,,,1091101,土地1建物1車位1,七層,十五層,住宅大樓(11層含以上有電梯),住家用,見其他登記事項,1060623,101.96000000000001,2,1,1,有,有,6700000,65712,坡道平面,28.27,0,,RPPNMLPKKIPFFKD98DA,47.17,0.0,4.08,有,0178
永康區,房地(土地+建物),自強路２１７巷１７號,134.68,都市：其他:住宅區,,,1090703,土地2建物1車位0,全,四層,透天厝,見其他登記事項,見其他登記事項,1081107,310.64,5,2,5,有,無,18000000,57945,,0.0,0,,RPUNMLOKKIPFFKD76DA,287.98,0.0,22.66,無,
永康區,房地(土地+建物)+車位,大灣東路６１３號五樓之５,42.52,都市：其他:住宅區,,,1080720,土地1建物1車位1,五層,五層,華廈(10層含以下有電梯),見其他登記事項,見其他登記事項,1090819,134.39,3,2,2,有,有,6920000,51478,一樓平面,19.39,1000000,預售屋、或土地及建物分次登記案件；,RPRNMLOKKIPFFKD09DA,71.54,0.0,11.42,有,
南區,土地,興農段320地號,657.98,都市：其他:主要計畫道路用地,,,1091204,土地1建物0車位0,,,其他,,,,0.0,0,0,0,有,無,9900000,15046,,0.0,0,包含公共設施保留地用地；,RPSPMLRKKIPFFCD98EA,0.0,0.0,0.0,無,0179
東區,土地,府東段283地號,3.16,都市：其他:第五種住宅區,,,1091209,土地1建物0車位0,,,其他,,,,0.0,0,0,0,有,無,228468,72300,,0.0,0,政府機關標讓售；,RPQOMLQKKIPFFCD58EA,0.0,0.0,0.0,無,
新營區,房地(土地+建物),太子宮２９７之３０號,111.58,都市：其他:住宅區,,,1091024,土地3建物1車位0,全,三層,透天厝,見其他登記事項,鋼筋混凝土造,1090830,154.39999999999998,4,2,3,有,有,6950000,45013,,0.0,0,,RPPNMLSKKIPFFDD68EA,144.64,0.0,9.64,無,
新營區,房地(土地+建物),太子宮２９７之２２號,89.58,都市：其他:住宅區,,,1091016,土地3建物1車位0,全,三層,透天厝,見其他登記事項,鋼筋混凝土造,1090830,152.2,4,2,3,有,有,5950000,39093,,0.0,0,,RPQNMLSKKIPFFDD78EA,142.43,0.0,9.63,無,
新營區,房地(土地+建物),太子宮２９７之１５號,84.0,都市：其他:住宅區,,,1091016,土地1建物1車位0,全,三層,透天厝,住家用,鋼筋混凝土造,1090830,156.4,4,2,3,有,無,7400000,47315,,0.0,0,,RPRNMLSKKIPFFDD88EA,146.85,0.0,9.55,無,
新營區,房地(土地+建物),太子宮２９７之１９號,89.0,都市：其他:住宅區,,,1091016,土地1建物1車位0,全,三層,透天厝,住家用,鋼筋混凝土造,1090830,156.49,4,2,3,有,無,7280000,46521,,0.0,0,,RPSNMLSKKIPFFDD98EA,146.94,0.0,9.54,無,
新營區,房地(土地+建物),太子宮２９７之１０號,70.0,都市：其他:住宅區,,,1091016,土地1建物1車位0,全,三層,透天厝,住家用,鋼筋混凝土造,1090830,148.79,4,2,3,有,無,6380000,42879,,0.0,0,,RPTNMLSKKIPFFDD09EA,135.49,0.0,13.3,無,
仁德區,土地,二行段1408地號,49.44,都市：其他:住宅區,,,1091209,土地4建物0車位0,,,其他,,,,0.0,0,0,0,有,無,1340000,27104,,0.0,0,親友、員工、共有人或其他特殊關係間之交易；,RPUOMLQLJIPFFID96EA,0.0,0.0,0.0,無,0180
仁德區,土地,太子段288-1地號,8.37,都市：其他:計畫道路用地,,,1091211,土地5建物0車位0,,,其他,,,,0.0,0,0,0,有,無,110000,13142,,0.0,0,含土地增值稅或其他稅費4630元；含仲介費14370元；親友、員工、共有人或其他特殊關係間之交易；未登記建物；,RPVOMLSJKIPFFID17EA,0.0,0.0,0.0,無,0181
永康區,土地,永華段579-6地號,10.49,都市：其他:道路用地,,,1091214,土地1建物0車位0,,,其他,,,,0.0,0,0,0,有,無,167892,16005,,0.0,0,,RPOOMLSKKIPFFKD76EA,0.0,0.0,0.0,無,
永康區,土地,永華段345-5地號,12.05,都市：其他:道路用地,,,1091214,土地1建物0車位0,,,其他,,,,0.0,0,0,0,有,無,192860,16005,,0.0,0,,RPPOMLSKKIPFFKD86EA,0.0,0.0,0.0,無,
安定區,土地,港子尾段981-2地號,540.0,都市：其他:農業區,,,1091208,土地1建物0車位0,,,其他,,,,0.0,0,0,0,有,無,3105000,5750,,0.0,0,,RPQNMLSKKIPFFHD56EA,0.0,0.0,0.0,無,
新市區,土地,三民段385地號,164.2,都市：其他:計畫道路用地,,,1091203,土地3建物0車位0,,,其他,,,,0.0,0,0,0,有,無,1603300,9764,,0.0,0,包含公共設施保留地用地；,RPPOMLSKKIPFFHD56EA,0.0,0.0,0.0,無,0182
善化區,土地,圳西段90-9地號,831.82,都市：其他:農業區,,,1091110,土地1建物0車位0,,,其他,,,,0.0,0,0,0,有,無,13334000,16030,,0.0,0,,RPQPMLPKKIPFFHD09EA,0.0,0.0,0.0,無,0183
善化區,土地,圳西段90-9地號,101.22,都市：其他:農業區,,,1091110,土地1建物0車位0,,,其他,,,,0.0,0,0,0,有,無,1623000,16034,,0.0,0,,RPSPMLPKKIPFFHD66EA,0.0,0.0,0.0,無,0183
善化區,土地,圳西段90-5地號,164.55,都市：其他:農業區,,,1091110,土地1建物0車位0,,,其他,,,,0.0,0,0,0,有,無,2638000,16032,,0.0,0,,RPPNMLQKKIPFFHD88EA,0.0,0.0,0.0,無,
六甲區,土地,中社段148地號,140.5,,鄉村區,乙種建築用地,1091211,土地1建物0車位0,,,其他,,,,0.0,0,0,0,有,無,700300,4984,,0.0,0,未登記建物；地清或未辦繼承標售；,RPSNMLQKKIPFFFD98EA,0.0,0.0,0.0,無,
麻豆區,土地,謝厝寮段1120地號,540.0,,一般農業區,農牧用地,1091211,土地1建物0車位0,,,其他,,,,0.0,0,0,0,有,無,2052888,3802,,0.0,0,地清或未辦繼承標售；,RPTNMLRKKIPFFFD56EA,0.0,0.0,0.0,無,0185
後壁區,土地,上茄苳段上茄苳小段1525地號,2126.0,,特定農業區,農牧用地,1091211,土地1建物0車位0,,,其他,,,,0.0,0,0,0,有,無,1600000,753,,0.0,0,,RPPNMLSKKIPFFED78EA,0.0,0.0,0.0,無,
白河區,土地,關子嶺段532-1地號,504.5,,山坡地保育區,丙種建築用地,1091211,土地2建物0車位0,,,其他,,,,0.0,0,0,0,有,無,2200000,4361,,0.0,0,,RPWNMLSKKIPFFED86EA,0.0,0.0,0.0,無,
善化區,土地,光華段1098地號,18.48,都市：其他:計畫道路用地,,,1091208,土地1建物0車位0,,,其他,,,,0.0,0,0,0,有,無,250000,13528,,0.0,0,包含公共設施保留地用地；,RPROMLSKKIPFFHD76EA,0.0,0.0,0.0,無,
永康區,房地(土地+建物),正強街１２２巷２６號,74.59,都市：其他:住宅區,,,1091111,土地1建物1車位0,全,二層,透天厝,住家用,加強磚造,0720222,92.68,4,1,2,有,無,5380000,58049,,0.0,0,頂樓加蓋；未登記建物；,RPXOMLSKKIPFFKD67EA,85.15,0.0,7.53,無,
永康區,房地(土地+建物)+車位,中山南路２６２巷２號十一樓之５,14.38,都市：其他:住宅區,,,1091119,土地5建物1車位1,十一層,十五層,住宅大樓(11層含以上有電梯),住家用,鋼筋混凝土造,0841204,120.08,2,1,2,有,有,4700000,39141,坡道機械,0.0,0,,RPROMLRKKIPFFKD96EA,71.46,0.0,8.87,有,0186
歸仁區,房地(土地+建物),民生二街８４號,84.27,都市：其他:住宅區,,,1091126,土地3建物1車位0,全,三層,透天厝,住家用,鋼筋混凝土造,0820531,190.27,4,2,3,有,無,5100000,26804,,0.0,0,親友、員工、共有人或其他特殊關係間之交易；,RPRNMLSJKIPFFID66EA,183.6,0.0,6.67,無,
歸仁區,土地,沙崙段104-1地號,102.0,,一般農業區,農牧用地,1091210,土地1建物0車位0,,,其他,,,,0.0,0,0,0,有,無,250000,2451,,0.0,0,,RPROMLMJJIPFFID68EA,0.0,0.0,0.0,無,
歸仁區,土地,沙崙段111-6地號,102.0,,一般農業區,甲種建築用地,1091210,土地2建物0車位0,,,其他,,,,0.0,0,0,0,有,無,850000,8333,,0.0,0,,RPVOMLQLJIPFFID07EA,0.0,0.0,0.0,無,0187
歸仁區,土地,沙崙段111-5地號,102.0,,一般農業區,甲種建築用地,1091210,土地1建物0車位0,,,其他,,,,0.0,0,0,0,有,無,850000,8333,,0.0,0,,RPWOMLQLJIPFFID17EA,0.0,0.0,0.0,無,
仁德區,房地(土地+建物),民安路二段３８２巷５３弄１５號,87.21,都市：其他:住宅區,,,1091117,土地1建物1車位0,全,四層,透天厝,住商用,鋼筋混凝土造,0841026,231.21,7,2,4,有,無,8500000,36763,,0.0,0,其他增建；,RPSOMLMKJIPFFID88EA,203.04,0.0,28.17,無,
南區,房地(土地+建物)+車位,大同路二段１００巷２１弄１０號十樓之５,35.75,都市：其他:住宅區,,,1091031,土地1建物1車位1,十層,十三層,住宅大樓(11層含以上有電梯),見其他登記事項,鋼筋混凝土造,0881021,146.64,3,2,2,有,有,5800000,39553,坡道平面,0.0,0,,RPSNMLRKKIPFFCD78EA,87.48,0.0,8.74,有,
安南區,房地(土地+建物),安和路一段５２巷２１弄２３號,90.4,都市：其他:住宅區,,,1091209,土地1建物1車位0,全,二層,透天厝,見其他登記事項,加強磚造,0690115,97.35,4,1,2,有,無,3800000,39034,,0.0,0,,RPPOMLSKKIPFFBD58EA,93.3,0.0,4.05,無,
北區,房地(土地+建物),實踐街２號,32.36,都市：其他:住宅區,,,1091106,土地2建物1車位0,一層，二層,七層,華廈(10層含以下有電梯),住家用,鋼筋混凝土造,0701216,116.6,2,2,2,有,有,1200000,10292,,0.0,0,親友、員工、共有人或其他特殊關係間之交易；急買急賣；,RPTNMLRKKIPFFAD68EA,61.28,0.0,4.09,有,
北區,房地(土地+建物),大武街１８０號,67.69,都市：其他:細部計畫道路用地,,,1091106,土地2建物1車位0,全,三層,透天厝,住商用,鋼筋混凝土造,0670306,80.04,2,1,2,有,無,2000000,24988,,0.0,0,親友、員工、共有人或其他特殊關係間之交易；急買急賣；,RPUNMLRKKIPFFAD78EA,80.04,0.0,0.0,無,
永康區,房地(土地+建物),復國一路３４７巷２號,68.93,都市：其他:商業區,,,1091121,土地1建物1車位0,全,二層,透天厝,住家用,鋼筋混凝土造,0741127,101.01,4,2,3,有,無,8580000,84942,,0.0,0,陽台外推；頂樓加蓋；其他增建；,RPRNMLPKKIPFFKD56DA,82.18,15.71,3.12,無,
永康區,房地(土地+建物),東橋七路１９５號十樓之７,14.86,都市：其他:住宅區,,,1091128,土地1建物1車位0,十層,十六層,住宅大樓(11層含以上有電梯),住家用,見其他登記事項,1061114,87.69,2,2,1,有,有,5650000,64432,,0.0,0,,RPQQMLLKKIPFFKD98DA,49.79,1.08,7.22,有,0188
永康區,房地(土地+建物),中華路７巷８號十四樓之３,9.1,都市：其他:住宅區,,,1091123,土地1建物1車位0,十四層,十九層,住宅大樓(11層含以上有電梯),見其他登記事項,見其他登記事項,1010817,131.65,2,2,2,有,有,9320000,70794,,0.0,0,,RPPNMLMKKIPFFKD68DA,79.62,0.0,7.79,有,
永康區,房地(土地+建物),大灣東路６１３號五樓之３,36.72,都市：其他:住宅區,,,1071030,土地1建物1車位0,五層,五層,華廈(10層含以下有電梯),見其他登記事項,見其他登記事項,1090819,99.27000000000001,3,2,2,有,有,5000000,50368,,0.0,0,預售屋、或土地及建物分次登記案件；,RPWNMLLKKIPFFKD66DA,62.15,0.0,9.28,有,
永康區,土地,烏竹段135-1地號,10.04,都市：其他:住宅區,,,1091117,土地1建物0車位0,,,其他,,,,0.0,0,0,0,有,無,410000,40837,,0.0,0,未登記建物；,RPOPMLLKKIPFFKD68DA,0.0,0.0,0.0,無,
永康區,房地(土地+建物),大橋二街２３９巷２１弄３８號四樓之４,6.6,都市：其他:住宅區,,,1091202,土地1建物1車位0,四層,五層,華廈(10層含以下有電梯),住家用,鋼筋混凝土造,0830701,24.68,1,0,1,有,有,1300000,52674,,0.0,0,,RPXPMLLKKIPFFKD96DA,16.72,0.0,2.36,有,
永康區,房地(土地+建物),永康里西勢路６８７號,138.0,都市：其他:住宅區,,,1091208,土地1建物1車位0,全,二層,透天厝,住商用,加強磚造,0690312,172.63,3,2,2,有,無,5200000,30122,,0.0,0,親友、員工、共有人或其他特殊關係間之交易；,RPQOMLQKKIPFFKD66DA,172.63,0.0,0.0,無,
永康區,房地(土地+建物),復華里復華八街５１巷３５號三樓之６,9.81,都市：其他:住宅區,,,1091126,土地1建物1車位0,三層,十層,華廈(10層含以下有電梯),住家用,鋼筋混凝土造,0850426,52.15,2,1,1,有,有,2800000,53691,,0.0,0,夾層；,RPSOMLPKKIPFFKD76DA,28.26,0.91,4.59,有,
永康區,房地(土地+建物),西勢里富強路一段２巷３１弄１３號六樓,16.32,都市：其他:住宅區,,,1091207,土地2建物1車位0,六層,七層,華廈(10層含以下有電梯),住家用,鋼筋混凝土造,0820812,100.71000000000001,3,2,2,有,有,3700000,36739,,0.0,0,,RPSNMLSKKIPFFKD96DA,75.93,0.0,7.07,有,
永康區,房地(土地+建物),永勝街２０９巷３８號,77.93,都市：其他:住宅區,,,1090831,土地2建物1車位0,全,四層,透天厝,住家用,見其他登記事項,1070108,288.56,5,2,3,有,有,15800000,54755,,0.0,0,,RPXOMLRKKIPFFKD47DA,262.11,10.68,15.77,有,
永康區,房地(土地+建物),永勝街２０９巷４０號,77.55,都市：其他:住宅區,,,1090831,土地2建物1車位0,全,四層,透天厝,住家用,見其他登記事項,1070108,288.56,5,2,3,有,有,16800000,58220,,0.0,0,,RPOPMLRKKIPFFKD66DA,262.11,10.68,15.77,有,
永康區,土地,安康段198地號,23.23,都市：其他:廣場(兼供道路使用),,,1091201,土地2建物0車位0,,,其他,,,,0.0,0,0,0,有,無,1510000,65002,,0.0,0,父子關係親友、員工、共有人或其他特殊關係間之交易；,RPSOMLLLKIPFFKD09DA,0.0,0.0,0.0,無,
永康區,土地,鹽西段547-1地號,2149.02,都市：其他:工業區,,,1090915,土地3建物0車位0,,,其他,,,,0.0,0,0,0,有,無,84500000,39320,,0.0,0,,RPOPMLLLKIPFFKD78DA,0.0,0.0,0.0,無,
永康區,土地,永保段594地號,142.16,都市：其他:道路用地,,,1091102,土地5建物0車位0,,,其他,,,,0.0,0,0,0,有,無,1200000,8441,,0.0,0,包含公共設施保留地用地；,RPQNMLTJKIPFFKD76DA,0.0,0.0,0.0,無,0189
永康區,房地(土地+建物),忠孝路１５２巷２８號五樓,28.63,都市：其他:住宅區,,,1091007,土地3建物1車位0,五層,五層,公寓(5樓含以下無電梯),見其他登記事項,鋼筋混凝土造,0720224,95.56,3,2,2,有,無,2300000,24069,,0.0,0,,RPUNMLRJKIPFFKD96DA,78.17,0.0,9.87,無,
玉井區,土地,芒子芒段28-64地號,536.33,,鄉村區,乙種建築用地,1090815,土地3建物0車位0,,,其他,,,,0.0,0,0,0,有,無,1600000,2983,,0.0,0,,RPPNMLRKKIPFFJD09DA,0.0,0.0,0.0,無,
永康區,土地,大灣段6282地號,1244.0,都市：其他:停車場用地,,,1091009,土地2建物0車位0,,,其他,,,,0.0,0,0,0,有,無,112566300,90487,,0.0,0,單價過高未登記建物；包含公共設施保留地用地；,RPPNMLPJJIPFFKD78DA,0.0,0.0,0.0,無,
永康區,房地(土地+建物),中正六街２３２號三樓,11.72,都市：其他:住宅區,,,1091107,土地2建物2車位0,三層,七層,華廈(10層含以下有電梯),住家用,鋼筋混凝土造,0830316,73.36,5,0,2,有,有,2600000,35442,,0.0,0,其他增建；,RPOQMLRKJIPFFKD66DA,41.34,0.0,13.28,有,
仁德區,房地(土地+建物),文賢二街２３巷３之３號,96.97,都市：其他:計畫道路用地,,,1080811,土地2建物1車位0,全,四層,透天厝,住家用,見其他登記事項,1090730,181.92,4,2,4,有,無,9100000,50022,,0.0,0,包含公共設施保留地用地；,RPUOMLPKKIPFFID76DA,162.25,0.0,19.67,無,
仁德區,房地(土地+建物),文賢二街２３巷３號,106.16,都市：其他:道路用地,,,1090824,土地2建物1車位0,全,三層,透天厝,住家用,見其他登記事項,1090730,160.48,4,2,4,有,無,8460000,52717,,0.0,0,包含公共設施保留地用地；,RPVOMLPKKIPFFID86DA,145.34,0.0,15.14,無,
仁德區,房地(土地+建物),文賢二街２３巷３之２號,90.5,都市：其他:道路用地,,,1081218,土地2建物1車位0,全,三層,透天厝,住家用,見其他登記事項,1090730,153.05,4,2,4,有,無,8100000,52924,,0.0,0,包含公共設施保留地用地；,RPROMLPKKIPFFID09DA,138.58,0.0,14.5,無,
關廟區,土地,北勢段322地號,265.0,都市：其他:商業區,,,1091027,土地1建物0車位0,,,其他,,,,0.0,0,0,0,有,無,12000000,45283,,0.0,0,,RPWNMLSKKIPFFID17DA,0.0,0.0,0.0,無,
仁德區,土地,岳王段1172地號,207.3,都市：其他:計畫道路用地,,,1091028,土地1建物0車位0,,,其他,,,,0.0,0,0,0,有,無,820800,3959,,0.0,0,包含公共設施保留地用地；,RPOOMLSKKIPFFID09DA,0.0,0.0,0.0,無,0190
關廟區,土地,山西段841地號,2.0,都市：其他:住宅區,,,1091203,土地1建物0車位0,,,其他,,,,0.0,0,0,0,有,無,30000,15000,,0.0,0,,RPQOMLRKKIPFFID56DA,0.0,0.0,0.0,無,
仁德區,土地,大甲段1425地號,2462.0,都市：其他:農業區,,,1091127,土地1建物0車位0,,,其他,,,,0.0,0,0,0,有,無,12184000,4949,,0.0,0,,RPROMLRKKIPFFID66DA,0.0,0.0,0.0,無,
仁德區,房地(土地+建物),仁德里中正路二段１２１５巷１號,89.02,都市：其他:住宅區,,,1091119,土地1建物1車位0,全,三層,透天厝,住家用,鋼筋混凝土造,0761201,129.12,3,2,3,有,無,7200000,55762,,0.0,0,陽台外推；頂樓加蓋；其他增建；,RPSOMLRKKIPFFID76DA,122.05,0.0,7.07,無,
仁德區,土地,德南段517地號,44.88,都市：其他:住宅區,,,1091208,土地1建物0車位0,,,其他,,,,0.0,0,0,0,有,無,6004000,133779,,0.0,0,,RPVNMLQKKIPFFID86DA,0.0,0.0,0.0,無,0191
仁德區,土地,保生段438地號,989.79,都市：其他:計畫道路用地,,,1091013,土地4建物0車位0,,,其他,,,,0.0,0,0,0,有,無,45000000,45464,,0.0,0,,RPRNMLRKKIPFFID56DA,0.0,0.0,0.0,無,0192
關廟區,房地(土地+建物),關新路二段６８５之１１號,82.18,,一般農業區,甲種建築用地,1081019,土地3建物1車位0,全,四層,透天厝,見其他登記事項,見其他登記事項,1090529,181.09,4,2,5,有,有,7650000,42244,,0.0,0,,RPSNMLRKKIPFFID66DA,166.14,0.0,14.91,無,
仁德區,房地(土地+建物)+車位,新田里北保一街８５號一樓,31.54,都市：其他:住宅區,,,1091125,土地1建物1車位1,一層，二層,七層,華廈(10層含以下有電梯),住家用,鋼筋混凝土造,0830818,160.29,4,2,4,有,有,6400000,39928,坡道平面,0.0,0,其他增建；,RPSNMLTJKIPFFID76DA,107.95,2.54,7.07,有,0193
歸仁區,房地(土地+建物),民族北街１２巷５號,79.0,都市：其他:商業區,,,1091111,土地1建物1車位0,全,三層,透天厝,住家用,鋼筋混凝土加強磚造,0650528,171.62,4,1,2,有,無,9000000,52441,,0.0,0,其他增建；,RPTNMLLKJIPFFID68DA,164.73,0.0,6.89,無,
歸仁區,房地(土地+建物)+車位,後市里民族一街２３號,23.44,都市：其他:住宅區,,,1091126,土地1建物1車位1,一層,七層,華廈(10層含以下有電梯),住家用,鋼筋混凝土造,0820518,122.71000000000001,3,2,2,有,有,3300000,26893,坡道平面,0.0,0,,RPTPMLQLJIPFFID86DA,76.76,0.0,0.0,有,
仁德區,土地,中軍段277地號,189.0,都市：其他:住宅區,,,1090901,土地1建物0車位0,,,其他,,,,0.0,0,0,0,有,無,6574550,34786,,0.0,0,,RPTOMLNJRHPFFID96DA,0.0,0.0,0.0,無,
仁德區,土地,中軍段275地號,289.77,都市：其他:住宅區,,,1090901,土地1建物0車位0,,,其他,,,,0.0,0,0,0,有,無,10080900,34789,,0.0,0,,RPUOMLNJRHPFFID07DA,0.0,0.0,0.0,無,
仁德區,土地,中軍段281地號,208.86,都市：其他:住宅區,,,1090901,土地1建物0車位0,,,其他,,,,0.0,0,0,0,有,無,7265700,34787,,0.0,0,,RPWOMLNJRHPFFID27DA,0.0,0.0,0.0,無,
新市區,土地,新北段235地號,356.66,都市：其他:住宅區,,,1091102,土地1建物0車位0,,,其他,,,,0.0,0,0,0,有,無,32366000,90747,,0.0,0,,RPRPMLLKKIPFFHD68DA,0.0,0.0,0.0,無,0194
新化區,土地,新武段133-3地號,91.42,都市：其他:住宅區,,,1091112,土地2建物0車位0,,,其他,,,,0.0,0,0,0,有,無,5700000,62350,,0.0,0,親友、員工、共有人或其他特殊關係間之交易；,RPPNMLOKKIPFFHD58DA,0.0,0.0,0.0,無,
安定區,土地,蘇厝段1046-10地號,1256.0,都市：其他:計畫道路用地,,,1091124,土地1建物0車位0,,,其他,,,,0.0,0,0,0,有,無,22796400,18150,,0.0,0,,RPQNMLRKKIPFFHD98DA,0.0,0.0,0.0,無,
善化區,房地(土地+建物),溪尾路６８１之８號,78.0,,一般農業區,甲種建築用地,1091211,土地1建物1車位0,全,四層,透天厝,住商用,鋼筋混凝土造,0850621,180.38,6,1,6,有,無,9800000,54330,,0.0,0,含裝潢費3000000元；親友、員工、共有人或其他特殊關係間之交易；陽台外推；,RPTPMLQKKIPFFHD76DA,156.95,0.0,23.43,無,
安定區,土地,蘇安段743地號,154.67,,特定農業區,甲種建築用地,1091106,土地1建物0車位0,,,其他,,,,0.0,0,0,0,有,無,2245808,14520,,0.0,0,,RPUNMLQKKIPFFHD66DA,0.0,0.0,0.0,無,
安定區,土地,蘇厝段1046地號,269.0,都市：其他:計畫道路用地,,,1091124,土地1建物0車位0,,,其他,,,,0.0,0,0,0,有,無,7200000,26766,,0.0,0,,RPSNMLQKKIPFFHD09DA,0.0,0.0,0.0,無,
安定區,土地,港口段269-59地號,6582.0,,一般農業區,養殖用地,1081114,土地8建物0車位0,,,其他,,,,0.0,0,0,0,有,無,27644400,4200,,0.0,0,,RPXOMLRKKIPFFHD17DA,0.0,0.0,0.0,無,
新化區,土地,唪口段1566-4地號,72.2,,鄉村區,乙種建築用地,1091209,土地2建物0車位0,,,其他,,,,0.0,0,0,0,有,無,1310400,18150,,0.0,0,本件買賣即雙方自行口頭約定，並無簽訂任何書面契約。親友、員工、共有人或其他特殊關係間之交易；,RPXNMLSKKIPFFHD17DA,0.0,0.0,0.0,無,0195
善化區,房地(土地+建物)+車位,興農路３８５號七樓之５,30.02,都市：其他:住宅區,,,1091004,土地2建物1車位1,七層,七層,華廈(10層含以下有電梯),見其他登記事項,鋼筋混凝土造,1070628,108.06,1,2,1,有,有,5350000,49510,坡道平面,23.46,0,,RPOOMLSKKIPFFHD98DA,57.82,0.0,6.09,有,0196
善化區,房地(土地+建物),什乃１０５之５號,103.36,,鄉村區,乙種建築用地,1091128,土地5建物1車位0,全,三層,透天厝,住家用,加強磚造,0821026,158.51,4,2,3,有,無,5350000,33752,,0.0,0,頂樓加蓋；其他增建；,RPPOMLSKKIPFFHD09DA,153.73,0.0,4.78,無,
善化區,房地(土地+建物),小新營１３號之３５,81.85,都市：其他:住宅區,,,1091025,土地3建物1車位0,全,四層,透天厝,見其他登記事項,鋼筋混凝土造,0951116,208.41,5,1,5,有,無,8800000,42224,,0.0,0,,RPQOMLSKKIPFFHD56DA,178.01,0.0,30.4,無,
善化區,房地(土地+建物),小新營１０之２２號六樓之２,18.85,都市：其他:商業區,,,1091018,土地1建物1車位0,六層,六層,華廈(10層含以下有電梯),見其他登記事項,鋼筋混凝土造,1090213,86.03999999999999,2,1,1,有,有,4130000,48001,,0.0,0,,RPUOMLSKKIPFFHD96DA,53.23,0.0,7.53,有,
新市區,房地(土地+建物),永就１２０號之２,67.0,,鄉村區,乙種建築用地,1091105,土地1建物1車位0,全,二層,透天厝,住家用,加強磚造,0740805,86.75,5,2,2,有,無,2700000,31124,,0.0,0,,RPVOMLSKKIPFFHD07DA,83.52,0.0,3.23,無,
新化區,土地,拔林段571地號,115.19,,鄉村區,乙種建築用地,1091211,土地1建物0車位0,,,其他,,,,0.0,0,0,0,有,無,1200000,10418,,0.0,0,,RPSNMLLLKIPFFHD68DA,0.0,0.0,0.0,無,
新化區,土地,知母義段1059-1地號,1338.0,,特定農業區,農牧用地,1091117,土地1建物0車位0,,,其他,,,,0.0,0,0,0,有,無,8295600,6200,,0.0,0,,RPVOMLRJKIPFFHD86DA,0.0,0.0,0.0,無,
善化區,房地(土地+建物),北子店路５８１號,86.0,,特定農業區,甲種建築用地,1091128,土地2建物1車位0,全,二層,透天厝,住家用,加強磚造,0650500,130.0,2,2,2,有,無,3300000,25385,,0.0,0,,RPXPMLTJKIPFFHD37DA,130.0,0.0,0.0,無,
學甲區,土地,西進段369地號,3183.0,,特定農業區,農牧用地,1091120,土地1建物0車位0,,,其他,,,,0.0,0,0,0,有,無,2500000,785,,0.0,0,,RPTOMLOKKIPFFGD98DA,0.0,0.0,0.0,無,
西港區,房地(土地+建物),慶安路１７１巷９６弄１２號,116.04,都市：其他:住宅區,,,1071105,土地4建物1車位0,全,三層,透天厝,見其他登記事項,鋼筋混凝土造,1090416,179.73,5,2,3,有,無,8400000,46737,,0.0,0,預售屋、或土地及建物分次登記案件；,RPQPMLRKKIPFFGD09DA,166.49,0.0,13.24,無,
學甲區,土地,欣榮段591地號,30.89,都市：其他:農業區,,,1090804,土地1建物0車位0,,,其他,,,,0.0,0,0,0,有,無,146800,4752,,0.0,0,地清或未辦繼承標售；,RPUOMLSLKIPFFGD96DA,0.0,0.0,0.0,無,0171
佳里區,土地,營頂段537地號,78.0,,鄉村區,乙種建築用地,1091211,土地1建物0車位0,,,其他,,,,0.0,0,0,0,有,無,720000,9231,,0.0,0,親友、員工、共有人或其他特殊關係間之交易；,RPRNMLLLKIPFFGD48DA,0.0,0.0,0.0,無,
北門區,土地,永隆段556地號,76.63,,鄉村區,乙種建築用地,1091029,土地2建物0車位0,,,其他,,,,0.0,0,0,0,有,無,358776,4682,,0.0,0,地清或未辦繼承標售；,RPVNMLSKKIPFFGD86DA,0.0,0.0,0.0,無,
北門區,土地,永隆段160地號,119.43,,鄉村區,乙種建築用地,1091029,土地1建物0車位0,,,其他,,,,0.0,0,0,0,有,無,526888,4412,,0.0,0,地清或未辦繼承標售；,RPWNMLSKKIPFFGD96DA,0.0,0.0,0.0,無,
北門區,土地,保安段283地號,263.62,都市：其他:住宅區,,,1091029,土地1建物0車位0,,,其他,,,,0.0,0,0,0,有,無,1239888,4703,,0.0,0,親友、員工、共有人或其他特殊關係間之交易；地清或未辦繼承標售；,RPXNMLSKKIPFFGD07DA,0.0,0.0,0.0,無,
將軍區,土地,將軍段3534地號,145.2,,鄉村區,乙種建築用地,1091207,土地4建物0車位0,,,其他,,,,0.0,0,0,0,有,無,440000,3030,,0.0,0,,RPTNMLSKKIPFFGD66DA,0.0,0.0,0.0,無,0198
學甲區,房地(土地+建物),仁得里八德街１６１號四樓之八,8.0,都市：其他:住宅區,,,1091215,土地3建物1車位0,四層,六層,華廈(10層含以下有電梯),住家用,鋼筋混凝土造,0840707,36.88,1,0,1,有,無,680000,18438,,0.0,0,,RPQNMLSKKIPFFGD98DA,25.84,0.0,2.16,有,
麻豆區,土地,麻口段980地號,341.55,都市：其他:乙種工業區,,,1090806,土地1建物0車位0,,,其他,,,,0.0,0,0,0,有,無,4132755,12100,,0.0,0,,RPSNMLMKJIPFFFD38DA,0.0,0.0,0.0,無,0199
官田區,土地,角秀段172-8地號,683.0,都市：其他:計畫道路用地,,,1091203,土地13建物0車位0,,,其他,,,,0.0,0,0,0,有,無,4132150,6050,,0.0,0,,RPSNMLNJKIPFFFD48DA,0.0,0.0,0.0,無,
六甲區,土地,成功段1080地號,239.4,都市：其他:農業區,,,1091210,土地1建物0車位0,,,其他,,,,0.0,0,0,0,有,無,1100000,4595,,0.0,0,增值稅由買方負擔親友、員工、共有人或其他特殊關係間之交易；未登記建物；,RPPNMLPKKIPFFFD48DA,0.0,0.0,0.0,無,
東山區,土地,前大埔段563-1地號,2383.67,,山坡地保育區,農牧用地,1091207,土地1建物0車位0,,,其他,,,,0.0,0,0,0,有,無,762773,320,,0.0,0,親友、員工、共有人或其他特殊關係間之交易；,RPPNMLOKKIPFFED28DA,0.0,0.0,0.0,無,
白河區,土地,埤子頭段埤子頭小段2037地號,2241.0,,特定農業區,農牧用地,1091017,土地1建物0車位0,,,其他,,,,0.0,0,0,0,有,無,3300000,1473,,0.0,0,,RPVNMLSKKIPFFED66DA,0.0,0.0,0.0,無,
東山區,土地,東山段2764地號,2680.0,,特定農業區,農牧用地,1091205,土地1建物0車位0,,,其他,,,,0.0,0,0,0,有,無,3315600,1237,,0.0,0,,RPPNMLKLKIPFFED97DA,0.0,0.0,0.0,無,
東山區,土地,東興段93地號,167.46,都市：其他:住宅區,,,1091213,土地1建物0車位0,,,其他,,,,0.0,0,0,0,有,無,2482175,14822,,0.0,0,,RPPNMLLLKIPFFED08DA,0.0,0.0,0.0,無,
東山區,土地,大客南段239地號,184.09,,鄉村區,乙種建築用地,1091125,土地1建物0車位0,,,其他,,,,0.0,0,0,0,有,無,1147617,6234,,0.0,0,,RPVNMLLLKIPFFED68DA,0.0,0.0,0.0,無,
後壁區,土地,新港東段新港東小段1251地號,1123.0,,特定農業區,農牧用地,1091130,土地1建物0車位0,,,其他,,,,0.0,0,0,0,有,無,900000,801,,0.0,0,,RPXNMLLLKIPFFED88DA,0.0,0.0,0.0,無,
後壁區,土地,長短樹段4798地號,1536.0,,特定農業區,農牧用地,1091210,土地1建物0車位0,,,其他,,,,0.0,0,0,0,有,無,1920000,1250,,0.0,0,,RPOOMLLLKIPFFED08DA,0.0,0.0,0.0,無,
後壁區,土地,長短樹段4648地號,1372.0,,特定農業區,農牧用地,1091214,土地1建物0車位0,,,其他,,,,0.0,0,0,0,有,無,1646400,1200,,0.0,0,,RPPOMLLLKIPFFED18DA,0.0,0.0,0.0,無,
新營區,房地(土地+建物),挖仔４３之４１號,89.0,,鄉村區,乙種建築用地,1091027,土地2建物1車位0,全,三層,透天厝,住商用,鋼筋混凝土造,0831001,187.05,6,2,3,有,無,3050000,16306,,0.0,0,,RPUNMLRKKIPFFDD98DA,164.17,4.75,18.13,無,
南區,房地(土地+建物),金華路二段５１巷８１之３號,33.75,都市：其他:住宅區,,,1091022,土地1建物1車位0,四層,四層,公寓(5樓含以下無電梯),住家用,鋼筋混凝土造,0670509,62.19,3,2,1,有,無,2500000,40199,,0.0,0,,RPRNMLPLJIPFFCD38DA,62.19,0.0,0.0,無,0200
東區,土地,德高段117-2地號,107.11,都市：其他:第五種住宅區,,,1091112,土地4建物0車位0,,,其他,,,,0.0,0,0,0,有,無,7000000,65353,,0.0,0,價金含未保存建物一棟不負擔瑕疵擔保親友、員工、共有人或其他特殊關係間之交易；未登記建物；,RPROMLOKKIPFFCD38DA,0.0,0.0,0.0,無,
東區,房地(土地+建物),仁和路１０７巷４２號之１,44.0,都市：其他:第五種住宅區,,,1091108,土地1建物1車位0,全,二層,透天厝,住家用,加強磚造,0600919,48.24,3,1,3,有,無,6500000,134743,,0.0,0,,RPRNMLMKKIPFFCD08DA,48.24,0.0,0.0,無,0201
東區,房地(土地+建物),長榮路二段３２巷２２５號三樓之２,16.32,都市：其他:第五種住宅區,,,1091208,土地1建物1車位0,三層,五層,公寓(5樓含以下無電梯),住家用,鋼筋混凝土造,0740327,56.589999999999996,2,2,1,有,無,1550000,27390,,0.0,0,,RPPNMLNKKIPFFCD97DA,43.38,0.0,3.13,無,
東區,房地(土地+建物)+車位,崇賢三路３２號十三樓之５,33.56,都市：其他:第五種住宅區,,,1091020,土地1建物1車位1,十三層,十五層,住宅大樓(11層含以上有電梯),見其他登記事項,鋼筋混凝土造,1061031,196.06,3,2,2,有,有,6900000,35193,坡道平面,29.01,0,親友、員工、共有人或其他特殊關係間之交易；,RPWNMLQKKIPFFCD98DA,105.26,0.0,11.61,有,0202
東區,房地(土地+建物),怡東路８６巷７號三樓,30.33,都市：其他:第五種住宅區,,,1091112,土地1建物1車位0,三層,五層,公寓(5樓含以下無電梯),住家用,鋼筋混凝土造,0731219,112.01,3,2,2,有,無,3400000,30352,,0.0,0,,RPWOMLPKKIPFFCD98DA,89.18,0.0,9.35,無,
東區,房地(土地+建物),德高街３３號,69.11,都市：其他:第五種住宅區,,,1091112,土地4建物1車位0,全,二層,透天厝,住家用,加強磚造,0611019,108.45,3,2,2,有,無,6500000,59935,,0.0,0,不負擔瑕疵擔保親友、員工、共有人或其他特殊關係間之交易；,RPUOMLOKKIPFFCD68DA,104.34,0.0,4.11,無,
南區,房地(土地+建物),金華路二段３４５巷１９號,251.8,都市：其他:細部計畫道路用地,,,1091016,土地2建物1車位0,全,五層,透天厝,住家用,鋼筋混凝土造,0671222,687.44,0,0,0,無,無,30080000,43757,,0.0,0,,RPRPMLKKKIPFFCD08DA,687.44,0.0,0.0,無,0203
東區,房地(土地+建物),林森路二段１９２巷２４弄３號之１,34.69,都市：其他:第五種住宅區,,,1091027,土地23建物1車位0,二層,五層,公寓(5樓含以下無電梯),住家用,鋼筋混凝土造,0721121,100.38,3,2,2,有,無,5400000,53801,,0.0,0,,RPTNMLPJKIPFFCD48DA,84.29,0.0,5.29,無,0204
東區,房地(土地+建物),小東路２４６號十三樓之５,7.32,都市：其他:沿街商業區,,,1091119,土地1建物1車位0,十三層,二十五層,住宅大樓(11層含以上有電梯),住家用,鋼筋混凝土造,0840106,108.67,3,2,2,有,有,5600000,51532,,0.0,0,,RPUNMLRKKIPFFCD88DA,71.26,1.54,15.56,有,
南區,房地(土地+建物),永興三街５９巷３號,68.0,都市：其他:住宅區,,,1091117,土地1建物1車位0,全,二層,透天厝,住家用,加強磚造,0671110,83.88,3,2,2,有,無,5180000,61755,,0.0,0,頂樓加蓋；其他增建；,RPOOMLRKKIPFFCD38DA,83.88,0.0,0.0,無,0205
南區,房地(土地+建物),大林路１１１巷２４弄５號,86.0,都市：其他:住宅區,,,1091124,土地1建物1車位0,全,三層,透天厝,住家用,鋼筋混凝土造,0810826,168.65,6,2,4,有,無,13300000,78862,,0.0,0,,RPPOMLRKKIPFFCD48DA,158.37,0.0,10.28,無,0206
東區,房地(土地+建物),裕義路６７２號,145.69,都市：其他:虎尾寮第二種住宅區,,,1091029,土地1建物1車位0,全,四層,透天厝,見其他登記事項,鋼筋混凝土造,1030717,285.46,5,2,4,有,無,28000000,98087,,0.0,0,頂樓加蓋；其他增建；,RPQOMLRKKIPFFCD58DA,262.69,1.3,21.47,有,
東區,房地(土地+建物)+車位,崇善五街１８號八樓之５,13.36,都市：其他:第五種住宅區,,,1091101,土地1建物1車位1,八層,八層,華廈(10層含以下有電梯),住家用,鋼筋混凝土造,0831206,98.24000000000001,2,2,1,有,有,4800000,48860,坡道平面,0.0,0,,RPSOMLRKKIPFFCD78DA,55.81,0.0,6.8,有,
南區,房地(土地+建物),金華路二段７１巷１２號,74.0,都市：其他:住宅區,,,1091127,土地1建物1車位0,全,四層,透天厝,住商用,鋼筋混凝土造,0701218,235.77,6,2,4,有,無,8000000,33931,,0.0,0,,RPTOMLRKKIPFFCD88DA,201.39,0.0,34.38,無,
南區,房地(土地+建物),大同路二段４８２巷４５號,281.0,都市：其他:細部計畫道路用地,,,1091125,土地2建物1車位0,全,五層,透天厝,見其他登記事項,鋼筋混凝土造,0890713,947.28,0,0,0,無,無,58000000,61228,,0.0,0,頂樓加蓋；,RPXOMLRKKIPFFCD66DA,914.42,0.0,32.86,有,
東區,房地(土地+建物),衛國街１１２巷２０之５號,33.98,都市：其他:細部計劃道路用地,,,1091116,土地16建物1車位0,六層,七層,華廈(10層含以下有電梯),見其他登記事項,鋼筋混凝土造,0690522,90.72,2,2,2,有,有,4270000,47068,,0.0,0,,RPPPMLQKKIPFFCD48DA,77.38,0.0,0.0,有,
東區,房地(土地+建物),東榮街１１號,5.43,都市：其他:第五種住宅區,,,1091128,土地1建物1車位0,一層,八層,華廈(10層含以下有電梯),住家用,鋼筋混凝土造,0830901,30.009999999999998,1,1,1,有,無,1550000,51649,,0.0,0,,RPUNMLQKKIPFFCD78DA,25.25,0.0,0.0,有,
南區,房地(土地+建物),南樂街１１號二樓,25.04,都市：其他:住宅區,,,1091119,土地1建物1車位0,二層,五層,公寓(5樓含以下無電梯),住家用,鋼筋混凝土造,0780512,103.5,3,2,2,有,無,3750000,36232,,0.0,0,,RPPNMLRKKIPFFCD38DA,69.82,0.0,9.58,無,
東區,房地(土地+建物),中華東路二段７３巷９號三樓之１,7.65,都市：其他:第五種住宅區,,,1091204,土地1建物1車位0,三層,六層,華廈(10層含以下有電梯),住家用,鋼筋混凝土造,0790821,38.76,1,1,1,有,有,1750000,45150,,0.0,0,,RPPQMLRKKIPFFCD68DA,23.24,0.0,3.76,有,
南區,房地(土地+建物),萬年二街２３６號,159.98,都市：其他:住宅區,,,1090317,土地1建物1車位0,全,四層,透天厝,住家用,見其他登記事項,1090511,330.18,6,2,6,有,無,23200000,70265,,0.0,0,,RPQNMLSKKIPFFCD58DA,299.94,0.0,30.24,有,
南區,房地(土地+建物),興隆路２３０號,132.63,都市：其他:住宅區,,,1091020,土地2建物1車位0,全,二層,透天厝,住商用,鋼筋混凝土造,0770820,157.64,5,2,2,有,無,9500000,60264,,0.0,0,頂樓加蓋；其他增建；,RPUNMLSKKIPFFCD98DA,157.64,0.0,0.0,無,
南區,房地(土地+建物),省躬二街２６巷８號,88.0,都市：其他:住宅區,,,1090814,土地1建物1車位0,全,二層,透天厝,住家用,鋼筋混凝土造,0760905,122.25,3,2,2,有,無,6500000,53170,,0.0,0,,RPVNMLSKKIPFFCD09DA,120.06,0.0,2.19,無,
東區,房地(土地+建物),東門路一段８４號之３,4.46,都市：其他:第五種住宅區,,,1091208,土地2建物1車位0,一層,九層,華廈(10層含以下有電梯),住家用,鋼筋混凝土造,0800122,25.54,1,1,1,有,有,1100000,43070,,0.0,0,,RPSOMLSKKIPFFCD88DA,17.29,0.0,0.0,有,
東區,房地(土地+建物)+車位,光明街６６巷３９號七樓之１５,37.02,都市：其他:第五種住宅區,,,1091114,土地1建物2車位1,七層,七層,華廈(10層含以下有電梯),住家用,鋼筋混凝土造,0781014,191.11,12,1,12,有,有,8500000,44477,坡道平面,0.0,0,頂樓加蓋；,RPTOMLSKKIPFFCD98DA,134.67,0.0,20.27,有,
南區,土地,大忠段380地號,277.16,都市：其他:住宅區,,,1091028,土地6建物0車位0,,,其他,,,,0.0,0,0,0,有,無,20120000,72593,,0.0,0,未登記建物；,RPRPMLSKKIPFFCD88DA,0.0,0.0,0.0,無,
東區,房地(土地+建物),小東路１９８巷６弄１３之２號,76.0,都市：其他:第五種住宅區,,,1091125,土地1建物1車位0,全,二層,透天厝,住家用,加強磚造,0660428,94.3,9,0,9,有,無,9050000,95970,,0.0,0,,RPROMLMLKIPFFCD28DA,94.3,0.0,0.0,無,
安南區,房地(土地+建物),大安街２０１巷１５號,71.86,都市：其他:住宅區,,,1091031,土地1建物1車位0,全,二層,透天厝,住家用,加強磚造,0700910,86.81,6,2,2,有,無,5200000,59901,,0.0,0,頂樓加蓋；,RPROMLRKKIPFFBD58DA,80.03,0.0,6.78,無,
安南區,土地,青砂段1006-10地號,628.84,都市：其他:住宅區,,,1091021,土地6建物0車位0,,,其他,,,,0.0,0,0,0,有,無,12230000,19449,,0.0,0,包含公共設施保留地用地；,RPQNMLSKKIPFFBD48DA,0.0,0.0,0.0,無,
安南區,土地,佃南段200-2地號,98.34,都市：其他:主要計畫道路用地,,,1091211,土地2建物0車位0,,,其他,,,,0.0,0,0,0,有,無,1326000,13484,,0.0,0,,RPSNMLSKKIPFFBD68DA,0.0,0.0,0.0,無,
安南區,土地,溪墘段1663地號,297.4,都市：其他:住宅區,,,1081129,土地1建物0車位0,,,其他,,,,0.0,0,0,0,有,無,12458854,41893,,0.0,0,,RPPNMLRKKIPFFBD28DA,0.0,0.0,0.0,無,
安南區,房地(土地+建物),環館路３５６巷２２號,183.21,都市：其他:住宅區,,,1090901,土地3建物1車位0,全,四層,透天厝,見其他登記事項,鋼筋混凝土造,1050531,365.76000000000005,3,4,4,有,有,24100000,65890,,0.0,0,,RPSPMLOLJIPFFBD48DA,332.76,0.0,30.64,有,
安南區,房地(土地+建物),安中路二段１０２號,92.55,都市：其他:住宅區,,,1091202,土地1建物1車位0,全,四層,透天厝,見其他登記事項,鋼筋混凝土造,0960403,218.39,6,2,3,有,無,4400000,20147,,0.0,0,本件係二親等間買賣.為適用自用住宅優惠稅率用.親友、員工、共有人或其他特殊關係間之交易；,RPOOMLSKKIPFFBD38DA,184.29,0.0,34.1,無,
中西區,房地(土地+建物),國華街三段２５０巷２７號五樓之３,21.37,都市：其他:商業區,,,1091104,土地1建物1車位0,五層,五層,公寓(5樓含以下無電梯),住家用,鋼筋混凝土造,0710821,91.33999999999999,3,2,1,有,無,1830000,20035,,0.0,0,,RPWOMLLKKIPFFAD38DA,63.76,0.0,11.73,無,
北區,土地,光賢段258地號,156.15,都市：其他:住宅區,,,1091203,土地1建物0車位0,,,其他,,,,0.0,0,0,0,有,無,16530000,105860,,0.0,0,,RPQQMLRKKIPFFAD58DA,0.0,0.0,0.0,無,
中西區,房地(土地+建物),西門路二段５９巷１２號四樓之２,26.27,都市：其他:商業區,,,1091207,土地1建物1車位0,四層,四層,公寓(5樓含以下無電梯),住家用,鋼筋混凝土造,0631230,77.25,3,2,1,有,無,3250000,42071,,0.0,0,,RPQNMLSKKIPFFAD38DA,77.25,0.0,0.0,無,0207
北區,房地(土地+建物),東豐路１４３巷３２號,44.0,都市：其他:住宅區,,,1091129,土地3建物1車位0,全,二層,透天厝,住家用,加強磚造,0610510,54.6,3,1,3,有,無,2200000,40293,,0.0,0,包含公共設施保留地用地；,RPSNMLSKKIPFFAD58DA,54.6,0.0,0.0,無,0208
安平區,房地(土地+建物)+車位,建平八街４５０巷１號三樓之５,20.09,都市：其他:住宅區,,,1091116,土地2建物1車位1,三層,九層,華廈(10層含以下有電梯),住家用,鋼筋混凝土造,0830330,146.55,3,1,2,有,有,5750000,39236,坡道平面,0.0,0,,RPTNMLSKKIPFFAD68DA,67.5,19.12,10.06,有,0209
北區,房地(土地+建物),開南街２１０巷１０號,119.3,都市：其他:住宅區,,,1091126,土地1建物1車位0,全,四層,透天厝,住家用,見其他登記事項,1081113,306.83,6,2,6,有,無,35800000,116677,,0.0,0,,RPWNMLSKKIPFFAD98DA,255.29,0.0,51.54,有,
北區,房地(土地+建物),長榮路五段１５１巷８號,59.0,都市：其他:住宅區,,,1091026,土地1建物1車位0,全,二層,透天厝,住家用,加強磚造,0600301,89.83,3,1,2,有,無,5500000,61227,,0.0,0,頂樓加蓋；,RPXNMLSKKIPFFAD09DA,89.83,0.0,0.0,無,
安平區,房地(土地+建物)+車位,永華五街６號十四樓,7.4,都市：其他:商業區,,,1091114,土地1建物1車位1,十四層,二十九層,住宅大樓(11層含以上有電梯),見其他登記事項,見其他登記事項,1070921,146.74,3,2,2,有,有,9300000,63377,坡道機械,23.35,0,,RPOOMLSKKIPFFAD28DA,76.09,0.0,8.94,有,0210
安平區,房地(土地+建物),世平四街５２號,164.0,都市：其他:特定住宅專用區,,,1091107,土地2建物1車位0,全,三層,透天厝,住家用,鋼筋混凝土造,0810430,253.04,6,2,4,有,無,9100000,35963,,0.0,0,未登記建物；,RPPOMLSKKIPFFAD38DA,226.54,0.0,26.5,無,
安平區,房地(土地+建物),建平八街７２號八樓之９,15.57,都市：其他:商業區,,,1091114,土地1建物1車位0,八層，九層,十四層,住宅大樓(11層含以上有電梯),見其他登記事項,鋼筋混凝土造,0880816,151.95,3,2,2,有,有,5500000,36196,,0.0,0,,RPRPMLSKKIPFFAD68DA,76.74,5.33,12.67,有,0211
中西區,房地(土地+建物),國華街三段２５０巷２０號,26.48,都市：其他:商業區,,,1091202,土地2建物1車位0,全,二層,透天厝,住家用,磚造,0510000,36.0,2,1,1,有,無,1200000,33333,,0.0,0,,RPSPMLRJKIPFFAD58DA,36.0,0.0,0.0,無,0212
北區,房地(土地+建物),西門路三段１７９號,82.0,都市：其他:商業區,,,1090715,土地1建物1車位0,全,四層,透天厝,住商用,鋼筋混凝土造,0700525,270.35,5,4,4,有,無,17800000,65841,,0.0,0,其他增建；,RPPNMLRJKIPFFAD08DA,248.06,0.0,22.29,無,
安平區,房地(土地+建物)+車位,郡平路１８１號十二樓之３５,18.06,都市：其他:住宅區,,,1091028,土地1建物1車位1,十二層,十四層,住宅大樓(11層含以上有電梯),見其他登記事項,鋼筋混凝土造,0880622,183.15,4,2,2,有,有,8280000,45209,坡道平面,0.0,0,陽台外推；,RPVRMLNLJIPFFAD78DA,107.95,1.94,12.6,有,0213
中西區,房地(土地+建物)+車位,華平路９８２號六樓,70.2,都市：其他:住宅區,,,1090817,土地1建物1車位2,六層,二十四層,住宅大樓(11層含以上有電梯),見其他登記事項,見其他登記事項,1060810,401.92999999999995,3,2,3,有,有,22650000,58429,坡道平面,58.78,2600000,雨遮面積6.01平方公尺，不予計價,RPSQMLKLJIPFFAD08DA,205.33,6.01,22.36,有,
中西區,房地(土地+建物)+車位,華平路９８２號十四樓,70.2,都市：其他:住宅區,,,1090817,土地1建物1車位2,十四層,二十四層,住宅大樓(11層含以上有電梯),見其他登記事項,見其他登記事項,1060810,401.42,3,2,3,有,有,29550000,78070,坡道平面,58.78,2800000,雨遮面積6.08平方公尺，不予計價,RPTQMLKLJIPFFAD18DA,205.33,6.08,21.9,有,
中西區,房地(土地+建物)+車位,中成路１８號十八樓之１０,34.46,都市：其他:商業區,,,1091129,土地1建物2車位1,十八層,二十層,住宅大樓(11層含以上有電梯),住家用,鋼筋混凝土造,0860127,444.87,5,2,2,有,有,20880000,46935,坡道平面,0.0,0,陽台外推；其他增建；,RPRNMLTLJIPFFAD58DA,247.78,0.0,36.67,有,
北區,房地(土地+建物),大興街２３３巷２０弄１７號,55.02,都市：其他:商業區,,,1091126,土地1建物1車位0,全,二層,透天厝,住家用,加強磚造,0641006,74.34,3,2,1,有,無,4150000,55825,,0.0,0,親友、員工、共有人或其他特殊關係間之交易；,RPVOMLMLKIPFFAD48DA,74.34,0.0,0.0,無,
北區,房地(土地+建物),公園路５０９巷８弄３６號四樓之３,11.15,都市：其他:細部計畫道路用地,,,1091211,土地4建物1車位0,四層,四層,公寓(5樓含以下無電梯),住家用,鋼筋混凝土造,0790531,29.91,1,0,1,有,無,1300000,43464,,0.0,0,,RPOOMLMLKIPFFAD77DA,20.48,0.0,0.0,無,0214
北區,土地,公園段699地號,52.67,都市：其他:商業區,,,1091211,土地1建物0車位0,,,其他,,,,0.0,0,0,0,有,無,1801200,34198,,0.0,0,親友、員工、共有人或其他特殊關係間之交易；,RPPQMLNLKIPFFAD18DA,0.0,0.0,0.0,無,
北區,房地(土地+建物)+車位,長榮路四段１７０號,685.0,都市：其他:商業區,,,1090821,土地1建物11車位29,十一層,十一層,住宅大樓(11層含以上有電梯),旅館,鋼筋混凝土構造,1091007,6774.360000000001,46,0,46,有,有,500000000,73808,坡道平面,863.91,0,建物共10戶預售屋、或土地及建物分次登記案件；,RPUOMLRLJIPFFAD78DA,2691.65,0.0,265.66,有,
北區,房地(土地+建物),文賢三街３２０巷３５號,142.58,都市：其他:住宅區,,,1091102,土地1建物1車位0,全,三層,透天厝,住家用,鋼筋混凝土造,0910412,286.04,6,2,5,有,無,23600000,82506,,0.0,0,其他增建；,RPUTMLRKJIPFFAD56DA,256.05,0.0,29.99,無,0215
北區,房地(土地+建物),裕民街８４巷１號四樓之３,11.33,都市：其他:商業區,,,1091124,土地1建物1車位0,四層,五層,華廈(10層含以下有電梯),住家用,鋼筋混凝土造,0811030,54.620000000000005,2,1,1,有,無,2200000,40278,,0.0,0,親友、員工、共有人或其他特殊關係間之交易；,RPXOMLNJKIPFFAD58DA,35.07,0.0,7.64,有,
安平區,房地(土地+建物)+車位,育平路２１２號九樓之３８,8.21,都市：其他:住宅區,,,1091121,土地1建物1車位1,九層,十七層,住宅大樓(11層含以上有電梯),住家用,鋼筋混凝土造,0840729,104.61,2,1,1,有,有,4150000,39671,坡道平面,0.0,0,,RPXOMLSKKIPFFAD56DA,48.61,0.79,6.73,有,0216
中西區,房地(土地+建物)+車位,永華一街４４巷１０號六樓之１,40.75,都市：其他:商業區,,,1091125,土地1建物1車位1,六層,六層,華廈(10層含以下有電梯),住家用,鋼筋混凝土造,0820729,222.6,4,2,4,有,有,7200000,32345,坡道平面,0.0,0,,RPWNMLLLKIPFFAD38DA,156.08,0.0,7.3,有,0217
安平區,房地(土地+建物)+車位,國平南路９６號九樓之３,33.91,都市：其他:商業區,,,1090922,土地2建物1車位2,九層,二十四層,住宅大樓(11層含以上有電梯),見其他登記事項,見其他登記事項,1070529,390.41999999999996,3,2,3,有,有,22720000,59211,坡道平面,43.86,2200000,,RPUNMLSKKIPFFAD78DA,190.86,0.0,45.49,有,
安平區,房地(土地+建物)+車位,國平北路５６號十樓,21.75,都市：其他:商業區,,,1091018,土地1建物1車位1,十層,二十四層,住宅大樓(11層含以上有電梯),見其他登記事項,見其他登記事項,1070214,267.94,3,2,2,有,有,19800000,76375,坡道平面,25.06,1250000,,RPTQMLRKKIPFFAD88DA,136.22,5.27,15.99,有,
北區,房地(土地+建物),北園街８巷２６號十八樓之１,6.6,都市：其他:商業區,,,1091115,土地1建物1車位0,十八層,十九層,住宅大樓(11層含以上有電梯),見其他登記事項,鋼筋混凝土造,0961227,84.19999999999999,2,2,1,有,有,5420000,64371,,0.0,0,,RPPOMLQKKIPFFAD18DA,51.12,0.0,8.68,有,0218
安平區,房地(土地+建物)+車位,慶平路５０７之３號十八樓之１,14.16,都市：其他:商業區,,,1091110,土地1建物1車位1,十八層,二十二層,住宅大樓(11層含以上有電梯),住家用,鋼筋混凝土造,0840516,204.86,3,1,2,有,有,7600000,37099,坡道平面,0.0,0,,RPVPMLRKKIPFFAD98DA,117.99,0.0,15.14,有,
安平區,房地(土地+建物),育平二街１７巷３弄１號,93.84,都市：其他:住宅區,,,1091107,土地3建物1車位0,全,四層,透天厝,見其他登記事項,見其他登記事項,0950324,245.52,4,2,4,有,無,15000000,61095,,0.0,0,,RPWPMLRKKIPFFAD09DA,242.61,0.0,2.91,無,0219
北區,土地,北華段470地號,32.67,都市：其他:住宅區,,,1091214,土地1建物0車位0,,,其他,,,,0.0,0,0,0,有,無,624000,19100,,0.0,0,賣方土地增值稅、規費、手續費由買方以新台幣120000元代繳從總價金扣除下來，不足或剩餘由買方自行處理親友、員工、共有人或其他特殊關係間之交易；未登記建物；,RPSOMLOKKIPFFAD28DA,0.0,0.0,0.0,無,
中西區,房地(土地+建物),友愛街３６３號八樓之１,0.4,都市：其他:商業區,,,1091111,土地1建物1車位0,八層,十一層,住宅大樓(11層含以上有電梯),住家用,鋼筋混凝土造,0851127,66.05,1,1,1,有,有,2100000,31794,,0.0,0,,RPTNMLMKKIPFFAD08DA,36.75,0.0,11.1,有,
安平區,房地(土地+建物),育平路４０３號,225.0,都市：其他:住宅區,,,1091015,土地1建物1車位0,全,五層,透天厝,見其他登記事項,見其他登記事項,1040519,550.53,4,2,6,有,無,50000000,90822,,0.0,0,,RPPPMLPKKIPFFAD18DA,540.16,0.0,10.37,有,
安平區,房地(土地+建物)+車位,永華六街６６號三樓之４,31.55,都市：其他:住宅區,,,1091204,土地1建物1車位1,三層,七層,華廈(10層含以下有電梯),住家用,鋼筋混凝土造,0831227,162.14,3,2,3,有,有,7350000,45331,坡道平面,0.0,0,,RPOQMLOKKIPFFAD08DA,99.25,0.0,15.3,有,0220
中西區,房地(土地+建物)+車位,華平路９８０號二十樓,26.23,都市：其他:住宅區,,,1091017,土地1建物1車位2,二十層,二十四層,住宅大樓(11層含以上有電梯),見其他登記事項,見其他登記事項,1060810,310.44,3,2,2,有,有,19680000,69459,坡道平面,58.78,2200000,雨遮面積3.61平方公尺，不予計價,RPPNMLPKKIPFFAD97DA,139.84,3.61,27.65,有,
安南區,房地(土地+建物)+車位,安和路四段２５巷６８號二樓之２,39.89,都市：其他:住宅區,,,1080829,土地1建物1車位1,二層,五層,華廈(10層含以下有電梯),見其他登記事項,鋼筋混凝土造,1090929,126.65,3,2,2,有,有,5330000,42084,一樓平面,0.0,800000,,RPVNMLSKKIPFFBD98DA,71.12,0.0,8.54,有,
安南區,房地(土地+建物),海佃路四段４９０巷３０弄１５號,131.87,都市：其他:住宅區,,,1090902,土地3建物1車位0,全,三層,透天厝,住家用,鋼筋混凝土造,1090720,155.09,5,2,3,有,無,8200000,52873,,0.0,0,,RPPNMLTKKIPFFBD48DA,143.73,0.0,11.37,無,
安南區,土地,南興段1166-1地號,3665.87,都市：其他:農業區,,,1091130,土地2建物0車位0,,,其他,,,,0.0,0,0,0,有,無,13228000,3608,,0.0,0,,RPOOMLLLKIPFFBD77DA,0.0,0.0,0.0,無,
安南區,房地(土地+建物),安中路四段２９０巷３５１弄２２之６號,106.36,都市：其他:住宅區,,,1090917,土地1建物1車位0,全,四層,透天厝,見其他登記事項,鋼筋混凝土造,1090715,208.19,5,2,5,有,無,12500000,60041,,0.0,0,,RPVUMLPKIIPFFBD56DA,196.63,0.0,11.56,無,
安南區,土地,海西段552地號,661.16,都市：其他:農業區,,,1091123,土地22建物0車位0,,,其他,,,,0.0,0,0,0,有,無,4400000,6655,,0.0,0,親友、員工、共有人或其他特殊關係間之交易；,RPTNMLSKKIPFFBD78DA,0.0,0.0,0.0,無,0221
安南區,土地,安和段227-1地號,32.66,都市：其他:主要計畫道路用地,,,1091203,土地1建物0車位0,,,其他,,,,0.0,0,0,0,有,無,382000,11696,,0.0,0,包含公共設施保留地用地；,RPROMLOKKIPFFBD28DA,0.0,0.0,0.0,無,0222
安南區,土地,佃西段679-2地號,8.26,都市：其他:住宅區,,,1091130,土地1建物0車位0,,,其他,,,,0.0,0,0,0,有,無,149000,18039,,0.0,0,政府機關標讓售；,RPTNMLOKKIPFFBD38DA,0.0,0.0,0.0,無,
南區,土地,永寧段255地號,532.37,都市：其他:農業區,,,1091022,土地1建物0車位0,,,其他,,,,0.0,0,0,0,有,無,3000000,5635,,0.0,0,,RPOPMLLLKIPFFCD97DA,0.0,0.0,0.0,無,
南區,土地,大山段342地號,205.1,都市：其他:住宅區,,,1091103,土地1建物0車位0,,,其他,,,,0.0,0,0,0,有,無,13330000,64993,,0.0,0,,RPQPMLLLKIPFFCD18DA,0.0,0.0,0.0,無,
東區,房地(土地+建物),裕豐街１５８之１號,22.95,都市：其他:第五種住宅區,,,1091026,土地1建物1車位0,二層,五層,公寓(5樓含以下無電梯),住家用,鋼筋混凝土造,0720817,75.77,3,0,3,有,無,2950000,38934,,0.0,0,,RPPNMLMLKIPFFCD97DA,59.78,0.0,6.83,無,
南區,房地(土地+建物),金華路一段４８４巷９９弄５７號,73.0,都市：其他:細部計畫道路用地,,,1091105,土地2建物1車位0,全,三層,透天厝,住家用,鋼筋混凝土造,0681110,150.09,3,2,2,有,無,6500000,43307,,0.0,0,,RPQNMLLLKIPFFCD97DA,150.09,0.0,0.0,無,
東區,建物,光華街１９９之９號五樓,0.0,,,,1091127,土地0建物1車位0,五層,五層,公寓(5樓含以下無電梯),住家用,鋼筋混凝土造,0780304,96.72,2,2,1,有,有,2300000,23780,,0.0,0,土地係屬仁愛之家陽台外推；,RPROMLLLKIPFFCD18DA,59.02,0.0,14.94,無,
東區,土地,新東段1019-17地號,10.0,都市：其他:沿街商業區,,,1091209,土地1建物0車位0,,,其他,,,,0.0,0,0,0,有,無,1700000,170000,,0.0,0,預售屋、或土地及建物分次登記案件；,RPOPMLSKKIPFFCD58DA,0.0,0.0,0.0,無,0223
東區,房地(土地+建物),東寧路３０２號,59.0,都市：其他:沿街商業區,,,1091209,土地2建物1車位0,全,二層,透天厝,住家用,加強磚造,0610304,84.8,3,2,2,有,無,17300000,204009,,0.0,0,預售屋、或土地及建物分次登記案件；,SPOPMLSKKIPFFCD68DA,84.8,0.0,0.0,無,
南區,房地(土地+建物),大成路二段１４３巷１９之１號五樓,26.72,都市：其他:住宅區,,,1090921,土地1建物1車位0,五層,五層,公寓(5樓含以下無電梯),住家用,鋼筋混凝土造,0730430,104.79,7,7,7,有,無,3950000,37694,,0.0,0,頂樓加蓋；,RPPPMLSKKIPFFCD68DA,76.95,0.0,12.95,無,
南區,房地(土地+建物),西門路一段１７４號,85.0,都市：其他:住宅區,,,1091121,土地2建物1車位0,全,四層,透天厝,住商用,鋼筋混凝土造,0820807,222.27,5,2,4,有,無,12000000,53988,,0.0,0,陽台外推；其他增建；,RPQQMLRKKIPFFCD78DA,195.15,13.24,13.88,無,
東區,房地(土地+建物),富農街二段７５之４號,19.9,都市：其他:第五種住宅區,,,1091115,土地1建物1車位0,五層,五層,公寓(5樓含以下無電梯),住家用,鋼筋混凝土造,0681214,60.08,3,1,2,有,無,2200000,36618,,0.0,0,,RPPNMLSKKIPFFCD48DA,48.37,0.0,0.0,無,
東區,房地(土地+建物)+車位,崇德三街１０８號三樓之１,24.15,都市：其他:第五種住宅區,,,1091129,土地1建物1車位1,三層,七層,華廈(10層含以下有電梯),住家用,鋼筋混凝土造,0811231,128.6,3,2,2,有,有,6100000,47434,升降平面,0.0,0,陽台外推；,RPQPMLRKKIPFFCD68DA,80.71,0.0,6.95,有,
南區,土地,中和段809-3地號,84.0,都市：其他:住宅區,,,1091208,土地1建物0車位0,,,其他,,,,0.0,0,0,0,有,無,3500000,41667,,0.0,0,,RPTNMLKKKIPFFCD08DA,0.0,0.0,0.0,無,
東區,房地(土地+建物)+車位,崇賢三路２６號八樓之３,32.23,都市：其他:第五種住宅區,,,1091214,土地1建物1車位1,八層,十五層,住宅大樓(11層含以上有電梯),見其他登記事項,鋼筋混凝土造,1061031,187.2,3,2,2,有,有,5630000,31608,坡道平面,29.01,630000,照顧住宅,RPRPMLOKKIPFFCD48DA,97.91,0.0,12.59,有,0224
東區,房地(土地+建物)+車位,崇賢三路２６號七樓之３,32.23,都市：其他:第五種住宅區,,,1091214,土地1建物1車位1,七層,十五層,住宅大樓(11層含以上有電梯),見其他登記事項,鋼筋混凝土造,1061031,187.2,3,2,2,有,有,5606000,31456,坡道平面,29.01,630000,照顧住宅,RPSPMLOKKIPFFCD58DA,97.91,0.0,12.59,有,0225
東區,房地(土地+建物)+車位,崇賢三路２６號十五樓之３,32.23,都市：其他:第五種住宅區,,,1091214,土地1建物1車位1,十五層,十五層,住宅大樓(11層含以上有電梯),見其他登記事項,鋼筋混凝土造,1061031,187.2,3,2,2,有,有,5797400,32666,坡道平面,29.01,630000,照顧住宅,RPTPMLOKKIPFFCD68DA,97.91,0.0,12.59,有,0226
南區,房地(土地+建物),灣裡路５３７號,82.0,都市：其他:住宅區,,,1090930,土地1建物1車位0,全,四層,透天厝,見其他登記事項,見其他登記事項,0950113,200.62,6,2,5,有,無,8880000,44263,,0.0,0,,RPSOMLKLJIPFFCD08DA,179.59,2.67,18.36,無,0227
南區,房地(土地+建物),金華路二段３巷３４號,31.0,都市：其他:住宅區,,,1091111,土地1建物1車位0,全,二層,透天厝,住家用,見其他登記事項,0640716,36.24,6,2,3,有,無,2000000,55188,,0.0,0,親友、員工、共有人或其他特殊關係間之交易；,RPXNMLMKJIPFFCD58DA,36.24,0.0,0.0,無,
新營區,房地(土地+建物)+車位,中山路１１７號十五之二樓,31.39,都市：其他:商業區,,,1091116,土地1建物2車位2,十五層，十六層,十六層,住宅大樓(11層含以上有電梯),住家用,鋼筋混凝土造,0821221,454.57,4,4,3,有,有,10180000,22395,坡道平面,0.0,0,,RPQNMLTKKIPFFDD78DA,259.14,50.16,20.06,有,
鹽水區,房地(土地+建物),岸內里松子３１５號,89.92,都市：其他:住宅區,,,1091214,土地1建物1車位0,全,二層,透天厝,住商用,加強磚造,0720204,118.34,3,1,2,有,無,3550000,29998,,0.0,0,,RPWNMLPKKIPFFDD98DA,112.06,0.0,6.28,無,
鹽水區,土地,仁愛段712地號,9.23,都市：其他:住宅區,,,1091208,土地1建物0車位0,,,其他,,,,0.0,0,0,0,有,無,175342,18997,,0.0,0,,RPQNMLNLKIPFFDD28DA,0.0,0.0,0.0,無,0228
鹽水區,土地,仁愛段715地號,0.13,都市：其他:計畫道路用地,,,1091218,土地2建物0車位0,,,其他,,,,0.0,0,0,0,有,無,2415,0,,0.0,0,,RPRNMLNLKIPFFDD38DA,0.0,0.0,0.0,無,0229
新營區,房地(土地+建物),新北里２７鄰民生路３８５巷６弄１號,136.83,都市：其他:住宅區,,,1091015,土地3建物1車位0,全,四層,透天厝,住家用,鋼筋混凝土造,0950529,253.39,6,2,4,有,無,10900000,43017,,0.0,0,其他增建；,RPPNMLRLJIPFFDD48DA,231.6,0.0,21.79,無,
白河區,土地,溫泉段362地號,26.13,都市：其他:甲種旅館區,,,1091210,土地1建物0車位0,,,其他,,,,0.0,0,0,0,有,無,2500000,95675,,0.0,0,含地政士服務費；其他                    ；未登記建物；,RPSNMLMLKIPFFED48DA,0.0,0.0,0.0,無,
白河區,土地,糞箕湖段木屐寮小段619-20地號,2642.0,,一般農業區,農牧用地,1090822,土地5建物0車位0,,,其他,,,,0.0,0,0,0,有,無,2600000,984,,0.0,0,農作物；,RPQNMLSKKIPFFED78DA,0.0,0.0,0.0,無,
麻豆區,土地,謝厝寮段882地號,1391.0,,特定農業區,農牧用地,1091109,土地1建物0車位0,,,其他,,,,0.0,0,0,0,有,無,3477500,2500,,0.0,0,,RPRNMLSKKIPFFFD98DA,0.0,0.0,0.0,無,
麻豆區,土地,謝厝寮段882-6地號,286.0,,特定農業區,交通用地,1091109,土地1建物0車位0,,,其他,,,,0.0,0,0,0,有,無,476666,1667,,0.0,0,包含公共設施保留地用地；,SPRNMLSKKIPFFFD09DA,0.0,0.0,0.0,無,
麻豆區,土地,磚井段203-1地號,7.34,都市：其他:第三種住宅區。,,,1091205,土地1建物0車位0,,,其他,,,,0.0,0,0,0,有,無,450000,61308,,0.0,0,畸零地或有合併使用效益；,RPPNMLKLKIPFFFD08DA,0.0,0.0,0.0,無,
麻豆區,土地,磚子井段459-2地號,2940.0,,一般農業區,農牧用地,1091119,土地1建物0車位0,,,其他,,,,0.0,0,0,0,有,無,3675000,1250,,0.0,0,,RPUNMLLLKIPFFFD68DA,0.0,0.0,0.0,無,0230
大內區,土地,大內段534-4地號,755.0,,一般農業區,農牧用地,1091214,土地2建物0車位0,,,其他,,,,0.0,0,0,0,有,無,400000,530,,0.0,0,親友、員工、共有人或其他特殊關係間之交易；,RPVNMLLLKIPFFFD78DA,0.0,0.0,0.0,無,
大內區,土地,大內段2277地號,9970.0,,一般農業區,農牧用地,1091201,土地6建物0車位0,,,其他,,,,0.0,0,0,0,有,無,3800000,381,,0.0,0,,RPUNMLMLKIPFFFD78DA,0.0,0.0,0.0,無,
北門區,土地,仁里段341地號,212.8,,鄉村區,乙種建築用地,1091029,土地1建物0車位0,,,其他,,,,0.0,0,0,0,有,無,603390,2835,,0.0,0,地清或未辦繼承標售；,RPRNMLSKKIPFFGD09DA,0.0,0.0,0.0,無,0231
學甲區,土地,中洲南段529地號,513.9,,特定農業區,農牧用地,1091029,土地1建物0車位0,,,其他,,,,0.0,0,0,0,有,無,1011110,1968,,0.0,0,地清或未辦繼承標售；,RPPNMLLLKIPFFGD28DA,0.0,0.0,0.0,無,
佳里區,土地,佳里段1610-51地號,187.0,都市：其他:商業區,,,1091106,土地2建物0車位0,,,其他,,,,0.0,0,0,0,有,無,11000000,58824,,0.0,0,,RPOOMLSKKIPFFGD88DA,0.0,0.0,0.0,無,
將軍區,土地,山子段2842地號,2410.0,,特定農業區,農牧用地,1091115,土地1建物0車位0,,,其他,,,,0.0,0,0,0,有,無,2000000,830,,0.0,0,,RPWNMLLLKIPFFGD98DA,0.0,0.0,0.0,無,0232
西港區,房地(土地+建物),慶安路１７１巷７８弄１０號,116.57,都市：其他:住宅區,,,1070812,土地4建物1車位0,全,三層,透天厝,見其他登記事項,鋼筋混凝土造,1090416,159.71,5,2,3,有,無,7850000,49152,,0.0,0,預售屋、或土地及建物分次登記案件；,RPUNMLRKKIPFFGD66DA,146.46,0.0,13.24,無,
七股區,土地,十一份段400地號,1789.0,,特定農業區,農牧用地,1091121,土地1建物0車位0,,,其他,,,,0.0,0,0,0,有,無,4300000,2404,,0.0,0,,RPUOMLOKKIPFFGD09DA,0.0,0.0,0.0,無,
將軍區,土地,嘉昌段203地號,8274.0,,特定農業區,農牧用地,1091102,土地3建物0車位0,,,其他,,,,0.0,0,0,0,有,無,5791800,700,,0.0,0,與鄰地合併使用,RPQNMLQKKIPFFGD78DA,0.0,0.0,0.0,無,
將軍區,土地,將軍段1446地號,1514.0,,特定農業區,農牧用地,1091119,土地1建物0車位0,,,其他,,,,0.0,0,0,0,有,無,1380000,911,,0.0,0,,RPOOMLPKKIPFFGD58DA,0.0,0.0,0.0,無,0233
七股區,房地(土地+建物),樹林１００之１７號,133.75,,鄉村區,乙種建築用地,1090318,土地2建物1車位0,全,三層,透天厝,住家用,鋼筋混凝土造,1090910,157.2,4,2,3,有,無,6880000,43766,,0.0,0,,RPQOMLMJKIPFFGD38DA,145.53,0.0,11.67,無,
山上區,土地,樹王段843-5地號,418.69,都市：其他:住宅區,,,1091210,土地1建物0車位0,,,其他,,,,0.0,0,0,0,有,無,6500000,15525,,0.0,0,,RPXOMLKKKIPFFHD09DA,0.0,0.0,0.0,無,
善化區,土地,六分寮段1370地號,2106.0,,一般農業區,農牧用地,1091111,土地1建物0車位0,,,其他,,,,0.0,0,0,0,有,無,3306000,1570,,0.0,0,,RPPPMLSJKIPFFHD09DA,0.0,0.0,0.0,無,
新市區,房地(土地+建物)+車位,富林路１０６號九樓之２,24.45,都市：其他:住宅區,,,1091121,土地1建物1車位1,九層,十三層,住宅大樓(11層含以上有電梯),見其他登記事項,鋼筋混凝土造,1070830,144.88,3,2,2,有,有,8500000,58669,坡道平面,35.21,0,,RPSNMLSJKIPFFHD56DA,66.56,0.0,6.15,有,0234
安定區,土地,管寮段407地號,227.0,,鄉村區,乙種建築用地,1091003,土地1建物0車位0,,,其他,,,,0.0,0,0,0,無,無,2900000,12775,,0.0,0,交易總價包含未保存建物，建物價格依評定現值，其餘為土地款!親友、員工、共有人或其他特殊關係間之交易；未登記建物；,RPTNMLLLKIPFFHD78DA,0.0,0.0,0.0,無,
善化區,土地,成功段659-1地號,57.75,都市：其他:計畫道路用地,,,1091205,土地2建物0車位0,,,其他,,,,0.0,0,0,0,有,無,1572245,27225,,0.0,0,親友、員工、共有人或其他特殊關係間之交易；,RPPNMLLLKIPFFHD38DA,0.0,0.0,0.0,無,
善化區,房地(土地+建物),北子店１７１號,102.0,,特定農業區,甲種建築用地,1091119,土地1建物1車位0,全,四層,透天厝,見其他登記事項,鋼筋混凝土造,1080820,284.19,6,3,6,有,無,17450000,61403,,0.0,0,陽台外推；,RPRNMLLLKIPFFHD58DA,262.27,0.0,21.92,有,
安定區,土地,海寮段108-8地號,111.0,,鄉村區,乙種建築用地,1091128,土地1建物0車位0,,,其他,,,,0.0,0,0,0,有,無,1196100,10776,,0.0,0,親友、員工、共有人或其他特殊關係間之交易；,RPOOMLMLKIPFFHD48DA,0.0,0.0,0.0,無,
安定區,土地,安定段2321地號,2544.0,都市：其他:農業區,,,1091022,土地2建物0車位0,,,其他,,,,0.0,0,0,0,有,無,42380000,16659,,0.0,0,,RPWOMLSKKIPFFHD17DA,0.0,0.0,0.0,無,
善化區,房地(土地+建物),小新營３７８號之１,86.08,,特定農業區,甲種建築用地,1091116,土地2建物1車位0,全,五層,透天厝,見其他登記事項,鋼筋混凝土造,0920403,273.28,4,2,4,有,無,9200000,33665,,0.0,0,,RPQPMLSKKIPFFHD66DA,233.83,0.0,39.45,無,
新市區,土地,永就段503地號,1553.0,,特定農業區,農牧用地,1091114,土地1建物0車位0,,,其他,,,,0.0,0,0,0,有,無,7080000,4559,,0.0,0,,RPSOMLSKKIPFFHD76DA,0.0,0.0,0.0,無,
新市區,土地,永就段637地號,1079.0,,特定農業區,農牧用地,1091113,土地1建物0車位0,,,其他,,,,0.0,0,0,0,有,無,6520000,6043,,0.0,0,,RPTOMLSKKIPFFHD86DA,0.0,0.0,0.0,無,
新化區,房地(土地+建物),太平街１５０巷１１３號,71.54,都市：其他:住宅區,,,1091121,土地2建物1車位0,全,二層,透天厝,住家用,加強磚造,0670426,81.2,3,3,2,有,無,3400000,41872,,0.0,0,未登記建物；,RPTOMLRKKIPFFHD76DA,81.2,0.0,0.0,無,
善化區,土地,善進段75地號,165.01,都市：其他:住宅區,,,1091103,土地1建物0車位0,,,其他,,,,0.0,0,0,0,有,無,15000000,90904,,0.0,0,,RPROMLRKKIPFFHD56DA,0.0,0.0,0.0,無,
安定區,土地,蘇安段742地號,154.67,,特定農業區,甲種建築用地,1091106,土地1建物0車位0,,,其他,,,,0.0,0,0,0,有,無,2339383,15125,,0.0,0,,RPTNMLQKKIPFFHD56DA,0.0,0.0,0.0,無,
新市區,土地,大營段1970-1地號,1938.0,都市：其他:計畫道路用地,,,1091102,土地2建物0車位0,,,其他,,,,0.0,0,0,0,有,無,30980000,15986,,0.0,0,,RPRNMLOKKIPFFHD78DA,0.0,0.0,0.0,無,
善化區,房地(土地+建物),文昌路１０７巷９號,102.51,都市：其他:住宅區,,,1091113,土地1建物1車位0,全,二層,透天厝,住商用,加強磚造,0691231,101.98,3,2,2,有,無,4500000,44126,,0.0,0,本件為兄弟間之買賣親友、員工、共有人或其他特殊關係間之交易；,RPRNMLLKKIPFFHD48DA,101.98,0.0,0.0,無,
新市區,土地,潭頂段1124-6地號,1283.0,,一般農業區,農牧用地,1091101,土地1建物0車位0,,,其他,,,,0.0,0,0,0,有,無,1700000,1325,,0.0,0,,RPROMLKKKIPFFHD48DA,0.0,0.0,0.0,無,
歸仁區,房地(土地+建物),仁愛六街１０５號,90.0,都市：其他:住宅區,,,1091112,土地1建物1車位0,全,四層,透天厝,住家用,見其他登記事項,1090504,195.19,4,2,5,有,無,13800000,70700,,0.0,0,,RPQNMLNLJIPFFID68DA,171.75,0.0,23.44,無,
仁德區,土地,太子段1119地號,15.94,都市：其他:住宅區,,,1090726,土地3建物0車位0,,,其他,,,,0.0,0,0,0,有,無,1832303,114950,,0.0,0,原因：畸零地買賣。,RPQPMLQLJIPFFID56DA,0.0,0.0,0.0,無,0235
關廟區,土地,南雄段625地號,231.0,都市：其他:住宅區,,,1090701,土地2建物0車位0,,,其他,,,,0.0,0,0,0,有,無,5240000,22684,,0.0,0,,RPOPMLNLJIPFFID68DA,0.0,0.0,0.0,無,
仁德區,土地,二仁段1132-1地號,48.63,,一般農業區,水利用地,1091130,土地2建物0車位0,,,其他,,,,0.0,0,0,0,有,無,257718,5300,,0.0,0,包含公共設施保留地用地；協議價購；,RPQOMLRJKIPFFID09DA,0.0,0.0,0.0,無,0236
仁德區,土地,二仁段1132-1地號,24.31,,一般農業區,水利用地,1091130,土地2建物0車位0,,,其他,,,,0.0,0,0,0,有,無,128859,5301,,0.0,0,包含公共設施保留地用地；協議價購；,RPROMLRJKIPFFID56DA,0.0,0.0,0.0,無,0236
仁德區,土地,二仁段1132-1地號,24.31,,一般農業區,水利用地,1091130,土地2建物0車位0,,,其他,,,,0.0,0,0,0,有,無,128859,5301,,0.0,0,包含公共設施保留地用地；協議價購；,RPSOMLRJKIPFFID66DA,0.0,0.0,0.0,無,0236
仁德區,土地,二仁段1132-1地號,121.56,,一般農業區,水利用地,1091130,土地2建物0車位0,,,其他,,,,0.0,0,0,0,有,無,644295,5300,,0.0,0,包含公共設施保留地用地；協議價購；,RPTOMLRJKIPFFID76DA,0.0,0.0,0.0,無,0236
仁德區,土地,二仁段1132-1地號,24.31,,一般農業區,水利用地,1091130,土地2建物0車位0,,,其他,,,,0.0,0,0,0,有,無,128859,5301,,0.0,0,包含公共設施保留地用地；協議價購；,RPUOMLRJKIPFFID86DA,0.0,0.0,0.0,無,0236
仁德區,土地,二仁段1133-1地號,19.31,,一般農業區,農牧用地,1091130,土地5建物0車位0,,,其他,,,,0.0,0,0,0,有,無,101049,5233,,0.0,0,包含公共設施保留地用地；協議價購；,RPVOMLRJKIPFFID96DA,0.0,0.0,0.0,無,0241
仁德區,土地,二仁段1133-1地號,19.31,,一般農業區,農牧用地,1091130,土地5建物0車位0,,,其他,,,,0.0,0,0,0,有,無,101049,5233,,0.0,0,包含公共設施保留地用地；協議價購；,RPWOMLRJKIPFFID07DA,0.0,0.0,0.0,無,0241
仁德區,土地,二仁段1133-1地號,17.02,,一般農業區,農牧用地,1091130,土地2建物0車位0,,,其他,,,,0.0,0,0,0,有,無,89800,5276,,0.0,0,包含公共設施保留地用地；協議價購；,RPXOMLRJKIPFFID17DA,0.0,0.0,0.0,無,0243
仁德區,土地,二仁段1133-1地號,17.02,,一般農業區,農牧用地,1091130,土地2建物0車位0,,,其他,,,,0.0,0,0,0,有,無,89800,5276,,0.0,0,包含公共設施保留地用地；協議價購；,RPOPMLRJKIPFFID98DA,0.0,0.0,0.0,無,0243
仁德區,土地,十三甲段1018-2地號,730.0,,一般農業區,水利用地,1091130,土地1建物0車位0,,,其他,,,,0.0,0,0,0,有,無,3869000,5300,,0.0,0,包含公共設施保留地用地；協議價購；,RPVPMLRJKIPFFID07DA,0.0,0.0,0.0,無,
歸仁區,土地,歸仁北段1489-4地號,388.0,都市：其他:住宅區,,,1090921,土地4建物0車位0,,,其他,,,,0.0,0,0,0,有,無,17250000,44459,,0.0,0,,RPPNMLNJKIPFFID48DA,0.0,0.0,0.0,無,
仁德區,土地,二仁段1133-1地號,160.09,,一般農業區,農牧用地,1091130,土地3建物0車位0,,,其他,,,,0.0,0,0,0,有,無,837600,5232,,0.0,0,包含公共設施保留地用地；協議價購；,RPQPMLRJKIPFFID56DA,0.0,0.0,0.0,無,0245
仁德區,土地,二仁段1133-1地號,17.02,,一般農業區,農牧用地,1091130,土地2建物0車位0,,,其他,,,,0.0,0,0,0,有,無,89799,5276,,0.0,0,包含公共設施保留地用地；協議價購；,RPRPMLRJKIPFFID66DA,0.0,0.0,0.0,無,0243
仁德區,土地,二仁段1133-1地號,173.81,,一般農業區,農牧用地,1091130,土地5建物0車位0,,,其他,,,,0.0,0,0,0,有,無,909436,5232,,0.0,0,包含公共設施保留地用地；協議價購；,RPSPMLRJKIPFFID76DA,0.0,0.0,0.0,無,0241
仁德區,土地,二仁段1133-1地號,17.02,,一般農業區,農牧用地,1091130,土地2建物0車位0,,,其他,,,,0.0,0,0,0,有,無,89800,5276,,0.0,0,包含公共設施保留地用地；協議價購；,RPTPMLRJKIPFFID86DA,0.0,0.0,0.0,無,0243
仁德區,土地,十三甲段1031-8地號,311.43,,一般農業區,水利用地,1091130,土地2建物0車位0,,,其他,,,,0.0,0,0,0,有,無,1619429,5200,,0.0,0,包含公共設施保留地用地；協議價購；,RPRQMLRJKIPFFID76DA,0.0,0.0,0.0,無,0249
仁德區,土地,十三甲段1031-8地號,124.57,,一般農業區,水利用地,1091130,土地2建物0車位0,,,其他,,,,0.0,0,0,0,有,無,647771,5200,,0.0,0,包含公共設施保留地用地；協議價購；,RPSQMLRJKIPFFID86DA,0.0,0.0,0.0,無,0249
仁德區,土地,十三甲段1031-8地號,186.86,,一般農業區,水利用地,1091130,土地2建物0車位0,,,其他,,,,0.0,0,0,0,有,無,971657,5200,,0.0,0,包含公共設施保留地用地；協議價購；,RPTQMLRJKIPFFID96DA,0.0,0.0,0.0,無,0249
仁德區,土地,十三甲段1032-3地號,106.0,,一般農業區,水利用地,1091130,土地1建物0車位0,,,其他,,,,0.0,0,0,0,有,無,561800,5300,,0.0,0,包含公共設施保留地用地；協議價購；,RPUQMLRJKIPFFID07DA,0.0,0.0,0.0,無,
仁德區,土地,十三甲段1033-3地號,2.73,,一般農業區,農牧用地,1091130,土地1建物0車位0,,,其他,,,,0.0,0,0,0,有,無,14186,5196,,0.0,0,包含公共設施保留地用地；協議價購；,RPVQMLRJKIPFFID17DA,0.0,0.0,0.0,無,0252
仁德區,土地,十三甲段1033-3地號,1.46,,一般農業區,農牧用地,1091130,土地1建物0車位0,,,其他,,,,0.0,0,0,0,有,無,7566,5182,,0.0,0,包含公共設施保留地用地；協議價購；,RPWQMLRJKIPFFID27DA,0.0,0.0,0.0,無,0252
仁德區,土地,十三甲段1033-3地號,1.46,,一般農業區,農牧用地,1091130,土地1建物0車位0,,,其他,,,,0.0,0,0,0,有,無,7566,5182,,0.0,0,包含公共設施保留地用地；協議價購；,RPXQMLRJKIPFFID37DA,0.0,0.0,0.0,無,0252
仁德區,土地,十三甲段1033-3地號,1.46,,一般農業區,農牧用地,1091130,土地1建物0車位0,,,其他,,,,0.0,0,0,0,有,無,7566,5182,,0.0,0,包含公共設施保留地用地；協議價購；,RPORMLRJKIPFFID56DA,0.0,0.0,0.0,無,0252
仁德區,土地,十三甲段1033-3地號,1.46,,一般農業區,農牧用地,1091130,土地1建物0車位0,,,其他,,,,0.0,0,0,0,有,無,7566,5182,,0.0,0,包含公共設施保留地用地；協議價購；,RPPRMLRJKIPFFID66DA,0.0,0.0,0.0,無,0252
仁德區,土地,十三甲段1031-8地號,31.14,,一般農業區,水利用地,1091130,土地2建物0車位0,,,其他,,,,0.0,0,0,0,有,無,161943,5200,,0.0,0,包含公共設施保留地用地；協議價購；,RPRRMLRJKIPFFID86DA,0.0,0.0,0.0,無,0249
仁德區,土地,十三甲段1031-8地號,31.14,,一般農業區,水利用地,1091130,土地2建物0車位0,,,其他,,,,0.0,0,0,0,有,無,161943,5200,,0.0,0,包含公共設施保留地用地；協議價購；,RPSRMLRJKIPFFID96DA,0.0,0.0,0.0,無,0249
仁德區,土地,十三甲段1031-8地號,62.29,,一般農業區,水利用地,1091130,土地2建物0車位0,,,其他,,,,0.0,0,0,0,有,無,323886,5200,,0.0,0,包含公共設施保留地用地；協議價購；,RPTRMLRJKIPFFID07DA,0.0,0.0,0.0,無,0249
仁德區,土地,十三甲段1031-8地號,124.57,,一般農業區,水利用地,1091130,土地2建物0車位0,,,其他,,,,0.0,0,0,0,有,無,647771,5200,,0.0,0,包含公共設施保留地用地；協議價購；,RPURMLRJKIPFFID17DA,0.0,0.0,0.0,無,0249
仁德區,土地,二仁段1134地號,11.72,,一般農業區,農牧用地,1091130,土地1建物0車位0,,,其他,,,,0.0,0,0,0,有,無,62107,5299,,0.0,0,包含公共設施保留地用地；協議價購；,RPVQMLMKKIPFFID76DA,0.0,0.0,0.0,無,0261
仁德區,土地,十三甲段1023-9地號,22.0,,一般農業區,水利用地,1091130,土地1建物0車位0,,,其他,,,,0.0,0,0,0,有,無,116600,5300,,0.0,0,包含公共設施保留地用地；協議價購；,RPTPMLMKKIPFFID09DA,0.0,0.0,0.0,無,
仁德區,土地,十三甲段1027-1地號,9.67,,一般農業區,農牧用地,1091130,土地1建物0車位0,,,其他,,,,0.0,0,0,0,有,無,51233,5298,,0.0,0,包含公共設施保留地用地；協議價購；,RPUPMLMKKIPFFID56DA,0.0,0.0,0.0,無,0262
仁德區,土地,十三甲段1027-1地號,19.33,,一般農業區,農牧用地,1091130,土地1建物0車位0,,,其他,,,,0.0,0,0,0,有,無,102467,5301,,0.0,0,包含公共設施保留地用地；協議價購；,RPVPMLMKKIPFFID66DA,0.0,0.0,0.0,無,0262
仁德區,土地,十三甲段1031-1地號,459.0,,一般農業區,水利用地,1091130,土地1建物0車位0,,,其他,,,,0.0,0,0,0,有,無,2432700,5300,,0.0,0,包含公共設施保留地用地；協議價購；,RPWPMLMKKIPFFID76DA,0.0,0.0,0.0,無,
仁德區,土地,十三甲段1031-2地號,504.0,,一般農業區,水利用地,1091130,土地1建物0車位0,,,其他,,,,0.0,0,0,0,有,無,2671200,5300,,0.0,0,包含公共設施保留地用地；協議價購；,RPXPMLMKKIPFFID86DA,0.0,0.0,0.0,無,
仁德區,土地,十三甲段1031-3地號,450.4,,一般農業區,水利用地,1091130,土地1建物0車位0,,,其他,,,,0.0,0,0,0,有,無,2387120,5300,,0.0,0,包含公共設施保留地用地；協議價購；,RPOQMLMKKIPFFID68DA,0.0,0.0,0.0,無,0264
仁德區,土地,十三甲段1031-3地號,112.6,,一般農業區,水利用地,1091130,土地1建物0車位0,,,其他,,,,0.0,0,0,0,有,無,596780,5300,,0.0,0,包含公共設施保留地用地；協議價購；,RPPQMLMKKIPFFID78DA,0.0,0.0,0.0,無,0264
仁德區,土地,十三甲段1032-1地號,286.0,,一般農業區,水利用地,1091130,土地1建物0車位0,,,其他,,,,0.0,0,0,0,有,無,1515800,5300,,0.0,0,包含公共設施保留地用地；協議價購；,RPQQMLMKKIPFFID88DA,0.0,0.0,0.0,無,
仁德區,土地,十三甲段1027-1地號,9.67,,一般農業區,農牧用地,1091130,土地1建物0車位0,,,其他,,,,0.0,0,0,0,有,無,51233,5298,,0.0,0,包含公共設施保留地用地；協議價購；,RPRQMLMKKIPFFID98DA,0.0,0.0,0.0,無,0262
仁德區,土地,十三甲段1033-1地號,462.83,,一般農業區,水利用地,1091130,土地1建物0車位0,,,其他,,,,0.0,0,0,0,有,無,2452976,5300,,0.0,0,包含公共設施保留地用地；協議價購；,RPSQMLMKKIPFFID09DA,0.0,0.0,0.0,無,0267
仁德區,土地,十三甲段1024-1地號,15.83,,一般農業區,水利用地,1091130,土地1建物0車位0,,,其他,,,,0.0,0,0,0,有,無,82333,5201,,0.0,0,包含公共設施保留地用地；協議價購；,RPPNMLMKKIPFFID48DA,0.0,0.0,0.0,無,0268
仁德區,土地,十三甲段1024-1地號,31.67,,一般農業區,水利用地,1091130,土地1建物0車位0,,,其他,,,,0.0,0,0,0,有,無,164667,5199,,0.0,0,包含公共設施保留地用地；協議價購；,RPQNMLMKKIPFFID58DA,0.0,0.0,0.0,無,0268
仁德區,土地,十三甲段1023-21地號,412.0,,一般農業區,水利用地,1091130,土地1建物0車位0,,,其他,,,,0.0,0,0,0,有,無,2183600,5300,,0.0,0,包含公共設施保留地用地；協議價購；,RPSNMLMKKIPFFID78DA,0.0,0.0,0.0,無,
仁德區,土地,二仁段1134地號,3.91,,一般農業區,農牧用地,1091130,土地1建物0車位0,,,其他,,,,0.0,0,0,0,有,無,20702,5295,,0.0,0,包含公共設施保留地用地；協議價購；,RPXNMLMKKIPFFID66DA,0.0,0.0,0.0,無,0261
仁德區,土地,二仁段1134地號,8.79,,一般農業區,農牧用地,1091130,土地1建物0車位0,,,其他,,,,0.0,0,0,0,有,無,46580,5299,,0.0,0,包含公共設施保留地用地；協議價購；,RPTOMLMKKIPFFID98DA,0.0,0.0,0.0,無,0261
仁德區,土地,二仁段1134地號,35.16,,一般農業區,農牧用地,1091130,土地1建物0車位0,,,其他,,,,0.0,0,0,0,有,無,186322,5299,,0.0,0,包含公共設施保留地用地；協議價購；,RPUOMLMKKIPFFID09DA,0.0,0.0,0.0,無,0261
仁德區,土地,十三甲段1022-2地號,529.0,,一般農業區,水利用地,1091130,土地2建物0車位0,,,其他,,,,0.0,0,0,0,有,無,2871700,5429,,0.0,0,包含公共設施保留地用地；協議價購；,RPVOMLMKKIPFFID56DA,0.0,0.0,0.0,無,
仁德區,土地,二仁段1134地號,8.79,,一般農業區,農牧用地,1091130,土地1建物0車位0,,,其他,,,,0.0,0,0,0,有,無,46580,5299,,0.0,0,包含公共設施保留地用地；協議價購；,RPWOMLMKKIPFFID66DA,0.0,0.0,0.0,無,0261
仁德區,土地,十三甲段1022地號,423.33,,一般農業區,水利用地,1091130,土地2建物0車位0,,,其他,,,,0.0,0,0,0,有,無,2230767,5270,,0.0,0,包含公共設施保留地用地；協議價購；,RPXOMLMKKIPFFID76DA,0.0,0.0,0.0,無,0274
仁德區,土地,十三甲段1022地號,423.33,,一般農業區,水利用地,1091130,土地2建物0車位0,,,其他,,,,0.0,0,0,0,有,無,2230767,5270,,0.0,0,包含公共設施保留地用地；協議價購；,RPOPMLMKKIPFFID58DA,0.0,0.0,0.0,無,0274
仁德區,土地,十三甲段1022地號,423.33,,一般農業區,水利用地,1091130,土地2建物0車位0,,,其他,,,,0.0,0,0,0,有,無,2230767,5270,,0.0,0,包含公共設施保留地用地；協議價購；,RPPPMLMKKIPFFID68DA,0.0,0.0,0.0,無,0274
仁德區,土地,土庫段796地號,171.28,都市：其他:住宅區,,,1091212,土地3建物0車位0,,,其他,,,,0.0,0,0,0,有,無,2416000,14106,,0.0,0,親友、員工、共有人或其他特殊關係間之交易；包含公共設施保留地用地；,RPPNMLQKKIPFFID88DA,0.0,0.0,0.0,無,0277
仁德區,土地,德南段517地號,2.36,都市：其他:住宅區,,,1091208,土地1建物0車位0,,,其他,,,,0.0,0,0,0,有,無,316000,133898,,0.0,0,,RPWNMLQKKIPFFID96DA,0.0,0.0,0.0,無,0191
仁德區,房地(土地+建物)+車位,新田路１２號四樓之３,28.94,都市：其他:住宅區,,,1091117,土地1建物1車位1,四層，夾層,六層,華廈(10層含以下有電梯),住家用,鋼筋混凝土造,0840324,122.6,4,2,2,有,有,3600000,29364,一樓平面,0.0,0,,RPXNMLQKKIPFFID07DA,81.73,0.0,6.8,有,
關廟區,土地,民生段1573地號,819.0,都市：其他:住宅區,,,1091008,土地1建物0車位0,,,其他,,,,0.0,0,0,0,有,無,27747000,33879,,0.0,0,,RPVOMLRKKIPFFID07DA,0.0,0.0,0.0,無,
歸仁區,土地,歸仁北段998-19地號,128.4,都市：其他:住宅區,,,1091005,土地1建物0車位0,,,其他,,,,0.0,0,0,0,有,無,9550000,74377,,0.0,0,,RPPNMLSKKIPFFID09DA,0.0,0.0,0.0,無,
仁德區,房地(土地+建物),仁義六街５６巷２２號,79.97,都市：其他:住宅區,,,1091111,土地1建物1車位0,全,三層,透天厝,住家用,見其他登記事項,1090110,159.26,5,2,4,有,無,9800000,61535,,0.0,0,,RPQOMLSKKIPFFID66DA,144.1,0.0,15.16,無,0279
歸仁區,土地,南潭段128地號,167.61,,鄉村區,乙種建築用地,1091023,土地3建物0車位0,,,其他,,,,0.0,0,0,0,有,無,4300000,25655,,0.0,0,,RPPNMLTKKIPFFID56DA,0.0,0.0,0.0,無,
仁德區,土地,崁腳北段93-29地號,73.12,都市：其他:乙種工業區,,,1091211,土地4建物0車位0,,,其他,,,,0.0,0,0,0,有,無,2337815,31972,,0.0,0,,RPSNMLSKKIPFFID76DA,0.0,0.0,0.0,無,
仁德區,房地(土地+建物),仁德里中山路９１０巷２２弄７號,70.8,都市：其他:農業區,,,1091122,土地2建物1車位0,全,四層,透天厝,住家用,鋼筋混凝土造,0870928,180.82999999999998,4,2,3,有,有,9800000,54195,,0.0,0,,RPUNMLSKKIPFFID96DA,143.36,31.57,5.73,無,
仁德區,土地,崁腳北段104-3地號,2142.3,都市：其他:乙種工業區,,,1091211,土地8建物0車位0,,,其他,,,,0.0,0,0,0,有,無,139674045,65198,,0.0,0,,RPVNMLSKKIPFFID07DA,0.0,0.0,0.0,無,0280
仁德區,土地,十三甲段1033-1地號,129.17,,一般農業區,水利用地,1091130,土地1建物0車位0,,,其他,,,,0.0,0,0,0,有,無,684624,5300,,0.0,0,包含公共設施保留地用地；協議價購；,RPVNMLPKKIPFFID76DA,0.0,0.0,0.0,無,0267
歸仁區,土地,大成段18-5地號,11.34,都市：其他:住宅區,,,1091210,土地1建物0車位0,,,其他,,,,0.0,0,0,0,有,無,1000000,88183,,0.0,0,,RPXOMLOKKIPFFID96DA,0.0,0.0,0.0,無,
仁德區,土地,十三甲段1033-3地號,1.46,,一般農業區,農牧用地,1091130,土地1建物0車位0,,,其他,,,,0.0,0,0,0,有,無,7566,5182,,0.0,0,包含公共設施保留地用地；協議價購；,RPTNMLPKKIPFFID56DA,0.0,0.0,0.0,無,0252
仁德區,房地(土地+建物),中正西路３６０巷２０弄２９號,100.31,都市：其他:住宅區,,,1091029,土地1建物1車位0,全,四層,透天厝,住家用,鋼筋混凝土造,0970201,214.12,7,0,7,有,無,7300000,34093,,0.0,0,含租約；,RPSNMLLLKIPFFID78DA,198.67,7.45,8.0,無,
仁德區,土地,嘉南段1220地號,385.54,都市：其他:計畫道路用地,,,1091105,土地1建物0車位0,,,其他,,,,0.0,0,0,0,有,無,730000,1893,,0.0,0,包含公共設施保留地用地；,RPVNMLLLKIPFFID09DA,0.0,0.0,0.0,無,
永康區,房地(土地+建物),正南五街５２０巷５６弄３３號,29.29,都市：其他:住宅區,,,1091024,土地1建物1車位0,一層,五層,華廈(10層含以下有電梯),住家用,鋼筋混凝土造,0810430,96.96,5,0,2,有,有,3300000,34035,,0.0,0,,RPPWMLOLJIPFFKD17DA,79.62,0.0,3.35,有,
永康區,房地(土地+建物)+車位,六合里中華二路３３０號,54.82,都市：其他:住宅區,,,1091018,土地1建物1車位1,一層，二層，騎樓,十七層,住宅大樓(11層含以上有電梯),住商用,鋼筋混凝土造,0811016,341.23,0,0,0,無,有,23000000,67401,坡道平面,30.93,0,含租約；,RPSNMLNLIIPFFKD98DA,299.25,11.52,13.68,有,
楠西區,房地(土地+建物),博愛路８３號,106.2,都市：其他:住宅區,,,1091128,土地1建物1車位0,全,三層,透天厝,住家用,見其他登記事項,1080429,133.23,4,2,4,有,無,5770000,43309,,0.0,0,,RPPNMLRJKIPFFJD98DA,119.77,0.0,13.46,無,
玉井區,土地,口宵里段212-54地號,2805.0,,一般農業區,農牧用地,1091209,土地1建物0車位0,,,其他,,,,0.0,0,0,0,有,無,7320000,2610,,0.0,0,,RPQNMLMLKIPFFJD78DA,0.0,0.0,0.0,無,
永康區,土地,大灣段4765-1地號,231.96,都市：其他:道路用地,,,1091209,土地2建物0車位0,,,其他,,,,0.0,0,0,0,有,無,4200183,18107,,0.0,0,包含公共設施保留地用地；,RPXOMLLLKIPFFKD96DA,0.0,0.0,0.0,無,0283
永康區,房地(土地+建物),中興里中山東路４１７號,65.68,都市：其他:住宅區,,,1091020,土地1建物1車位0,全,二層,透天厝,住家用,加強磚造,0690116,93.42,4,2,3,有,無,10000000,107043,,0.0,0,,RPTOMLLLKIPFFKD56DA,89.71,0.0,3.71,無,0284
永康區,房地(土地+建物)+車位,中山南路２６２巷２號七樓之１１,13.66,都市：其他:住宅區,,,1091123,土地5建物1車位2,七層,十五層,住宅大樓(11層含以上有電梯),住家用,鋼筋混凝土造,0841204,127.93,3,1,2,有,有,4500000,35175,坡道機械,0.0,0,,RPQOMLLLKIPFFKD88DA,68.66,0.0,8.82,有,0285
永康區,房地(土地+建物),龍國街１２８巷１９弄２２號,54.0,都市：其他:住宅區,,,1091127,土地1建物1車位0,全,四層,透天厝,見其他登記事項,鋼筋混凝土造,0820907,164.0,4,2,3,有,無,7500000,45732,,0.0,0,,RPROMLLLKIPFFKD98DA,147.42,15.53,0.0,無,0286
永康區,土地,正北段512-2地號,401.62,都市：其他:工業區,,,1091026,土地1建物0車位0,,,其他,,,,0.0,0,0,0,有,無,13600000,33863,,0.0,0,,RPRPMLLLKIPFFKD09DA,0.0,0.0,0.0,無,
永康區,房地(土地+建物),三合里南工街２６７巷６６號十一樓之７,7.15,都市：其他:住宅區,,,1091119,土地3建物1車位0,十一層,十一層,住宅大樓(11層含以上有電梯),住家用,鋼筋混凝土造,0860926,63.620000000000005,3,2,2,有,有,3350000,52656,,0.0,0,其他增建；,RPSNMLMLKIPFFKD09DA,37.82,4.13,4.82,有,
永康區,房地(土地+建物),鹽洲里鹽行路１４６巷６弄４５號,73.95,都市：其他:住宅區,,,1091105,土地1建物1車位0,全,二層,透天厝,住家用,加強磚造,0741216,100.71,5,2,3,有,無,8100000,80429,,0.0,0,陽台外推；,RPTPMLRKKIPFFKD17DA,87.72,6.36,6.63,無,
永康區,房地(土地+建物),國華街８７巷９號,92.46,都市：其他:住宅區,,,1091214,土地1建物1車位0,全,二層,透天厝,住家用,加強磚造,0690700,88.02,5,2,3,有,無,5500000,62486,,0.0,0,,RPRNMLSKKIPFFKD86DA,88.02,0.0,0.0,無,
永康區,房地(土地+建物)+車位,復華一街１７８號十四樓之１,52.2,都市：其他:住宅區,,,1070330,土地1建物1車位2,十四層,十四層,住宅大樓(11層含以上有電梯),見其他登記事項,見其他登記事項,1090909,275.88,3,1,2,有,有,13369359,50890,坡道平面,56.4,2200000,毛胚屋；預售屋、或土地及建物分次登記案件；,RPVOMLSKKIPFFKD37DA,135.75,0.0,12.56,有,
永康區,建物,新興街７８號二樓之１３,0.0,,,,1091122,土地0建物1車位0,二層,八層,華廈(10層含以下有電梯),住家用,鋼筋混凝土造,0801022,20.82,1,0,1,有,有,1100000,52834,,0.0,0,地上權房屋；,RPOPMLSKKIPFFKD76DA,10.61,0.0,2.35,有,
永康區,房地(土地+建物),國華街５３號七樓之３,12.52,都市：其他:商業區,,,1091111,土地1建物1車位0,七層，八層,十五層,住宅大樓(11層含以上有電梯),住家用,鋼筋混凝土造,0841009,117.16999999999999,3,2,2,有,有,5200000,44380,,0.0,0,,RPTPMLSKKIPFFKD27DA,75.1,0.0,14.0,有,
永康區,土地,埔北段505地號,124.64,都市：其他:道路用地,,,1091212,土地2建物0車位0,,,其他,,,,0.0,0,0,0,有,無,5400000,43325,,0.0,0,包含公共設施保留地用地；,RPUNMLLLKIPFFKD56DA,0.0,0.0,0.0,無,0287
永康區,土地,鹽中段1463地號,110.81,都市：其他:道路用地,,,1091215,土地2建物0車位0,,,其他,,,,0.0,0,0,0,有,無,1300000,11732,,0.0,0,包含公共設施保留地用地；,RPOPMLPKKIPFFKD09DA,0.0,0.0,0.0,無,0288
永康區,房地(土地+建物),國華街１０２巷９２號三樓之１,19.13,都市：其他:住宅區,,,1091125,土地2建物1車位0,三層,十二層,住宅大樓(11層含以上有電梯),住家用,鋼筋混凝土造,0831006,144.56,3,2,2,有,有,4800000,33204,,0.0,0,,RPSNMLRKKIPFFKD86DA,72.99,35.14,8.84,有,
永康區,土地,鹽中段957地號,22.51,都市：其他:工業區,,,1091204,土地1建物0車位0,,,其他,,,,0.0,0,0,0,有,無,1360000,60418,,0.0,0,政府機關標讓售；,RPOOMLOKKIPFFKD88DA,0.0,0.0,0.0,無,
中西區,房地(土地+建物),友愛街１１５巷１１號,175.8,都市：其他:商業區,,,1091130,土地4建物1車位0,全,二層,透天厝,住家用,見其他登記事項,0160106,120.62,3,1,2,有,無,16000000,132648,,0.0,0,,RPROMLLLKIPFFAD08EA,120.62,0.0,0.0,無,0289
安南區,房地(土地+建物),安六街９８號,203.72,都市：其他:住宅區,,,1091111,土地1建物1車位0,全,五層,透天厝,見其他登記事項,鋼筋混凝土造,1090421,319.45,5,2,6,有,無,22000000,68868,,0.0,0,陽台外推；其他增建；,RPSNMLLLKIPFFBD18EA,278.11,0.0,41.34,有,
安南區,土地,怡北段874-2地號,77.24,都市：其他:道路用地(兼供排水使用),,,1091110,土地1建物0車位0,,,其他,,,,0.0,0,0,0,有,無,4008756,51900,,0.0,0,協議價購；,RPPNMLMLKIPFFBD97EA,0.0,0.0,0.0,無,
安南區,土地,怡北段956-3地號,0.06,都市：其他:道路用地(兼供排水使用),,,1091202,土地1建物0車位0,,,其他,,,,0.0,0,0,0,有,無,3028,0,,0.0,0,協議價購；,RPQNMLMLKIPFFBD08EA,0.0,0.0,0.0,無,
安南區,土地,怡北段32-1地號,1.12,都市：其他:河川區,,,1091125,土地1建物0車位0,,,其他,,,,0.0,0,0,0,有,無,58128,51900,,0.0,0,協議價購；,RPRNMLMLKIPFFBD18EA,0.0,0.0,0.0,無,0290
安南區,土地,怡北段888-3地號,0.14,都市：其他:道路用地(兼供排水使用),,,1091117,土地1建物0車位0,,,其他,,,,0.0,0,0,0,有,無,7266,0,,0.0,0,協議價購；,RPSNMLMLKIPFFBD28EA,0.0,0.0,0.0,無,0291
鹽水區,土地,岸南段675地號,2238.01,,特定農業區,農牧用地,1091106,土地2建物0車位0,,,其他,,,,0.0,0,0,0,有,無,7830000,3499,,0.0,0,,RPRNMLLLKIPFFDD28EA,0.0,0.0,0.0,無,
新營區,房地(土地+建物),太子路２３８巷４０弄１２號,81.3,都市：其他:住宅區,,,1091201,土地1建物1車位0,全,四層,透天厝,住家用,鋼筋混凝土造,0820726,176.4,4,2,3,有,無,5100000,28912,,0.0,0,頂樓加蓋；其他增建；,RPRNMLMLKIPFFDD38EA,171.02,0.0,5.38,無,
柳營區,土地,柳南段526地號,699.55,都市：其他:農業區,,,1091216,土地1建物0車位0,,,其他,,,,0.0,0,0,0,有,無,1400000,2001,,0.0,0,,RPPNMLNLKIPFFDD28EA,0.0,0.0,0.0,無,
柳營區,土地,東昇段793-1地號,13.4,都市：其他:住宅區,,,1091217,土地1建物0車位0,,,其他,,,,0.0,0,0,0,有,無,100000,7463,,0.0,0,親友、員工、共有人或其他特殊關係間之交易；,RPTNMLNLKIPFFDD68EA,0.0,0.0,0.0,無,
鹽水區,土地,舊營段後寮小段1510地號,2043.0,,特定農業區,農牧用地,1091116,土地1建物0車位0,,,其他,,,,0.0,0,0,0,有,無,2000000,979,,0.0,0,,RPWNMLOKKIPFFDD98EA,0.0,0.0,0.0,無,
新營區,房地(土地+建物),新北一街８９之１號,93.0,都市：其他:住宅區,,,1091120,土地3建物1車位0,全,五層,透天厝,住家用,鋼筋混凝土造,1091020,250.95,3,2,5,有,無,14500000,57780,,0.0,0,,RPWNMLQKKIPFFDD56EA,220.02,0.0,30.93,有,
仁德區,房地(土地+建物),仁義里義林六街４３號,76.38,都市：其他:住宅區,,,1091214,土地1建物1車位0,全,四層,透天厝,住家用,鋼筋混凝土造,0920530,149.68,0,0,0,無,無,4000000,26724,,0.0,0,親友、員工、共有人或其他特殊關係間之交易；頂樓加蓋；未登記建物；未登記建物；,RPTOMLMKJIPFFID98EA,140.86,0.0,8.82,無,
仁德區,土地,德南段495地號,5.82,都市：其他:住宅區,,,1091212,土地1建物0車位0,,,其他,,,,0.0,0,0,0,有,無,704000,120962,,0.0,0,畸零地或有合併使用效益；,RPOPMLQLJIPFFID09EA,0.0,0.0,0.0,無,
玉井區,土地,玉興段1200地號,180.77,都市：其他:住宅區,,,1091208,土地1建物0車位0,,,其他,,,,0.0,0,0,0,有,無,5700000,31532,,0.0,0,,RPPNMLMLKIPFFJD78EA,0.0,0.0,0.0,無,0292
永康區,房地(土地+建物)+車位,中華路５８巷５６之１號,117.51,都市：其他:住宅區,,,1091215,土地1建物1車位1,一層，二層,十四層,住宅大樓(11層含以上有電梯),見其他登記事項,鋼筋混凝土造,0951215,349.99,0,2,2,有,有,11000999,31432,坡道平面,0.0,0,政府機關標讓售；,RPTNMLMLKIPFFKD66EA,215.06,5.12,8.72,有,
麻豆區,土地,大埕段372地號,156.5,都市：其他:第三種住宅區。,,,1091130,土地2建物0車位0,,,其他,,,,0.0,0,0,0,有,無,3200000,20447,,0.0,0,親友、員工、共有人或其他特殊關係間之交易；,RPQNMLLLKIPFFFD38EA,0.0,0.0,0.0,無,0293
麻豆區,土地,磚子井段464-2地號,3506.0,,一般農業區,農牧用地,1091023,土地1建物0車位0,,,其他,,,,0.0,0,0,0,有,無,3506000,1000,,0.0,0,,RPSNMLLLKIPFFFD58EA,0.0,0.0,0.0,無,
麻豆區,土地,磚子井段464-7地號,7152.0,,一般農業區,農牧用地,1091023,土地2建物0車位0,,,其他,,,,0.0,0,0,0,有,無,7152000,1000,,0.0,0,,RPTNMLLLKIPFFFD68EA,0.0,0.0,0.0,無,
麻豆區,土地,南勢段54地號,101.04,都市：其他:第三種住宅區。,,,1091105,土地1建物0車位0,,,其他,,,,0.0,0,0,0,有,無,2292000,22684,,0.0,0,,RPSNMLMLKIPFFFD68EA,0.0,0.0,0.0,無,
下營區,土地,麻豆寮段157地號,119.7,,鄉村區,乙種建築用地,1091202,土地1建物0車位0,,,其他,,,,0.0,0,0,0,有,無,150000,1253,,0.0,0,受債權債務關係影響或債務抵償；,RPPNMLLLKIPFFFD28EA,0.0,0.0,0.0,無,
善化區,房地(土地+建物),胡厝寮６７之９號,71.07,,鄉村區,乙種建築用地,1091125,土地1建物1車位0,全,二層,透天厝,住家用,加強磚造,0681106,88.2,3,2,1,有,無,1800000,20408,,0.0,0,,RPSOMLNLKIPFFHD09EA,88.2,0.0,0.0,無,
學甲區,房地(土地+建物),公園街３號,102.93,都市：其他:住宅區,,,1091129,土地1建物1車位0,全,四層,透天厝,住家用,鋼筋混凝土造,0850320,234.79,5,2,4,有,無,6460000,27514,,0.0,0,,RPPNMLMLKIPFFGD48EA,220.93,0.0,13.86,無,
西港區,土地,營段544-3地號,105.44,,鄉村區,乙種建築用地,1091210,土地1建物0車位0,,,其他,,,,0.0,0,0,0,有,無,925000,8773,,0.0,0,,RPQNMLMLKIPFFGD58EA,0.0,0.0,0.0,無,
永康區,土地,大灣段6017地號,6.0,都市：其他:商業區,,,1091216,土地1建物0車位0,,,其他,,,,0.0,0,0,0,有,無,744000,124000,,0.0,0,畸零地或有合併使用效益；政府機關標讓售；,RPWNMLMLKIPFFKD96EA,0.0,0.0,0.0,無,
永康區,土地,安康段1184地號,35.89,都市：其他:道路用地,,,1091211,土地1建物0車位0,,,其他,,,,0.0,0,0,0,有,無,1034027,28811,,0.0,0,包含公共設施保留地用地；,RPXNMLMLKIPFFKD07EA,0.0,0.0,0.0,無,
永康區,土地,安康段1187地號,39.05,都市：其他:道路用地,,,1091211,土地1建物0車位0,,,其他,,,,0.0,0,0,0,有,無,1125070,28811,,0.0,0,包含公共設施保留地用地；,SPXNMLMLKIPFFKD17EA,0.0,0.0,0.0,無,
仁德區,土地,大甲段1578-1地號,4180.0,,一般農業區,農牧用地,1091209,土地2建物0車位0,,,其他,,,,0.0,0,0,0,有,無,15805625,3781,,0.0,0,,RPSNMLSJKIPFFID76EA,0.0,0.0,0.0,無,
柳營區,土地,八翁段532地號,140.0,,鄉村區,乙種建築用地,1090901,土地1建物0車位0,,,其他,,,,0.0,0,0,0,有,無,1736350,12403,,0.0,0,,RPUNMLRKJIPFFDD98EA,0.0,0.0,0.0,無,
新營區,土地,卯舍段581地號,1950.0,,特定農業區,農牧用地,1090901,土地1建物0車位0,,,其他,,,,0.0,0,0,0,有,無,2788500,1430,,0.0,0,,RPVNMLRKJIPFFDD09EA,0.0,0.0,0.0,無,
新營區,房地(土地+建物),明清二街１６５號四樓,31.0,都市：其他:住宅區,,,1091204,土地1建物1車位0,四層,六層,華廈(10層含以下有電梯),住家用,鋼筋混凝土造,0840503,127.41,3,2,2,有,無,1200000,9418,,0.0,0,,RPWNMLNLKIPFFDD98EA,79.56,0.0,11.01,有,
安南區,土地,怡北段888-3地號,0.14,都市：其他:道路用地(兼供排水使用),,,1091117,土地1建物0車位0,,,其他,,,,0.0,0,0,0,有,無,7266,0,,0.0,0,協議價購；,RPTNMLMLKIPFFBD38EA,0.0,0.0,0.0,無,0291
安南區,土地,怡北段888-3地號,0.07,都市：其他:道路用地(兼供排水使用),,,1091117,土地1建物0車位0,,,其他,,,,0.0,0,0,0,有,無,3633,0,,0.0,0,協議價購；,RPUNMLMLKIPFFBD48EA,0.0,0.0,0.0,無,0291
安南區,土地,怡北段888-3地號,0.07,都市：其他:道路用地(兼供排水使用),,,1091117,土地1建物0車位0,,,其他,,,,0.0,0,0,0,有,無,3633,0,,0.0,0,協議價購；,RPVNMLMLKIPFFBD58EA,0.0,0.0,0.0,無,0291
安南區,土地,砂崙段938-14地號,133.39,都市：其他:住宅區,,,1091213,土地2建物0車位0,,,其他,,,,0.0,0,0,0,有,無,1129800,8470,,0.0,0,,RPPOMLMLKIPFFBD08EA,0.0,0.0,0.0,無,
安南區,土地,溪頂段2202-10地號,40.78,都市：其他:住宅區,,,1091214,土地1建物0車位0,,,其他,,,,0.0,0,0,0,有,無,1343293,32940,,0.0,0,政府機關標讓售；,RPSOMLMLKIPFFBD38EA,0.0,0.0,0.0,無,
安南區,土地,溪心段157-1地號,324.21,都市：其他:細部計畫道路用地,,,1091127,土地1建物0車位0,,,其他,,,,0.0,0,0,0,有,無,2300000,7094,,0.0,0,包含公共設施保留地用地；,RPOPMLMLKIPFFBD08EA,0.0,0.0,0.0,無,
永康區,土地,二王段1004地號,8.24,都市：其他:道路用地,,,1091214,土地2建物0車位0,,,其他,,,,0.0,0,0,0,有,無,65000,7888,,0.0,0,包含公共設施保留地用地；,RPWNMLPKKIPFFKD07DA,0.0,0.0,0.0,無,
永康區,土地,西灣段445地號,66.66,都市：其他:道路用地,,,1091128,土地2建物0車位0,,,其他,,,,0.0,0,0,0,有,無,2016465,30250,,0.0,0,,RPVNMLLLKIPFFKD66DA,0.0,0.0,0.0,無,
永康區,房地(土地+建物),三合里南工街２６７巷５８號十一樓之５,9.19,都市：其他:住宅區,,,1091125,土地3建物1車位0,十一層,十一層,住宅大樓(11層含以上有電梯),住家用,鋼筋混凝土造,0860926,81.79,3,3,2,有,有,3500000,42793,,0.0,0,,RPPNMLLLKIPFFKD68DA,49.27,5.56,5.69,有,
永康區,房地(土地+建物)+車位,安康里大橋一街５３之１號十一樓之５,12.32,都市：其他:住宅區,,,1091204,土地1建物1車位1,十一層,十四層,住宅大樓(11層含以上有電梯),住家用,鋼筋混凝土造,0880824,127.43,4,2,2,有,有,5650000,44338,坡道機械,13.14,0,,RPRNMLLLKIPFFKD88DA,80.33,0.0,9.53,有,0297
永康區,房地(土地+建物)+車位,鹽洲二街２０６之３號,39.8,都市：其他:住宅區,,,1091124,土地1建物1車位1,二層，三層，夾層,五層,公寓(5樓含以下無電梯),住家用,鋼筋混凝土造,0830602,168.67000000000002,4,2,2,有,無,5750000,34090,一樓平面,0.0,0,,RPTNMLLLKIPFFKD09DA,115.7,0.0,9.39,無,
永康區,房地(土地+建物),復華七街３２巷３５號六樓之１,21.82,都市：其他:住宅區,,,1091123,土地1建物1車位0,六層,十二層,住宅大樓(11層含以上有電梯),見其他登記事項,鋼筋混凝土造,0831006,117.53,3,2,2,有,有,4200000,35736,,0.0,0,,RPSNMLTKKIPFFKD07DA,80.22,0.0,9.57,有,
永康區,房地(土地+建物)+車位,復國二路２６４號五樓之１,22.84,都市：其他:住宅區,,,1091125,土地1建物1車位1,五層,七層,華廈(10層含以下有電梯),住家用,鋼筋混凝土造,0830513,119.68,3,2,2,有,有,5200000,43449,坡道平面,0.0,0,,RPPPMLSKKIPFFKD86DA,71.05,0.0,10.29,有,
永康區,房地(土地+建物)+車位,中山北路３８５巷２４之３號,50.5,都市：其他:住宅區,,,1091119,土地1建物1車位1,四層,四層,公寓(5樓含以下無電梯),住家用,鋼筋混凝土造,0690724,86.39,3,2,1,有,無,3000000,34726,一樓平面,0.0,0,,RPWNMLSKKIPFFKD37DA,71.8,0.0,0.0,無,0298
永康區,土地,鹽中段176地號,229.5,都市：其他:道路用地,,,1091025,土地2建物0車位0,,,其他,,,,0.0,0,0,0,有,無,11000000,47930,,0.0,0,未登記建物；,RPUNMLMLKIPFFKD66DA,0.0,0.0,0.0,無,
永康區,房地(土地+建物),埔東街３７號,80.73,都市：其他:住宅區,,,1091119,土地1建物1車位0,全,四層,透天厝,住家用,鋼筋混凝土造,0941122,199.05,6,2,3,有,無,12800000,64305,,0.0,0,,RPQNMLNLKIPFFKD98DA,182.87,0.0,16.18,無,
永康區,土地,仁愛段699地號,11.03,都市：其他:住宅區,,,1091120,土地1建物0車位0,,,其他,,,,0.0,0,0,0,有,無,670000,60743,,0.0,0,毗鄰地買賣,RPVNMLNLKIPFFKD86DA,0.0,0.0,0.0,無,
永康區,土地,仁愛段700地號,79.53,都市：其他:計畫道路用地,,,1091120,土地1建物0車位0,,,其他,,,,0.0,0,0,0,有,無,1330000,16723,,0.0,0,毗鄰地買賣,RPTNMLNLKIPFFKD66DA,0.0,0.0,0.0,無,
楠西區,土地,萊宅段78-15地號,4027.0,,山坡地保育區,農牧用地,1091205,土地2建物0車位0,,,其他,,,,0.0,0,0,0,有,無,1500000,372,,0.0,0,,RPTNMLMLKIPFFJD09DA,0.0,0.0,0.0,無,
楠西區,房地(土地+建物),東勢路１２５巷２９號,313.75,都市：其他:商業區,,,1091205,土地2建物1車位0,全,二層,透天厝,住商用,加強磚造,0670802,131.34,6,2,3,有,無,5000000,38069,,0.0,0,其他增建；,RPQNMLSJKIPFFJD56DA,121.87,5.4,4.07,無,
永康區,房地(土地+建物)+車位,中山南路１１３號七樓之３,13.98,都市：其他:住宅區,,,1091109,土地2建物1車位1,七層,八層,華廈(10層含以下有電梯),住家用,鋼筋混凝土造,0820910,91.47,2,2,2,有,無,2200000,24052,坡道機械,0.0,0,,RPVNMLKKKIPFFKD09DA,53.87,0.0,7.69,有,
仁德區,房地(土地+建物)+車位,上崙里德崙路４４２巷３５弄６號二樓之２,28.64,都市：其他:農業區,,,1091119,土地3建物1車位1,二層,十四層,住宅大樓(11層含以上有電梯),見其他登記事項,鋼筋混凝土造,1041230,148.79,3,2,2,有,有,6670000,44828,坡道平面,29.19,0,,RPUPMLLLKIPFFID56DA,75.52,0.0,8.18,有,
仁德區,房地(土地+建物),保學二街６８號,87.44,都市：其他:住宅區,,,1091128,土地1建物1車位0,全,三層,透天厝,住家用,鋼筋混凝土造,0950929,158.4,6,0,6,有,無,7060000,44571,,0.0,0,,RPUNMLLLKIPFFID98DA,155.52,2.88,0.0,無,
龍崎區,土地,崎頂段176-2地號,6961.0,,山坡地保育區,農牧用地,1091116,土地2建物0車位0,,,其他,,,,0.0,0,0,0,有,無,2000000,287,,0.0,0,未登記建物；,RPPOMLMLKIPFFID68DA,0.0,0.0,0.0,無,
仁德區,土地,十三甲段1021地號,32.25,,一般農業區,農牧用地,1091130,土地1建物0車位0,,,其他,,,,0.0,0,0,0,有,無,167700,5200,,0.0,0,包含公共設施保留地用地；協議價購；,RPQPMLMKKIPFFID78DA,0.0,0.0,0.0,無,0274
仁德區,土地,十三甲段1021地號,32.25,,一般農業區,農牧用地,1091130,土地1建物0車位0,,,其他,,,,0.0,0,0,0,有,無,167700,5200,,0.0,0,包含公共設施保留地用地；協議價購；,RPRPMLMKKIPFFID88DA,0.0,0.0,0.0,無,0274
仁德區,土地,十三甲段1021地號,32.25,,一般農業區,農牧用地,1091130,土地1建物0車位0,,,其他,,,,0.0,0,0,0,有,無,167700,5200,,0.0,0,包含公共設施保留地用地；協議價購；,RPSPMLMKKIPFFID98DA,0.0,0.0,0.0,無,0274
仁德區,土地,二仁段1133-1地號,57.94,,一般農業區,農牧用地,1091130,土地5建物0車位0,,,其他,,,,0.0,0,0,0,有,無,303145,5232,,0.0,0,包含公共設施保留地用地；協議價購；,RPVNMLMKKIPFFID09DA,0.0,0.0,0.0,無,0241
仁德區,土地,二仁段1134地號,135.83,,一般農業區,農牧用地,1091130,土地5建物0車位0,,,其他,,,,0.0,0,0,0,有,無,712081,5242,,0.0,0,包含公共設施保留地用地；協議價購；,RPORMLMKKIPFFID78DA,0.0,0.0,0.0,無,0243
仁德區,土地,二仁段1134地號,208.96,,一般農業區,農牧用地,1091130,土地6建物0車位0,,,其他,,,,0.0,0,0,0,有,無,1095758,5244,,0.0,0,包含公共設施保留地用地；協議價購；,RPPRMLMKKIPFFID88DA,0.0,0.0,0.0,無,0241
仁德區,土地,二仁段1134地號,34.83,,一般農業區,農牧用地,1091130,土地6建物0車位0,,,其他,,,,0.0,0,0,0,有,無,182626,5243,,0.0,0,包含公共設施保留地用地；協議價購；,RPQRMLMKKIPFFID98DA,0.0,0.0,0.0,無,0241
仁德區,土地,二仁段1134地號,135.83,,一般農業區,農牧用地,1091130,土地5建物0車位0,,,其他,,,,0.0,0,0,0,有,無,712081,5242,,0.0,0,包含公共設施保留地用地；協議價購；,RPTRMLMKKIPFFID66DA,0.0,0.0,0.0,無,0243
仁德區,土地,十三甲段724-4地號,10.43,,一般農業區,農牧用地,1091130,土地1建物0車位0,,,其他,,,,0.0,0,0,0,有,無,55271,5299,,0.0,0,包含公共設施保留地用地；協議價購；,RPURMLMKKIPFFID76DA,0.0,0.0,0.0,無,0241
仁德區,土地,十三甲段1033-3地號,19.4,,一般農業區,農牧用地,1091130,土地1建物0車位0,,,其他,,,,0.0,0,0,0,有,無,100880,5200,,0.0,0,包含公共設施保留地用地；協議價購；,RPVRMLMKKIPFFID86DA,0.0,0.0,0.0,無,0252
仁德區,土地,十三甲段1033-3地號,19.4,,一般農業區,農牧用地,1091130,土地1建物0車位0,,,其他,,,,0.0,0,0,0,有,無,100880,5200,,0.0,0,包含公共設施保留地用地；協議價購；,RPWRMLMKKIPFFID96DA,0.0,0.0,0.0,無,0252
仁德區,土地,十三甲段1033-3地號,19.4,,一般農業區,農牧用地,1091130,土地1建物0車位0,,,其他,,,,0.0,0,0,0,有,無,100880,5200,,0.0,0,包含公共設施保留地用地；協議價購；,RPXRMLMKKIPFFID07DA,0.0,0.0,0.0,無,0252
仁德區,土地,十三甲段1033-3地號,6.37,,一般農業區,農牧用地,1091130,土地1建物0車位0,,,其他,,,,0.0,0,0,0,有,無,33101,5196,,0.0,0,包含公共設施保留地用地；協議價購；,RPOSMLMKKIPFFID88DA,0.0,0.0,0.0,無,0252
仁德區,土地,十三甲段1033-3地號,5.82,,一般農業區,農牧用地,1091130,土地1建物0車位0,,,其他,,,,0.0,0,0,0,有,無,30264,5200,,0.0,0,包含公共設施保留地用地；協議價購；,RPPSMLMKKIPFFID98DA,0.0,0.0,0.0,無,0252
仁德區,土地,十三甲段1033-3地號,5.82,,一般農業區,農牧用地,1091130,土地1建物0車位0,,,其他,,,,0.0,0,0,0,有,無,30264,5200,,0.0,0,包含公共設施保留地用地；協議價購；,RPQSMLMKKIPFFID09DA,0.0,0.0,0.0,無,0252
仁德區,土地,十三甲段1033-3地號,5.82,,一般農業區,農牧用地,1091130,土地1建物0車位0,,,其他,,,,0.0,0,0,0,有,無,30264,5200,,0.0,0,包含公共設施保留地用地；協議價購；,RPRSMLMKKIPFFID56DA,0.0,0.0,0.0,無,0252
仁德區,土地,十三甲段1033-3地號,5.82,,一般農業區,農牧用地,1091130,土地1建物0車位0,,,其他,,,,0.0,0,0,0,有,無,30264,5200,,0.0,0,包含公共設施保留地用地；協議價購；,RPSSMLMKKIPFFID66DA,0.0,0.0,0.0,無,0252
仁德區,土地,十三甲段1033-3地號,5.82,,一般農業區,農牧用地,1091130,土地1建物0車位0,,,其他,,,,0.0,0,0,0,有,無,30264,5200,,0.0,0,包含公共設施保留地用地；協議價購；,RPTSMLMKKIPFFID76DA,0.0,0.0,0.0,無,0252
仁德區,土地,十三甲段1033-3地號,7.28,,一般農業區,農牧用地,1091130,土地1建物0車位0,,,其他,,,,0.0,0,0,0,有,無,37830,5196,,0.0,0,包含公共設施保留地用地；協議價購；,RPUSMLMKKIPFFID86DA,0.0,0.0,0.0,無,0252
仁德區,土地,十三甲段1033-3地號,58.2,,一般農業區,農牧用地,1091130,土地1建物0車位0,,,其他,,,,0.0,0,0,0,有,無,302640,5200,,0.0,0,包含公共設施保留地用地；協議價購；,RPVSMLMKKIPFFID96DA,0.0,0.0,0.0,無,0252
仁德區,土地,十三甲段1034-2地號,60.0,,一般農業區,水利用地,1091130,土地1建物0車位0,,,其他,,,,0.0,0,0,0,有,無,318000,5300,,0.0,0,包含公共設施保留地用地；協議價購；,RPXSMLMKKIPFFID17DA,0.0,0.0,0.0,無,
仁德區,土地,十三甲段457-6地號,27.25,,一般農業區,農牧用地,1091130,土地2建物0車位0,,,其他,,,,0.0,0,0,0,有,無,141700,5200,,0.0,0,包含公共設施保留地用地；協議價購；,RPOTMLMKKIPFFID98DA,0.0,0.0,0.0,無,0245
仁德區,土地,十三甲段457-6地號,27.25,,一般農業區,農牧用地,1091130,土地2建物0車位0,,,其他,,,,0.0,0,0,0,有,無,141700,5200,,0.0,0,包含公共設施保留地用地；協議價購；,RPPTMLMKKIPFFID09DA,0.0,0.0,0.0,無,0245
仁德區,土地,十三甲段723-3地號,17.0,,一般農業區,農牧用地,1091130,土地1建物0車位0,,,其他,,,,0.0,0,0,0,有,無,88400,5200,,0.0,0,包含公共設施保留地用地；協議價購；,RPUPMLRJKIPFFID96DA,0.0,0.0,0.0,無,0243
歸仁區,房地(土地+建物),大潭里長榮路一段２４５巷１２之５號,74.85,,鄉村區,乙種建築用地,1091121,土地3建物1車位0,全,四層,透天厝,住家用,鋼筋混凝土造,1020624,170.06,6,0,6,有,無,7600000,44690,,0.0,0,陽台外推；其他增建；含租約；,RPPQMLSJKIPFFID66DA,159.08,0.0,10.98,無,
歸仁區,土地,歸仁南段1036地號,752.0,,一般農業區,農牧用地,1091106,土地1建物0車位0,,,其他,,,,0.0,0,0,0,有,無,1880000,2500,,0.0,0,農作物；,RPPNMLQJJIPFFID68DA,0.0,0.0,0.0,無,
仁德區,土地,保甲段778地號,2300.21,,一般農業區,農牧用地,1081202,土地1建物0車位0,,,其他,,,,0.0,0,0,0,有,無,6500000,2826,,0.0,0,,RPWNMLPJIIPFFID56DA,0.0,0.0,0.0,無,0322
善化區,房地(土地+建物),小新營１０２之１３號六樓之２,33.57,都市：其他:住宅區,,,1091128,土地1建物1車位0,六層,六層,華廈(10層含以下有電梯),見其他登記事項,鋼筋混凝土造,1091019,100.35000000000001,3,2,2,有,有,4550000,45341,,0.0,0,,RPQPMLQKKIPFFHD09DA,71.38,0.0,5.77,有,
左鎮區,土地,菜寮段265-4地號,1688.0,,一般農業區,農牧用地,1091210,土地1建物0車位0,,,其他,,,,0.0,0,0,0,有,無,1566000,928,,0.0,0,,RPSNMLRKKIPFFHD56DA,0.0,0.0,0.0,無,
善化區,房地(土地+建物),小新營１０２之１３號二樓之１,31.28,都市：其他:住宅區,,,1091205,土地1建物1車位0,二層,六層,華廈(10層含以下有電梯),見其他登記事項,鋼筋混凝土造,1091019,95.30000000000001,3,2,2,有,有,4460000,46800,,0.0,0,,RPVNMLSKKIPFFHD96DA,66.1,0.0,5.77,有,
善化區,房地(土地+建物),西拉雅大道２７２號,174.97,都市：其他:生活服務區(產業服務專用),,,1091128,土地5建物1車位0,全,四層,透天厝,見其他登記事項,鋼筋混凝土造,1060505,305.58,4,2,8,有,無,24500000,80175,,0.0,0,,RPTNMLKLKIPFFHD68DA,290.43,0.0,15.15,有,
山上區,房地(土地+建物),山上４０之１號,120.31,都市：其他:住宅區,,,1091123,土地1建物1車位0,全,三層,透天厝,住商用,鋼筋混凝土造,0811111,256.05,7,2,4,有,無,9800000,38274,,0.0,0,其他增建；,RPSOMLMLKIPFFHD88DA,239.11,0.0,16.94,無,
山上區,土地,玉二段438地號,1714.65,都市：其他:計畫道路用地,,,1091005,土地2建物0車位0,,,其他,,,,0.0,0,0,0,有,無,48570000,28326,,0.0,0,,RPTOMLMLKIPFFHD98DA,0.0,0.0,0.0,無,
善化區,房地(土地+建物),小新營７７之１號,194.05,都市：其他:住宅區,,,1091130,土地2建物1車位0,全,三層,透天厝,住家用,鋼筋混凝土造,0820225,235.27,3,4,3,有,無,3400000,14451,,0.0,0,親友、員工、共有人或其他特殊關係間之交易；,RPUOMLMLKIPFFHD09DA,231.05,0.0,4.22,無,
新市區,房地(土地+建物),和平街１６８巷３４號,139.24,都市：其他:住宅區,,,1091202,土地1建物1車位0,全,三層,透天厝,住家用,鋼筋混凝土造,0810808,197.06,6,2,3,有,無,11000000,55821,,0.0,0,頂樓加蓋；其他增建；,RPWNMLLLKIPFFHD09DA,186.44,0.0,10.62,無,
善化區,房地(土地+建物),西拉雅大道３０６號,175.21,都市：其他:生活服務區(產業服務專用),,,1091109,土地7建物1車位0,全,四層,透天厝,見其他登記事項,鋼筋混凝土造,1060505,305.58,5,2,7,有,無,22550000,73794,,0.0,0,,RPQNMLKLKIPFFHD38DA,290.43,0.0,15.15,無,
山上區,土地,牛稠埔段345-9地號,2431.0,,一般農業區,農牧用地,1091218,土地2建物0車位0,,,其他,,,,0.0,0,0,0,有,無,1000000,411,,0.0,0,,RPROMLLLKIPFFHD68DA,0.0,0.0,0.0,無,
安定區,土地,港尾段954地號,462.21,,鄉村區,乙種建築用地,1061213,土地1建物0車位0,,,其他,,,,0.0,0,0,0,有,無,9087650,19661,,0.0,0,,RPTOMLLLKIPFFHD88DA,0.0,0.0,0.0,無,
善化區,土地,灣裡段41地號,772.09,,特定專用區,甲種建築用地,1090915,土地1建物0車位0,,,其他,,,,0.0,0,0,0,有,無,19150000,24803,,0.0,0,,RPUOMLLLKIPFFHD98DA,0.0,0.0,0.0,無,
新市區,土地,新北段168地號,512.37,都市：其他:住宅區,,,1091019,土地1建物0車位0,,,其他,,,,0.0,0,0,0,有,無,54246500,105874,,0.0,0,,RPXNMLKMJIPFFHD09DA,0.0,0.0,0.0,無,
新市區,土地,道爺段769-1地號,4.0,都市：其他:農業區,,,1090918,土地1建物0車位0,,,其他,,,,0.0,0,0,0,有,無,46400,11600,,0.0,0,協議價購；,RPQPMLQKRHPFFHD07DA,0.0,0.0,0.0,無,
新化區,房地(土地+建物),新和庄８之５號,82.0,都市：其他:農業區,,,1091015,土地1建物1車位0,全,二層,透天厝,住家用,加強磚造,0660100,84.54,3,2,2,有,無,1400000,16560,,0.0,0,,RPPNMLNLJIPFFHD48DA,84.54,0.0,0.0,無,
善化區,土地,大同段389地號,1206.06,,特定農業區,農牧用地,1091129,土地1建物0車位0,,,其他,,,,0.0,0,0,0,有,無,4380000,3632,,0.0,0,,RPSNMLNLKIPFFHD88DA,0.0,0.0,0.0,無,
善化區,房地(土地+建物),建國路２１之３號五樓之２,29.25,都市：其他:住宅區,,,1091112,土地1建物1車位0,五層,五層,華廈(10層含以下有電梯),見其他登記事項,鋼筋混凝土造,1061003,87.24000000000001,2,2,2,有,無,4800000,55021,,0.0,0,,RPUNMLNLKIPFFHD09DA,56.0,0.0,6.59,有,0323
佳里區,土地,九龍段386地號,64.27,都市：其他:住宅區,,,1090519,土地1建物0車位0,,,其他,,,,0.0,0,0,0,有,無,2002320,31155,,0.0,0,畸零地或有合併使用效益；,RPRNMLOJKIPFFGD58DA,0.0,0.0,0.0,無,
佳里區,土地,九龍段392-29地號,739.73,都市：其他:住宅區,,,1090519,土地1建物0車位0,,,其他,,,,0.0,0,0,0,有,無,19400010,26226,,0.0,0,,RPSNMLOJKIPFFGD68DA,0.0,0.0,0.0,無,
佳里區,土地,九龍段392-2地號,10.26,都市：其他:住宅區,,,1090519,土地1建物0車位0,,,其他,,,,0.0,0,0,0,有,無,84062,8193,,0.0,0,私設道路,SPSNMLOJKIPFFGD78DA,0.0,0.0,0.0,無,
佳里區,土地,九龍段392-28地號,50.31,都市：其他:住宅區,,,1090519,土地1建物0車位0,,,其他,,,,0.0,0,0,0,有,無,331445,6588,,0.0,0,私設道路,TPSNMLOJKIPFFGD88DA,0.0,0.0,0.0,無,
佳里區,土地,九龍段657-4地號,17.49,都市：其他:計畫道路用地,,,1090519,土地3建物0車位0,,,其他,,,,0.0,0,0,0,有,無,111920,6399,,0.0,0,包含公共設施保留地用地；,UPSNMLOJKIPFFGD98DA,0.0,0.0,0.0,無,
北門區,土地,仁里段460地號,6780.0,,特定農業區,農牧用地,1091210,土地3建物0車位0,,,其他,,,,0.0,0,0,0,有,無,12000000,1770,,0.0,0,農作物；,RPQNMLPKKIPFFGD68DA,0.0,0.0,0.0,無,0324
西港區,土地,劉厝段1864地號,2531.0,,特定農業區,農牧用地,1091121,土地1建物0車位0,,,其他,,,,0.0,0,0,0,有,無,1600000,632,,0.0,0,,RPRPMLRKKIPFFGD56DA,0.0,0.0,0.0,無,
西港區,土地,大塭寮段2159地號,1412.0,,特定農業區,農牧用地,1091127,土地1建物0車位0,,,其他,,,,0.0,0,0,0,有,無,3333334,2361,,0.0,0,,RPROMLQKKIPFFGD98DA,0.0,0.0,0.0,無,
學甲區,土地,宅子港段147地號,2480.0,,河川區,農牧用地,1091214,土地1建物0車位0,,,其他,,,,0.0,0,0,0,有,無,600000,242,,0.0,0,,RPXNMLLLKIPFFGD09DA,0.0,0.0,0.0,無,
佳里區,土地,新宅段459-3地號,394.57,,鄉村區,乙種建築用地,1091002,土地2建物0車位0,,,其他,,,,0.0,0,0,0,有,無,5995890,15196,,0.0,0,,RPOOMLLLKIPFFGD28DA,0.0,0.0,0.0,無,
將軍區,土地,保源段271地號,1508.0,,特定農業區,農牧用地,1091119,土地1建物0車位0,,,其他,,,,0.0,0,0,0,有,無,2262000,1500,,0.0,0,,RPPOMLLLKIPFFGD38DA,0.0,0.0,0.0,無,
七股區,房地(土地+建物),大潭村台潭５５之４２號,88.0,,鄉村區,乙種建築用地,1091121,土地1建物1車位0,全,二層,透天厝,住家用,加強磚造,0840726,111.96,3,2,2,有,無,2300000,20543,,0.0,0,,RPSNMLLLKIPFFGD58DA,97.91,7.74,6.31,無,
將軍區,土地,忠興段879地號,1863.0,,特定農業區,農牧用地,1091206,土地1建物0車位0,,,其他,,,,0.0,0,0,0,有,無,1660000,891,,0.0,0,,RPVNMLLLKIPFFGD88DA,0.0,0.0,0.0,無,
西港區,土地,港東段1331地號,87.98,都市：其他:住宅區,,,1091203,土地1建物0車位0,,,其他,,,,0.0,0,0,0,有,無,3193600,36299,,0.0,0,賣方賣清,RPRNMLMLKIPFFGD58DA,0.0,0.0,0.0,無,
佳里區,土地,佳南段768地號,1555.5,都市：其他:農業區,,,1091201,土地1建物0車位0,,,其他,,,,0.0,0,0,0,有,無,3000000,1929,,0.0,0,親友、員工、共有人或其他特殊關係間之交易；,RPUNMLMLKIPFFGD88DA,0.0,0.0,0.0,無,
學甲區,土地,平東段176地號,411.0,,特定農業區,甲種建築用地,1091029,土地1建物0車位0,,,其他,,,,0.0,0,0,0,有,無,790000,1922,,0.0,0,畸零地或有合併使用效益；地清或未辦繼承標售；,RPQNMLLLKIPFFGD38DA,0.0,0.0,0.0,無,
佳里區,房地(土地+建物),長安街１０７巷２２號,209.06,都市：其他:住宅區,,,1091101,土地4建物1車位0,全,四層,透天厝,住家用,鋼筋混凝土造,1040310,477.32,10,2,6,有,無,18600000,38968,,0.0,0,,RPTNMLNLKIPFFGD88DA,441.67,0.0,35.65,有,
佳里區,房地(土地+建物)+車位,光明街１００號四樓之１,41.78,都市：其他:住宅區,,,1080722,土地1建物1車位1,四層,五層,華廈(10層含以下有電梯),見其他登記事項,鋼筋混凝土造,1090914,124.95000000000002,3,2,2,有,有,5450000,43617,一樓平面,0.0,550000,預售屋、或土地及建物分次登記案件；,RPOPMLOLKIPFFGD68DA,76.13,0.0,7.05,有,
官田區,土地,南段526地號,4657.0,,特定農業區,農牧用地,1091210,土地3建物0車位0,,,其他,,,,0.0,0,0,0,有,無,4657000,1000,,0.0,0,,RPWNMLLLKIPFFFD88DA,0.0,0.0,0.0,無,
麻豆區,房地(土地+建物),東角里２鄰文昌路６之１３號八樓,19.19,都市：其他:商業區,,,1091110,土地2建物1車位0,八層,八層,華廈(10層含以下有電梯),住家用,鋼筋混凝土造,0840310,110.68,3,2,2,有,有,3400000,30719,,0.0,0,,RPRNMLTKKIPFFFD09DA,74.6,0.0,9.05,有,
白河區,土地,大排竹段848地號,2600.0,,特定農業區,農牧用地,1091208,土地1建物0車位0,,,其他,,,,0.0,0,0,0,有,無,4420000,1700,,0.0,0,,RPRNMLNLKIPFFED48DA,0.0,0.0,0.0,無,
東山區,土地,許秀才段1979地號,1030.0,,特定農業區,農牧用地,1091201,土地1建物0車位0,,,其他,,,,0.0,0,0,0,有,無,1050000,1019,,0.0,0,,RPSNMLNLKIPFFED58DA,0.0,0.0,0.0,無,
白河區,土地,中興段2043地號,1179.0,,一般農業區,農牧用地,1091116,土地1建物0車位0,,,其他,,,,0.0,0,0,0,有,無,600000,509,,0.0,0,農作物；,RPPNMLNLKIPFFED28DA,0.0,0.0,0.0,無,
東山區,土地,大客南段792地號,174.37,,鄉村區,乙種建築用地,1091204,土地2建物0車位0,,,其他,,,,0.0,0,0,0,有,無,1550000,8889,,0.0,0,含增建或未登記建物。；含土地增值稅或其他稅費7275元；未登記建物；,RPPNMLMLKIPFFED18DA,0.0,0.0,0.0,無,
東山區,土地,東興段824地號,24.99,都市：其他:住宅區,,,1091117,土地1建物0車位0,,,其他,,,,0.0,0,0,0,有,無,110000,4402,,0.0,0,含土地增值稅或其他稅費11740元；親友、員工、共有人或其他特殊關係間之交易；,RPQNMLMLKIPFFED28DA,0.0,0.0,0.0,無,
白河區,土地,關子嶺段422地號,2500.0,,山坡地保育區,農牧用地,1091211,土地1建物0車位0,,,其他,,,,0.0,0,0,0,有,無,1250000,500,,0.0,0,,RPRNMLMKKIPFFED28DA,0.0,0.0,0.0,無,
白河區,土地,關子嶺段428地號,1591.0,,山坡地保育區,農牧用地,1091211,土地1建物0車位0,,,其他,,,,0.0,0,0,0,有,無,770000,484,,0.0,0,,RPQNMLNKKIPFFED28DA,0.0,0.0,0.0,無,
白河區,土地,中興段334-10地號,167.3,都市：其他:住宅區,,,1091027,土地8建物0車位0,,,其他,,,,0.0,0,0,0,有,無,1054943,6306,,0.0,0,含土地增值稅或其他稅費；親友、員工、共有人或其他特殊關係間之交易；,RPTNMLKLJIPFFED28DA,0.0,0.0,0.0,無,
後壁區,土地,新東段268地號,8.58,,鄉村區,乙種建築用地,1091201,土地2建物0車位0,,,其他,,,,0.0,0,0,0,有,無,39447,4598,,0.0,0,,RPSNMLOKKIPFFED58DA,0.0,0.0,0.0,無,
鹽水區,土地,下林段588地號,2615.0,,一般農業區,農牧用地,1091125,土地1建物0車位0,,,其他,,,,0.0,0,0,0,有,無,2536000,970,,0.0,0,,RPXNMLNLKIPFFDD98DA,0.0,0.0,0.0,無,
新營區,土地,新卯舍段656地號,1369.37,都市：其他:工業區,,,1090814,土地1建物0車位0,,,其他,,,,0.0,0,0,0,有,無,19949000,14568,,0.0,0,,RPQOMLMLKIPFFDD28DA,0.0,0.0,0.0,無,0325
新營區,土地,下角帶圍段590地號,1004.0,,特定農業區,農牧用地,1091210,土地1建物0車位0,,,其他,,,,0.0,0,0,0,有,無,2800000,2789,,0.0,0,地上有未保存登記農舍一棟未登記建物；,RPQOMLNLKIPFFDD38DA,0.0,0.0,0.0,無,
新營區,房地(土地+建物),民生里民生路３３６巷８號,83.99,都市：其他:住宅區,,,1091115,土地1建物1車位0,全,二層,透天厝,住商用,加強磚造,0730428,110.24,4,3,3,有,無,3900000,35377,,0.0,0,頂樓加蓋；其他增建；,RPPNMLTKKIPFFDD68DA,104.64,0.0,5.6,無,
東區,房地(土地+建物),自由路三段２４１號五樓之１,11.98,都市：其他:第五種住宅區,,,1091214,土地1建物1車位0,五層,十層,華廈(10層含以下有電梯),住家用,鋼筋混凝土造,0831024,84.65,4,1,2,有,有,1500000,17720,,0.0,0,親友、員工、共有人或其他特殊關係間之交易；,RPSNMLMLKIPFFCD28DA,51.31,3.27,6.35,有,
東區,房地(土地+建物),裕農路２９巷３５號,104.8,都市：其他:第五種住宅區,,,1091127,土地4建物1車位0,全,五層,透天厝,住家用,鋼筋混凝土造,0800819,234.59,5,2,4,有,有,13800000,58826,,0.0,0,,RPSPMLLLKIPFFCD38DA,195.8,8.78,29.58,無,
東區,房地(土地+建物)+車位,崇德十二街５２號,18.32,都市：其他:第五種住宅區,,,1091005,土地1建物1車位1,一層，地下一層,七層,華廈(10層含以下有電梯),住家用,鋼筋混凝土造,0800422,141.66,4,3,2,有,有,5200000,36708,坡道平面,0.0,0,,RPSPMLTJJIPFFCD88DA,93.3,16.76,0.0,有,
東區,房地(土地+建物),東寧路５１０巷７１號,63.0,都市：其他:細部計畫道路用地,,,1091114,土地2建物1車位0,全,二層,透天厝,住家用,加強磚造,0590601,71.5,4,0,4,有,無,8380000,117203,,0.0,0,其他增建；,RPSNMLOKJIPFFCD28DA,71.5,0.0,0.0,無,
南區,房地(土地+建物),福吉五街５５號,91.0,都市：其他:住宅區,,,1091105,土地1建物1車位0,全,三層,透天厝,住商用,鋼筋混凝土造,0660816,165.08,3,2,2,有,無,9600000,58154,,0.0,0,買賣契約書私契訂立日期:109年8月27日親友、員工、共有人或其他特殊關係間之交易；,RPVNMLQKJIPFFCD78DA,165.08,0.0,0.0,無,
東區,房地(土地+建物)+車位,長榮路一段５號六樓之１,15.49,都市：其他:中心商業區,,,1091019,土地2建物1車位1,六層,十四層,住宅大樓(11層含以上有電梯),住家用,鋼筋混凝土造,0991213,153.15,3,2,1,有,有,9280000,60594,坡道平面,0.0,0,,RPXOMLNKJIPFFCD78DA,67.99,0.0,11.44,有,
東區,房地(土地+建物)+車位,崇賢三路３２號四樓之３,32.23,都市：其他:第五種住宅區,,,1091214,土地1建物1車位1,四層,十五層,住宅大樓(11層含以上有電梯),見其他登記事項,鋼筋混凝土造,1061031,187.2,3,2,2,有,有,5534200,31002,坡道平面,29.01,630000,照顧住宅,RPUPMLOKKIPFFCD78DA,97.91,0.0,12.59,有,0326
東區,房地(土地+建物)+車位,崇賢三路３２號八樓之３,32.23,都市：其他:第五種住宅區,,,1091214,土地1建物1車位1,八層,十五層,住宅大樓(11層含以上有電梯),見其他登記事項,鋼筋混凝土造,1061031,187.2,3,2,2,有,有,5629900,31607,坡道平面,29.01,630000,照顧住宅,RPVPMLOKKIPFFCD88DA,97.91,0.0,12.59,有,0327
東區,房地(土地+建物)+車位,崇賢三路２６號十樓之２,31.65,都市：其他:第五種住宅區,,,1091120,土地1建物1車位1,十層,十五層,住宅大樓(11層含以上有電梯),見其他登記事項,鋼筋混凝土造,1061031,184.66000000000003,3,2,2,有,有,12500000,67692,坡道平面,29.01,0,,RPPNMLOKKIPFFCD08DA,94.21,0.0,14.55,有,0328
南區,土地,喜東段886-1地號,170.6,都市：其他:細部計畫道路用地,,,1091215,土地2建物0車位0,,,其他,,,,0.0,0,0,0,有,無,1678006,9836,,0.0,0,包含公共設施保留地用地；,RPSOMLPKKIPFFCD58DA,0.0,0.0,0.0,無,0040
東區,土地,仁和段1182地號,70.0,都市：其他:第五種住宅區,,,1091127,土地1建物0車位0,,,其他,,,,0.0,0,0,0,有,無,4700000,67143,,0.0,0,,RPQPMLSKKIPFFCD78DA,0.0,0.0,0.0,無,
南區,房地(土地+建物)+車位,興昌路５７號九樓,23.19,都市：其他:商業區,,,1091028,土地1建物1車位1,九層,十四層,住宅大樓(11層含以上有電梯),見其他登記事項,鋼筋混凝土造,1050314,194.12,3,2,2,有,有,10500000,54090,坡道平面,42.99,0,,RPOOMLSKKIPFFCD48DA,93.95,1.26,6.31,有,
南區,房地(土地+建物),金華路一段４８４巷７１弄７號,100.0,都市：其他:住宅區,,,1091019,土地1建物1車位0,全,二層,透天厝,住家用,加強磚造,0680612,118.0,3,2,2,有,無,5000000,42373,,0.0,0,親友、員工、共有人或其他特殊關係間之交易；,RPWPMLRKKIPFFCD66DA,118.0,0.0,0.0,無,
南區,房地(土地+建物),金華路一段４８４巷６２之１號,34.0,都市：其他:細部計畫道路用地,,,1091103,土地3建物1車位0,二層,五層,公寓(5樓含以下無電梯),住家用,鋼筋混凝土造,0710824,95.05,3,2,1,有,無,2900000,30510,,0.0,0,,RPXOMLSKKIPFFCD76DA,71.8,0.0,3.98,無,
南區,房地(土地+建物),中華南路二段２６７號,37.74,都市：其他:住宅區,,,1091117,土地2建物1車位0,一層，二層，騎樓,五層,公寓(5樓含以下無電梯),見其他登記事項,鋼筋混凝土造,0701126,141.32,3,1,2,有,無,5000000,35381,,0.0,0,,RPRNMLTKKIPFFCD78DA,121.43,0.0,19.63,無,
東區,房地(土地+建物),林森路一段５８巷１８之２號,63.19,都市：其他:第五種住宅區,,,1090913,土地2建物1車位0,全,三層,透天厝,見其他登記事項,見其他登記事項,1030617,152.71,2,2,4,有,無,12500000,81854,,0.0,0,,RPVOMLLLKIPFFCD58DA,137.12,0.0,15.59,無,
東區,房地(土地+建物),光明街１７５巷８弄２４號,63.0,都市：其他:第五種住宅區,,,1091114,土地1建物1車位0,全,二層,透天厝,住家用,加強磚造,0620214,74.5,4,2,3,有,無,7800000,104698,,0.0,0,頂樓加蓋；其他增建；,RPPOMLLLKIPFFCD97DA,74.5,0.0,0.0,無,0330
東區,房地(土地+建物),崇德十八街１０８號三樓之１,17.88,都市：其他:第五種住宅區,,,1090823,土地1建物1車位0,三層,六層,華廈(10層含以下有電梯),住家用,鋼筋混凝土造,0830207,82.11,2,2,1,有,有,2800000,34101,,0.0,0,,RPSNMLLLKIPFFCD18DA,50.96,0.0,6.55,有,
東區,房地(土地+建物)+車位,崇善十一街５０號十一樓之１,21.59,都市：其他:第五種住宅區,,,1091204,土地1建物1車位1,十一層,十四層,住宅大樓(11層含以上有電梯),住家用,鋼筋混凝土造,0880802,133.41,3,1,1,有,有,6250000,46848,坡道機械,11.24,0,,RPPPMLLLKIPFFCD08DA,87.52,0.0,10.83,有,
南區,房地(土地+建物),金華路一段４８４巷５２號,84.0,都市：其他:細部計畫道路用地,,,1091127,土地3建物1車位0,全,四層,透天厝,住商用,鋼筋混凝土造,0711210,286.19,7,2,4,有,無,7880000,27534,,0.0,0,包含公共設施保留地用地；,RPVNMLMLKIPFFCD58DA,260.33,0.0,25.86,無,
東區,房地(土地+建物),莊敬路１２３號四樓之１,20.03,都市：其他:第五種住宅區,,,1091211,土地1建物1車位0,四層,八層,華廈(10層含以下有電梯),住家用,鋼筋混凝土造,0861205,106.53,3,2,2,有,有,6600000,61954,,0.0,0,,RPWNMLMLKIPFFCD68DA,73.12,0.0,10.28,有,
南區,房地(土地+建物),明興路８８６號,88.0,都市：其他:住宅區,,,1091008,土地1建物1車位0,全,三層,透天厝,見其他登記事項,見其他登記事項,1071115,225.78,5,2,5,有,無,13380000,59261,,0.0,0,其他增建；,RPPOMLMLKIPFFCD08DA,210.6,0.0,15.18,無,
南區,房地(土地+建物)+車位,萬年二街１２８巷５６號二樓,21.21,都市：其他:住宅區,,,1091204,土地1建物1車位1,二層,十五層,住宅大樓(11層含以上有電梯),見其他登記事項,鋼筋混凝土造,1060905,110.4,1,1,1,有,有,4780000,43297,坡道平面,24.43,0,,RPQOMLMLKIPFFCD18DA,51.45,0.0,5.66,有,0331
安南區,土地,海佃段1827-1地號,63.92,都市：其他:細部計畫道路用地,,,1091028,土地21建物0車位0,,,其他,,,,0.0,0,0,0,有,無,200000,3129,,0.0,0,包含公共設施保留地用地；,RPSOMLRKKIPFFBD68DA,0.0,0.0,0.0,無,0332
安南區,房地(土地+建物)+車位,安和路四段２５巷６８號四樓之１,42.56,都市：其他:住宅區,,,1080912,土地1建物1車位1,四層,五層,華廈(10層含以下有電梯),見其他登記事項,鋼筋混凝土造,1090929,135.26,3,2,2,有,有,5680000,41993,一樓平面,0.0,800000,,RPOOMLRKKIPFFBD28DA,77.04,0.0,8.74,有,
安南區,房地(土地+建物)+車位,安和路四段２５巷６８號四樓之２,39.89,都市：其他:住宅區,,,1080903,土地1建物1車位1,四層,五層,華廈(10層含以下有電梯),見其他登記事項,鋼筋混凝土造,1090929,126.65,3,2,2,有,有,5490000,43348,一樓平面,0.0,800000,,RPPOMLRKKIPFFBD38DA,71.12,0.0,8.54,有,
安南區,房地(土地+建物),海中街１３０巷２６弄６號,87.72,都市：其他:住宅區,,,1091112,土地2建物1車位0,全,四層,透天厝,見其他登記事項,鋼筋混凝土造,1090430,192.15,4,2,4,有,無,11600000,60370,,0.0,0,,RPUNMLRKKIPFFBD78DA,179.36,0.0,12.79,無,
安南區,房地(土地+建物),本原街一段１４０巷１弄６號,65.45,都市：其他:住宅區,,,1091121,土地2建物1車位0,全,三層,透天厝,見其他登記事項,鋼筋混凝土造,1090722,145.22,4,1,4,有,無,8700000,59909,,0.0,0,,RPXNMLPLJIPFFBD88DA,133.3,0.0,11.94,無,
安南區,房地(土地+建物),安寧街２３巷１５號,84.57,都市：其他:住宅區,,,1091103,土地1建物1車位0,全,二層,透天厝,住家用,加強磚造,0800621,88.86,0,0,0,無,無,5000000,56268,,0.0,0,,RPXNMLKLJIPFFBD38DA,85.6,0.0,3.26,無,
安南區,土地,國安段1625地號,1306.11,都市：其他:住宅區,,,1091012,土地1建物0車位0,,,其他,,,,0.0,0,0,0,有,無,129190000,98912,,0.0,0,,RPSPMLKMIIPFFBD08DA,0.0,0.0,0.0,無,
安南區,房地(土地+建物),仁安一街１１６巷１２號,77.08,都市：其他:住宅區,,,1091119,土地2建物1車位0,全,四層,透天厝,住家用,鋼筋混凝土造,1060602,176.5,4,2,4,有,無,11500000,65156,,0.0,0,,RPTNMLOJKIPFFBD28DA,145.24,0.0,31.26,無,0333
安南區,房地(土地+建物),海中街７７巷４５弄８６之１號,85.5,都市：其他:住宅區,,,1091125,土地1建物1車位0,全,三層,透天厝,住家用,鋼筋混凝土造,1040707,185.32,4,2,4,有,無,12900000,69609,,0.0,0,陽台外推；其他增建；,RPQOMLLLKIPFFBD97DA,153.96,0.0,31.36,無,
安南區,土地,安北段306地號,4923.18,都市：其他:農業區,,,1091023,土地1建物0車位0,,,其他,,,,0.0,0,0,0,有,無,62540000,12703,,0.0,0,,RPROMLLLKIPFFBD08DA,0.0,0.0,0.0,無,
安南區,土地,公親段947地號,149.06,都市：其他:住宅區,,,1091216,土地1建物0車位0,,,其他,,,,0.0,0,0,0,有,無,4058190,27225,,0.0,0,,RPWOMLLLKIPFFBD58DA,0.0,0.0,0.0,無,0334
安南區,土地,鎮安段1502-4地號,3268.97,都市：其他:細部計畫道路用地,,,1090824,土地5建物0車位0,,,其他,,,,0.0,0,0,0,有,無,101647100,31095,,0.0,0,,RPXNMLMLKIPFFBD68DA,0.0,0.0,0.0,無,
安南區,房地(土地+建物),十二佃路１４６巷８０弄５號,90.31,都市：其他:住宅區,,,1091111,土地2建物1車位0,全,三層,透天厝,住家用,鋼筋混凝土造,1000429,156.59,4,2,3,有,無,8800000,56198,,0.0,0,,RPRNMLTKKIPFFBD68DA,122.57,4.62,29.4,無,
安南區,土地,和成段926-14地號,42.72,都市：其他:住宅區,,,1090427,土地1建物0車位0,,,其他,,,,0.0,0,0,0,有,無,1314922,30780,,0.0,0,,RPQNMLLLKIPFFBD87DA,0.0,0.0,0.0,無,0335
安南區,房地(土地+建物),公學路七段１１３巷５號,80.54,都市：其他:住宅區,,,1091112,土地1建物1車位0,全,三層,透天厝,住家用,鋼筋混凝土造,1090916,136.33,5,2,3,有,無,7380000,54133,,0.0,0,,RPQOMLSKKIPFFBD58DA,121.21,0.0,15.12,無,
安南區,房地(土地+建物),公學路七段１１３巷７號,81.99,都市：其他:住宅區,,,1091101,土地1建物1車位0,全,三層,透天厝,住家用,鋼筋混凝土造,1090916,136.33,5,2,3,有,無,7600000,55747,,0.0,0,,RPROMLSKKIPFFBD68DA,121.21,0.0,15.12,無,
安南區,房地(土地+建物),公學路七段１１３巷９號,83.43,都市：其他:住宅區,,,1091101,土地1建物1車位0,全,三層,透天厝,住家用,鋼筋混凝土造,1090916,136.33,5,2,3,有,無,7300000,53547,,0.0,0,,RPSOMLSKKIPFFBD78DA,121.21,0.0,15.12,無,
安南區,房地(土地+建物),公學路七段１１３巷１９號,98.45,都市：其他:住宅區,,,1091101,土地1建物1車位0,全,三層,透天厝,住家用,鋼筋混凝土造,1090916,142.19,5,2,3,有,無,7600000,53450,,0.0,0,,RPTOMLSKKIPFFBD88DA,126.42,0.0,15.77,無,
安南區,土地,安東段1302地號,1857.71,都市：其他:住宅區,,,1090112,土地3建物0車位0,,,其他,,,,0.0,0,0,0,有,無,106362045,57254,,0.0,0,預售屋、或土地及建物分次登記案件；,RPUOMLSKKIPFFBD98DA,0.0,0.0,0.0,無,
中西區,房地(土地+建物),民生路二段１８４號,126.26,都市：其他:商業區,,,1091125,土地3建物1車位0,全,三層,透天厝,住商用,加強磚造,0590328,445.76,3,2,2,有,無,26000000,58327,,0.0,0,,RPQPMLPKKIPFFAD28DA,445.76,0.0,0.0,無,
安平區,房地(土地+建物),國平路５９９號十二樓之１１,4.61,都市：其他:商業區,,,1091117,土地1建物1車位0,十二層,二十一層,住宅大樓(11層含以上有電梯),住家用,鋼筋混凝土造,0831222,53.900000000000006,2,2,1,有,有,2580000,47866,,0.0,0,,RPTNMLQKKIPFFAD48DA,36.13,0.33,5.56,有,
安平區,房地(土地+建物),平通路３５４號,6.26,都市：其他:商業區,,,1091124,土地1建物1車位0,一層，騎樓,十層,華廈(10層含以下有電梯),商業用,鋼筋混凝土造,0820701,56.95,0,0,0,無,有,4230000,74276,,0.0,0,其他增建；,RPOQMLPKKIPFFAD18DA,46.03,0.0,0.0,有,0336
安平區,土地,漁光段879地號,439.74,都市：其他:商業區,,,1091210,土地1建物0車位0,,,其他,,,,0.0,0,0,0,有,無,57700000,131214,,0.0,0,,RPVOMLKKKIPFFAD18DA,0.0,0.0,0.0,無,0337
中西區,房地(土地+建物),武英街６巷１３號,43.0,都市：其他:住宅區,,,1091113,土地1建物1車位0,全,一層,透天厝,住家用,加強磚造,0530000,74.64,3,1,2,有,無,5200000,69668,,0.0,0,,RPPOMLKKKIPFFAD57DA,74.64,0.0,0.0,無,
北區,房地(土地+建物),公園路１３４號四樓之３,3.51,都市：其他:商業區,,,1091216,土地2建物1車位0,四層,十層,華廈(10層含以下有電梯),住家用,鋼筋混凝土造,0780803,31.8,1,0,1,有,有,1460000,45912,,0.0,0,,RPPNMLRKKIPFFAD18DA,23.97,0.0,3.08,有,
中西區,房地(土地+建物),赤嵌街１３號四樓之５,3.98,都市：其他:商業區,,,1091212,土地1建物1車位0,四層,七層,華廈(10層含以下有電梯),商業用,鋼筋混凝土造,0790226,21.709999999999997,1,0,1,有,有,1200000,55274,,0.0,0,,RPVQMLQKKIPFFAD98DA,16.83,0.0,0.0,有,0338
安平區,房地(土地+建物)+車位,國平北路５２號九樓,30.14,都市：其他:商業區,,,1091109,土地1建物1車位2,九層,二十四層,住宅大樓(11層含以上有電梯),見其他登記事項,見其他登記事項,1070214,361.68,0,0,0,無,有,23280000,65734,坡道平面,50.12,2800000,毛胚屋；,RPUQMLRKKIPFFAD98DA,175.35,5.17,21.69,有,
安平區,房地(土地+建物)+車位,國平北路６０號二十樓,28.28,都市：其他:商業區,,,1091017,土地1建物1車位2,二十層,二十四層,住宅大樓(11層含以上有電梯),見其他登記事項,見其他登記事項,1070214,338.55,3,2,3,有,有,22250000,67434,坡道平面,50.12,2800000,,RPVQMLRKKIPFFAD09DA,161.21,4.04,21.49,有,
北區,房地(土地+建物),開元路４４２巷２６弄３４號,91.0,都市：其他:住宅區,,,1091115,土地1建物1車位0,全,三層,透天厝,住家用,鋼筋混凝土造,0801205,204.73,5,3,4,有,無,12800000,62521,,0.0,0,頂樓加蓋；,RPOOMLLLKIPFFAD67DA,198.85,0.75,5.13,無,
北區,房地(土地+建物),賢北街１３０號,94.85,都市：其他:住宅區,,,1091113,土地1建物1車位0,全,三層,透天厝,住家用,鋼筋混凝土造,0830709,181.1,6,2,3,有,無,10500000,57979,,0.0,0,,RPSOMLLLKIPFFAD08DA,176.9,0.0,4.2,無,
北區,房地(土地+建物),公園南路３６２巷２２號二十二樓之１,10.07,都市：其他:住宅區,,,1091204,土地1建物1車位0,二十二層,二十五層,住宅大樓(11層含以上有電梯),住家用,鋼筋混凝土造,0840104,123.72999999999999,3,2,2,有,有,5200000,42027,,0.0,0,,RPVOMLLLKIPFFAD38DA,83.86,0.0,10.99,有,
安平區,土地,金城段48-4地號,165.0,都市：其他:住宅區,,,1091203,土地1建物0車位0,,,其他,,,,0.0,0,0,0,有,無,14860000,90061,,0.0,0,,RPQPMLNJKIPFFAD97DA,0.0,0.0,0.0,無,
安平區,房地(土地+建物)+車位,永華路二段８２９號十二樓,8.52,都市：其他:住宅區,,,1091124,土地1建物1車位1,十二層,二十三層,住宅大樓(11層含以上有電梯),見其他登記事項,見其他登記事項,1081217,99.85,2,1,1,有,有,5750000,57586,坡道機械,28.37,0,,RPUPMLRJKIPFFAD78DA,40.99,3.31,3.61,有,0339
中西區,房地(土地+建物)+車位,中華西路二段１６８號八樓之２,28.53,都市：其他:住宅區,,,1090918,土地1建物1車位1,八層,二十六層,住宅大樓(11層含以上有電梯),見其他登記事項,見其他登記事項,1061011,322.45000000000005,3,2,3,有,有,21480000,66615,坡道平面,24.8,0,,RPPOMLTLRHPFFAD56DA,179.72,0.0,21.36,有,
北區,房地(土地+建物),南園街９６巷２５號,56.0,都市：其他:細部計畫道路用地,,,1091120,土地2建物1車位0,全,二層,透天厝,住家用,加強磚造,0631214,73.38,5,0,5,有,無,8100000,110384,,0.0,0,陽台外推；,RPXNMLMLKIPFFAD58DA,73.38,0.0,0.0,無,
安平區,房地(土地+建物),郡平路３３７號八樓之２,5.13,都市：其他:商業區,,,1091030,土地1建物1車位0,八層,十二層,住宅大樓(11層含以上有電梯),住家用,鋼筋混凝土造,0840620,61.84,2,1,1,有,有,3150000,50938,,0.0,0,,RPXOMLLLKIPFFAD58DA,44.2,2.51,1.4,有,
北區,建物,公園路９４８號之８二樓,0.0,,,,1091204,土地0建物1車位0,二層,五層,公寓(5樓含以下無電梯),住家用,鋼筋混凝土造,0700622,49.62,2,1,1,有,無,300000,6046,,0.0,0,土地為向仁愛之家租賃使用親友、員工、共有人或其他特殊關係間之交易；,RPRNMLMLKIPFFAD97DA,42.57,0.0,0.0,無,
北區,房地(土地+建物),和緯路五段２３４巷４弄２０號,95.4,都市：其他:住宅區,,,1091125,土地2建物1車位0,全,四層,透天厝,見其他登記事項,鋼筋混凝土造,0970814,217.92,5,2,3,有,無,13900000,63785,,0.0,0,其他增建；,RPSNMLNLKIPFFAD18DA,192.52,0.0,25.4,無,
中西區,房地(土地+建物),宮後街１６之１號,17.52,都市：其他:商業區,,,1091108,土地1建物1車位0,一層,五層,華廈(10層含以下有電梯),住家用,鋼筋混凝土造,0800212,74.08,3,2,1,有,無,3200000,43197,,0.0,0,,RPROMLNLKIPFFAD18DA,60.64,0.0,0.0,有,0340
中西區,房地(土地+建物)+車位,中華西路二段４１２號九樓之１,34.99,都市：其他:住宅區,,,1091212,土地1建物1車位2,九層,二十五層,住宅大樓(11層含以上有電梯),集合住宅,鋼筋混凝土構造,1060817,386.01,4,2,4,有,有,23360000,66455,坡道平面,67.6,2200000,,RPUOMLNLKIPFFAD48DA,204.37,0.0,21.31,有,
中西區,房地(土地+建物)+車位,中華西路二段４１２號二十三樓之２,27.27,都市：其他:住宅區,,,1091214,土地1建物1車位2,二十三層,二十五層,住宅大樓(11層含以上有電梯),集合住宅,鋼筋混凝土構造,1060817,310.99,3,2,3,有,有,21780000,79625,坡道平面,67.6,2400000,,RPVOMLNLKIPFFAD58DA,157.37,0.0,14.43,有,
北區,房地(土地+建物),育德一街１８號六樓,29.15,都市：其他:住宅區,,,1091213,土地1建物1車位0,六層,十層,華廈(10層含以下有電梯),見其他登記事項,鋼筋混凝土造,0930830,114.05,3,2,2,有,有,7390000,64796,,0.0,0,,RPPOMLNLKIPFFAD97DA,80.17,0.0,7.89,有,0341
中西區,土地,老古石段120地號,52.13,都市：其他:商業區,,,1091202,土地7建物0車位0,,,其他,,,,0.0,0,0,0,有,無,11019240,211380,,0.0,0,畸零地或有合併使用效益；政府機關標讓售；,RPQOMLNLKIPFFAD08DA,0.0,0.0,0.0,無,
北區,房地(土地+建物),成功路３８８號四樓之１３,3.2,都市：其他:商業區,,,1091209,土地1建物1車位0,四層,十二層,住宅大樓(11層含以上有電梯),商業用,鋼筋混凝土造,0711012,31.220000000000002,1,1,1,有,有,1200000,38437,,0.0,0,,RPQNMLNLKIPFFAD97DA,20.54,0.0,2.63,有,
北區,房地(土地+建物),成功路３８８號四樓之１２,3.26,都市：其他:商業區,,,1091209,土地1建物1車位0,四層,十二層,住宅大樓(11層含以上有電梯),商業用,鋼筋混凝土造,0711012,30.92,1,1,1,有,有,800000,25873,,0.0,0,,SPQNMLNLKIPFFAD08DA,19.8,0.0,2.9,有,
北區,房地(土地+建物)+車位,北門路二段６００號,48.47,都市：其他:住宅區,,,1090929,土地1建物1車位1,一層，二層，騎樓,十層,華廈(10層含以下有電梯),見其他登記事項,鋼筋混凝土造,0930330,192.85999999999999,1,2,2,有,有,10800000,55999,坡道平面,0.0,0,,RPQNMLMLKIPFFAD87DA,133.09,0.0,9.05,有,
中西區,房地(土地+建物),民權路二段２４２號,312.35,都市：其他:商業區,,,1091111,土地2建物2車位0,全,二層,透天厝,商業用,磚造,0380000,427.47,2,2,2,有,無,61000000,142700,,0.0,0,,RPUOMLMLKIPFFAD38DA,417.83,9.64,0.0,無,
北區,房地(土地+建物),成功路６００巷４２號,87.0,都市：其他:細部計畫道路用地,,,1091122,土地2建物1車位0,全,一層,透天厝,商業用,鋼筋混凝土造,0690610,59.9,1,2,1,有,無,6700000,111853,,0.0,0,,RPOPMLMLKIPFFAD87DA,59.9,0.0,0.0,無,
安平區,房地(土地+建物),永華路二段１３１６號,135.0,都市：其他:特定商業專用區,,,1091211,土地1建物1車位0,全,四層,透天厝,見其他登記事項,鋼筋混凝土造,0890801,306.59,6,2,8,有,無,26600000,86761,,0.0,0,含土地增值稅或其他稅費；含地政士服務費；其他                    ；,RPWPMLNLKIPFFAD78DA,279.43,0.0,27.16,無,0342
安平區,房地(土地+建物)+車位,育平路１６６號三樓之１２,14.28,都市：其他:住宅區,,,1091025,土地1建物1車位1,三層,十三層,住宅大樓(11層含以上有電梯),見其他登記事項,鋼筋混凝土造,0880113,139.14999999999998,3,2,2,有,有,5000000,35932,坡道平面,0.0,0,,RPTNMLOLKIPFFAD38DA,76.96,0.0,10.86,有,
安平區,房地(土地+建物),建平五街１８４巷８號二樓之９、二樓之１０,22.88,都市：其他:住宅區,,,1091103,土地1建物1車位0,二層,六層,華廈(10層含以下有電梯),住家用,鋼筋混凝土造,0840630,142.51,3,2,2,有,有,5000000,35085,,0.0,0,陽台外推；,RPTQMLNJJIPFFAD28DA,88.67,0.0,9.15,有,0343
中西區,房地(土地+建物),金華路三段３號,82.0,都市：其他:住宅區,,,1091129,土地1建物1車位0,全,二層,透天厝,住家用,加強磚造,0570510,131.46,3,3,3,有,無,12880000,97977,,0.0,0,頂樓加蓋；,RPSNMLKMJIPFFAD87DA,131.46,0.0,0.0,無,
中西區,房地(土地+建物),大同路一段４６巷３７弄３號,45.14,都市：其他:商業區,,,1091202,土地1建物1車位0,全,二層,透天厝,住家用,加強磚造,0570130,79.18,3,2,2,有,無,2950000,37257,,0.0,0,,RPQNMLSJKIPFFAD28DA,79.18,0.0,0.0,無,0344
北區,土地,延平段1771地號,115.0,都市：其他:住宅區,,,1091202,土地1建物0車位0,,,其他,,,,0.0,0,0,0,有,無,2800000,24348,,0.0,0,,RPQPMLSJKIPFFAD48DA,0.0,0.0,0.0,無,
北區,房地(土地+建物)+車位,長榮路五段４１巷４８號十二樓之５,28.21,都市：其他:住宅區,,,1090922,土地2建物1車位1,十二層,十四層,住宅大樓(11層含以上有電梯),集合住宅,鋼筋混凝土造,0920916,149.3,3,2,2,有,有,7300000,48895,坡道平面,0.0,0,,RPRNMLTKKIPFFAD58DA,88.37,0.0,9.36,有,0345
北區,土地,富台段722-2地號,12.0,都市：其他:細部計畫道路用地,,,1091201,土地1建物0車位0,,,其他,,,,0.0,0,0,0,有,無,739200,61600,,0.0,0,協議價購；,RPSNMLLLKIPFFAD97DA,0.0,0.0,0.0,無,
北區,房地(土地+建物)+車位,開元路５１９號十六樓之８,11.27,都市：其他:住宅區,,,1091128,土地3建物1車位1,十六層,二十四層,住宅大樓(11層含以上有電梯),見其他登記事項,見其他登記事項,1041105,157.60000000000002,3,2,2,有,有,8400000,53299,坡道平面,32.55,0,含租約；,RPUPMLRKKIPFFAD88DA,74.09,5.97,7.61,有,0346
安平區,房地(土地+建物)+車位,建平十七街３１號七樓之４,13.95,都市：其他:商業區,,,1091105,土地1建物1車位1,七層,十五層,住宅大樓(11層含以上有電梯),住家用,鋼筋混凝土造,0810324,192.69,1,1,2,有,有,6000000,31138,坡道平面,0.0,0,,RPPNMLLKKIPFFAD57DA,153.96,0.0,12.54,有,
安南區,土地,國安段1702地號,106.47,都市：其他:住宅區,,,1091129,土地1建物0車位0,,,其他,,,,0.0,0,0,0,有,無,7450000,69973,,0.0,0,,RPXOMLSKKIPFFBD66DA,0.0,0.0,0.0,無,
安南區,房地(土地+建物),北安路二段９３巷３４號,97.96,都市：其他:住宅區,,,1091107,土地1建物1車位0,全,二層,透天厝,住商用,加強磚造,0711229,119.61,5,2,2,有,無,7300000,61032,,0.0,0,頂樓加蓋；其他增建；,RPXNMLSKKIPFFBD56DA,108.18,0.0,11.44,無,
安南區,房地(土地+建物),樂活十街１１號,86.8,都市：其他:住宅區,,,1081014,土地1建物1車位0,全,四層,透天厝,住家用,鋼筋混凝土造,1090907,222.59,5,2,4,有,無,12700000,57056,,0.0,0,,RPTOMLMLKIPFFBD38DA,191.62,0.0,30.97,無,
安南區,土地,溪心段1018-74地號,11.86,都市：其他:住宅區,,,1091214,土地1建物0車位0,,,其他,,,,0.0,0,0,0,有,無,358700,30245,,0.0,0,,RPUOMLMLKIPFFBD48DA,0.0,0.0,0.0,無,
安南區,土地,公塭段1186-5地號,4.75,都市：其他:住宅區,,,1091216,土地1建物0車位0,,,其他,,,,0.0,0,0,0,有,無,43225,9100,,0.0,0,,RPTNMLNLKIPFFBD38DA,0.0,0.0,0.0,無,0347
安南區,房地(土地+建物),永續路２３６巷１５號,112.4,都市：其他:住宅區,,,1091209,土地2建物1車位0,全,四層,透天厝,見其他登記事項,鋼筋混凝土造,1080304,236.18,4,2,5,有,無,16680000,70624,,0.0,0,,RPUNMLNLKIPFFBD48DA,222.02,0.0,14.14,無,
安南區,土地,公塭段1186-5地號,4.75,都市：其他:住宅區,,,1091216,土地1建物0車位0,,,其他,,,,0.0,0,0,0,有,無,43225,9100,,0.0,0,,RPRNMLNLKIPFFBD18DA,0.0,0.0,0.0,無,0347
安南區,土地,長和段1021地號,155.06,都市：其他:主要計畫道路用地,,,1091026,土地3建物0車位0,,,其他,,,,0.0,0,0,0,有,無,820000,5288,,0.0,0,包含公共設施保留地用地；,RPXOMLNJKIPFFBD68DA,0.0,0.0,0.0,無,0349
安南區,房地(土地+建物),國安街１５６巷５８弄１４號,100.98,都市：其他:住宅區,,,1091120,土地1建物1車位0,全,二層,透天厝,住家用,加強磚造,0690828,105.13,8,0,9,有,無,11500000,109388,,0.0,0,含傢俱設備費；其他增建；,RPOPMLOLJIPFFBD08DA,105.13,0.0,0.0,無,0350
安南區,土地,州北段1148地號,235.0,都市：其他:主要計畫道路用地,,,1090923,土地3建物0車位0,,,其他,,,,0.0,0,0,0,有,無,2710000,11532,,0.0,0,包含公共設施保留地用地；,RPVSMLRKJIPFFBD66DA,0.0,0.0,0.0,無,
安南區,土地,淵西段136地號,43.24,都市：其他:細部計畫道路用地,,,1091124,土地1建物0車位0,,,其他,,,,0.0,0,0,0,有,無,260000,6013,,0.0,0,包含公共設施保留地用地；,RPTNMLRKKIPFFBD68DA,0.0,0.0,0.0,無,
安南區,土地,和工段1172地號,473.86,都市：其他:細部計畫道路用地,,,1091017,土地2建物0車位0,,,其他,,,,0.0,0,0,0,有,無,17790000,37543,,0.0,0,,RPQPMLLKKIPFFBD97DA,0.0,0.0,0.0,無,
安南區,房地(土地+建物),安昌街７６號,253.86,都市：其他:住宅區,,,1091014,土地2建物3車位0,全,四層,透天厝,見其他登記事項,鋼筋混凝土造,1030704,554.72,30,2,30,有,無,42200000,76074,,0.0,0,陽台外推；頂樓加蓋；其他增建；,RPVNMLSJKIPFFBD88DA,483.08,0.0,49.29,有,
東區,房地(土地+建物),長榮路二段３２巷１６０之１號三樓之３,9.85,都市：其他:第五種住宅區,,,1091214,土地1建物1車位0,三層,五層,華廈(10層含以下有電梯),住家用,鋼筋混凝土造,0800530,40.82,0,0,0,無,有,1580000,38707,,0.0,0,其他增建；,RPRPMLLLKIPFFCD28DA,24.56,0.0,0.0,有,
南區,房地(土地+建物),新興路２６１號五樓之６,13.0,都市：其他:主要計畫道路用地,,,1091030,土地2建物1車位0,五層,七層,華廈(10層含以下有電梯),住家用,鋼筋混凝土造,0730817,80.93,2,1,1,有,有,2800000,34598,,0.0,0,陽台外推；其他增建；,RPQNMLMLKIPFFCD08DA,50.89,0.0,12.79,有,
東區,房地(土地+建物),自由路二段１７５巷５１弄９２號,72.86,都市：其他:第五種住宅區,,,1091211,土地2建物1車位0,全,四層,透天厝,住家用,鋼筋混凝土造,1040312,174.06,4,2,4,有,無,9630000,55326,,0.0,0,親友、員工、共有人或其他特殊關係間之交易；未登記建物；,RPRNMLMLKIPFFCD18DA,162.0,0.0,11.96,無,
東區,房地(土地+建物)+車位,富農街一段１３１巷２５弄３號,50.79,都市：其他:第五種住宅區,,,1091128,土地1建物1車位2,一層,十四層,住宅大樓(11層含以上有電梯),見其他登記事項,鋼筋混凝土造,1060316,264.17999999999995,3,2,2,有,有,20500000,86900,坡道平面,62.8,3000000,,RPXOMLLLKIPFFCD78DA,114.75,0.0,20.48,有,
南區,房地(土地+建物),德興路１６４巷４０號一樓之８,11.89,都市：其他:住宅區,,,1091123,土地1建物1車位0,一層,五層,華廈(10層含以下有電梯),住家用,鋼筋混凝土造,0811208,48.54,2,1,1,有,無,3000000,61805,,0.0,0,土地成交價:225萬元，建物成交價:75萬元其他增建；,RPSNMLTKKIPFFCD88DA,34.92,5.04,0.0,有,
東區,房地(土地+建物),中華東路二段１９７號八樓之９,5.59,都市：其他:細部計劃道路用地,,,1091127,土地3建物1車位0,八層,二十層,住宅大樓(11層含以上有電梯),住家用,鋼筋混凝土造,0841106,73.63,2,1,1,有,有,3750000,50930,,0.0,0,,RPXPMLRKKIPFFCD76DA,42.78,0.0,7.19,有,
東區,土地,東安段410地號,113.0,都市：其他:第五種住宅區,,,1091019,土地1建物0車位0,,,其他,,,,0.0,0,0,0,有,無,3500000,30973,,0.0,0,未登記建物；,RPUPMLRKKIPFFCD09DA,0.0,0.0,0.0,無,
東區,房地(土地+建物),崇德三十二街４５號五樓之１,16.5,都市：其他:第五種住宅區,,,1091123,土地2建物1車位0,五層,五層,公寓(5樓含以下無電梯),住家用,鋼筋混凝土造,0700110,52.61,2,1,1,有,無,1500000,28512,,0.0,0,,RPSOMLQKKIPFFCD68DA,42.4,0.0,0.0,無,
東區,房地(土地+建物)+車位,崇賢三路２８號三樓之５,31.08,都市：其他:第五種住宅區,,,1091214,土地1建物1車位1,三層,十五層,住宅大樓(11層含以上有電梯),見其他登記事項,鋼筋混凝土造,1061031,180.97,3,2,2,有,有,5290800,30671,坡道平面,29.01,630000,照顧住宅,RPPPMLOKKIPFFCD28DA,94.55,0.0,11.67,有,0351
東區,房地(土地+建物)+車位,崇賢三路３０號三樓之５,31.08,都市：其他:第五種住宅區,,,1091214,土地1建物1車位1,三層,十五層,住宅大樓(11層含以上有電梯),見其他登記事項,鋼筋混凝土造,1061031,180.97,3,2,2,有,有,5295400,30702,坡道平面,29.01,630000,照顧住宅,RPOPMLPKKIPFFCD28DA,94.55,0.0,11.67,有,0352
東區,房地(土地+建物)+車位,崇賢三路３０號三樓之７,31.65,都市：其他:第五種住宅區,,,1091214,土地1建物1車位1,三層,十五層,住宅大樓(11層含以上有電梯),見其他登記事項,鋼筋混凝土造,1061031,183.97,3,2,2,有,有,5457500,31153,坡道平面,29.01,630000,照顧住宅,RPWPMLOKKIPFFCD98DA,95.71,0.0,12.62,有,0353
東區,房地(土地+建物)+車位,崇賢三路２６號六樓之３,32.23,都市：其他:第五種住宅區,,,1091214,土地1建物1車位1,六層,十五層,住宅大樓(11層含以上有電梯),見其他登記事項,鋼筋混凝土造,1061031,187.2,3,2,2,有,有,5582100,31305,坡道平面,29.01,630000,照顧住宅,RPOQMLOKKIPFFCD28DA,97.91,0.0,12.59,有,0354
東區,房地(土地+建物),裕豐街１８２之１號五樓,24.65,都市：其他:第五種住宅區,,,1091114,土地1建物1車位0,五層,五層,公寓(5樓含以下無電梯),住家用,鋼筋混凝土造,0771116,84.83,3,2,2,有,無,2500000,29471,,0.0,0,頂樓加蓋；,RPUOMLTJKIPFFCD09DA,57.77,0.0,12.59,無,0355
東區,房地(土地+建物),大同路一段１７５巷５２號,63.69,都市：其他:第五種住宅區,,,1091205,土地2建物1車位0,全,三層,透天厝,住家用,磚造,0490000,105.05,4,1,1,有,無,5400000,51404,,0.0,0,,RPOOMLRJKIPFFCD28DA,105.05,0.0,0.0,無,
南區,土地,舉喜段527-11地號,8.97,都市：其他:住宅區,,,1091204,土地1建物0車位0,,,其他,,,,0.0,0,0,0,有,無,448500,50000,,0.0,0,政府機關標讓售；,RPWNMLSJKIPFFCD09DA,0.0,0.0,0.0,無,
東區,房地(土地+建物),怡東路７２巷１號五樓,36.41,都市：其他:細部計畫道路用地,,,1091121,土地2建物1車位0,五層,五層,公寓(5樓含以下無電梯),住家用,鋼筋混凝土造,0721216,134.17,4,2,2,有,有,5300000,39502,,0.0,0,頂樓加蓋；,RPUNMLLLJIPFFCD28DA,108.96,0.0,9.76,無,
南區,房地(土地+建物),同興路４０６號,83.19,都市：其他:住宅區,,,1091025,土地1建物1車位0,全,三層,透天厝,見其他登記事項,見其他登記事項,1080725,189.36,5,2,4,有,無,13780000,72771,,0.0,0,預售屋、或土地及建物分次登記案件；,RPQOMLNKJIPFFCD08DA,169.98,0.0,19.38,無,
南區,土地,舉喜段997-8地號,51.12,都市：其他:道路用地,,,1091214,土地1建物0車位0,,,其他,,,,0.0,0,0,0,有,無,339200,6635,,0.0,0,包含公共設施保留地用地；,RPQPMLMLKIPFFCD28DA,0.0,0.0,0.0,無,
東區,房地(土地+建物),裕農路７２６巷８弄１１之３號,25.45,都市：其他:第五種住宅區,,,1091118,土地4建物1車位0,四層，電梯樓梯間,五層,公寓(5樓含以下無電梯),住家用,鋼筋混凝土造,0700919,103.43,3,2,2,有,無,3150000,30455,,0.0,0,陽台外推；,RPRPMLMLKIPFFCD38DA,81.32,0.0,12.13,無,
東區,房地(土地+建物),東光路二段１８號,72.0,都市：其他:第五種住宅區,,,1091126,土地1建物1車位0,全,四層,透天厝,住商用,鋼筋混凝土造,0700624,175.16,5,2,4,有,無,13800000,78785,,0.0,0,頂樓加蓋；其他增建；,RPUNMLNLKIPFFCD58DA,175.16,0.0,0.0,無,
東區,房地(土地+建物)+車位,莊敬路１０９號六樓之１,30.38,都市：其他:第五種住宅區,,,1091118,土地1建物1車位1,六層,九層,華廈(10層含以下有電梯),住家用,鋼筋混凝土造,0860326,240.95999999999998,5,2,2,有,有,13380000,55528,坡道平面,0.0,0,,RPXNMLNLKIPFFCD88DA,149.05,0.0,20.42,有,
東區,房地(土地+建物),東寧路５６０號十三樓之二,9.91,都市：其他:第五種住宅區,,,1091205,土地2建物1車位0,十三層,十四層,住宅大樓(11層含以上有電梯),住家用,鋼筋混凝土造,0840325,106.12,3,2,2,有,有,6000000,56540,,0.0,0,,RPPNMLNLKIPFFCD08DA,62.55,2.35,1.88,有,
東區,房地(土地+建物),大同路二段８２１號,138.75,都市：其他:鄰里商業區,,,1091123,土地2建物1車位0,全,二層,透天厝,住家用,加強磚造,0630826,122.78,4,2,2,有,無,8600000,70044,,0.0,0,,RPSNMLNLKIPFFCD38DA,122.78,0.0,0.0,無,0356
東區,房地(土地+建物)+車位,中華東路二段１６７號三樓之１６,4.48,都市：其他:第五種住宅區,,,1091203,土地2建物1車位1,三層,十四層,住宅大樓(11層含以上有電梯),住家用,鋼筋混凝土造,0970229,74.68,1,0,1,有,有,3600000,48206,坡道平面,27.82,0,,RPRUMLNLKIPFFCD98DA,27.41,0.0,2.34,有,
新營區,土地,太子段1635-2地號,489.93,都市：其他:住宅區,,,1091125,土地1建物0車位0,,,其他,,,,0.0,0,0,0,有,無,7819316,15960,,0.0,0,,RPPNMLOLKIPFFDD28DA,0.0,0.0,0.0,無,
新營區,土地,太子段1635地號,225.5,都市：其他:住宅區,,,1091125,土地2建物0車位0,,,其他,,,,0.0,0,0,0,有,無,3598980,15960,,0.0,0,,RPQNMLOLKIPFFDD38DA,0.0,0.0,0.0,無,
新營區,土地,太子段1285地號,21.5,都市：其他:計畫道路用地,,,1091125,土地1建物0車位0,,,其他,,,,0.0,0,0,0,有,無,343140,15960,,0.0,0,,RPRNMLOLKIPFFDD48DA,0.0,0.0,0.0,無,
新營區,土地,綠川段725地號,186.75,都市：其他:住宅區,,,1091112,土地2建物0車位0,,,其他,,,,0.0,0,0,0,有,無,3000000,16064,,0.0,0,,RPROMLMLKIPFFDD38DA,0.0,0.0,0.0,無,
新營區,房地(土地+建物)+車位,隋唐街９號十三樓之三,26.57,都市：其他:住宅區,,,1090806,土地1建物1車位1,十三層,十五層,住宅大樓(11層含以上有電梯),見其他登記事項,鋼筋混凝土造,1090331,168.47,3,2,2,有,有,9050000,53789,坡道平面,22.53,1200000,房地總價含管理費，商品提貨單,RPTOMLMLKIPFFDD58DA,87.41,0.0,11.32,有,
新營區,房地(土地+建物),太子宮２９７之７號,70.0,都市：其他:住宅區,,,1091016,土地1建物1車位0,全,三層,透天厝,住家用,鋼筋混凝土造,1090830,148.79,4,2,3,有,無,6300000,42342,,0.0,0,,RPUOMLMLKIPFFDD68DA,135.49,0.0,13.3,無,0357
白河區,土地,玉豐段78地號,1992.0,,特定農業區,農牧用地,1091217,土地1建物0車位0,,,其他,,,,0.0,0,0,0,有,無,1000000,502,,0.0,0,,RPUNMLOLKIPFFED88DA,0.0,0.0,0.0,無,
白河區,房地(土地+建物),外角里三民路４０號,79.0,都市：其他:住宅區,,,1091208,土地1建物1車位0,全,二層,透天厝,住商用,加強磚造,0700507,100.0,3,1,2,有,無,888700,8887,,0.0,0,,RPVNMLOLKIPFFED98DA,94.4,0.0,5.6,無,
後壁區,土地,新港東段新港東小段920地號,1894.0,,特定農業區,農牧用地,1091208,土地1建物0車位0,,,其他,,,,0.0,0,0,0,有,無,1900000,1003,,0.0,0,,RPWNMLOLKIPFFED09DA,0.0,0.0,0.0,無,
白河區,土地,海豐厝段1015地號,68.0,,特定農業區,農牧用地,1090420,土地1建物0車位0,,,其他,,,,0.0,0,0,0,有,無,74810,1100,,0.0,0,,RPQNMLOLJIPFFED38DA,0.0,0.0,0.0,無,
白河區,土地,長安段854地號,136.0,都市：其他:住宅區,,,1091207,土地1建物0車位0,,,其他,,,,0.0,0,0,0,有,無,4780000,35147,,0.0,0,,RPRNMLOKKIPFFED48DA,0.0,0.0,0.0,無,
東山區,土地,新田尾段537地號,7453.73,,一般農業區,農牧用地,1091108,土地2建物0車位0,,,其他,,,,0.0,0,0,0,有,無,7380000,990,,0.0,0,未登記建物；,RPQNMLNLKIPFFED38DA,0.0,0.0,0.0,無,
白河區,土地,內角段407地號,2994.0,,特定農業區,農牧用地,1091113,土地2建物0車位0,,,其他,,,,0.0,0,0,0,有,無,3000000,1002,,0.0,0,,RPSNMLSKKIPFFED98DA,0.0,0.0,0.0,無,
大內區,土地,大內段94地號,13069.0,,一般農業區,農牧用地,1091124,土地1建物0車位0,,,其他,,,,0.0,0,0,0,有,無,7318640,560,,0.0,0,,RPUNMLKKKIPFFFD48DA,0.0,0.0,0.0,無,0358
麻豆區,土地,興國段640地號,80.04,都市：其他:第三種住宅區。,,,1090520,土地1建物0車位0,,,其他,,,,0.0,0,0,0,有,無,1707677,21335,,0.0,0,,RPXNMLLLRHPFFFD96DA,0.0,0.0,0.0,無,
麻豆區,土地,龍泉段445地號,20.02,都市：其他:計畫道路用地,,,1091211,土地1建物0車位0,,,其他,,,,0.0,0,0,0,有,無,36000,1798,,0.0,0,包含公共設施保留地用地；,RPPNMLSKKIPFFFD78DA,0.0,0.0,0.0,無,0359
麻豆區,土地,新建段370地號,223.64,都市：其他:計畫道路用地,,,1091114,土地45建物0車位0,,,其他,,,,0.0,0,0,0,有,無,2850000,12744,,0.0,0,道路不計算價金。,RPPNMLRKKIPFFFD68DA,0.0,0.0,0.0,無,0360
六甲區,土地,光明段86地號,134.35,都市：其他:住宅區,,,1090918,土地1建物0車位0,,,其他,,,,0.0,0,0,0,有,無,3900000,29029,,0.0,0,,RPPNMLQKKIPFFFD58DA,0.0,0.0,0.0,無,
六甲區,土地,光明段88地號,335.58,都市：其他:住宅區,,,1090918,土地2建物0車位0,,,其他,,,,0.0,0,0,0,有,無,6300000,18773,,0.0,0,,RPTNMLQKKIPFFFD98DA,0.0,0.0,0.0,無,
官田區,土地,番子渡頭段79-6地號,5162.0,,一般農業區,農牧用地,1091110,土地2建物0車位0,,,其他,,,,0.0,0,0,0,有,無,12801760,2480,,0.0,0,,RPPOMLMLKIPFFFD38DA,0.0,0.0,0.0,無,
六甲區,土地,九重橋段177地號,1028.0,都市：其他:保護區,,,1091217,土地1建物0車位0,,,其他,,,,0.0,0,0,0,有,無,200000,195,,0.0,0,,RPUNMLOLKIPFFFD98DA,0.0,0.0,0.0,無,
麻豆區,土地,大山段840地號,1372.66,都市：其他:農業區,,,1091021,土地1建物0車位0,,,其他,,,,0.0,0,0,0,有,無,1509900,1100,,0.0,0,,RPPNMLMLKIPFFFD28DA,0.0,0.0,0.0,無,
佳里區,房地(土地+建物),光明街１００號四樓之２,27.02,都市：其他:住宅區,,,1080520,土地1建物1車位0,四層,五層,華廈(10層含以下有電梯),見其他登記事項,鋼筋混凝土造,1090914,84.08,2,2,2,有,有,3480000,41389,,0.0,0,預售屋、或土地及建物分次登記案件；,RPPPMLOLKIPFFGD78DA,59.23,0.0,4.67,有,
佳里區,房地(土地+建物)+車位,光明街１００號五樓之１,41.73,都市：其他:住宅區,,,1080610,土地1建物1車位1,五層,五層,華廈(10層含以下有電梯),見其他登記事項,鋼筋混凝土造,1090914,124.95000000000002,3,2,2,有,有,5450000,44769,一樓平面,15.5,550000,預售屋、或土地及建物分次登記案件；,RPQPMLOLKIPFFGD88DA,76.13,0.0,7.05,有,
學甲區,土地,中洲南段1970地號,128.82,,鄉村區,乙種建築用地,1091029,土地1建物0車位0,,,其他,,,,0.0,0,0,0,有,無,682723,5300,,0.0,0,地清或未辦繼承標售；,RPPOMLOLKIPFFGD68DA,0.0,0.0,0.0,無,
佳里區,房地(土地+建物)+車位,光明街１００號三樓之１,42.38,都市：其他:住宅區,,,1080524,土地1建物1車位1,三層,五層,華廈(10層含以下有電梯),見其他登記事項,鋼筋混凝土造,1090914,126.36000000000001,3,2,2,有,有,5530000,45043,一樓平面,16.91,600000,預售屋、或土地及建物分次登記案件；,RPVOMLOLKIPFFGD66DA,76.13,0.0,7.05,有,
佳里區,房地(土地+建物)+車位,光明街１００號三樓之２,33.57,都市：其他:住宅區,,,1080524,土地1建物1車位1,三層,五層,華廈(10層含以下有電梯),見其他登記事項,鋼筋混凝土造,1090914,99.58,2,2,2,有,有,4350000,45790,一樓平面,15.5,500000,預售屋、或土地及建物分次登記案件；,RPXOMLOLKIPFFGD86DA,59.23,0.0,4.67,有,
學甲區,土地,平東段58-1地號,19.0,,特定農業區,農牧用地,1091029,土地1建物0車位0,,,其他,,,,0.0,0,0,0,有,無,9920,522,,0.0,0,地清或未辦繼承標售；,RPUNMLNLKIPFFGD98DA,0.0,0.0,0.0,無,
西港區,土地,港東段1377地號,18.11,都市：其他:住宅區,,,1091203,土地1建物0車位0,,,其他,,,,0.0,0,0,0,有,無,820000,45279,,0.0,0,,RPVNMLNLKIPFFGD09DA,0.0,0.0,0.0,無,
七股區,房地(土地+建物),義合村義合７８之１２號,103.64,,鄉村區,乙種建築用地,1091125,土地3建物1車位0,全,三層,透天厝,住家用,鋼筋混凝土造,0840210,141.24,3,2,5,有,無,3900000,27613,,0.0,0,,RPWNMLNLKIPFFGD56DA,127.55,0.0,13.69,無,
西港區,房地(土地+建物),南海里１８鄰中港１號,390.63,,鄉村區,乙種建築用地,1091208,土地1建物1車位0,全,二層,透天厝,住家用,加強磚造,0891129,230.3,8,2,2,有,無,11000000,47764,,0.0,0,本件買賣總價1100萬元整：土地價格950萬元整，建物價格150萬元整。本件買賣特約條款：雙方約定，賣方得於10年內買回本約標的。頂樓加蓋；其他增建；未登記建物；,RPQNMLNLKIPFFGD58DA,208.5,9.05,12.75,無,
西港區,土地,八分段1490地號,997.0,,特定農業區,農牧用地,1091110,土地1建物0車位0,,,其他,,,,0.0,0,0,0,有,無,1700000,1705,,0.0,0,,RPRNMLNLKIPFFGD68DA,0.0,0.0,0.0,無,
學甲區,土地,宅子港段165-1260地號,2706.69,,特定農業區,農牧用地,1091120,土地5建物0車位0,,,其他,,,,0.0,0,0,0,有,無,2604344,962,,0.0,0,親友、員工、共有人或其他特殊關係間之交易；,RPOOMLNLKIPFFGD48DA,0.0,0.0,0.0,無,
將軍區,土地,忠興段192地號,1946.0,,特定農業區,農牧用地,1091214,土地1建物0車位0,,,其他,,,,0.0,0,0,0,有,無,2490880,1280,,0.0,0,,RPQNMLOLKIPFFGD68DA,0.0,0.0,0.0,無,
佳里區,土地,禮化段1631地號,3515.0,,特定農業區,農牧用地,1091126,土地2建物0車位0,,,其他,,,,0.0,0,0,0,有,無,5975500,1700,,0.0,0,,RPRNMLOLKIPFFGD78DA,0.0,0.0,0.0,無,
北門區,土地,溪底寮段三寮灣小段659-23地號,5304.09,,一般農業區,養殖用地,1091118,土地9建物0車位0,,,其他,,,,0.0,0,0,0,有,無,2386800,450,,0.0,0,親友、員工、共有人或其他特殊關係間之交易；,RPSNMLOLKIPFFGD88DA,0.0,0.0,0.0,無,
佳里區,房地(土地+建物),文化路５６１號,376.14,都市：其他:住宅區,,,1091105,土地3建物1車位0,全,一層,透天厝,住家用,磚造,0641101,62.08,2,1,1,有,無,17500000,281894,,0.0,0,未登記建物；,RPSOMLOLKIPFFGD98DA,62.08,0.0,0.0,無,
學甲區,土地,文衡段197地號,80.77,都市：其他:計畫道路用地,,,1091215,土地2建物0車位0,,,其他,,,,0.0,0,0,0,有,無,1700000,21047,,0.0,0,畸零地或有合併使用效益；,RPPNMLKLKIPFFGD18DA,0.0,0.0,0.0,無,
學甲區,土地,溪洲子寮段63-17地號,9477.0,,一般農業區,農牧用地,1091013,土地3建物0車位0,,,其他,,,,0.0,0,0,0,有,無,9200000,971,,0.0,0,,RPSNMLMLKIPFFGD68DA,0.0,0.0,0.0,無,
佳里區,房地(土地+建物),番子寮７８之１號,120.14,,特定農業區,甲種建築用地,1090919,土地1建物1車位0,全,三層,透天厝,住家用,鋼筋混凝土造,1090612,210.94,5,1,3,有,無,7280000,34512,,0.0,0,,RPXNMLOJJIPFFGD09DA,196.34,0.0,14.6,無,
安定區,土地,保安段422地號,826.02,都市：其他:計畫道路用地,,,1091102,土地8建物0車位0,,,其他,,,,0.0,0,0,0,有,無,18130000,21949,,0.0,0,包含公共設施保留地用地；,RPPNMLNLKIPFFHD58DA,0.0,0.0,0.0,無,
左鎮區,土地,左鎮段697-11地號,28.0,,一般農業區,農牧用地,1090904,土地2建物0車位0,,,其他,,,,0.0,0,0,0,有,無,25760,920,,0.0,0,協議價購；,RPWOMLRLIIPFFHD96DA,0.0,0.0,0.0,無,0361
善化區,房地(土地+建物),西拉雅大道２９２號,192.89,都市：其他:生活服務區(產業服務專用),,,1091128,土地7建物1車位0,全,四層,透天厝,見其他登記事項,鋼筋混凝土造,1060505,309.05,5,2,7,有,無,23480000,75975,,0.0,0,,RPSNMLKLKIPFFHD58DA,293.9,0.0,15.15,無,
善化區,房地(土地+建物),文正路７９巷１８之１０號,127.92,都市：其他:住宅區,,,1091125,土地3建物1車位0,全,三層,透天厝,住家用,鋼筋混凝土造,1050304,198.35,5,2,3,有,無,9200000,46383,,0.0,0,,RPVOMLMLKIPFFHD56DA,184.9,0.0,13.45,無,
善化區,土地,成功段568地號,676.02,都市：其他:住宅區,,,1090710,土地6建物0車位0,,,其他,,,,0.0,0,0,0,有,無,24688540,36520,,0.0,0,未登記建物；,RPROMLMLKIPFFHD78DA,0.0,0.0,0.0,無,
新市區,房地(土地+建物),龍目井路８８號三樓之２９,21.98,都市：其他:生活服務區(第四種住宅區),,,1091202,土地2建物1車位0,三層,八層,華廈(10層含以下有電梯),見其他登記事項,鋼筋混凝土造,1060111,82.17,2,1,2,有,有,4700000,57198,,0.0,0,,RPROMLNLKIPFFHD88DA,50.99,0.0,5.81,有,0362
安定區,房地(土地+建物),海寮１０之２２號,82.25,,特定農業區,甲種建築用地,1091201,土地3建物1車位0,全,三層,透天厝,住家用,鋼筋混凝土造,1090326,144.76,4,2,3,有,無,6900000,47665,,0.0,0,,RPUOMLNLKIPFFHD56DA,129.86,0.0,14.9,無,
善化區,房地(土地+建物),西拉雅大道２８２號,180.93,都市：其他:生活服務區(產業服務專用),,,1091201,土地5建物1車位0,全,四層,透天厝,見其他登記事項,鋼筋混凝土造,1060505,305.58,6,2,8,有,無,23600000,77230,,0.0,0,,RPUNMLKLKIPFFHD78DA,290.43,0.0,15.15,無,
安定區,土地,安定段1514地號,1880.0,都市：其他:農業區(供申請變更開發為產業支援區),,,1091105,土地1建物0車位0,,,其他,,,,0.0,0,0,0,有,無,37530000,19963,,0.0,0,,RPOPMLSKKIPFFHD09DA,0.0,0.0,0.0,無,0363
善化區,房地(土地+建物)+車位,小新營１０２之１５號二樓之５,37.38,都市：其他:住宅區,,,1091130,土地1建物1車位1,二層,六層,華廈(10層含以下有電梯),見其他登記事項,鋼筋混凝土造,1091019,113.86,3,2,2,有,有,5450000,46219,一樓平面,17.58,1000000,,RPTNMLSKKIPFFHD76DA,70.21,0.0,5.57,有,
善化區,房地(土地+建物),小新營１０２之１５號二樓之１,30.84,都市：其他:住宅區,,,1091201,土地1建物1車位0,二層,六層,華廈(10層含以下有電梯),見其他登記事項,鋼筋混凝土造,1091019,91.67,3,2,2,有,有,4290000,46798,,0.0,0,,RPUNMLSKKIPFFHD86DA,65.41,0.0,5.77,有,
善化區,土地,北子店段二小段292地號,244.0,,鄉村區,乙種建築用地,1090106,土地1建物0車位0,,,其他,,,,0.0,0,0,0,有,無,1498292,6141,,0.0,0,土地未臨路整合後有合併使用效益畸零地或有合併使用效益；,RPUNMLOKKIPFFHD09DA,0.0,0.0,0.0,無,
安定區,房地(土地+建物),許中營６５之３號,87.35,,鄉村區,乙種建築用地,1091115,土地1建物1車位0,全,三層,透天厝,住家用,鋼筋混凝土造,1090210,171.83,4,2,3,有,無,10550000,61398,,0.0,0,,RPVOMLOKKIPFFHD66DA,157.97,0.0,13.86,無,
歸仁區,土地,武東段519地號,2705.66,都市：其他:住宅區,,,1090915,土地1建物0車位0,,,其他,,,,0.0,0,0,0,有,無,181500000,67082,,0.0,0,,RPXNMLMLIIPFFID56DA,0.0,0.0,0.0,無,
仁德區,土地,二仁段1133-1地號,187.52,,一般農業區,農牧用地,1091130,土地5建物0車位0,,,其他,,,,0.0,0,0,0,有,無,981271,5233,,0.0,0,包含公共設施保留地用地；協議價購；,RPPPMLRJKIPFFID09DA,0.0,0.0,0.0,無,0241
仁德區,土地,十三甲段1023-20地號,1259.0,,一般農業區,水利用地,1091130,土地3建物0車位0,,,其他,,,,0.0,0,0,0,有,無,6672700,5300,,0.0,0,包含公共設施保留地用地；協議價購；,RPWPMLRJKIPFFID17DA,0.0,0.0,0.0,無,
仁德區,土地,十三甲段1024-1地號,31.67,,一般農業區,水利用地,1091130,土地1建物0車位0,,,其他,,,,0.0,0,0,0,有,無,164667,5199,,0.0,0,包含公共設施保留地用地；協議價購；,RPXPMLRJKIPFFID27DA,0.0,0.0,0.0,無,0268
仁德區,土地,十三甲段1027-7地號,460.0,,一般農業區,水利用地,1091130,土地1建物0車位0,,,其他,,,,0.0,0,0,0,有,無,2438000,5300,,0.0,0,包含公共設施保留地用地；協議價購；,RPOQMLRJKIPFFID09DA,0.0,0.0,0.0,無,
仁德區,土地,十三甲段1027-6地號,592.0,,一般農業區,水利用地,1091130,土地1建物0車位0,,,其他,,,,0.0,0,0,0,有,無,3137600,5300,,0.0,0,包含公共設施保留地用地；協議價購；,RPPQMLRJKIPFFID56DA,0.0,0.0,0.0,無,
仁德區,土地,十三甲段1024-1地號,15.83,,一般農業區,水利用地,1091130,土地1建物0車位0,,,其他,,,,0.0,0,0,0,有,無,82333,5201,,0.0,0,包含公共設施保留地用地；協議價購；,RPQQMLRJKIPFFID66DA,0.0,0.0,0.0,無,0268
歸仁區,土地,武東段446-1地號,3940.15,都市：其他:住宅區,,,1090915,土地2建物0車位0,,,其他,,,,0.0,0,0,0,有,無,363000000,92128,,0.0,0,,RPVOMLOJKIPFFID66DA,0.0,0.0,0.0,無,
仁德區,土地,二仁段1134地號,34.83,,一般農業區,農牧用地,1091130,土地6建物0車位0,,,其他,,,,0.0,0,0,0,有,無,182626,5243,,0.0,0,包含公共設施保留地用地；協議價購；,RPRRMLMKKIPFFID09DA,0.0,0.0,0.0,無,0241
仁德區,土地,二仁段1134地號,135.83,,一般農業區,農牧用地,1091130,土地5建物0車位0,,,其他,,,,0.0,0,0,0,有,無,712081,5242,,0.0,0,包含公共設施保留地用地；協議價購；,RPSRMLMKKIPFFID56DA,0.0,0.0,0.0,無,0243
仁德區,土地,林仔段923地號,239.18,都市：其他:計畫道路用地,,,1091211,土地2建物0車位0,,,其他,,,,0.0,0,0,0,有,無,950000,3972,,0.0,0,包含公共設施保留地用地；,RPSOMLLKKIPFFID78DA,0.0,0.0,0.0,無,
仁德區,土地,二仁段1134地號,3.91,,一般農業區,農牧用地,1091130,土地1建物0車位0,,,其他,,,,0.0,0,0,0,有,無,20702,5295,,0.0,0,包含公共設施保留地用地；協議價購；,RPOOMLMKKIPFFID48DA,0.0,0.0,0.0,無,0261
仁德區,房地(土地+建物),仁德里仁德三街５１號,118.92,都市：其他:住宅區,,,1091123,土地1建物1車位0,全,四層,透天厝,見其他登記事項,鋼筋混凝土造,1040226,277.67,4,2,5,有,無,10400000,37455,,0.0,0,,RPROMLMLKIPFFID88DA,261.67,0.0,16.0,無,
歸仁區,房地(土地+建物),七甲一街３６巷５５弄５５號,76.45,,一般農業區,甲種建築用地,1091126,土地2建物1車位0,全,四層,透天厝,見其他登記事項,見其他登記事項,1090327,147.37,4,2,3,有,有,8300000,56321,,0.0,0,,RPSOMLMLKIPFFID98DA,134.02,0.0,13.34,無,
仁德區,土地,長興段980地號,140.13,都市：其他:住宅區,,,1081023,土地10建物0車位0,,,其他,,,,0.0,0,0,0,有,無,3267126,23315,,0.0,0,,RPTOMLMLKIPFFID09DA,0.0,0.0,0.0,無,0370
仁德區,土地,長興段948地號,99.83,都市：其他:住宅區,,,1081023,土地1建物0車位0,,,其他,,,,0.0,0,0,0,有,無,2415805,24199,,0.0,0,原因：共有土地買賣。,RPUOMLMLKIPFFID56DA,0.0,0.0,0.0,無,
歸仁區,土地,中山段69地號,114.73,都市：其他:住宅區,,,1091215,土地1建物0車位0,,,其他,,,,0.0,0,0,0,有,無,4740000,41314,,0.0,0,親友、員工、共有人或其他特殊關係間之交易；,RPVOMLMLKIPFFID66DA,0.0,0.0,0.0,無,0371
仁德區,土地,公園段187地號,2615.28,都市：其他:農業區,,,1090617,土地5建物0車位0,,,其他,,,,0.0,0,0,0,無,無,90630000,34654,,0.0,0,未登記建物；包含公共設施保留地用地；,RPOOMLMLKIPFFID58DA,0.0,0.0,0.0,無,
仁德區,房地(土地+建物),仁德里仁德三街４７巷２號,113.96,都市：其他:住宅區,,,1091210,土地1建物1車位0,全,四層,透天厝,見其他登記事項,鋼筋混凝土造,1040226,279.48,4,1,5,有,無,15000000,53671,,0.0,0,未登記建物；,RPWNMLNLKIPFFID76DA,255.69,0.0,23.79,無,
仁德區,房地(土地+建物),中正路三段２５４號,1623.33,都市：其他:乙種工業區,,,1091031,土地2建物3車位0,全,一層,透天厝,工業用,見其他登記事項,0580800,487.93,0,0,0,無,無,84460000,173099,,0.0,0,其他增建；,RPRNMLLLKIPFFID68DA,487.93,0.0,0.0,無,
關廟區,房地(土地+建物),園中街５０號,118.95,都市：其他:住宅區,,,1091211,土地2建物1車位0,全,三層,透天厝,住家用,見其他登記事項,1090708,205.73,5,2,3,有,無,9300000,45205,,0.0,0,,RPOQMLLLKIPFFID68DA,193.41,0.0,12.32,無,
關廟區,房地(土地+建物),園中街５２巷２２號,96.7,都市：其他:住宅區,,,1091214,土地3建物1車位0,全,三層,透天厝,住家用,見其他登記事項,1090708,167.77,5,2,3,有,無,8000000,47684,,0.0,0,,RPRQMLLLKIPFFID98DA,157.98,0.0,9.78,無,
關廟區,房地(土地+建物),園中街５２巷９號,102.7,都市：其他:住宅區,,,1091214,土地3建物1車位0,全,三層,透天厝,住家用,見其他登記事項,1090708,167.77,5,2,3,有,無,8000000,47684,,0.0,0,,RPQNMLSKKIPFFID56DA,157.98,0.0,9.79,無,
永康區,房地(土地+建物),永康市正強街１２２巷１１號,118.58,都市：其他:住宅區,,,1091118,土地1建物1車位0,全,二層,透天厝,住商用,加強磚造,0710222,149.02,6,3,2,有,無,10960000,73547,,0.0,0,頂樓加蓋；其他增建；,RPXPMLMJKIPFFKD96DA,141.8,0.0,7.22,無,
南化區,土地,北寮段256-18地號,1254.0,,山坡地保育區,農牧用地,1091201,土地1建物0車位0,,,其他,,,,0.0,0,0,0,有,無,2750000,2193,,0.0,0,,RPSNMLNLKIPFFJD09DA,0.0,0.0,0.0,無,
南化區,土地,南化段1224-22地號,83.0,,山坡地保育區,丙種建築用地,1091105,土地1建物0車位0,,,其他,,,,0.0,0,0,0,有,無,1600000,19277,,0.0,0,未登記建物；,RPTNMLNLKIPFFJD56DA,0.0,0.0,0.0,無,
玉井區,房地(土地+建物),中山路３巷２９弄３１號,101.54,都市：其他:住宅區,,,1091207,土地1建物1車位0,全,二層,透天厝,住家用,加強磚造,0700328,106.94,3,2,1,有,無,3230000,30204,,0.0,0,未登記建物；,RPWNMLNLKIPFFJD86DA,106.94,0.0,0.0,無,
永康區,房地(土地+建物)+車位,復國路８７巷２３號九樓之１,28.52,都市：其他:住宅區,,,1091118,土地2建物1車位1,九層,九層,華廈(10層含以下有電梯),住家用,見其他登記事項,1070305,179.51999999999998,3,2,2,有,有,11500000,64060,坡道平面,40.44,0,,RPXOMLOLKIPFFKD27DA,87.26,0.0,6.38,有,0372
永康區,房地(土地+建物),永二街２２９巷７號,66.61,都市：其他:住宅區,,,1091207,土地1建物1車位0,全,三層,透天厝,住商用,鋼筋混凝土造,0700808,162.07,3,2,3,有,無,6200000,38255,,0.0,0,頂樓加蓋；其他增建；,RPXNMLNLKIPFFKD07DA,156.47,0.0,5.6,無,
永康區,土地,西灣段524地號,55.4,都市：其他:道路用地,,,1091205,土地2建物0車位0,,,其他,,,,0.0,0,0,0,有,無,350000,6318,,0.0,0,包含公共設施保留地用地；,RPPNMLOLKIPFFKD98DA,0.0,0.0,0.0,無,
永康區,房地(土地+建物)+車位,大橋五街１３７號三樓之２,18.72,都市：其他:住宅區,,,1091017,土地1建物1車位3,三層,十層,華廈(10層含以下有電梯),住家用,鋼筋混凝土造,0811003,152.31,3,2,2,有,有,5000000,32828,坡道平面,57.09,0,土地成交價361萬  建物成交價:139萬陽台外推；,RPQNMLOLKIPFFKD09DA,57.09,9.64,10.37,有,0373
永康區,土地,蔦松南段293地號,327.69,都市：其他:住宅區,,,1090609,土地3建物0車位0,,,其他,,,,0.0,0,0,0,有,無,10110000,30852,,0.0,0,,RPRNMLOLKIPFFKD56DA,0.0,0.0,0.0,無,
永康區,房地(土地+建物),國華街１０２巷９０號六樓之１,19.71,都市：其他:住宅區,,,1091123,土地2建物1車位0,六層,十二層,住宅大樓(11層含以上有電梯),住家用,鋼筋混凝土造,0831006,112.53999999999999,3,2,2,有,有,4270000,37942,,0.0,0,,RPSNMLOLKIPFFKD66DA,75.18,0.0,10.54,有,
永康區,房地(土地+建物),東橋七路１９５號二樓之８,10.95,都市：其他:住宅區,,,1091201,土地1建物1車位0,二層,十六層,住宅大樓(11層含以上有電梯),住家用,見其他登記事項,1061114,64.84,1,1,1,有,有,4200000,64775,,0.0,0,,RPPPMLMLKIPFFKD98DA,38.48,0.0,4.35,有,0374
永康區,房地(土地+建物),廣興街２６巷３８號,78.26,都市：其他:住宅區,,,1091122,土地1建物1車位0,全,三層,透天厝,住家用,鋼筋混凝土造,0801011,124.66,3,2,2,有,無,7400000,59361,,0.0,0,,RPSOMLMLKIPFFKD56DA,111.46,0.0,13.2,無,
永康區,房地(土地+建物),大灣路９７０巷２７號,87.31,都市：其他:住宅區,,,1091125,土地3建物1車位0,全,二層,透天厝,住家用,見其他登記事項,0621100,100.32,5,2,6,有,無,7250000,72269,,0.0,0,包含公共設施保留地用地；,RPQPMLLLKIPFFKD98DA,100.32,0.0,0.0,無,0375
永康區,土地,蜈蜞潭段2188-2地號,504.0,都市：其他:住宅區,,,1091203,土地2建物0車位0,,,其他,,,,0.0,0,0,0,有,無,29115500,57769,,0.0,0,,RPUOMLSKKIPFFKD27DA,0.0,0.0,0.0,無,
永康區,房地(土地+建物),中正北路５３５號,18.96,都市：其他:住宅區,,,1091123,土地1建物1車位0,一層，二層，三層,十三層,住宅大樓(11層含以上有電梯),住家用,鋼筋混凝土造,0850216,153.96,4,2,3,有,有,4850000,31502,,0.0,0,,RPXNMLLLKIPFFKD86DA,111.66,0.0,21.78,有,
永康區,房地(土地+建物),文化路２４２巷７號五樓之２,19.2,都市：其他:住宅區,,,1091201,土地1建物1車位0,五層,十層,華廈(10層含以下有電梯),住家用,鋼筋混凝土造,0830503,118.81,3,2,2,有,有,5000000,42084,,0.0,0,親友、員工、共有人或其他特殊關係間之交易；,RPUOMLPKKIPFFKD96DA,72.1,0.0,8.11,有,
永康區,房地(土地+建物),正強里中正路２５６巷１１號之２４,14.72,都市：其他:住宅區,,,1091114,土地1建物1車位0,八層,十六層,住宅大樓(11層含以上有電梯),住家用,鋼筋混凝土造,0820824,86.33,3,2,2,有,有,3850000,44596,,0.0,0,,RPSNMLQKKIPFFKD76DA,61.2,1.55,8.48,有,
永康區,房地(土地+建物)+車位,中華路４２５號五樓之１５,1.77,都市：其他:住宅區,,,1091011,土地1建物1車位1,五層,二十二層,住宅大樓(11層含以上有電梯),見其他登記事項,鋼筋混凝土造,0811215,88.43,0,0,0,無,有,3200000,36187,坡道平面,0.0,0,,RPOOMLPKKIPFFKD98DA,53.19,0.0,7.4,有,
永康區,房地(土地+建物),永華路３９２號,119.0,都市：其他:住宅區,,,1091128,土地1建物1車位0,全,四層,透天厝,見其他登記事項,見其他登記事項,1060620,349.71,4,2,7,有,無,35500000,101513,,0.0,0,,RPPOMLPKKIPFFKD09DA,334.47,0.0,15.24,有,
永康區,房地(土地+建物),網寮里文化路３６１號,96.29,都市：其他:住宅區,,,1091110,土地1建物1車位0,全,四層,透天厝,住商用,鋼筋混凝土造,0920616,235.04,5,2,3,有,無,11000000,46801,,0.0,0,,RPTNMLPKKIPFFKD76DA,217.26,0.0,17.78,無,
安南區,土地,國聖段573-1地號,171.84,都市：其他:住宅區,,,1091127,土地2建物0車位0,,,其他,,,,0.0,0,0,0,有,無,3200000,18622,,0.0,0,親友、員工、共有人或其他特殊關係間之交易；,RPPNMLNLKIPFFBD08EA,0.0,0.0,0.0,無,
安南區,土地,和成段79-2地號,5.15,都市：其他:工業區,,,1091216,土地3建物0車位0,,,其他,,,,0.0,0,0,0,有,無,162750,31602,,0.0,0,包含公共設施保留地用地；,RPPOMLNLKIPFFBD18EA,0.0,0.0,0.0,無,0376
安南區,房地(土地+建物),長和路二段１４０巷２０７號,83.93,都市：其他:住宅區,,,1091020,土地1建物1車位0,全,三層,透天厝,住商用,鋼筋混凝土造,0850608,164.76,4,2,4,有,無,5000000,30347,,0.0,0,親友、員工、共有人或其他特殊關係間之交易；未登記建物；,RPWOMLMLKIPFFBD78EA,154.82,0.0,9.94,無,
安平區,土地,妙壽段230-1地號,3.53,都市：其他:住宅區,,,1091215,土地1建物0車位0,,,其他,,,,0.0,0,0,0,有,無,275340,78000,,0.0,0,政府機關標讓售；,RPTOMLNLKIPFFAD48EA,0.0,0.0,0.0,無,
鹽水區,土地,天保厝段285-58地號,1100.0,,河川區,農牧用地,1091217,土地2建物0車位0,,,其他,,,,0.0,0,0,0,有,無,420000,382,,0.0,0,,RPPOMLNLKIPFFDD38EA,0.0,0.0,0.0,無,
新營區,土地,金華段667地號,8318.06,都市：其他:都市計畫道路用地,,,1091112,土地8建物0車位0,,,其他,,,,0.0,0,0,0,有,無,264901778,31847,,0.0,0,公共設施保留地總價8901849元包含公共設施保留地用地；,RPTNMLOLKIPFFDD78EA,0.0,0.0,0.0,無,
新營區,土地,鐵線橋段1125地號,2164.0,,特定農業區,農牧用地,1091209,土地1建物0車位0,,,其他,,,,0.0,0,0,0,有,無,3570000,1650,,0.0,0,,RPQOMLOLKIPFFDD58EA,0.0,0.0,0.0,無,
鹽水區,土地,天保厝段1001地號,176.0,,特定農業區,農牧用地,1091215,土地1建物0車位0,,,其他,,,,0.0,0,0,0,有,無,200000,1136,,0.0,0,,RPPNMLPLKIPFFDD48EA,0.0,0.0,0.0,無,
新營區,房地(土地+建物),民權里１５鄰仁愛街６２巷１號,109.18,都市：其他:住宅區,,,1091008,土地1建物1車位0,全,四層,透天厝,見其他登記事項,鋼筋混凝土造,1050628,308.52,6,2,7,有,無,13260000,42979,,0.0,0,,RPQNMLPLKIPFFDD58EA,286.02,0.0,22.5,無,
新營區,房地(土地+建物),建業路２２７巷１６弄２２號五樓之七,22.53,都市：其他:住宅區,,,1091125,土地1建物1車位0,五層,八層,華廈(10層含以下有電梯),住家用,鋼筋混凝土造,0860825,124.46000000000001,3,1,2,有,有,2600000,20890,,0.0,0,,RPRNMLPLKIPFFDD68EA,85.68,0.0,13.68,有,
安南區,土地,安東段789-1地號,292.59,都市：其他:細部計畫道路用地,,,1091113,土地2建物0車位0,,,其他,,,,0.0,0,0,0,有,無,5000000,17089,,0.0,0,包含公共設施保留地用地；,RPTQMLRJKIPFFBD98EA,0.0,0.0,0.0,無,
南化區,土地,中坑段394地號,3256.0,,山坡地保育區,農牧用地,1091218,土地1建物0車位0,,,其他,,,,0.0,0,0,0,有,無,1170000,359,,0.0,0,,RPUNMLNLKIPFFJD76EA,0.0,0.0,0.0,無,
南化區,土地,中坑段394-6地號,3702.0,,山坡地保育區,農牧用地,1091218,土地1建物0車位0,,,其他,,,,0.0,0,0,0,有,無,1300000,351,,0.0,0,,RPVNMLNLKIPFFJD86EA,0.0,0.0,0.0,無,
西港區,土地,大塭寮段1604地號,1560.0,,特定農業區,農牧用地,1091205,土地1建物0車位0,,,其他,,,,0.0,0,0,0,有,無,3822000,2450,,0.0,0,,RPOPMLOLKIPFFGD78EA,0.0,0.0,0.0,無,0377
官田區,土地,拔子林段15地號,379.0,,一般農業區,農牧用地,1091107,土地2建物0車位0,,,其他,,,,0.0,0,0,0,有,無,360000,950,,0.0,0,,RPWOMLNLKIPFFFD66EA,0.0,0.0,0.0,無,
新市區,土地,福壽段1025地號,273.15,都市：其他:計畫道路用地,,,1091218,土地1建物0車位0,,,其他,,,,0.0,0,0,0,有,無,2900000,10617,,0.0,0,包含公共設施保留地用地；,RPWOMLMLKIPFFHD76EA,0.0,0.0,0.0,無,
善化區,土地,胡厝寮段785地號,23.01,都市：其他:,鄉村區,乙種建築用地,1091126,土地1建物0車位0,,,其他,,,,0.0,0,0,0,有,無,244445,10623,,0.0,0,地清或未辦繼承標售；,RPQNMLNLKIPFFHD78EA,0.0,0.0,0.0,無,0378
官田區,土地,鎮田段592地號,86.13,都市：其他:農業區,,,1091212,土地1建物0車位0,,,其他,,,,0.0,0,0,0,有,無,820000,9520,,0.0,0,,RPRNMLOLKIPFFFD78EA,0.0,0.0,0.0,無,
六甲區,土地,港子頭段879地號,101.0,,特定農業區,農牧用地,1091215,土地1建物0車位0,,,其他,,,,0.0,0,0,0,有,無,80000,792,,0.0,0,,RPTNMLOLKIPFFFD98EA,0.0,0.0,0.0,無,
麻豆區,房地(土地+建物),自由路２７號,110.0,都市：其他:第三種住宅區。,,,1091201,土地1建物1車位0,全,二層,透天厝,住商用,加強磚造,06601,144.57,3,1,2,有,無,4060000,28083,,0.0,0,,RPPNMLNLKIPFFFD48EA,144.57,0.0,0.0,無,
新化區,土地,新豐段310地號,102.04,都市：其他:商業區,,,1091214,土地2建物0車位0,,,其他,,,,0.0,0,0,0,有,無,4000000,39200,,0.0,0,二親等間買賣親友、員工、共有人或其他特殊關係間之交易；,RPQOMLOLKIPFFHD98EA,0.0,0.0,0.0,無,
善化區,房地(土地+建物),胡厝寮１３６之３號,89.28,,鄉村區,乙種建築用地,1091125,土地1建物1車位0,全,三層,透天厝,住家用,鋼筋混凝土造,0830926,173.34,4,2,3,有,無,1134436,6545,,0.0,0,親友、員工、共有人或其他特殊關係間之交易；,RPQNMLSLKIPFFHD66EA,165.74,0.0,7.6,無,
六甲區,土地,水林段437地號,16.84,都市：其他:住宅區,,,1091101,土地1建物0車位0,,,其他,,,,0.0,0,0,0,有,無,560351,33275,,0.0,0,畸零地或有合併使用效益；,RPPNMLOLKIPFFFD58EA,0.0,0.0,0.0,無,0379
下營區,土地,十六甲段103-16地號,184.0,,鄉村區,乙種建築用地,1091217,土地1建物0車位0,,,其他,,,,0.0,0,0,0,有,無,970000,5272,,0.0,0,,RPQNMLOLKIPFFFD68EA,0.0,0.0,0.0,無,
西港區,土地,營段1043地號,106.9,,鄉村區,乙種建築用地,1091119,土地6建物0車位0,,,其他,,,,0.0,0,0,0,有,無,960000,8980,,0.0,0,親友、員工、共有人或其他特殊關係間之交易；,RPQNMLPLKIPFFGD88EA,0.0,0.0,0.0,無,
永康區,房地(土地+建物),五王里南工街３１１巷４３弄１號,73.19,都市：其他:住宅區,,,1091127,土地1建物1車位0,全,三層,透天厝,住家用,鋼筋混凝土造,0740417,132.63,7,0,7,有,無,5000000,37699,,0.0,0,,RPWNMLOLKIPFFKD17EA,125.25,0.0,7.38,無,0380
永康區,房地(土地+建物)+車位,五王里成功路６４號四樓之３,17.71,都市：其他:住宅區,,,1091218,土地1建物1車位1,四層,七層,華廈(10層含以下有電梯),住家用,鋼筋混凝土造,0801218,98.9,3,1,1,有,無,3000000,30334,坡道平面,0.0,0,,RPVNMLPLKIPFFKD17EA,63.05,0.0,5.43,有,
歸仁區,房地(土地+建物),文化十二街６６巷１６號,118.66,都市：其他:住宅區,,,1091207,土地1建物1車位0,全,二層,透天厝,住家用,加強磚造,0760123,145.16,5,2,3,有,無,2800000,19289,,0.0,0,親友、員工、共有人或其他特殊關係間之交易；,RPUNMLNJKIPFFID09EA,140.58,0.0,4.58,無,
南區,房地(土地+建物),大同路二段４３０巷２９之３號,32.01,都市：其他:細部計畫道路用地,,,1090914,土地5建物1車位0,四層,四層,公寓(5樓含以下無電梯),住家用,鋼筋混凝土造,0670412,46.18,3,2,2,有,無,6030000,130576,,0.0,0,預售屋、或土地及建物分次登記案件；,RPTNMLKLIIPFFCD08EA,46.18,0.0,0.0,無,
新營區,土地,新榮段50地號,92.49,都市：其他:住宅區,,,1091217,土地1建物0車位0,,,其他,,,,0.0,0,0,0,有,無,1757310,19000,,0.0,0,親友、員工、共有人或其他特殊關係間之交易；,RPSNMLPLKIPFFDD78EA,0.0,0.0,0.0,無,
新營區,土地,建國段448地號,1.81,,鄉村區,乙種建築用地,1091213,土地1建物0車位0,,,其他,,,,0.0,0,0,0,有,無,30000,16575,,0.0,0,,RPVNMLQKKIPFFDD09EA,0.0,0.0,0.0,無,
柳營區,土地,八老爺段八老爺小段453地號,2528.0,,特定農業區,農牧用地,1091128,土地2建物0車位0,,,其他,,,,0.0,0,0,0,有,無,2350000,930,,0.0,0,雙方同意由買方出資填土地再申請當期現值申報申請農地不課徵土地增值稅。買方為承租人,RPUNMLPLKIPFFDD98EA,0.0,0.0,0.0,無,
柳營區,土地,小腿段1206地號,3671.0,,特定農業區,農牧用地,1091125,土地1建物0車位0,,,其他,,,,0.0,0,0,0,有,無,9050000,2465,,0.0,0,,RPUNMLOLKIPFFDD88EA,0.0,0.0,0.0,無,
鹽水區,土地,舊營段後寮小段1121地號,1039.0,,特定農業區,農牧用地,1091214,土地1建物0車位0,,,其他,,,,0.0,0,0,0,有,無,727300,700,,0.0,0,親友、員工、共有人或其他特殊關係間之交易；,RPXNMLOLKIPFFDD56EA,0.0,0.0,0.0,無,
北區,建物,西門路四段１６巷３１弄１９０號,0.0,,,,1091112,土地0建物1車位0,全,四層,透天厝,見其他登記事項,見其他登記事項,0951031,188.3,6,1,4,有,無,9800000,52045,,0.0,0,土地系向私立台南仁愛之家租賃使用頂樓加蓋；,RPVNMLOLKIPFFAD68EA,161.95,0.0,26.35,無,
安南區,房地(土地+建物),海佃路一段２８４巷５０號,93.79,都市：其他:住宅區,,,1091124,土地1建物1車位0,全,二層,透天厝,住家用,加強磚造,0690621,99.2,3,2,2,有,無,7200000,72581,,0.0,0,,RPXNMLOLKIPFFBD98EA,99.2,0.0,0.0,無,
永康區,房地(土地+建物),中山南路４７１巷３２號,83.47,都市：其他:住宅區,,,1091210,土地1建物1車位0,全,二層,透天厝,住家用,鋼筋混凝土造,0761119,123.6,4,2,2,有,無,4600000,37217,,0.0,0,,RPVOMLLKKIPFFKD66DA,93.02,24.24,6.34,無,
永康區,房地(土地+建物)+車位,鹽行里中正六街１７５號八樓之３,15.27,都市：其他:住宅區,,,1091126,土地1建物1車位1,八層，夾層,八層,華廈(10層含以下有電梯),住家用,鋼筋混凝土造,0831224,103.17,3,1,2,有,有,4000000,38771,坡道平面,0.0,0,,RPVQMLLKKIPFFKD86DA,56.14,0.0,4.9,有,
永康區,土地,二王段1620地號,46.75,都市：其他:道路用地,,,1091208,土地1建物0車位0,,,其他,,,,0.0,0,0,0,有,無,722740,15460,,0.0,0,包含公共設施保留地用地；,RPPNMLQKKIPFFKD09DA,0.0,0.0,0.0,無,
永康區,土地,六甲頂段696地號,2006.0,都市：其他:住宅區,,,1091216,土地5建物0車位0,,,其他,,,,0.0,0,0,0,有,無,195587756,97501,,0.0,0,未登記建物；,RPWOMLPKKIPFFKD17DA,0.0,0.0,0.0,無,
永康區,房地(土地+建物)+車位,鹽行里中正路８７２巷７號五樓,22.3,都市：其他:住宅區,,,1091119,土地1建物1車位1,五層,八層,華廈(10層含以下有電梯),住家用,鋼筋混凝土造,0820526,144.62,3,2,2,有,有,5800000,40105,坡道平面,0.0,0,,RPXOMLPKKIPFFKD27DA,79.19,0.0,9.47,有,
永康區,房地(土地+建物)+車位,中山南路２６２巷２號十二樓之５,18.33,都市：其他:住宅區,,,1091124,土地5建物1車位1,十二層,十五層,住宅大樓(11層含以上有電梯),住家用,鋼筋混凝土造,0841204,127.72,3,1,2,有,有,4900000,38365,坡道機械,0.0,0,,RPRNMLTKKIPFFKD96DA,71.46,0.0,8.87,有,
永康區,建物,五王里五福街８９號,0.0,,,,1091216,土地0建物2車位0,全,三層,透天厝,見其他登記事項,鋼筋混凝土造,0931222,5628.24,45,1,48,有,無,1050000,187,,0.0,0,親友、員工、共有人或其他特殊關係間之交易；其他增建；,RPROMLSKKIPFFKD96DA,5382.34,0.0,245.9,無,
永康區,土地,烏竹段1843地號,96.29,都市：其他:住宅區,,,1091215,土地1建物0車位0,,,其他,,,,0.0,0,0,0,有,無,5250000,54523,,0.0,0,親友、員工、共有人或其他特殊關係間之交易；,RPPNMLSKKIPFFKD66DA,0.0,0.0,0.0,無,
永康區,房地(土地+建物),復國二路２３５號,23.36,都市：其他:住宅區,,,1091004,土地1建物1車位0,一層，二層,十一層,住宅大樓(11層含以上有電梯),住家用,鋼筋混凝土造,0840520,117.4,2,2,3,有,有,4350000,37053,,0.0,0,,RPPPMLLLKIPFFKD88DA,86.61,0.0,8.4,有,
永康區,建物,中山東路２１８巷２８弄７號,0.0,,,,1091113,土地0建物1車位0,全,三層,透天厝,見其他登記事項,鋼筋混凝土造,0710226,179.12,9,1,9,有,無,5880000,32827,,0.0,0,頂樓加蓋；其他增建；,RPRNMLMLKIPFFKD98DA,171.83,0.0,7.29,無,
永康區,房地(土地+建物),鹽洲里鹽洲二街１１１巷１號五樓之２,29.35,都市：其他:住宅區,,,1090911,土地1建物1車位0,五層,六層,公寓(5樓含以下無電梯),住家用,鋼筋混凝土造,0840124,128.97,3,2,2,有,無,4500000,34892,,0.0,0,,RPXOMLMLKIPFFKD07DA,77.24,0.0,9.79,無,
永康區,房地(土地+建物),三合里南工街２６７巷５０號,9.87,都市：其他:住宅區,,,1091129,土地3建物1車位0,一層，地下一層,十一層,住宅大樓(11層含以上有電梯),住家用,鋼筋混凝土造,0860926,90.4,4,2,2,有,有,4250000,47013,,0.0,0,夾層；,RPXNMLOLKIPFFKD17DA,51.24,11.89,2.55,有,0381
永康區,房地(土地+建物),中正六街７號,112.29,都市：其他:住宅區,,,1091112,土地2建物1車位0,全,四層,透天厝,見其他登記事項,見其他登記事項,1000607,240.62,16,1,16,有,無,18000000,74807,,0.0,0,頂樓加蓋；,RPPOMLNLKIPFFKD98DA,224.46,0.0,16.16,無,0382
永康區,房地(土地+建物),復華里復華八街４７巷１６號,83.32,都市：其他:住宅區,,,1091123,土地1建物1車位0,全,四層,透天厝,住家用,鋼筋混凝土造,0820727,193.94,4,2,2,有,無,8000000,41250,,0.0,0,,RPOPMLOLKIPFFKD09DA,162.05,19.07,12.82,無,0383
永康區,房地(土地+建物),仁愛街８９號,107.23,都市：其他:住宅區,,,1091108,土地1建物1車位0,全,四層,透天厝,住商用,鋼筋混凝土造,0821028,284.11,7,2,6,有,無,12000000,42237,,0.0,0,陽台外推；其他增建；,RPXNMLPLKIPFFKD27DA,261.68,9.88,12.55,無,
永康區,土地,大灣段5469-1地號,1000.0,都市：其他:農業區,,,1091108,土地1建物0車位0,,,其他,,,,0.0,0,0,0,有,無,17545000,17545,,0.0,0,,RPRQMLOLKIPFFKD86DA,0.0,0.0,0.0,無,
永康區,土地,竹行段1670地號,3450.82,都市：其他:農業區,,,1090812,土地2建物0車位0,,,其他,,,,0.0,0,0,0,有,無,64000000,18546,,0.0,0,,RPUNMLNLKIPFFKD76DA,0.0,0.0,0.0,無,
永康區,房地(土地+建物)+車位,大橋五街７６號,21.49,都市：其他:住宅區,,,1091120,土地1建物1車位1,一層,六層,華廈(10層含以下有電梯),住家用,鋼筋混凝土造,0810622,111.1,3,2,3,有,有,4250000,38254,升降平面,0.0,0,其他增建；,RPROMLOLKIPFFKD66DA,66.04,7.03,0.0,有,
永康區,土地,三民段2024地號,321.83,都市：其他:道路用地,,,1091120,土地25建物0車位0,,,其他,,,,0.0,0,0,0,有,無,10200000,31694,,0.0,0,地上未保存登記建物不計價土地登記完畢後由賣方拆除未登記建物；包含公共設施保留地用地；,RPTOMLOLKIPFFKD86DA,0.0,0.0,0.0,無,0384
永康區,房地(土地+建物),復國二路２１０巷９號,83.48,都市：其他:住宅區,,,1091113,土地1建物1車位0,全,二層,透天厝,住家用,加強磚造,0690700,88.02,3,1,2,有,無,2569568,29193,,0.0,0,親友、員工、共有人或其他特殊關係間之交易；,RPUOMLOLKIPFFKD96DA,88.02,0.0,0.0,無,
永康區,土地,正北段512地號,1340.17,都市：其他:工業區,,,1091117,土地1建物0車位0,,,其他,,,,0.0,0,0,0,有,無,45400000,33876,,0.0,0,,RPQPMLOLKIPFFKD66DA,0.0,0.0,0.0,無,
永康區,土地,三民段962地號,62.12,都市：其他:農業區,,,1091127,土地1建物0車位0,,,其他,,,,0.0,0,0,0,有,無,124240,2000,,0.0,0,包含公共設施保留地用地；協議價購；,RPQQMLSJKIPFFKD96DA,0.0,0.0,0.0,無,0385
永康區,房地(土地+建物),中華二路３４０巷１２號十二樓之５,19.22,都市：其他:住宅區,,,1091205,土地1建物1車位0,十二層,十六層,住宅大樓(11層含以上有電梯),住家用,鋼筋混凝土造,0811016,117.1,2,1,2,有,有,5500000,46968,,0.0,0,,RPXOMLKKKIPFFKD76DA,82.18,1.0,12.03,有,
仁德區,房地(土地+建物),北保路１８０巷４號,80.01,都市：其他:住宅區,,,1091121,土地4建物1車位0,全,二層,透天厝,住商用,加強磚造,0690821,104.96,4,2,2,有,無,5000000,47637,,0.0,0,,RPQNMLTKKIPFFID66DA,104.96,0.0,0.0,無,0386
仁德區,土地,崁腳南段650地號,342.98,都市：其他:農業區,,,1091113,土地4建物0車位0,,,其他,,,,0.0,0,0,0,有,無,10500000,30614,,0.0,0,,RPUPMLOKKIPFFID76DA,0.0,0.0,0.0,無,0387
仁德區,房地(土地+建物),保學二街７０號,93.21,都市：其他:住宅區,,,1091107,土地1建物1車位0,全,三層,透天厝,住家用,鋼筋混凝土造,0950929,165.29,6,0,6,有,無,7320000,44286,,0.0,0,,RPWNMLLLKIPFFID56DA,162.37,2.92,0.0,無,
歸仁區,房地(土地+建物)+車位,信義北路９６巷２６號五樓,21.37,都市：其他:住宅區,,,1091120,土地1建物1車位1,五層,七層,華廈(10層含以下有電梯),住家用,鋼筋混凝土造,0841009,121.96000000000001,3,2,2,有,有,4020000,32959,坡道平面,0.0,0,,RPXNMLNLKIPFFID86DA,72.81,3.23,7.51,有,
仁德區,土地,勝利段43地號,3981.05,,特定農業區,農牧用地,1091208,土地1建物0車位0,,,其他,,,,0.0,0,0,0,有,無,14365800,3609,,0.0,0,土地增值稅1786664元由買方繳納印花稅14331元由買方繳納含土地增值稅或其他稅費1800995元；,RPWOMLNLKIPFFID86DA,0.0,0.0,0.0,無,
關廟區,土地,忠孝段26-3地號,401.0,都市：其他:住宅區,,,1091116,土地2建物0車位0,,,其他,,,,0.0,0,0,0,有,無,4600000,11471,,0.0,0,,RPWOMLMLKIPFFID76DA,0.0,0.0,0.0,無,
仁德區,房地(土地+建物),成功一街１巷２２弄１號,136.04,都市：其他:計畫道路用地,,,1091204,土地2建物1車位0,全,二層,透天厝,住家用,鋼筋混凝土造,0810312,106.12,5,2,4,有,無,7000000,65963,,0.0,0,,RPPNMLOLKIPFFID78DA,97.58,4.49,4.05,無,
仁德區,房地(土地+建物),德善路２１２巷２弄１０號,79.51,都市：其他:住宅區,,,1091122,土地1建物1車位0,全,二層,透天厝,住家用,加強磚造,0700711,97.62,6,2,2,有,無,3500000,35853,,0.0,0,頂樓加蓋；,RPQNMLOLKIPFFID88DA,94.78,0.0,2.84,無,
關廟區,土地,香洋段304地號,195.0,都市：其他:住宅區,,,1091005,土地2建物0車位0,,,其他,,,,0.0,0,0,0,有,無,3600000,18462,,0.0,0,未登記建物；,RPSOMLOLKIPFFID56DA,0.0,0.0,0.0,無,
仁德區,土地,二仁段1134地號,8.79,都市：其他:,一般農業區,農牧用地,1091130,土地1建物0車位0,,,其他,,,,0.0,0,0,0,有,無,46508,5291,,0.0,0,包含公共設施保留地用地；協議價購；,RPPOMLMKKIPFFID58DA,0.0,0.0,0.0,無,0261
仁德區,土地,二仁段1134地號,8.79,,一般農業區,農牧用地,1091130,土地1建物0車位0,,,其他,,,,0.0,0,0,0,有,無,46580,5299,,0.0,0,包含公共設施保留地用地；協議價購；,RPQOMLMKKIPFFID68DA,0.0,0.0,0.0,無,0261
仁德區,土地,二仁段1134地號,35.16,,一般農業區,農牧用地,1091130,土地1建物0車位0,,,其他,,,,0.0,0,0,0,有,無,186322,5299,,0.0,0,包含公共設施保留地用地；協議價購；,RPROMLMKKIPFFID78DA,0.0,0.0,0.0,無,0261
仁德區,土地,二仁段1134地號,35.16,都市：其他:河川區,,,1091130,土地1建物0車位0,,,其他,,,,0.0,0,0,0,有,無,186322,5299,,0.0,0,包含公共設施保留地用地；協議價購；,RPSOMLMKKIPFFID88DA,0.0,0.0,0.0,無,0261
仁德區,土地,十三甲段724-4地號,57.94,都市：其他:,一般農業區,農牧用地,1091130,土地5建物0車位0,,,其他,,,,0.0,0,0,0,有,無,303145,5232,,0.0,0,包含公共設施保留地用地；協議價購；,RPWNMLMKKIPFFID56DA,0.0,0.0,0.0,無,0241
仁德區,土地,二仁段1133-1地號,57.94,,一般農業區,農牧用地,1091130,土地5建物0車位0,,,其他,,,,0.0,0,0,0,有,無,303145,5232,,0.0,0,包含公共設施保留地用地；協議價購；,RPTNMLMKKIPFFID88DA,0.0,0.0,0.0,無,0241
仁德區,土地,二仁段1133-1地號,115.87,都市：其他:,一般農業區,農牧用地,1091130,土地5建物0車位0,,,其他,,,,0.0,0,0,0,有,無,606291,5233,,0.0,0,包含公共設施保留地用地；協議價購；,RPUNMLMKKIPFFID98DA,0.0,0.0,0.0,無,0241
仁德區,土地,二仁段1134地號,11.72,,一般農業區,農牧用地,1091130,土地1建物0車位0,,,其他,,,,0.0,0,0,0,有,無,62107,5299,,0.0,0,包含公共設施保留地用地；協議價購；,RPXQMLMKKIPFFID96DA,0.0,0.0,0.0,無,0261
仁德區,土地,二仁段1134地號,11.72,,一般農業區,農牧用地,1091130,土地1建物0車位0,,,其他,,,,0.0,0,0,0,有,無,62107,5299,,0.0,0,包含公共設施保留地用地；協議價購；,RPTQMLMKKIPFFID56DA,0.0,0.0,0.0,無,0261
仁德區,土地,二仁段1134地號,23.44,,一般農業區,農牧用地,1091130,土地1建物0車位0,,,其他,,,,0.0,0,0,0,有,無,124214,5299,,0.0,0,包含公共設施保留地用地；協議價購；,RPUQMLMKKIPFFID66DA,0.0,0.0,0.0,無,0261
歸仁區,房地(土地+建物),大廟里大廟六街９３巷１３號,432.0,,鄉村區,乙種建築用地,1091102,土地1建物1車位0,全,一層,透天厝,住家用,磚造,0500000,113.44,3,2,1,有,無,12950000,114157,,0.0,0,,RPTOMLTKJIPFFID96DA,113.44,0.0,0.0,無,
新市區,房地(土地+建物)+車位,富林路１０２號四樓之２,24.45,都市：其他:住宅區,,,1091205,土地1建物1車位1,四層,十三層,住宅大樓(11層含以上有電梯),見其他登記事項,鋼筋混凝土造,1070830,144.88,3,2,2,有,有,8500000,58669,坡道平面,35.21,0,,RPSOMLRKKIPFFHD66DA,66.56,0.0,6.15,有,0398
新市區,土地,三民段186地號,269.39,都市：其他:住宅區,,,1091130,土地1建物0車位0,,,其他,,,,0.0,0,0,0,有,無,7741550,28737,,0.0,0,,RPPPMLSKKIPFFHD56DA,0.0,0.0,0.0,無,
善化區,房地(土地+建物),蓮潭南一巷１５弄２３號,70.31,都市：其他:生活服務區(第三種住宅區),,,1091117,土地7建物1車位0,全,四層,透天厝,住家用,鋼筋混凝土造,0990722,112.08,4,2,3,有,無,2627510,23443,,0.0,0,二親等間買賣，以土地公告現值及房屋評定現值合計為買賣價金。親友、員工、共有人或其他特殊關係間之交易；,RPPNMLTKKIPFFHD09DA,95.5,13.6,1.76,無,
善化區,房地(土地+建物),西拉雅大道２７６號,176.77,都市：其他:生活服務區(產業服務專用),,,1091203,土地5建物1車位0,全,四層,透天厝,見其他登記事項,鋼筋混凝土造,1060505,305.58,4,2,8,有,無,24500000,80175,,0.0,0,預售屋、或土地及建物分次登記案件；,RPVNMLKLKIPFFHD88DA,290.43,0.0,15.15,有,
善化區,房地(土地+建物),大信路５７號三樓之６,23.34,都市：其他:住宅區,,,1071010,土地1建物1車位0,三層,七層,華廈(10層含以下有電梯),見其他登記事項,鋼筋混凝土造,1090923,81.68,2,1,1,有,有,3980000,48727,,0.0,0,預售屋、或土地及建物分次登記案件；,RPVOMLNLKIPFFHD66DA,51.91,4.0,4.45,有,
善化區,房地(土地+建物),大信路５７號三樓之７,21.1,都市：其他:住宅區,,,1070910,土地1建物1車位0,三層,七層,華廈(10層含以下有電梯),見其他登記事項,鋼筋混凝土造,1090923,76.06,2,1,1,有,有,3780000,49698,,0.0,0,預售屋、或土地及建物分次登記案件；,RPWOMLNLKIPFFHD76DA,47.16,3.04,6.13,有,
善化區,房地(土地+建物),大信路５７號六樓之６,23.34,都市：其他:住宅區,,,1071014,土地1建物1車位0,六層,七層,華廈(10層含以下有電梯),見其他登記事項,鋼筋混凝土造,1090923,81.68,2,1,1,有,有,4250000,52032,,0.0,0,預售屋、或土地及建物分次登記案件；,RPXOMLNLKIPFFHD86DA,51.91,4.0,4.45,有,
善化區,房地(土地+建物)+車位,大信路５７號七樓之２,34.43,都市：其他:住宅區,,,1071104,土地1建物1車位1,七層,七層,華廈(10層含以下有電梯),見其他登記事項,鋼筋混凝土造,1090923,130.66,3,1,2,有,有,7450000,55378,一樓平面,15.09,1050000,預售屋、或土地及建物分次登記案件；,RPOPMLNLKIPFFHD68DA,70.04,2.65,12.66,有,
善化區,房地(土地+建物)+車位,大信路５７號六樓之１,35.2,都市：其他:住宅區,,,1080531,土地1建物1車位1,六層,七層,華廈(10層含以下有電梯),見其他登記事項,鋼筋混凝土造,1090923,131.83,3,1,2,有,有,7350000,53966,一樓平面,15.09,1050000,預售屋、或土地及建物分次登記案件；,RPQPMLNLKIPFFHD88DA,68.44,3.65,14.25,有,
山上區,土地,大新段920-3地號,1192.79,,一般農業區,農牧用地,1091206,土地1建物0車位0,,,其他,,,,0.0,0,0,0,有,無,1300000,1090,,0.0,0,親友、員工、共有人或其他特殊關係間之交易；,RPQNMLMLKIPFFHD58DA,0.0,0.0,0.0,無,
善化區,房地(土地+建物),陽光二路１５１巷１７號,90.4,都市：其他:生活服務區(第三-一種住宅區),,,1091119,土地3建物1車位0,全,四層,透天厝,住家用,鋼筋混凝土造,1010521,196.02,4,2,4,有,無,13500000,68871,,0.0,0,,RPPOMLLLKIPFFHD48DA,175.66,8.87,11.49,無,
新市區,房地(土地+建物),西拉雅大道２７８號,178.36,都市：其他:生活服務區(產業服務專用),,,1091117,土地5建物1車位0,全,四層,透天厝,見其他登記事項,鋼筋混凝土造,1060505,305.58,5,2,7,有,無,22800000,74612,,0.0,0,,RPRNMLKLKIPFFHD48DA,290.43,0.0,15.15,無,
善化區,房地(土地+建物),光復路２３２號,38.4,都市：其他:住宅區,,,1091123,土地1建物1車位0,全,四層,透天厝,住商用,鋼筋混凝土造,1010203,197.41,4,2,3,有,無,2183929,11063,,0.0,0,親友、員工、共有人或其他特殊關係間之交易；,RPSPMLMLKIPFFHD98DA,182.48,0.0,14.93,無,
新化區,房地(土地+建物),信義路６號,4687.0,,特定農業區,農牧用地,1091028,土地1建物1車位0,全,一層,透天厝,農舍,加強磚造,0821222,247.66,2,2,2,有,無,29000000,117096,,0.0,0,,RPPOMLNLKIPFFHD68DA,247.66,0.0,0.0,無,
新市區,房地(土地+建物),富強路３１巷８號,73.11,都市：其他:住宅區,,,1091123,土地1建物1車位0,全,二層,透天厝,住家用,加強磚造,0710322,93.38,5,2,4,有,無,7800000,83530,,0.0,0,頂樓加蓋；,RPSPMLNLKIPFFHD09DA,93.38,0.0,0.0,無,0399
善化區,房地(土地+建物),陽光三路３１６巷１８號,83.43,都市：其他:生活服務區(第二種住宅區),,,1091101,土地2建物1車位0,全,四層,透天厝,住家用,鋼筋混凝土造,1010109,196.83,7,0,7,有,無,11800000,59950,,0.0,0,,RPPQMLNLKIPFFHD88DA,168.27,0.0,28.56,無,
新市區,土地,新北段85地號,604.52,都市：其他:住宅區,,,1091114,土地2建物0車位0,,,其他,,,,0.0,0,0,0,有,無,64003555,105875,,0.0,0,,RPQQMLNLKIPFFHD98DA,0.0,0.0,0.0,無,
新市區,房地(土地+建物),富林路３５９號五樓之１,23.15,都市：其他:住宅區,,,1091114,土地1建物1車位0,五層,七層,華廈(10層含以下有電梯),住家用,鋼筋混凝土造,0831021,121.77,3,2,2,有,有,4150000,34081,,0.0,0,,RPQNMLOLKIPFFHD78DA,83.46,0.0,10.98,有,
善化區,土地,六分寮段2506地號,2178.0,,特定農業區,農牧用地,1091120,土地1建物0車位0,,,其他,,,,0.0,0,0,0,有,無,10800000,4959,,0.0,0,,RPOOMLOLKIPFFHD68DA,0.0,0.0,0.0,無,
善化區,房地(土地+建物)+車位,興農路３７９號二樓之２,29.43,都市：其他:住宅區,,,1091002,土地2建物1車位1,二層,七層,華廈(10層含以下有電梯),見其他登記事項,鋼筋混凝土造,1070628,105.75,2,2,2,有,有,6400000,60520,坡道平面,23.46,0,,RPPOMLOLKIPFFHD78DA,57.34,0.0,4.83,有,0400
新化區,土地,新水段487-1地號,87.47,都市：其他:住宅區,,,1091203,土地2建物0車位0,,,其他,,,,0.0,0,0,0,有,無,3600000,41157,,0.0,0,,RPTOMLOLKIPFFHD56DA,0.0,0.0,0.0,無,0401
安定區,土地,港尾段955地號,463.03,,鄉村區,乙種建築用地,1061214,土地1建物0車位0,,,其他,,,,0.0,0,0,0,有,無,8385600,18110,,0.0,0,,RPUOMLOLKIPFFHD66DA,0.0,0.0,0.0,無,
安定區,土地,蘇厝段1763-1地號,843.0,都市：其他:計畫道路用地,,,1091128,土地1建物0車位0,,,其他,,,,0.0,0,0,0,有,無,15250000,18090,,0.0,0,,RPWNMLOLKIPFFHD76DA,0.0,0.0,0.0,無,
安定區,土地,中榮段211-1地號,46.28,,鄉村區,乙種建築用地,1091103,土地1建物0車位0,,,其他,,,,0.0,0,0,0,有,無,2300000,49697,,0.0,0,,RPRNMLPLKIPFFHD98DA,0.0,0.0,0.0,無,
佳里區,土地,民安段239地號,2021.0,,特定農業區,農牧用地,1091117,土地1建物0車位0,,,其他,,,,0.0,0,0,0,有,無,3328000,1647,,0.0,0,親友、員工、共有人或其他特殊關係間之交易；,RPWNMLRLJIPFFGD86DA,0.0,0.0,0.0,無,
西港區,土地,中東段14地號,7.59,,鄉村區,乙種建築用地,1091212,土地1建物0車位0,,,其他,,,,0.0,0,0,0,有,無,29900,3939,,0.0,0,,RPSNMLPKKIPFFGD88DA,0.0,0.0,0.0,無,0402
佳里區,土地,六安段605-4地號,197.19,都市：其他:住宅區,,,1091020,土地3建物0車位0,,,其他,,,,0.0,0,0,0,有,無,8200000,41584,,0.0,0,,RPWNMLMLKIPFFGD09DA,0.0,0.0,0.0,無,
北門區,土地,舊埕段220地號,499.38,,鄉村區,乙種建築用地,1091029,土地1建物0車位0,,,其他,,,,0.0,0,0,0,有,無,4620888,9253,,0.0,0,地清或未辦繼承標售；,RPTOMLOLKIPFFGD09DA,0.0,0.0,0.0,無,
北門區,土地,永隆段135地號,105.02,,鄉村區,乙種建築用地,1091029,土地1建物0車位0,,,其他,,,,0.0,0,0,0,有,無,410888,3912,,0.0,0,親友、員工、共有人或其他特殊關係間之交易；地清或未辦繼承標售；,RPUOMLOLKIPFFGD56DA,0.0,0.0,0.0,無,
北門區,土地,溪底寮段二重港小段228-12地號,1047.12,,一般農業區,農牧用地,1091123,土地2建物0車位0,,,其他,,,,0.0,0,0,0,有,無,680000,649,,0.0,0,親友、員工、共有人或其他特殊關係間之交易；急買急賣；,RPWNMLOLKIPFFGD66DA,0.0,0.0,0.0,無,
佳里區,土地,龍安段407地號,3684.0,,特定農業區,農牧用地,1091120,土地1建物0車位0,,,其他,,,,0.0,0,0,0,有,無,5340000,1450,,0.0,0,,RPXNMLOLKIPFFGD76DA,0.0,0.0,0.0,無,0403
佳里區,土地,通興段397地號,1449.0,,特定農業區,農牧用地,1091122,土地1建物0車位0,,,其他,,,,0.0,0,0,0,有,無,2608200,1800,,0.0,0,,RPOOMLOLKIPFFGD58DA,0.0,0.0,0.0,無,0404
西港區,房地(土地+建物),慶安路１７１巷９６弄１１號,113.23,都市：其他:住宅區,,,1091113,土地4建物1車位0,全,三層,透天厝,見其他登記事項,鋼筋混凝土造,1090416,148.53,5,2,3,有,無,8380000,56420,,0.0,0,,RPQOMLNLKIPFFGD68DA,142.4,0.0,6.12,無,
將軍區,土地,忠興段426地號,4241.0,,特定農業區,農牧用地,1091204,土地1建物0車位0,,,其他,,,,0.0,0,0,0,有,無,5089200,1200,,0.0,0,,RPROMLNLKIPFFGD78DA,0.0,0.0,0.0,無,
佳里區,土地,九龍段737地號,1673.78,都市：其他:住宅區,,,1090925,土地3建物0車位0,,,其他,,,,0.0,0,0,0,有,無,58220000,34784,,0.0,0,,RPXNMLNLKIPFFGD66DA,0.0,0.0,0.0,無,
佳里區,土地,興化段1070地號,99.0,,特定農業區,農牧用地,1091030,土地1建物0車位0,,,其他,,,,0.0,0,0,0,有,無,108900,1100,,0.0,0,農地重劃區抵費地、零星集中地標售政府機關標讓售；,RPSNMLPLKIPFFGD98DA,0.0,0.0,0.0,無,
北門區,土地,永隆段94地號,64.25,,鄉村區,乙種建築用地,1091029,土地1建物0車位0,,,其他,,,,0.0,0,0,0,有,無,226888,3531,,0.0,0,地清或未辦繼承標售；,RPWOMLOLKIPFFGD76DA,0.0,0.0,0.0,無,
麻豆區,房地(土地+建物),南勢２４之６０號,111.77,都市：其他:農業區,,,1081029,土地4建物1車位0,全,四層,透天厝,見其他登記事項,見其他登記事項,1090507,254.33,4,2,5,有,有,11420000,44902,,0.0,0,預售屋、或土地及建物分次登記案件；,RPSNMLOLKIPFFFD78DA,227.4,26.93,0.0,無,
麻豆區,房地(土地+建物),大山７１之２５號,102.38,都市：其他:第三種住宅區。,,,1080816,土地3建物1車位0,全,三層,透天厝,住家用,見其他登記事項,1090728,161.78,4,2,4,有,無,6800000,42032,,0.0,0,預售屋、或土地及建物分次登記案件；,RPTPMLNLKIPFFFD98DA,148.0,0.0,13.78,無,
麻豆區,房地(土地+建物),大山７１之２０號,102.38,都市：其他:第三種住宅區。,,,1091019,土地3建物1車位0,全,三層,透天厝,住家用,見其他登記事項,1090728,161.78,4,2,4,有,無,6760000,41785,,0.0,0,,RPUPMLNLKIPFFFD09DA,148.0,0.0,13.78,無,
麻豆區,房地(土地+建物),大山７１之１２號,105.88,都市：其他:第三種住宅區。,,,1090928,土地3建物1車位0,全,三層,透天厝,住家用,見其他登記事項,1090728,161.78,4,2,4,有,無,6770000,41847,,0.0,0,,RPVPMLNLKIPFFFD56DA,148.0,0.0,13.78,無,
麻豆區,土地,海埤段1197地號,6230.25,都市：其他:農業區,,,1091016,土地4建物0車位0,,,其他,,,,0.0,0,0,0,有,無,37690000,6050,,0.0,0,交易價格包含其他買賣登記案件標的之價格,RPUNMLRKKIPFFFD56DA,0.0,0.0,0.0,無,
六甲區,土地,菁埔段1536地號,639.83,,特定農業區,農牧用地,1091210,土地1建物0車位0,,,其他,,,,0.0,0,0,0,有,無,467078,730,,0.0,0,農作物；,RPRNMLLLKIPFFFD38DA,0.0,0.0,0.0,無,
大內區,土地,石仔瀨段858地號,201.67,都市：其他:住宅區,,,1091016,土地1建物0車位0,,,其他,,,,0.0,0,0,0,有,無,3050000,15124,,0.0,0,,RPPOMLSKJIPFFFD78DA,0.0,0.0,0.0,無,
麻豆區,房地(土地+建物),大埕１７之１１號,99.4,都市：其他:第三種住宅區。,,,1090906,土地1建物1車位0,全,三層,透天厝,住家用,見其他登記事項,1090926,219.41,5,2,5,有,無,13220000,60252,,0.0,0,,RPQNMLRJKIPFFFD68DA,197.77,0.0,21.64,無,
麻豆區,房地(土地+建物),大埕１７之１２號,117.65,都市：其他:第三種住宅區。,,,1090425,土地1建物1車位0,全,三層,透天厝,住家用,見其他登記事項,1090926,240.16,5,2,5,有,無,14600000,60793,,0.0,0,,RPRNMLRJKIPFFFD78DA,219.27,0.0,20.89,無,
麻豆區,房地(土地+建物),大埕１７之１０號,82.36,都市：其他:第三種住宅區。,,,1091122,土地1建物1車位0,全,三層,透天厝,住家用,見其他登記事項,1090926,183.36,5,2,5,有,無,10500000,57264,,0.0,0,,RPSNMLRJKIPFFFD88DA,167.29,0.0,16.07,無,
麻豆區,房地(土地+建物),大埕１７之９號,100.99,都市：其他:第三種住宅區。,,,1091129,土地1建物1車位0,全,三層,透天厝,住家用,見其他登記事項,1090926,205.81,5,2,5,有,無,12700000,61707,,0.0,0,,RPTNMLRJKIPFFFD98DA,190.32,0.0,15.48,無,
麻豆區,房地(土地+建物),大埕１７之８號,98.86,都市：其他:第三種住宅區。,,,1090917,土地1建物1車位0,全,三層,透天厝,住家用,見其他登記事項,1090926,205.36,5,2,5,有,無,12000000,58434,,0.0,0,,RPUNMLRJKIPFFFD09DA,189.88,0.0,15.48,無,
麻豆區,房地(土地+建物),大埕１７之７號,96.67,都市：其他:第三種住宅區。,,,1090317,土地1建物1車位0,全,三層,透天厝,住家用,見其他登記事項,1090926,195.41,5,2,5,有,無,11550000,59106,,0.0,0,,RPVNMLRJKIPFFFD56DA,179.93,0.0,15.48,無,
麻豆區,房地(土地+建物),大埕１７之６號,91.84,都市：其他:第三種住宅區。,,,1090228,土地1建物1車位0,全,三層,透天厝,住家用,見其他登記事項,1090926,194.85,5,2,5,有,無,11300000,57993,,0.0,0,,RPWNMLRJKIPFFFD66DA,179.37,0.0,15.48,無,
後壁區,土地,福安段1224-9地號,0.65,,特定農業區,甲種建築用地,1091221,土地1建物0車位0,,,其他,,,,0.0,0,0,0,有,無,8723,0,,0.0,0,協議價購；,RPQNMLOLKIPFFED48DA,0.0,0.0,0.0,無,0405
後壁區,土地,福安段1224-12地號,4.61,,特定農業區,甲種建築用地,1091221,土地2建物0車位0,,,其他,,,,0.0,0,0,0,有,無,53036,11505,,0.0,0,協議價購；,RPSNMLOLKIPFFED68DA,0.0,0.0,0.0,無,0405
東山區,土地,東河段617地號,360.14,,鄉村區,乙種建築用地,1091218,土地1建物0車位0,,,其他,,,,0.0,0,0,0,有,無,2720000,7553,,0.0,0,未登記建物；,RPTNMLOLKIPFFED78DA,0.0,0.0,0.0,無,
東山區,土地,下南勢段762-2地號,998.67,,山坡地保育區,暫未編定,1091029,土地1建物0車位0,,,其他,,,,0.0,0,0,0,有,無,201000,201,,0.0,0,,RPQNMLPLKIPFFED58DA,0.0,0.0,0.0,無,
新營區,房地(土地+建物),太子宮２之２號,504.0,都市：其他:住宅區,,,1090920,土地3建物1車位0,全,二層,透天厝,住家用,加強磚造,0710830,153.97,4,2,2,有,無,14880000,96642,,0.0,0,,RPSOMLMLKIPFFDD48DA,153.97,0.0,0.0,無,
南區,房地(土地+建物),金華路二段６８號七樓之１,21.86,都市：其他:住宅區,,,1091203,土地1建物1車位0,七層,七層,華廈(10層含以下有電梯),見其他登記事項,鋼筋混凝土造,0710708,114.89999999999999,4,1,2,有,有,2900000,25239,,0.0,0,,RPSOMLOLKIPFFCD58DA,79.52,0.0,8.08,有,
東區,土地,新東段32-2地號,4.0,都市：其他:沿街商業區,,,1091123,土地1建物0車位0,,,其他,,,,0.0,0,0,0,有,無,550000,137500,,0.0,0,,RPRNMLOLKIPFFCD38DA,0.0,0.0,0.0,無,0407
東區,房地(土地+建物),崇德二十一街８１號,96.0,都市：其他:第五種住宅區,,,1091202,土地1建物1車位0,全,三層,透天厝,住商用,鋼筋混凝土造,0690917,171.94,5,2,3,有,無,9200000,53507,,0.0,0,親友、員工、共有人或其他特殊關係間之交易；,RPSNMLOLKIPFFCD48DA,171.94,0.0,0.0,無,
東區,房地(土地+建物)+車位,東門路三段２５３號十樓之４,46.57,都市：其他:第五種住宅區,,,1091008,土地1建物2車位1,十層,十二層,住宅大樓(11層含以上有電梯),商業用,鋼筋混凝土造,0790707,380.46,0,4,4,有,有,10580000,27808,坡道平面,15.0,0,,RPTNMLNLKIPFFCD48DA,268.74,0.0,38.33,有,
東區,房地(土地+建物),崇明三街４０號,67.0,都市：其他:第五種住宅區,,,1091014,土地1建物1車位0,全,四層,透天厝,住家用,鋼筋混凝土造,0771102,202.62,6,2,5,有,無,13500000,66627,,0.0,0,陽台外推；頂樓加蓋；其他增建；,RPXOMLOKIIPFFCD78DA,182.26,0.0,20.4,無,0408
東區,房地(土地+建物),東成街１８２巷２弄６號五樓,32.48,都市：其他:第五種住宅區,,,1091121,土地1建物1車位0,五層,五層,公寓(5樓含以下無電梯),住家用,鋼筋混凝土造,0701202,119.4,3,3,2,有,無,3760000,31491,,0.0,0,頂樓加蓋；,RPXNMLLLJIPFFCD58DA,93.9,0.0,11.35,無,
東區,房地(土地+建物)+車位,中華東路一段８８號八樓之５,12.7,都市：其他:鄰里商業區,,,1091123,土地1建物1車位1,八層,十四層,住宅大樓(11層含以上有電梯),住家用,鋼筋混凝土造,0890822,142.55,3,2,2,有,有,7000000,49106,升降機械,24.74,0,,RPRPMLRKKIPFFCD78DA,86.79,0.0,8.15,有,
東區,房地(土地+建物),長東街１０８巷５５號,73.0,都市：其他:第五種住宅區,,,1091202,土地2建物1車位0,全,二層,透天厝,住家用,加強磚造,0690509,60.14,3,1,3,有,無,6000000,99767,,0.0,0,,RPQOMLSKKIPFFCD68DA,60.14,0.0,0.0,無,0409
東區,房地(土地+建物)+車位,東門路三段１７９巷１０３號之２,26.9,都市：其他:第五種住宅區,,,1091128,土地4建物1車位1,一層,五層,華廈(10層含以下有電梯),商業用,鋼筋混凝土造,0820424,109.52,3,2,2,有,有,5500000,50219,升降平面,0.0,0,,RPQQMLNLKIPFFCD48DA,69.63,0.0,7.08,有,
安南區,土地,十字段114-6地號,747.35,都市：其他:農業區,,,1091102,土地2建物0車位0,,,其他,,,,0.0,0,0,0,有,無,8700000,11641,,0.0,0,,RPRPMLLKKIPFFBD08DA,0.0,0.0,0.0,無,0410
安南區,房地(土地+建物)+車位,安和路四段２５巷６８號五樓之２,39.89,都市：其他:住宅區,,,1080823,土地1建物1車位1,五層,五層,華廈(10層含以下有電梯),見其他登記事項,鋼筋混凝土造,1090929,126.65,3,2,2,有,有,5550000,43822,一樓平面,0.0,800000,,RPWNMLRKKIPFFBD98DA,71.12,0.0,8.54,有,0411
安南區,房地(土地+建物)+車位,安和路四段２５巷６８號五樓之１,42.56,都市：其他:住宅區,,,1080830,土地1建物1車位1,五層,五層,華廈(10層含以下有電梯),見其他登記事項,鋼筋混凝土造,1090929,135.26,3,2,2,有,有,5800000,42880,一樓平面,0.0,800000,,RPXNMLRKKIPFFBD09DA,77.03,0.0,8.73,有,
安南區,土地,公塭段651-2地號,655.58,都市：其他:河川區,,,1091029,土地1建物0車位0,,,其他,,,,0.0,0,0,0,有,無,4195712,6400,,0.0,0,包含公共設施保留地用地；協議價購；,RPPNMLNLIIPFFBD77DA,0.0,0.0,0.0,無,
安南區,土地,怡安段698-3地號,225.21,都市：其他:住宅區,,,1090916,土地1建物0車位0,,,其他,,,,0.0,0,0,0,有,無,15500000,68825,,0.0,0,,RPSNMLNKJIPFFBD08DA,0.0,0.0,0.0,無,
安南區,房地(土地+建物),安中路四段２９０巷２６３弄１０號,53.01,都市：其他:住宅區,,,1091210,土地3建物1車位0,全,二層,透天厝,住商用,加強磚造,0700507,55.72,4,1,2,有,無,1310000,23510,,0.0,0,,RPQOMLMLKIPFFBD08DA,55.72,0.0,0.0,無,0412
安南區,房地(土地+建物),城西街二段２６３巷７０弄１號,98.94,都市：其他:住宅區,,,1091031,土地1建物1車位0,全,三層,透天厝,住家用,鋼筋混凝土造,1090930,191.38,4,2,3,有,無,7800000,40757,,0.0,0,,RPRNMLOLKIPFFBD28DA,174.08,0.0,17.32,無,
安南區,房地(土地+建物),城西街二段２６３巷７６號,144.54,都市：其他:住宅區,,,1091031,土地1建物1車位0,全,三層,透天厝,住家用,鋼筋混凝土造,1090930,194.22,4,2,3,有,無,8600000,44280,,0.0,0,,RPSNMLOLKIPFFBD38DA,184.74,0.0,9.44,無,
安南區,房地(土地+建物),城西街二段２６３巷７２號,136.58,都市：其他:住宅區,,,1091031,土地1建物1車位0,全,三層,透天厝,住家用,鋼筋混凝土造,1090930,193.52,4,2,3,有,無,8600000,44440,,0.0,0,,RPTNMLOLKIPFFBD48DA,179.22,0.0,14.3,無,
安南區,房地(土地+建物),永續路５１６巷１９號,103.63,都市：其他:住宅區,,,1080216,土地3建物1車位0,全,四層,透天厝,見其他登記事項,鋼筋混凝土造,1090721,186.12,4,2,4,有,無,12300000,66086,,0.0,0,,RPUNMLOLKIPFFBD58DA,156.2,0.0,29.92,無,
安南區,房地(土地+建物),公學路五段９３號,208.46,都市：其他:住宅區,,,1091129,土地1建物1車位0,全,四層,透天厝,住家用,鋼筋混凝土造,1061102,499.5,5,2,7,有,無,33000000,66066,,0.0,0,其他增建；,RPWOMLMLKIPFFBD68DA,468.21,0.0,31.29,有,
安南區,房地(土地+建物),工業三路５８號,3833.93,都市：其他:工業區,,,1091110,土地1建物1車位0,全,四層,透天厝,見其他登記事項,鋼筋混凝土造,0930503,5327.8,11,3,14,有,無,200000000,37539,,0.0,0,,RPWNMLLLKIPFFBD48DA,5245.51,0.0,82.29,有,
安南區,房地(土地+建物),總安街一段３４２巷１０號,90.0,都市：其他:住宅區,,,1091117,土地1建物1車位0,全,二層,透天厝,住家用,加強磚造,0700123,87.94,5,2,3,有,無,5500000,62543,,0.0,0,,RPPNMLPLKIPFFBD18DA,87.94,0.0,0.0,無,
安平區,土地,海興段4-21地號,450.0,都市：其他:特定商業專用區,,,1091121,土地3建物0車位0,,,其他,,,,0.0,0,0,0,有,無,44920000,99822,,0.0,0,,RPWQMLRKKIPFFAD56DA,0.0,0.0,0.0,無,
北區,房地(土地+建物),公園南路３６３號十樓之３,7.25,都市：其他:住宅區,,,1091212,土地1建物1車位0,十層,十四層,住宅大樓(11層含以上有電梯),見其他登記事項,見其他登記事項,0960824,67.47999999999999,2,2,1,有,有,5250000,77801,,0.0,0,,RPVNMLLLKIPFFAD28DA,44.4,0.0,5.75,有,0413
安平區,房地(土地+建物)+車位,永華路二段８０２號八樓,24.93,都市：其他:住宅區,,,1091011,土地1建物1車位2,八層,二十九層,住宅大樓(11層含以上有電梯),見其他登記事項,見其他登記事項,1070125,276.63,3,2,3,有,有,15450000,54420,坡道平面,42.34,2700000,,RPXQMLQKKIPFFAD56DA,130.2,10.24,16.8,有,
北區,房地(土地+建物),南園街２８巷７號,51.0,都市：其他:住宅區,,,1091204,土地1建物1車位0,全,二層,透天厝,住家用,加強磚造,0611220,76.81,3,2,2,有,無,1625200,21159,,0.0,0,親友、員工、共有人或其他特殊關係間之交易；未登記建物；,RPSOMLTJKIPFFAD68DA,76.81,0.0,0.0,無,
中西區,房地(土地+建物)+車位,中華西路二段５２０號二樓之１１,7.94,都市：其他:住宅區,,,1091119,土地1建物1車位1,二層,十五層,住宅大樓(11層含以上有電梯),見其他登記事項,見其他登記事項,1020620,75.03,1,1,1,有,有,5300000,70638,坡道機械,13.3,0,,RPRNMLOJKIPFFAD97DA,35.86,0.0,3.88,有,0414
安平區,房地(土地+建物)+車位,永華路二段７９８號十五樓,22.49,都市：其他:住宅區,,,1091123,土地1建物1車位2,十五層,二十九層,住宅大樓(11層含以上有電梯),見其他登記事項,見其他登記事項,1070125,248.73000000000002,3,2,2,有,有,14400000,56689,坡道平面,42.34,2700000,,RPWOMLKMJIPFFAD38DA,118.39,8.34,11.55,有,
北區,房地(土地+建物),公園南路１５９巷２號七樓之１,20.36,都市：其他:商業區,,,1080403,土地2建物1車位0,七層,十一層,住宅大樓(11層含以上有電梯),見其他登記事項,見其他登記事項,1091027,92.72,2,1,2,有,有,6300000,67947,,0.0,0,預售屋、或土地及建物分次登記案件；,RPWQMLNLKIPFFAD88DA,55.0,0.0,6.37,有,
安平區,房地(土地+建物)+車位,健康三街１２巷１號十一樓之７,20.66,都市：其他:住宅區,,,1091117,土地1建物1車位1,十一層,十四層,住宅大樓(11層含以上有電梯),見其他登記事項,鋼筋混凝土造,0890822,127.77,3,2,2,有,有,6800000,53221,坡道平面,17.4,0,,RPRQMLNLKIPFFAD38DA,75.18,1.39,9.87,有,0415
北區,房地(土地+建物)+車位,北園街６之３號十七樓之２,10.5,都市：其他:商業區,,,1091115,土地1建物1車位1,十七層,十九層,住宅大樓(11層含以上有電梯),住家用,鋼筋混凝土造,0851202,124.0,3,2,2,有,有,5900000,47581,坡道機械,0.0,0,,RPTQMLNLKIPFFAD58DA,79.43,8.12,0.0,有,0416
安平區,房地(土地+建物),永華十一街１５９巷１２之１號,134.0,都市：其他:住宅區,,,1091211,土地1建物1車位0,全,五層,透天厝,住家用,見其他登記事項,1090824,377.53,7,3,7,有,無,33000000,87410,,0.0,0,,RPRPMLNLKIPFFAD28DA,332.96,0.0,44.57,有,
安平區,房地(土地+建物),永華十一街１５９巷１２號,136.5,都市：其他:商業區,,,1091211,土地1建物1車位0,全,五層,透天厝,住家用,見其他登記事項,1090824,381.16,7,3,7,有,無,33000000,86578,,0.0,0,,RPSPMLNLKIPFFAD38DA,336.24,0.0,44.92,有,
中西區,房地(土地+建物),民族路二段６４號,164.97,都市：其他:商業區,,,1091201,土地1建物1車位0,全,二層,透天厝,住家用,加強磚造,0570500,245.93,3,1,2,有,無,64500000,262270,,0.0,0,頂樓加蓋；,RPWNMLOLKIPFFAD68DA,245.93,0.0,0.0,無,
安平區,房地(土地+建物)+車位,建平十七街２３１號十三樓之５,8.06,都市：其他:商業區,,,1091125,土地1建物1車位1,十三層,十七層,住宅大樓(11層含以上有電梯),住家用,鋼筋混凝土造,0840829,183.64,4,2,2,有,有,8800000,47920,坡道平面,0.0,0,,RPSNMLOLKIPFFAD28DA,108.04,0.0,15.73,有,0417
中西區,房地(土地+建物),湖美一街１２１巷４號,83.54,都市：其他:住宅區,,,1091203,土地2建物1車位0,全,三層,透天厝,住家用,鋼筋混凝土造,0750618,129.78,4,2,2,有,無,7320000,56403,,0.0,0,頂樓加蓋；,RPROMLOLKIPFFAD28DA,125.28,0.0,4.5,無,
北區,土地,北元段950地號,146.32,都市：其他:住宅區,,,1091105,土地1建物0車位0,,,其他,,,,0.0,0,0,0,有,無,19000000,129852,,0.0,0,,RPSOMLOLKIPFFAD38DA,0.0,0.0,0.0,無,
安平區,房地(土地+建物)+車位,永華路二段５０１號十三樓之２,29.81,都市：其他:住宅區,,,1090918,土地1建物1車位2,十三層,二十三層,住宅大樓(11層含以上有電梯),見其他登記事項,見其他登記事項,1070202,319.25,4,2,3,有,有,21080000,73726,坡道平面,57.74,1800000,,RPUOMLOLKIPFFAD58DA,141.91,3.81,24.72,有,
安平區,房地(土地+建物)+車位,永華路二段８３１號十九樓,8.83,都市：其他:住宅區,,,1090619,土地1建物1車位1,十九層,二十三層,住宅大樓(11層含以上有電梯),見其他登記事項,見其他登記事項,1081217,103.33,1,1,1,有,有,8300000,95384,坡道機械,28.37,1150000,含裝潢,RPVNMLMLKIPFFAD38DA,43.31,3.28,3.7,有,
中西區,土地,五條港段1850地號,128.17,都市：其他:商業區,,,1090903,土地2建物0車位0,,,其他,,,,0.0,0,0,0,有,無,12000000,93626,,0.0,0,預售屋、或土地及建物分次登記案件；,RPUNMLNLKIPFFAD38DA,0.0,0.0,0.0,無,
安平區,車位,永華五街７９號等,0.0,,,,1091204,土地0建物1車位1,,,其他,,,,32.87,0,0,0,有,有,300000,,坡道平面,0.0,300000,僅車位交易；,RPPPMLNLKIPFFAD08DA,0.0,0.0,0.0,有,
安平區,房地(土地+建物),慶平路５３９號九樓之１０,11.51,都市：其他:商業區,,,1091114,土地1建物1車位0,九層，十層，見使用執照,二十四層,住宅大樓(11層含以上有電梯),見其他登記事項,鋼筋混凝土造,0880211,174.46,3,2,2,有,有,5680000,32559,,0.0,0,夾層；,RPWOMLNLKIPFFAD68DA,99.72,0.0,14.67,有,
安平區,房地(土地+建物),光州四街５７號,154.5,都市：其他:住宅區,,,1091023,土地1建物1車位0,全,四層,透天厝,住家用,見其他登記事項,1070808,401.61,5,2,6,有,無,38000000,94619,,0.0,0,,RPRNMLNLKIPFFAD08DA,376.56,0.0,25.05,有,
北區,房地(土地+建物)+車位,開南街２７５巷４弄２３號二樓之１,53.06,都市：其他:細部計畫道路用地,,,1091118,土地3建物1車位1,二層,五層,華廈(10層含以下有電梯),見其他登記事項,見其他登記事項,1040818,139.07999999999998,2,2,2,有,有,12200000,87719,一樓平面,16.53,0,陽台外推；其他增建；,RPVPMLMLKIPFFAD58DA,81.52,0.0,9.14,有,0418
中西區,建物,尊王路１４０號,0.0,,,,1091117,土地0建物1車位0,全,二層,透天厝,住商用,加強磚造,0580520,124.24,2,2,2,有,無,5750000,46281,,0.0,0,,RPQOMLOLKIPFFAD18DA,124.24,0.0,0.0,無,
北區,房地(土地+建物)+車位,中華北路二段９８號四樓之１,72.35,都市：其他:住宅區,,,1091128,土地1建物1車位2,四層,十四層,住宅大樓(11層含以上有電梯),見其他登記事項,見其他登記事項,1080422,429.49,3,2,3,有,有,33890000,78908,坡道平面,66.2,0,,RPOOMLOLKIPFFAD97DA,216.1,0.0,26.87,有,
安平區,房地(土地+建物),永華八街１９３巷２２號,19.3,都市：其他:住宅區,,,1091107,土地1建物1車位0,一層,六層,華廈(10層含以下有電梯),住家用,鋼筋混凝土造,0811024,93.33000000000001,3,2,2,有,有,5600000,60002,,0.0,0,陽台外推；,RPUQMLNLKIPFFAD68DA,71.03,4.45,0.0,有,0419
中西區,房地(土地+建物)+車位,民生路二段１３２號十樓之２,27.47,都市：其他:商業區,,,1091115,土地1建物1車位1,十層,十三層,住宅大樓(11層含以上有電梯),見其他登記事項,見其他登記事項,1051108,178.45999999999998,3,2,2,有,有,13400000,75087,坡道平面,30.24,0,,RPPNMLPLKIPFFAD08DA,86.72,10.22,3.94,有,0420
安平區,房地(土地+建物)+車位,慶平路３８６號十四樓之５,20.25,都市：其他:商業區,,,1090919,土地1建物1車位1,十四層,十四層,住宅大樓(11層含以上有電梯),見其他登記事項,見其他登記事項,1011012,253.0,3,2,3,有,有,15600000,61660,坡道平面,0.0,0,,RPQNMLPLKIPFFAD18DA,142.54,0.0,20.24,有,0421
北區,房地(土地+建物)+車位,海安路三段８１２號二十三樓之７,15.18,都市：其他:住宅區,,,1091125,土地1建物1車位1,二十三層,二十四層,住宅大樓(11層含以上有電梯),集合住宅,鋼筋混凝土構造,1090131,164.47,2,2,2,有,有,13500000,82082,坡道平面,33.38,0,含裝潢費；含傢俱設備費；,RPRPMLOLKIPFFAD38DA,80.64,2.55,7.14,有,0422
北區,房地(土地+建物),成功路６００巷２１號三樓之９,7.76,都市：其他:細部計畫道路用地,,,1091125,土地3建物1車位0,三層,五層,公寓(5樓含以下無電梯),住家用,鋼筋混凝土造,0790707,27.599999999999998,1,1,1,有,無,600000,21739,,0.0,0,,RPXNMLPLKIPFFAD88DA,19.31,0.0,0.0,無,
安平區,房地(土地+建物)+車位,育平路５２號四樓之２,13.82,都市：其他:住宅區,,,1091122,土地1建物1車位1,四層,十四層,住宅大樓(11層含以上有電梯),見其他登記事項,見其他登記事項,1021125,123.05000000000001,2,2,1,有,有,6550000,53230,坡道平面,0.0,0,夾層；,RPOOMLPLKIPFFAD08DA,54.15,0.0,7.44,有,0423
中西區,房地(土地+建物),海安路二段４０１號七樓之１,3.49,都市：其他:商業區,,,1091215,土地1建物1車位0,七層,十二層,住宅大樓(11層含以上有電梯),住家用,鋼筋混凝土造,0850725,35.14,1,1,1,有,無,1300000,36995,,0.0,0,,RPROMLPLKIPFFAD38DA,23.62,0.0,0.0,有,
安平區,房地(土地+建物)+車位,郡平路３８８號六樓之３,9.44,都市：其他:商業區,,,1091209,土地1建物1車位1,六層,十二層,住宅大樓(11層含以上有電梯),住家用,鋼筋混凝土造,0820724,98.44,3,2,2,有,無,4500000,45713,升降機械,0.0,0,,RPRNMLRLKIPFFAD48DA,62.83,0.0,8.12,有,0424
安平區,房地(土地+建物),安北路４０巷３９號,130.41,都市：其他:住宅區,,,1090720,土地2建物1車位0,全,四層,透天厝,見其他登記事項,見其他登記事項,1000718,254.94,6,2,6,有,無,15880000,62289,,0.0,0,,RPTNMLOJKIPFFAD18DA,235.63,0.0,19.01,無,0425
安平區,土地,漁港段1051地號,132.68,都市：其他:特定住宅專用區,,,1091011,土地1建物0車位0,,,其他,,,,0.0,0,0,0,有,無,7530000,56753,,0.0,0,,RPQQMLNJKIPFFAD08DA,0.0,0.0,0.0,無,0426
中西區,房地(土地+建物)+車位,華平路９８２號四樓,35.23,都市：其他:住宅區,,,1091113,土地1建物1車位2,四層,二十四層,住宅大樓(11層含以上有電梯),見其他登記事項,見其他登記事項,1060810,401.92999999999995,3,2,3,有,有,21000000,53329,坡道平面,58.78,2700000,雨遮面積6.01平方公尺，不予計價,RPQNMLRKKIPFFAD28DA,205.33,6.01,22.36,有,
中西區,房地(土地+建物)+車位,華平路９８０號二十二樓,25.7,都市：其他:住宅區,,,1091110,土地1建物1車位2,二十二層,二十四層,住宅大樓(11層含以上有電梯),見其他登記事項,見其他登記事項,1060810,306.20000000000005,3,2,2,有,有,25000000,88918,坡道平面,58.78,3000000,雨遮面積2.75平方公尺，不予計價,RPRNMLRKKIPFFAD38DA,138.69,2.75,26.55,有,
安平區,房地(土地+建物)+車位,永華五街８號八樓,9.16,都市：其他:商業區,,,1090802,土地1建物1車位1,八層,二十九層,住宅大樓(11層含以上有電梯),見其他登記事項,見其他登記事項,1070921,159.28,3,2,2,有,有,15170000,102413,坡道機械,23.36,1250000,,RPTOMLRKKIPFFAD68DA,99.3,0.77,9.66,有,
安平區,房地(土地+建物)+車位,永華五街８號六樓,9.16,都市：其他:商業區,,,1090802,土地1建物1車位1,六層,二十九層,住宅大樓(11層含以上有電梯),見其他登記事項,見其他登記事項,1070921,182.64,3,2,2,有,有,14690000,85008,坡道機械,23.36,1150000,,RPXOMLRKKIPFFAD09DA,99.3,0.77,9.66,有,
中西區,房地(土地+建物),民權路一段１７９號五樓之４,3.65,都市：其他:商業區,,,1091207,土地1建物1車位0,五層,九層,華廈(10層含以下有電梯),住家用,鋼筋混凝土造,0691125,23.86,1,0,1,有,有,1250000,52389,,0.0,0,,RPRQMLRKKIPFFAD68DA,16.54,0.0,0.0,有,0427
安平區,土地,金華段142-13地號,341.0,都市：其他:住宅區,,,1091210,土地1建物0車位0,,,其他,,,,0.0,0,0,0,有,無,35000000,102639,,0.0,0,,RPSNMLLKKIPFFAD87DA,0.0,0.0,0.0,無,
北區,房地(土地+建物),賢北街２２５巷６０號,93.6,都市：其他:住宅區,,,1091026,土地1建物1車位0,全,五層,透天厝,住家用,鋼筋混凝土造,0820729,199.73,5,2,3,有,無,11500000,57578,,0.0,0,,RPSNMLMKKIPFFAD97DA,190.38,2.98,6.37,無,0428
安平區,房地(土地+建物)+車位,永華路二段２８８號二十一樓,11.55,都市：其他:商業區,,,1090801,土地1建物1車位2,二十一層,二十九層,住宅大樓(11層含以上有電梯),見其他登記事項,見其他登記事項,1070921,229.95,3,2,2,有,有,18080000,90988,坡道平面,68.06,3350000,,RPPNMLQKKIPFFAD08DA,100.35,0.77,10.42,有,
北區,土地,文元段1039-28地號,198.0,都市：其他:細部計畫道路用地,,,1091209,土地1建物0車位0,,,其他,,,,0.0,0,0,0,有,無,3017760,15241,,0.0,0,包含公共設施保留地用地；,RPUOMLPKKIPFFAD58DA,0.0,0.0,0.0,無,
北區,房地(土地+建物)+車位,北園街８巷２６號二樓之２,12.75,都市：其他:商業區,,,1091118,土地1建物1車位2,二層,十九層,住宅大樓(11層含以上有電梯),見其他登記事項,鋼筋混凝土造,0961227,162.6,3,2,2,有,有,7200000,44280,升降平面,26.8,0,,RPPOMLPKKIPFFAD08DA,87.89,0.91,7.66,有,
安南區,土地,怡安段45地號,140.0,都市：其他:住宅區,,,1091217,土地1建物0車位0,,,其他,,,,0.0,0,0,0,有,無,3290000,23500,,0.0,0,親友、員工、共有人或其他特殊關係間之交易；,RPQNMLPLKIPFFBD28DA,0.0,0.0,0.0,無,
安南區,房地(土地+建物),安富街２１巷７７號,130.46,都市：其他:住宅區,,,1091123,土地1建物1車位0,全,四層,透天厝,見其他登記事項,鋼筋混凝土造,1071004,301.2,6,2,6,有,無,33880000,112483,,0.0,0,,RPROMLOLKIPFFBD38DA,273.45,0.0,27.75,無,
安南區,房地(土地+建物),安富街２１巷８３號,129.65,都市：其他:住宅區,,,1091107,土地1建物1車位0,全,四層,透天厝,見其他登記事項,鋼筋混凝土造,1071004,305.96,6,2,6,有,無,29000000,94784,,0.0,0,,RPSOMLOLKIPFFBD48DA,277.69,0.0,28.27,無,
安南區,房地(土地+建物),樂活十街２７號,86.8,都市：其他:住宅區,,,1081014,土地1建物1車位0,全,四層,透天厝,住家用,鋼筋混凝土造,1090907,222.59,5,2,4,有,無,12700000,57056,,0.0,0,,RPTNMLPLKIPFFBD58DA,191.62,0.0,30.97,無,
安南區,房地(土地+建物),樂活十街２９號,89.81,都市：其他:住宅區,,,1081014,土地1建物1車位0,全,四層,透天厝,住家用,鋼筋混凝土造,1090907,226.46,5,2,4,有,無,12800000,56522,,0.0,0,,RPUNMLPLKIPFFBD68DA,194.72,0.0,31.74,無,
安南區,房地(土地+建物),郡安路五段１８４巷１０弄４３號,83.89,都市：其他:住宅區,,,1091115,土地1建物1車位0,全,二層,透天厝,住家用,加強磚造,0721125,106.39,4,2,2,有,無,5000000,46997,,0.0,0,,RPVNMLOLKIPFFBD68DA,100.93,0.0,5.46,無,
安南區,土地,公塭段1186-11地號,509.02,都市：其他:細部計畫道路用地,,,1091122,土地25建物0車位0,,,其他,,,,0.0,0,0,0,有,無,350000,688,,0.0,0,包含公共設施保留地用地；,RPUOMLLKKIPFFBD28DA,0.0,0.0,0.0,無,0429
東區,房地(土地+建物),中華東路二段２４３巷２４弄５９號二樓,46.48,都市：其他:細部計畫道路用地,,,1091125,土地2建物2車位0,二層,八層,華廈(10層含以下有電梯),住家用,鋼筋混凝土造,0830726,247.91000000000003,4,2,3,有,有,13000000,52438,,0.0,0,其他增建；,RPTOMLMLKIPFFCD48DA,171.66,0.0,11.27,有,
南區,房地(土地+建物),中華南路二段２３３巷４０弄１號,73.8,都市：其他:住宅區,,,1091208,土地1建物1車位0,全,二層,透天厝,住家用,加強磚造,0700422,96.72,3,1,2,有,無,3200000,33085,,0.0,0,,RPTPMLRKKIPFFCD98DA,92.6,0.0,4.12,無,
南區,房地(土地+建物),鯤鯓路２３２巷４４號,69.12,都市：其他:住宅區,,,1091028,土地2建物1車位0,全,二層,透天厝,住家用,加強磚造,0690812,77.2,3,3,2,有,無,2866800,37135,,0.0,0,,RPOOMLMJKIPFFCD77DA,77.2,0.0,0.0,無,
東區,房地(土地+建物),大同路一段１７５巷１４８號,111.45,都市：其他:第五種住宅區,,,1091113,土地1建物1車位0,全,一層,透天厝,住家用,加強磚造,0530930,58.38,4,2,1,有,無,4800000,82220,,0.0,0,頂樓加蓋；其他增建；,RPUOMLNKJIPFFCD48DA,58.38,0.0,0.0,無,
南區,房地(土地+建物),水交社路２０巷１２號三樓之２,15.19,都市：其他:住宅區,,,1091124,土地3建物1車位0,三層,七層,華廈(10層含以下有電梯),見其他登記事項,鋼筋混凝土造,1051201,83.99,2,2,1,有,有,4900000,58340,,0.0,0,其他增建；,RPTNMLOLKIPFFCD58DA,48.82,0.0,4.37,有,0430
南區,土地,喜東段823地號,135.0,都市：其他:住宅區,,,1091214,土地2建物0車位0,,,其他,,,,0.0,0,0,0,有,無,5300000,39259,,0.0,0,,RPWNMLOLKIPFFCD88DA,0.0,0.0,0.0,無,0431
東區,房地(土地+建物),中華東路二段１９７號十九樓之２,5.83,都市：其他:細部計畫道路用地,,,1091123,土地3建物1車位0,十九層,二十層,住宅大樓(11層含以上有電梯),住家用,鋼筋混凝土造,0841106,78.24,2,2,1,有,有,4020000,51380,,0.0,0,,RPXNMLOLKIPFFCD98DA,44.98,3.62,5.98,有,
南區,土地,南豐段418-1地號,6412.36,都市：其他:農業區,,,1091123,土地1建物0車位0,,,其他,,,,0.0,0,0,0,有,無,56000000,8733,,0.0,0,,RPOOMLOLKIPFFCD18DA,0.0,0.0,0.0,無,0432
東區,房地(土地+建物)+車位,中華東路三段３９９巷１８弄１１號,81.68,都市：其他:第五種住宅區,,,1091110,土地1建物1車位1,全,四層,透天厝,住家用,鋼筋混凝土造,0870520,275.27,5,2,4,有,有,10700000,38871,坡道平面,15.22,0,親友、員工、共有人或其他特殊關係間之交易；,RPQOMLOLKIPFFCD38DA,214.09,10.37,8.6,無,
東區,房地(土地+建物),中華東路二段１６９號六樓之２,3.63,都市：其他:第五種住宅區,,,1091206,土地2建物1車位0,六層,十四層,住宅大樓(11層含以上有電梯),住家用,鋼筋混凝土造,0970229,41.19,1,0,1,有,有,2100000,50983,,0.0,0,,RPOPMLOLKIPFFCD28DA,23.24,0.0,3.43,有,
東區,房地(土地+建物),中華東路二段１９７號十九樓之１,6.22,都市：其他:細部計畫道路用地,,,1091123,土地3建物1車位0,十九層,二十層,住宅大樓(11層含以上有電梯),住家用,鋼筋混凝土造,0841106,77.23,2,2,1,有,有,4000000,51793,,0.0,0,,RPPPMLOLKIPFFCD38DA,46.1,1.65,5.53,有,
南區,房地(土地+建物),金華路一段５０３巷３９號,67.03,都市：其他:住宅區,,,1091202,土地1建物1車位0,全,三層,透天厝,住商用,鋼筋混凝土造,0680703,144.63,5,2,2,有,無,6000000,41485,,0.0,0,親友、員工、共有人或其他特殊關係間之交易；,RPTNMLPLKIPFFCD68DA,144.63,0.0,0.0,無,
南區,房地(土地+建物),永華路一段７號,65.0,都市：其他:住宅區,,,1091107,土地1建物1車位0,全,五層,透天厝,住商用,鋼筋混凝土造,0740523,233.17,6,1,4,有,無,22800000,97783,,0.0,0,,RPWOMLPLKIPFFCD09DA,219.13,0.0,14.04,無,
新營區,土地,新卯舍段1364地號,65.19,都市：其他:綠地兼供人行步道使用,,,1091223,土地1建物0車位0,,,其他,,,,0.0,0,0,0,有,無,700000,10738,,0.0,0,,RPVNMLNLKIPFFDD78DA,0.0,0.0,0.0,無,
東山區,房地(土地+建物),東山區東山里１５鄰２４２之１３號,866.0,,一般農業區,農牧用地,1090929,土地1建物1車位0,全,一層,透天厝,見其他登記事項,見其他登記事項,0820215,58.53,0,0,0,無,無,7000000,119597,,0.0,0,夾層；其他增建；,RPSNMLTLIIPFFED98DA,58.54,0.0,0.0,無,
白河區,房地(土地+建物),外角里３鄰開明街１２３號,224.25,都市：其他:住宅區,,,1091117,土地3建物1車位0,全,二層,透天厝,見其他登記事項,見其他登記事項,1071204,216.15,4,3,4,有,無,8380000,38769,,0.0,0,其他增建；,RPRNMLPLKIPFFED68DA,216.15,0.0,0.0,無,0433
白河區,房地(土地+建物),仙草里１６之３２號,78.73,都市：其他:住宅區,,,1091201,土地1建物1車位0,全,二層,透天厝,住商用,鋼筋混凝土加強磚造,0700717,97.54,3,1,2,有,無,508750,5216,,0.0,0,,RPWNMLRKKIPFFED66DA,91.31,0.0,6.23,無,
後壁區,房地(土地+建物),後壁區後壁里８鄰後壁２１０之１０號,162.29,都市：其他:住宅區,,,1081101,土地2建物1車位0,全,三層,透天厝,見其他登記事項,見其他登記事項,1090915,192.1,5,2,3,有,無,8500000,44248,,0.0,0,,RPTOMLMKJIPFFED48DA,177.93,0.0,14.17,無,
白河區,房地(土地+建物),永安里富民路６１４號,87.0,都市：其他:住宅區,,,1091201,土地1建物1車位0,全,三層,透天厝,住家用,鋼筋混凝土造,0800326,156.19,4,2,3,有,無,3500000,22409,,0.0,0,二親等間之交易,RPPNMLSLKIPFFED78DA,153.27,0.0,2.92,無,
下營區,土地,營中段358地號,261.35,都市：其他:住宅區,,,1090922,土地1建物0車位0,,,其他,,,,0.0,0,0,0,有,無,3867981,14800,,0.0,0,地清或未辦繼承標售；,RPTNMLOLKIPFFFD88DA,0.0,0.0,0.0,無,
大內區,土地,石仔瀨段92地號,264.01,都市：其他:住宅區,,,1091027,土地1建物0車位0,,,其他,,,,0.0,0,0,0,有,無,1811000,6860,,0.0,0,地清或未辦繼承標售；,RPWNMLOLKIPFFFD56DA,0.0,0.0,0.0,無,
麻豆區,土地,寮子段272-8地號,126.0,,鄉村區,乙種建築用地,1091025,土地2建物0車位0,,,其他,,,,0.0,0,0,0,有,無,2000000,15873,,0.0,0,未登記建物；,RPSNMLPLKIPFFFD88DA,0.0,0.0,0.0,無,
六甲區,土地,水漆林段730地號,1115.0,,特定農業區,農牧用地,1091122,土地1建物0車位0,,,其他,,,,0.0,0,0,0,有,無,1650000,1480,,0.0,0,,RPUNMLPLKIPFFFD09DA,0.0,0.0,0.0,無,0434
六甲區,房地(土地+建物),龜子港８０巷２３弄１０之２號,104.11,,鄉村區,乙種建築用地,1091014,土地1建物1車位0,全,三層,透天厝,住家用,見其他登記事項,1081001,164.07,4,2,4,有,無,6800000,41446,,0.0,0,,RPROMLNLKIPFFFD68DA,150.81,13.26,0.0,無,
六甲區,房地(土地+建物),龜子港８０巷２３弄８之２號,79.36,,鄉村區,乙種建築用地,1091030,土地1建物1車位0,全,三層,透天厝,住家用,見其他登記事項,1081001,162.83,4,1,3,有,無,6300000,38691,,0.0,0,,RPSOMLNLKIPFFFD78DA,148.27,14.56,0.0,無,
官田區,土地,南段1053地號,2500.0,,特定農業區,農牧用地,1091208,土地1建物0車位0,,,其他,,,,0.0,0,0,0,有,無,3375000,1350,,0.0,0,,RPRNMLRLKIPFFFD98DA,0.0,0.0,0.0,無,
官田區,土地,南段880-2地號,919.14,,特定農業區,農牧用地,1091215,土地1建物0車位0,,,其他,,,,0.0,0,0,0,有,無,860000,936,,0.0,0,親友、員工、共有人或其他特殊關係間之交易；,RPPNMLSLKIPFFFD88DA,0.0,0.0,0.0,無,
大內區,土地,大內段623-2地號,2034.0,,一般農業區,農牧用地,1091208,土地3建物0車位0,,,其他,,,,0.0,0,0,0,有,無,3000000,1475,,0.0,0,農作物；預售屋、或土地及建物分次登記案件；,RPSNMLSLKIPFFFD56DA,0.0,0.0,0.0,無,
北門區,土地,溪底寮段三寮灣小段149地號,121.2,,鄉村區,乙種建築用地,1091029,土地1建物0車位0,,,其他,,,,0.0,0,0,0,有,無,545400,4500,,0.0,0,地清或未辦繼承標售；,RPRPMLOLKIPFFGD98DA,0.0,0.0,0.0,無,
北門區,土地,溪底寮段三寮灣小段814-2地號,242.5,,鄉村區,乙種建築用地,1091029,土地1建物0車位0,,,其他,,,,0.0,0,0,0,有,無,752980,3105,,0.0,0,地清或未辦繼承標售；,RPSPMLOLKIPFFGD09DA,0.0,0.0,0.0,無,
佳里區,房地(土地+建物),鎮山里１２鄰延平路２６巷２弄５號,107.75,都市：其他:住宅區,,,1091128,土地2建物1車位0,全,四層,透天厝,見其他登記事項,鋼筋混凝土造,0960410,219.24,4,2,4,有,無,8700000,39683,,0.0,0,,RPRNMLPLKIPFFGD88DA,213.44,0.0,5.8,無,
七股區,土地,城內段1305地號,11978.0,,一般農業區,農牧用地,1091210,土地4建物0車位0,,,其他,,,,0.0,0,0,0,有,無,9800000,818,,0.0,0,,RPPNMLSLKIPFFGD98DA,0.0,0.0,0.0,無,
佳里區,土地,通興段259地號,50.0,,特定農業區,農牧用地,1091030,土地1建物0車位0,,,其他,,,,0.0,0,0,0,有,無,71000,1420,,0.0,0,農地重劃區零星集中土地標售畸零地或有合併使用效益；,RPRNMLSLKIPFFGD56DA,0.0,0.0,0.0,無,
佳里區,土地,塭子內段2381地號,2913.0,,特定農業區,農牧用地,1091218,土地1建物0車位0,,,其他,,,,0.0,0,0,0,有,無,5200000,1785,,0.0,0,親友、員工、共有人或其他特殊關係間之交易；,RPSNMLSLKIPFFGD66DA,0.0,0.0,0.0,無,
佳里區,土地,永興段460地號,122.0,,特定農業區,農牧用地,1091030,土地1建物0車位0,,,其他,,,,0.0,0,0,0,有,無,158000,1295,,0.0,0,農地重劃區抵費地零星集中土地標售,RPUNMLSLKIPFFGD86DA,0.0,0.0,0.0,無,
北門區,土地,中樞段1067地號,221.0,,特定農業區,農牧用地,1091030,土地1建物0車位0,,,其他,,,,0.0,0,0,0,有,無,360000,1629,,0.0,0,向台南市政府地政局標售農地重劃區抵費地、零星集中土地畸零地或有合併使用效益；政府機關標讓售；,RPVNMLSLKIPFFGD96DA,0.0,0.0,0.0,無,
學甲區,土地,信義段752地號,4415.45,都市：其他:農業區,,,1091108,土地11建物0車位0,,,其他,,,,0.0,0,0,0,有,無,8000000,1812,,0.0,0,預售屋、或土地及建物分次登記案件；,RPUNMLOLKIPFFGD09DA,0.0,0.0,0.0,無,
學甲區,土地,學甲段916-2地號,2395.0,,特定農業區,農牧用地,1091118,土地2建物0車位0,,,其他,,,,0.0,0,0,0,有,無,1750000,731,,0.0,0,,RPQNMLKLKIPFFGD28DA,0.0,0.0,0.0,無,
佳里區,房地(土地+建物),南勢街１０８號,94.44,都市：其他:住宅區,,,1091108,土地1建物1車位0,全,三層,透天厝,住家用,鋼筋混凝土造,1061011,198.63,5,2,4,有,無,9300000,46821,,0.0,0,,RPWOMLOKKIPFFGD66DA,190.23,0.0,8.4,無,0435
善化區,土地,慶安段1122地號,67.08,都市：其他:商業區,,,1091203,土地1建物0車位0,,,其他,,,,0.0,0,0,0,有,無,6700000,99881,,0.0,0,,RPTNMLPLKIPFFHD56DA,0.0,0.0,0.0,無,
善化區,房地(土地+建物)+車位,陽光大道５９１號三樓之６,25.44,都市：其他:住宅生活服務區(第四種住宅區)區,,,1091007,土地1建物1車位1,三層,二十二層,住宅大樓(11層含以上有電梯),見其他登記事項,鋼筋混凝土造,1081120,158.59,3,2,2,有,有,8900000,56120,坡道平面,0.0,0,,RPVNMLPLKIPFFHD76DA,71.41,7.71,8.08,有,0436
善化區,房地(土地+建物),小新營１０之２２號二樓之３,19.7,都市：其他:商業區,,,1091001,土地1建物1車位0,二層,六層,華廈(10層含以下有電梯),見其他登記事項,鋼筋混凝土造,1090213,84.02000000000001,2,1,1,有,有,4300000,51178,,0.0,0,,RPQNMLSLKIPFFHD56DA,55.8,0.0,2.94,有,
安定區,土地,港尾段956地號,924.27,,鄉村區,乙種建築用地,1061214,土地1建物0車位0,,,其他,,,,0.0,0,0,0,有,無,16752000,18125,,0.0,0,,RPVOMLOLKIPFFHD76DA,0.0,0.0,0.0,無,
善化區,土地,善新段233地號,654.53,都市：其他:生活服務區(第二種住宅區),,,1091024,土地1建物0車位0,,,其他,,,,0.0,0,0,0,有,無,38800000,59279,,0.0,0,,RPUQMLNLKIPFFHD76DA,0.0,0.0,0.0,無,
山上區,土地,石子崎段140地號,12381.0,,一般農業區,農牧用地,1091117,土地1建物0車位0,,,其他,,,,0.0,0,0,0,有,無,11350000,917,,0.0,0,,RPPNMLOLKIPFFHD68DA,0.0,0.0,0.0,無,
安定區,土地,蘇安段744地號,465.12,,特定農業區,甲種建築用地,1091106,土地1建物0車位0,,,其他,,,,0.0,0,0,0,有,無,5000000,10750,,0.0,0,,RPTPMLNLKIPFFHD56DA,0.0,0.0,0.0,無,0437
善化區,房地(土地+建物),三民路六合巷９弄３號,94.05,都市：其他:住宅區,,,1091015,土地1建物1車位0,全,三層,透天厝,住家用,鋼筋混凝土造,0810317,153.26,4,2,3,有,無,6900000,45022,,0.0,0,含土地增值稅或其他稅費51977元；含地政士服務費9000元；,RPVPMLNLKIPFFHD76DA,142.46,0.0,10.8,無,
新市區,房地(土地+建物),和平街１５４巷７號,106.66,都市：其他:住宅區,,,1091204,土地1建物1車位0,全,二層,透天厝,住家用,加強磚造,0761116,119.6,5,2,2,有,無,8280000,69231,,0.0,0,未登記建物；,RPSNMLTLKIPFFHD86DA,115.88,0.0,3.72,無,
善化區,土地,北子店段一小段84地號,3590.0,,特定農業區,農牧用地,1091120,土地2建物0車位0,,,其他,,,,0.0,0,0,0,有,無,18950000,5279,,0.0,0,,RPQOMLMLKIPFFHD68DA,0.0,0.0,0.0,無,
安定區,土地,港口段2702-1地號,569.67,,鄉村區,乙種建築用地,1090911,土地7建物0車位0,,,其他,,,,0.0,0,0,0,有,無,14280000,25067,,0.0,0,,RPRPMLNLKIPFFHD98DA,0.0,0.0,0.0,無,
左鎮區,土地,左鎮段299-12地號,486.3,,一般農業區,農牧用地,1090915,土地2建物0車位0,,,其他,,,,0.0,0,0,0,有,無,30000,62,,0.0,0,親友、員工、共有人或其他特殊關係間之交易；,RPTNMLSLIIPFFHD66DA,0.0,0.0,0.0,無,
善化區,房地(土地+建物)+車位,小新營１０２之１３號四樓之５,33.48,都市：其他:住宅區,,,1090612,土地1建物1車位1,四層,六層,華廈(10層含以下有電梯),見其他登記事項,鋼筋混凝土造,1091019,111.25,3,2,2,有,有,5210000,46018,一樓平面,17.59,900000,預售屋、或土地及建物分次登記案件；,RPSNMLPJJIPFFHD78DA,64.69,0.0,5.77,有,
善化區,房地(土地+建物)+車位,小新營１０２之１５號三樓之１,33.73,都市：其他:住宅區,,,1090930,土地1建物1車位1,三層,六層,華廈(10層含以下有電梯),見其他登記事項,鋼筋混凝土造,1091019,115.12,3,2,2,有,有,5220000,46035,一樓平面,23.45,1000000,預售屋、或土地及建物分次登記案件；,RPRPMLTJJIPFFHD66DA,65.41,0.0,5.77,有,
新市區,房地(土地+建物),大洲４３之２２號,111.98,,鄉村區,乙種建築用地,1091201,土地3建物1車位0,全,四層,透天厝,見其他登記事項,鋼筋混凝土造,1090522,159.63,3,2,3,有,無,9700000,60766,,0.0,0,陽台外推；,RPPNMLSJKIPFFHD88DA,140.89,0.0,18.74,無,
仁德區,土地,二王段164-8地號,18.19,都市：其他:農業區,,,1091201,土地1建物0車位0,,,其他,,,,0.0,0,0,0,有,無,280000,15393,,0.0,0,,RPRNMLOKKIPFFID88DA,0.0,0.0,0.0,無,0438
仁德區,土地,二王段164-14地號,158.31,都市：其他:農業區,,,1091201,土地1建物0車位0,,,其他,,,,0.0,0,0,0,有,無,1950000,12318,,0.0,0,,RPPPMLLKKIPFFID58DA,0.0,0.0,0.0,無,
關廟區,土地,香洋段302地號,111.0,都市：其他:住宅區,,,1091005,土地4建物0車位0,,,其他,,,,0.0,0,0,0,有,無,1300000,11712,,0.0,0,未登記建物；,RPTOMLOLKIPFFID66DA,0.0,0.0,0.0,無,
仁德區,土地,民安段698地號,127.98,都市：其他:計畫道路用地,,,1091028,土地2建物0車位0,,,其他,,,,0.0,0,0,0,有,無,5400000,42194,,0.0,0,,RPPNMLPLKIPFFID88DA,0.0,0.0,0.0,無,
仁德區,房地(土地+建物),仁義四街９３號,68.77,都市：其他:住宅區,,,1091120,土地2建物1車位0,全,四層,透天厝,見其他登記事項,見其他登記事項,1090602,164.7,5,2,4,有,無,10880000,66060,,0.0,0,,RPRNMLPLKIPFFID09DA,142.33,0.0,22.37,無,
仁德區,房地(土地+建物),新田里民安路二段４５號一樓之２,26.24,都市：其他:住宅區,,,1091126,土地1建物1車位0,一層,六層,華廈(10層含以下有電梯),住家用,鋼筋混凝土造,0820330,126.45,3,2,2,有,無,4700000,37169,,0.0,0,,RPRQMLNLKIPFFID56DA,73.22,9.52,0.0,有,
歸仁區,土地,歸仁南段914-3地號,94.0,,鄉村區,乙種建築用地,1091207,土地1建物0車位0,,,其他,,,,0.0,0,0,0,有,無,1645000,17500,,0.0,0,親友、員工、共有人或其他特殊關係間之交易；,RPUNMLOLKIPFFID66DA,0.0,0.0,0.0,無,
歸仁區,房地(土地+建物),文化街三段５９２巷８弄１號,97.91,都市：其他:住宅區,,,1091030,土地2建物1車位0,全,三層,透天厝,住家用,見其他登記事項,1090512,195.72,5,2,4,有,無,11000000,56203,,0.0,0,,RPUNMLPLKIPFFID76DA,180.63,0.0,15.09,無,
歸仁區,土地,大成段366地號,12.12,都市：其他:道路用地,,,1091217,土地1建物0車位0,,,其他,,,,0.0,0,0,0,有,無,300000,24752,,0.0,0,,RPOOMLPLKIPFFID88DA,0.0,0.0,0.0,無,
歸仁區,房地(土地+建物),保大路二段１２２巷２３弄２４號,902.0,,鄉村區,乙種建築用地,1091103,土地3建物1車位0,全,一層,透天厝,住家用,磚造,,126.51,4,2,2,有,無,32200000,254525,,0.0,0,,RPSNMLSLKIPFFID86DA,126.51,0.0,0.0,無,
仁德區,房地(土地+建物),文賢二街２３巷３之１號,105.6,都市：其他:道路用地,,,1090425,土地2建物1車位0,全,三層,透天厝,住家用,見其他登記事項,1090730,159.43,4,2,4,有,無,8360000,52437,,0.0,0,包含公共設施保留地用地；,RPWOMLPKKIPFFID96DA,149.22,0.0,10.22,無,
仁德區,房地(土地+建物),成功里成功二街６巷３號,67.54,都市：其他:住宅區,,,1091120,土地1建物1車位0,全,二層,透天厝,住家用,加強磚造,0730524,114.19,3,2,2,有,無,5600000,49041,,0.0,0,,RPSPMLOKKIPFFID56DA,105.34,3.63,5.22,無,
歸仁區,土地,媽祖廟段三小段265地號,1866.0,,鄉村區,乙種建築用地,1091126,土地1建物0車位0,,,其他,,,,0.0,0,0,0,有,無,62500000,33494,,0.0,0,,RPPNMLKLKIPFFID38DA,0.0,0.0,0.0,無,0439
仁德區,房地(土地+建物),中洲十一街１３７號,82.7,,鄉村區,乙種建築用地,1091121,土地2建物1車位0,全,四層,透天厝,住家用,見其他登記事項,1090211,178.64,5,2,5,有,無,9500000,53180,,0.0,0,其他增建；,RPQNMLSLKIPFFID66DA,166.45,0.0,12.19,無,
玉井區,土地,豐里段367地號,116.08,,鄉村區,乙種建築用地,1091117,土地3建物0車位0,,,其他,,,,0.0,0,0,0,有,無,880000,7581,,0.0,0,,RPPNMLNLKIPFFJD78DA,0.0,0.0,0.0,無,
玉井區,土地,口宵里段212-42地號,2646.0,,一般農業區,農牧用地,1091222,土地1建物0車位0,,,其他,,,,0.0,0,0,0,有,無,6000000,2268,,0.0,0,,RPQNMLNLKIPFFJD88DA,0.0,0.0,0.0,無,
永康區,房地(土地+建物),大灣路４４巷２０弄１號,82.89,都市：其他:住宅區,,,1081015,土地2建物1車位0,全,四層,透天厝,見其他登記事項,見其他登記事項,1091110,160.14,5,2,5,有,無,11500000,71812,,0.0,0,預售屋、或土地及建物分次登記案件；,RPRPMLOLKIPFFKD76DA,141.26,0.0,18.88,無,
永康區,房地(土地+建物),大灣路４４巷２０弄３號,79.89,都市：其他:住宅區,,,1081029,土地2建物1車位0,全,四層,透天厝,見其他登記事項,見其他登記事項,1091110,157.99,5,2,5,有,無,10880000,68865,,0.0,0,預售屋、或土地及建物分次登記案件；,RPSPMLOLKIPFFKD86DA,139.44,0.0,18.55,無,
永康區,房地(土地+建物),大灣路４４巷２０弄７號,79.89,都市：其他:住宅區,,,1081030,土地2建物1車位0,全,四層,透天厝,見其他登記事項,見其他登記事項,1091110,157.99,5,2,5,有,無,10880000,68865,,0.0,0,預售屋、或土地及建物分次登記案件；,RPUPMLOLKIPFFKD07DA,139.44,0.0,18.55,無,
永康區,房地(土地+建物),大灣路４４巷２０弄９號,79.89,都市：其他:住宅區,,,1081029,土地2建物1車位0,全,四層,透天厝,見其他登記事項,見其他登記事項,1091110,157.99,5,2,5,有,無,10580000,66966,,0.0,0,預售屋、或土地及建物分次登記案件；,RPVPMLOLKIPFFKD17DA,139.44,0.0,18.55,無,
永康區,房地(土地+建物),大灣路４４巷２０弄１１號,79.89,都市：其他:住宅區,,,1081115,土地2建物1車位0,全,四層,透天厝,見其他登記事項,見其他登記事項,1091110,157.99,5,2,5,有,無,10900000,68992,,0.0,0,預售屋、或土地及建物分次登記案件；,RPWPMLOLKIPFFKD27DA,139.44,0.0,18.55,無,
永康區,房地(土地+建物),大灣路４４巷２０弄１３號,79.89,都市：其他:住宅區,,,1081029,土地2建物1車位0,全,四層,透天厝,見其他登記事項,見其他登記事項,1091110,157.99,5,2,5,有,無,10900000,68992,,0.0,0,預售屋、或土地及建物分次登記案件；,RPXPMLOLKIPFFKD37DA,139.44,0.0,18.55,無,
永康區,房地(土地+建物),大灣路４４巷２０弄１５號,90.89,都市：其他:住宅區,,,1080927,土地2建物1車位0,全,四層,透天厝,見其他登記事項,見其他登記事項,1091110,192.17,5,2,5,有,無,12000000,62445,,0.0,0,預售屋、或土地及建物分次登記案件；,RPOQMLOLKIPFFKD56DA,166.33,0.0,25.84,無,
永康區,房地(土地+建物),大灣路４４巷２０弄１７號,92.89,都市：其他:住宅區,,,1081009,土地2建物1車位0,全,四層,透天厝,見其他登記事項,見其他登記事項,1091110,194.7,5,2,5,有,無,12150000,62404,,0.0,0,預售屋、或土地及建物分次登記案件；,RPQQMLOLKIPFFKD76DA,169.65,0.0,25.05,無,
永康區,房地(土地+建物),中正南路７４３巷８之７號,67.08,都市：其他:住宅區,,,1091029,土地2建物1車位0,全,四層,透天厝,住家用,見其他登記事項,1020417,182.88,8,0,8,有,有,11750000,64250,,0.0,0,,RPVQMLOLKIPFFKD27DA,160.72,0.0,22.16,無,
永康區,房地(土地+建物)+車位,安康里中華西街１９６巷４２號六樓之７,11.55,都市：其他:住宅區,,,1091126,土地1建物1車位1,六層,十四層,住宅大樓(11層含以上有電梯),住家用,鋼筋混凝土造,0880824,118.71000000000001,4,2,2,有,有,5000000,42119,坡道機械,13.14,0,土地總價300萬元；建物總價200萬元,RPVOMLPLKIPFFKD17DA,76.07,0.0,6.93,有,
永康區,房地(土地+建物),復國一路２１巷４號,69.95,都市：其他:住宅區,,,1091115,土地1建物1車位0,全,二層,透天厝,住家用,鋼筋混凝土造,0761130,122.3,4,2,2,有,無,7500000,61325,,0.0,0,,RPPNMLSLKIPFFKD76DA,82.12,40.18,0.0,無,
永康區,房地(土地+建物),鹽行里中正北路２３號,28.33,都市：其他:住宅區,,,1091127,土地1建物1車位0,一層，二層，三層，四層，騎樓,十四層,公寓(5樓含以下無電梯),住商用,鋼筋混凝土造,0830922,263.26,5,2,6,有,有,12000000,45582,,0.0,0,,RPOPMLMLKIPFFKD88DA,199.37,0.0,11.01,無,
永康區,房地(土地+建物),鹽行里新行街１３３號十三樓之４,15.47,都市：其他:住宅區,,,1091119,土地1建物1車位0,十三層,十五層,住宅大樓(11層含以上有電梯),住家用,鋼筋混凝土造,0820827,70.69999999999999,1,1,1,有,有,2420000,34229,,0.0,0,,RPPOMLMLKIPFFKD88DA,52.12,0.0,4.54,有,
永康區,房地(土地+建物),國華街１０２巷１１３號九樓之１,19.3,都市：其他:住宅區,,,1091126,土地1建物1車位0,九層,十二層,住宅大樓(11層含以上有電梯),住家用,鋼筋混凝土造,0831006,119.30000000000001,3,2,2,有,有,4200000,35205,,0.0,0,,RPQNMLTKKIPFFKD86DA,81.3,0.0,10.54,有,
永康區,房地(土地+建物),勝利里勝利街４鄰２巷９２弄５３號,77.0,都市：其他:住宅區,,,1091105,土地1建物1車位0,全,二層,透天厝,住家用,加強磚造,0701223,99.99,4,2,4,有,無,11000000,110011,,0.0,0,土地價格：880萬元整建物價格：220萬元整,RPSPMLSKKIPFFKD17DA,92.08,0.0,7.91,無,0440
永康區,房地(土地+建物),中正南路７５號,816.73,都市：其他:工業區,,,1091216,土地9建物2車位0,全,三層,透天厝,住商用,加強磚造,0620300,630.32,0,3,3,有,無,80000000,126920,,0.0,0,親友、員工、共有人或其他特殊關係間之交易；,RPWOMLOKKIPFFKD07DA,630.32,0.0,0.0,無,
安南區,房地(土地+建物),怡安路一段１７１巷６弄１８號,101.22,都市：其他:住宅區,,,1091124,土地1建物1車位0,全,二層,透天厝,住家用,加強磚造,0751230,121.88,2,2,2,有,無,5000000,41024,,0.0,0,含土地增值稅或其他稅費188052元；,RPSNMLPLKIPFFBD58EA,116.67,0.0,5.21,無,
安南區,土地,原佃段336地號,6.21,都市：其他:住宅區,,,1091214,土地1建物0車位0,,,其他,,,,0.0,0,0,0,有,無,187700,30225,,0.0,0,,RPWNMLPLKIPFFBD98EA,0.0,0.0,0.0,無,0441
鹽水區,房地(土地+建物),月津路８５號,96.49,都市：其他:住宅區,,,1091211,土地1建物1車位0,全,二層,透天厝,住家用,加強磚造,0731124,123.57,3,1,2,有,無,2030910,16435,,0.0,0,親友、員工、共有人或其他特殊關係間之交易；,RPPNMLSLKIPFFDD78EA,115.11,0.0,8.46,無,
柳營區,土地,小腿段1040地號,1259.4,,一般農業區,農牧用地,1091222,土地1建物0車位0,,,其他,,,,0.0,0,0,0,有,無,3400000,2700,,0.0,0,,RPPNMLTLKIPFFDD88EA,0.0,0.0,0.0,無,
新營區,土地,新營段720-1地號,63.5,都市：其他:主要計畫道路用地,,,1091221,土地2建物0車位0,,,其他,,,,0.0,0,0,0,有,無,1121606,17663,,0.0,0,公共設施保留地總價5萬包含公共設施保留地用地；,RPTNMLPLKIPFFDD88EA,0.0,0.0,0.0,無,0129
東區,房地(土地+建物),裕農路７７１巷３６號,103.0,都市：其他:細部計畫道路用地,,,1091116,土地2建物1車位0,全,二層,透天厝,住家用,加強磚造,0680126,115.4,6,1,2,有,無,6000000,51993,,0.0,0,親友、員工、共有人或其他特殊關係間之交易；,RPUNMLPLKIPFFCD88EA,115.4,0.0,0.0,無,
歸仁區,房地(土地+建物)+車位,中正南路一段２１８巷２５號二樓之１,36.66,都市：其他:住宅區,,,1091202,土地1建物1車位1,二層,六層,華廈(10層含以下有電梯),住家用,鋼筋混凝土造,0820303,124.03999999999999,3,1,2,有,有,3200000,25798,升降機械,0.0,0,,RPTNMLSJKIPFFID86EA,73.77,0.0,6.59,有,
永康區,土地,西勢段一小段136-1地號,29.0,,特定農業區,農牧用地,1091223,土地1建物0車位0,,,其他,,,,0.0,0,0,0,有,無,240700,8300,,0.0,0,政府機關標讓售；,RPQOMLPLKIPFFKD76EA,0.0,0.0,0.0,無,
永康區,土地,東灣段103地號,10.71,都市：其他:住宅區,,,1091207,土地1建物0車位0,,,其他,,,,0.0,0,0,0,有,無,1679600,156825,,0.0,0,畸零地或有合併使用效益；,RPQNMLSLKIPFFKD96EA,0.0,0.0,0.0,無,
佳里區,土地,營頂段483地號,431.0,,特定農業區,農牧用地,1091030,土地1建物0車位0,,,其他,,,,0.0,0,0,0,有,無,478000,1109,,0.0,0,農地重劃區抵費地.零星集中土地標售,RPPNMLSLKIPFFGD09EA,0.0,0.0,0.0,無,
將軍區,土地,嘉昌段427地號,1815.0,,特定農業區,農牧用地,1091223,土地1建物0車位0,,,其他,,,,0.0,0,0,0,有,無,1833839,1010,,0.0,0,,RPROMLSLKIPFFGD76EA,0.0,0.0,0.0,無,
安定區,土地,港子尾段981地號,540.0,都市：其他:農業區,,,1091214,土地1建物0車位0,,,其他,,,,0.0,0,0,0,有,無,3105000,5750,,0.0,0,,RPRNMLSLKIPFFHD76EA,0.0,0.0,0.0,無,
安定區,土地,港子尾段981-1地號,540.0,都市：其他:農業區,,,1091214,土地1建物0車位0,,,其他,,,,0.0,0,0,0,有,無,3105000,5750,,0.0,0,,RPSNMLSLKIPFFHD86EA,0.0,0.0,0.0,無,
善化區,土地,坐駕段625-6地號,765.0,都市：其他:農業區,,,1091214,土地1建物0車位0,,,其他,,,,0.0,0,0,0,有,無,3442500,4500,,0.0,0,親友、員工、共有人或其他特殊關係間之交易；,RPUOMLSLKIPFFHD17EA,0.0,0.0,0.0,無,
善化區,土地,六分寮段2116地號,3497.0,,特定農業區,農牧用地,1090920,土地1建物0車位0,,,其他,,,,0.0,0,0,0,有,無,9666450,2764,,0.0,0,,RPVOMLSLKIPFFHD27EA,0.0,0.0,0.0,無,
西港區,土地,新樂段334地號,1297.53,,鄉村區,乙種建築用地,1090619,土地4建物0車位0,,,其他,,,,0.0,0,0,0,有,無,14200000,10944,,0.0,0,,RPPPMLRKKIPFFGD09EA,0.0,0.0,0.0,無,
大內區,土地,大內段764-1地號,63.0,,一般農業區,農牧用地,1091218,土地1建物0車位0,,,其他,,,,0.0,0,0,0,有,無,37422,594,,0.0,0,政府機關標讓售；,RPQNMLSLKIPFFFD09EA,0.0,0.0,0.0,無,
麻豆區,土地,安業段234-13地號,1234.5,,鄉村區,乙種建築用地,1091218,土地3建物0車位0,,,其他,,,,0.0,0,0,0,有,無,9029625,7314,,0.0,0,,RPTNMLSLKIPFFFD76EA,0.0,0.0,0.0,無,
官田區,土地,拔子林段218-4地號,500.0,,一般農業區,農牧用地,1091214,土地1建物0車位0,,,其他,,,,0.0,0,0,0,有,無,285000,570,,0.0,0,親友、員工、共有人或其他特殊關係間之交易；,RPOOMLSLKIPFFFD98EA,0.0,0.0,0.0,無,
官田區,土地,社子段530地號,8172.0,,一般農業區,農牧用地,1091109,土地1建物0車位0,,,其他,,,,0.0,0,0,0,有,無,16344000,2000,,0.0,0,,RPPOMLSLKIPFFFD09EA,0.0,0.0,0.0,無,
六甲區,土地,水林段698地號,210.58,,特定農業區,水利用地,1091202,土地3建物0車位0,,,其他,,,,0.0,0,0,0,有,無,279000,1325,,0.0,0,未登記建物；,RPUNMLTLKIPFFFD96EA,0.0,0.0,0.0,無,
白河區,土地,糞箕湖段木屐寮小段290-3地號,578.0,都市：其他:農業區,,,1091127,土地1建物0車位0,,,其他,,,,0.0,0,0,0,有,無,1750000,3028,,0.0,0,,RPPNMLTLKIPFFED98EA,0.0,0.0,0.0,無,0443
新化區,土地,新太段1138-1地號,145.03,都市：其他:住宅區,,,1091209,土地1建物0車位0,,,其他,,,,0.0,0,0,0,有,無,2452000,16907,,0.0,0,二親等間買賣親友、員工、共有人或其他特殊關係間之交易；,RPVNMLTLKIPFFHD27EA,0.0,0.0,0.0,無,
佳里區,土地,唐盟段542地號,2241.24,,工業區,農牧用地,1091215,土地1建物0車位0,,,其他,,,,0.0,0,0,0,有,無,25000000,11155,,0.0,0,,RPWNMLTLKIPFFGD27EA,0.0,0.0,0.0,無,
永康區,房地(土地+建物),大灣路４０巷１９１弄３６號,77.01,都市：其他:住宅區,,,1091128,土地2建物1車位0,全,四層,透天厝,住家用,鋼筋混凝土造,0990402,191.91,5,2,4,有,無,12000000,62529,,0.0,0,,RPPOMLPLKIPFFKD66EA,132.78,0.0,59.13,無,
仁德區,土地,保生段863地號,2185.95,都市：其他:農業區,,,1091209,土地1建物0車位0,,,其他,,,,0.0,0,0,0,有,無,10100000,4620,,0.0,0,,RPPOMLPLKIPFFID09EA,0.0,0.0,0.0,無,
仁德區,土地,保生段862地號,957.74,都市：其他:農業區,,,1091209,土地1建物0車位0,,,其他,,,,0.0,0,0,0,有,無,4400000,4594,,0.0,0,,RPQOMLPLKIPFFID56EA,0.0,0.0,0.0,無,
新營區,房地(土地+建物),太子宮２９７之８號,70.0,都市：其他:住宅區,,,1091016,土地1建物1車位0,全,三層,透天厝,住家用,鋼筋混凝土造,1090830,148.79,4,2,3,有,無,6350000,42678,,0.0,0,,RPQNMLTLKIPFFDD98EA,135.52,0.0,13.3,無,
新營區,房地(土地+建物),太子宮２９７之５號,72.0,都市：其他:住宅區,,,1091220,土地1建物1車位0,全,三層,透天厝,住家用,鋼筋混凝土造,1090830,151.39,4,2,3,有,無,6380000,42143,,0.0,0,,RPRNMLTLKIPFFDD09EA,137.98,0.0,13.41,無,
新營區,房地(土地+建物),太子宮２９７之２３號,87.58,都市：其他:住宅區,,,1091220,土地3建物1車位0,全,三層,透天厝,見其他登記事項,鋼筋混凝土造,1090830,152.2,4,2,3,有,有,5980000,39290,,0.0,0,,RPSNMLTLKIPFFDD56EA,142.44,0.0,9.64,無,
鹽水區,房地(土地+建物),孫厝里羊稠厝６０號,565.0,,鄉村區,乙種建築用地,1091209,土地3建物1車位0,全,一層,透天厝,住家用,磚造,0701110,168.99,4,2,1,有,無,5500000,32546,,0.0,0,,RPVOMLTLKIPFFDD96EA,168.99,0.0,0.0,無,0444
新營區,房地(土地+建物)+車位,中正路５３之６號,17.93,都市：其他:住宅區,,,1091201,土地1建物1車位1,一層，夾層,十五層,住宅大樓(11層含以上有電梯),住家用,鋼筋混凝土造,0840224,159.69,3,2,2,有,無,4650000,29119,坡道平面,0.0,0,夾層；,RPWOMLTLKIPFFDD07EA,86.89,10.87,6.88,有,
安南區,房地(土地+建物),海佃路一段３５２巷６號,86.7,都市：其他:住宅區,,,1091214,土地1建物1車位0,全,二層,透天厝,住家用,加強磚造,0621202,89.0,5,2,2,有,無,5300000,59551,,0.0,0,,RPRNMLTLKIPFFBD88EA,89.0,0.0,0.0,無,
中西區,土地,府前段84地號,2214.31,都市：其他:商業區,,,1090730,土地28建物0車位0,,,其他,,,,0.0,0,0,0,有,無,500000000,225804,,0.0,0,含租約；,RPPNMLSLKIPFFAD48EA,0.0,0.0,0.0,無,
安平區,房地(土地+建物)+車位,平豐路１２２號六樓之３,15.66,都市：其他:住宅區,,,1091130,土地1建物1車位1,六層,二十七層,住宅大樓(11層含以上有電梯),見其他登記事項,見其他登記事項,1050604,118.96000000000001,2,1,1,有,有,5450000,45814,坡道平面,0.0,0,親友、員工、共有人或其他特殊關係間之交易；,RPUNMLSLKIPFFAD98EA,52.49,0.0,4.76,有,0445
安平區,房地(土地+建物),永華十二街２７巷８６號,81.16,都市：其他:特定商業專用區,,,1091217,土地3建物1車位0,全,五層,透天厝,見其他登記事項,見其他登記事項,1001006,220.25,5,2,4,有,無,14800000,67196,,0.0,0,受債權債務關係影響或債務抵償；,RPVNMLSLKIPFFAD09EA,190.21,0.0,29.35,無,0446
北區,建物,南園街１５３巷２號,0.0,,,,1091217,土地0建物1車位0,全,二層,透天厝,住商用,加強磚造,0610829,99.25,5,1,3,有,無,1900000,19144,,0.0,0,親友、員工、共有人或其他特殊關係間之交易；未登記建物；,RPPOMLSLKIPFFAD58EA,99.25,0.0,0.0,無,0447
北區,房地(土地+建物)+車位,開元路５１９號二十樓之１２,11.27,都市：其他:住宅區,,,1091118,土地3建物1車位1,二十層,二十四層,住宅大樓(11層含以上有電梯),見其他登記事項,見其他登記事項,1041105,157.60000000000002,3,1,2,有,有,7700000,48858,坡道平面,32.55,0,親友、員工、共有人或其他特殊關係間之交易；,RPSOMLNLKIPFFAD38EA,74.09,5.97,7.61,有,0448
永康區,土地,南灣段247-1地號,38.52,都市：其他:住宅區,,,1091215,土地2建物0車位0,,,其他,,,,0.0,0,0,0,有,無,2348973,60981,,0.0,0,畸零地或有合併使用效益；,RPQNMLSKKIPFFKD76DA,0.0,0.0,0.0,無,
永康區,土地,南灣段247地號,37.22,都市：其他:住宅區,,,1091215,土地2建物0車位0,,,其他,,,,0.0,0,0,0,有,無,1611963,43309,,0.0,0,畸零地或有合併使用效益；,RPPPMLRKKIPFFKD76DA,0.0,0.0,0.0,無,
永康區,房地(土地+建物),忠孝路４１０巷７０弄１３號,88.36,都市：其他:住宅區,,,1091123,土地2建物1車位0,全,四層,透天厝,見其他登記事項,見其他登記事項,1080725,174.45,5,2,5,有,無,14650000,83978,,0.0,0,陽台外推；其他增建；,RPVNMLSKKIPFFKD27DA,162.51,0.0,11.94,無,0449
永康區,土地,大灣段6277地號,182.0,都市：其他:停車場用地,,,1090717,土地1建物0車位0,,,其他,,,,0.0,0,0,0,有,無,19468831,106972,,0.0,0,,RPPNMLNLKIPFFKD88DA,0.0,0.0,0.0,無,
永康區,土地,蔦松南段757地號,13.22,都市：其他:住宅區,,,1091214,土地2建物0車位0,,,其他,,,,0.0,0,0,0,有,無,288282,21807,,0.0,0,,RPQNMLRLKIPFFKD76DA,0.0,0.0,0.0,無,0450
永康區,土地,蔦松南段758地號,112.37,都市：其他:住宅區,,,1091214,土地1建物0車位0,,,其他,,,,0.0,0,0,0,有,無,2449578,21799,,0.0,0,,RPRNMLRLKIPFFKD86DA,0.0,0.0,0.0,無,0451
永康區,房地(土地+建物),大灣六街９０號,326.17,都市：其他:住宅區,,,1090724,土地3建物1車位0,全,二層,透天厝,住家用,加強磚造,0610110,281.79,6,3,2,有,無,20000000,70975,,0.0,0,,RPWNMLSLKIPFFKD47DA,242.73,0.0,39.06,無,
永康區,房地(土地+建物)+車位,東橋七路１９３號十六樓之３,22.96,都市：其他:住宅區,,,1091201,土地1建物1車位1,十六層,十六層,住宅大樓(11層含以上有電梯),住家用,見其他登記事項,1061114,147.74,3,1,2,有,有,10600000,71748,坡道平面,22.39,0,,RPXNMLSLKIPFFKD57DA,73.76,2.27,7.19,有,0452
永康區,房地(土地+建物)+車位,中山南路２６２巷２號十五樓之９,13.66,都市：其他:住宅區,,,1091201,土地5建物1車位2,十五層,十五層,住宅大樓(11層含以上有電梯),住家用,鋼筋混凝土造,0841204,211.65,3,2,2,有,有,6620000,31278,坡道機械,0.0,0,,RPPOMLSLKIPFFKD86DA,100.61,0.0,13.2,有,0453
永康區,房地(土地+建物),自強路２１７巷２３號,100.02,都市：其他:住宅區,,,1091026,土地2建物1車位0,全,四層,透天厝,見其他登記事項,見其他登記事項,1081107,289.53,5,2,5,有,無,15000000,51808,,0.0,0,土地交易總價900萬 建物交易總價600萬,RPROMLSLKIPFFKD07DA,272.32,0.0,17.21,無,
永康區,房地(土地+建物)+車位,新民街６６巷３號六樓之１,4.99,都市：其他:住宅區,,,1091204,土地1建物1車位1,六層,九層,華廈(10層含以下有電梯),住家用,鋼筋混凝土造,0821230,68.48,1,1,1,有,有,2200000,32126,坡道平面,0.0,0,,RPUOMLSLKIPFFKD37DA,18.15,0.0,2.81,有,
永康區,房地(土地+建物),忠義街６０巷３號十五樓之６,4.73,都市：其他:商業區,,,1091211,土地1建物1車位0,十五層,十五層,住宅大樓(11層含以上有電梯),見其他登記事項,鋼筋混凝土造,0840331,43.58,1,0,1,有,有,1880000,43139,,0.0,0,,RPRNMLPLKIPFFKD66DA,30.64,0.0,4.96,有,
永康區,土地,鹽東段1417地號,77.67,都市：其他:住宅區,,,1091119,土地1建物0車位0,,,其他,,,,0.0,0,0,0,有,無,2073789,26700,,0.0,0,父子親友、員工、共有人或其他特殊關係間之交易；,RPROMLTLKIPFFKD17DA,0.0,0.0,0.0,無,
永康區,房地(土地+建物),中興里中華路２１８之３４號,84.09,都市：其他:住宅區,,,1091201,土地1建物1車位0,全,二層,透天厝,住家用,鋼筋混凝土造,0770519,119.22,4,2,3,有,無,9200000,77168,,0.0,0,其他增建；,RPPNMLTLKIPFFKD86DA,100.08,14.88,4.26,無,
永康區,房地(土地+建物)+車位,六合里新興街８之５號十一樓之１,10.54,都市：其他:住宅區,,,1091122,土地1建物1車位1,十一層,十一層,住宅大樓(11層含以上有電梯),住家用,鋼筋混凝土造,0880519,100.5,3,2,2,有,有,5800000,57711,坡道平面,16.52,0,,RPQNMLTLKIPFFKD96DA,45.73,6.18,7.77,有,
永康區,房地(土地+建物)+車位,東橋七路１９９號六樓之５,22.96,都市：其他:住宅區,,,1091122,土地1建物1車位1,六層,十六層,住宅大樓(11層含以上有電梯),住家用,見其他登記事項,1061114,150.61,3,2,2,有,有,10480000,69584,坡道平面,22.39,0,,RPRNMLTLKIPFFKD07DA,74.94,4.8,5.21,有,0454
永康區,房地(土地+建物)+車位,永二街４１７號五樓之１,19.37,都市：其他:道路用地,,,1091111,土地2建物1車位1,五層,十五層,住宅大樓(11層含以上有電梯),住家用,鋼筋混凝土造,0830504,112.85,3,2,2,有,有,1460000,12938,坡道機械,0.0,0,,RPXOMLTLKIPFFKD77DA,71.84,0.0,9.08,有,0455
永康區,土地,二王段978地號,19.37,都市：其他:道路用地,,,1091111,土地2建物1車位0,五層,十五層,其他,住家用,鋼筋混凝土造,0830504,112.85,0,0,0,有,無,2540000,131131,,0.0,0,,SPXOMLTLKIPFFKD87DA,0.0,0.0,0.0,無,0455
永康區,房地(土地+建物)+車位,東橋七路１９１號十三樓之９,22.96,都市：其他:住宅區,,,1091203,土地1建物1車位1,十三層,十六層,住宅大樓(11層含以上有電梯),住家用,見其他登記事項,1061114,148.34,3,2,2,有,有,9880000,66604,坡道平面,22.39,0,,RPWOMLSLKIPFFKD57DA,74.88,4.6,3.96,有,0457
永康區,房地(土地+建物),永華路３２巷１５號,89.0,都市：其他:住宅區,,,1091207,土地1建物1車位0,全,二層,透天厝,住家用,加強磚造,0771110,103.35,4,2,3,有,無,4150000,40155,,0.0,0,土地買賣價款新台幣：3827500元整、建物買賣價款新台幣：322500元整。親友、員工、共有人或其他特殊關係間之交易；,RPSPMLTLKIPFFKD37DA,97.84,5.51,0.0,無,
永康區,房地(土地+建物),網寮里永二街２４４巷６弄２１號,64.04,都市：其他:住宅區,,,1091125,土地1建物1車位0,全,二層,透天厝,住家用,加強磚造,0681100,102.58,5,3,2,有,無,5750000,56054,,0.0,0,陽台外推；頂樓加蓋；其他增建；,RPXPMLTLKIPFFKD87DA,78.48,15.6,8.5,無,0458
永康區,土地,頂西段374-1地號,179.16,都市：其他:計畫道路用地,,,1091104,土地3建物0車位0,,,其他,,,,0.0,0,0,0,有,無,10000000,55816,,0.0,0,,RPPNMLKMKIPFFKD68DA,0.0,0.0,0.0,無,
永康區,房地(土地+建物)+車位,東橋七路３６１號十六樓之７,16.67,都市：其他:住宅區,,,1091122,土地1建物1車位1,十六層,十八層,住宅大樓(11層含以上有電梯),住家用,見其他登記事項,1071214,108.47999999999999,2,1,1,有,有,8280000,76327,坡道平面,19.23,0,,RPPNMLRLJIPFFKD56DA,49.15,4.56,4.48,有,0459
歸仁區,土地,大成段514-1地號,3006.64,都市：其他:農業區,,,1091113,土地1建物0車位0,,,其他,,,,0.0,0,0,0,有,無,31000000,10311,,0.0,0,,RPRNMLSLKIPFFID76DA,0.0,0.0,0.0,無,
歸仁區,土地,大潭段193-1地號,3537.0,,一般農業區,農牧用地,1091003,土地3建物0車位0,,,其他,,,,0.0,0,0,0,有,無,2916800,825,,0.0,0,,RPVNMLTLKIPFFID27DA,0.0,0.0,0.0,無,
仁德區,土地,長興段913地號,25.82,都市：其他:計畫道路用地,,,1091218,土地1建物0車位0,,,其他,,,,0.0,0,0,0,有,無,273350,10587,,0.0,0,包含公共設施保留地用地；,RPUOMLRKKIPFFID96DA,0.0,0.0,0.0,無,
歸仁區,房地(土地+建物),武東一街４９巷６８號二樓之３,12.91,,一般農業區,甲種建築用地,1091202,土地1建物1車位0,二層,六層,華廈(10層含以下有電梯),住家用,鋼筋混凝土造,0860721,46.57,1,0,1,有,有,1070000,22976,,0.0,0,,RPSOMLPKKIPFFID56DA,27.21,0.0,4.79,有,
歸仁區,房地(土地+建物),辜厝村中正南路一段１１０號八樓之１,15.06,都市：其他:住宅區,,,1091120,土地1建物1車位0,八層,十四層,住宅大樓(11層含以上有電梯),住家用,鋼筋混凝土造,0870421,107.52000000000001,3,2,2,有,有,3620000,33668,,0.0,0,,RPTNMLSLKIPFFID96DA,73.8,0.0,10.38,有,
歸仁區,房地(土地+建物),文化街三段５９２巷８弄１０號,100.04,都市：其他:住宅區,,,1091028,土地3建物1車位0,全,三層,透天厝,住家用,見其他登記事項,1090512,167.92,5,2,3,有,無,9900000,58957,,0.0,0,,RPVNMLPLKIPFFID86DA,143.78,0.0,24.14,無,
歸仁區,土地,歸仁南段944-8地號,95.5,,一般農業區,甲種建築用地,1091211,土地1建物0車位0,,,其他,,,,0.0,0,0,0,有,無,2000000,20942,,0.0,0,原因：1.含未保存建物買賣。2.承買人係房屋使用人。3.土地買賣價款新台幣1961700元整、建物買賣價款新台幣38300元整。,RPPNMLRLKIPFFID09DA,0.0,0.0,0.0,無,0460
歸仁區,土地,歸仁南段944-8地號,95.5,,一般農業區,甲種建築用地,1091211,土地1建物0車位0,,,其他,,,,0.0,0,0,0,有,無,1250000,13089,,0.0,0,原因：1.含未保存建物買賣。2.承買人係房屋使用人。,RPPNMLSLKIPFFID56DA,0.0,0.0,0.0,無,0460
關廟區,房地(土地+建物),民權街１９６巷２３號,81.0,都市：其他:住宅區,,,1091125,土地1建物1車位0,全,三層,透天厝,住家用,見其他登記事項,1071129,173.62,4,2,3,有,無,8500000,48957,,0.0,0,,RPSNMLOLKIPFFID09DA,163.46,0.0,10.16,無,0462
關廟區,房地(土地+建物),香洋村花園街４８號,671.0,都市：其他:住宅區,,,1091005,土地2建物1車位0,全,一層,透天厝,見其他登記事項,鐵造,0690506,189.72,0,0,0,無,無,10064505,53049,,0.0,0,未登記建物；,RPUOMLOLKIPFFID76DA,189.72,0.0,0.0,無,
仁德區,土地,長興段914地號,71.87,都市：其他:計畫道路用地,,,1091201,土地2建物0車位0,,,其他,,,,0.0,0,0,0,有,無,417600,5810,,0.0,0,包含公共設施保留地用地；,RPXNMLLJKIPFFID09DA,0.0,0.0,0.0,無,0463
新市區,土地,港子墘段1264地號,2448.0,,特定農業區,農牧用地,1091123,土地1建物0車位0,,,其他,,,,0.0,0,0,0,有,無,12600000,5147,,0.0,0,,RPVNMLRJKIPFFHD76DA,0.0,0.0,0.0,無,0464
新市區,土地,港子墘段611-5地號,3629.0,,一般農業區,農牧用地,1091221,土地2建物0車位0,,,其他,,,,0.0,0,0,0,有,無,8891050,2450,,0.0,0,,RPVOMLLLKIPFFHD09DA,0.0,0.0,0.0,無,
安定區,土地,港口段3213-1地號,0.69,,鄉村區,交通用地,1091221,土地1建物0車位0,,,其他,,,,0.0,0,0,0,有,無,17000,0,,0.0,0,買賣標的係交通用地,RPSOMLLLKIPFFHD78DA,0.0,0.0,0.0,無,
善化區,房地(土地+建物),大信路５７號六樓之５,24.96,都市：其他:住宅區,,,1070830,土地1建物1車位0,六層,七層,華廈(10層含以下有電梯),見其他登記事項,鋼筋混凝土造,1090923,86.78999999999999,2,1,1,有,有,4750000,54730,,0.0,0,預售屋、或土地及建物分次登記案件；,RPUPMLLKKIPFFHD98DA,55.86,1.32,6.58,有,
安定區,土地,港口段3209-2地號,30.0,,鄉村區,交通用地,1091216,土地2建物0車位0,,,其他,,,,0.0,0,0,0,有,無,886200,29540,,0.0,0,政府機關標讓售；,RPXPMLSLKIPFFHD47DA,0.0,0.0,0.0,無,
善化區,土地,六分寮段1511地號,1098.0,,特定農業區,農牧用地,1091216,土地1建物0車位0,,,其他,,,,0.0,0,0,0,有,無,1833660,1670,,0.0,0,,RPUNMLTLKIPFFHD07DA,0.0,0.0,0.0,無,0465
善化區,土地,善新段119-1地號,2321.85,都市：其他:住宅區,,,1091026,土地1建物0車位0,,,其他,,,,0.0,0,0,0,有,無,175590000,75625,,0.0,0,1.賣方賣清.土地增值稅印花稅登記費產權移轉之地政士服務費由買方負擔.農作物；農業設施；,RPRNMLNLKIPFFHD78DA,0.0,0.0,0.0,無,
善化區,房地(土地+建物),東勢寮２２３之２６號,122.76,,鄉村區,乙種建築用地,1091129,土地2建物1車位0,全,四層,透天厝,住家用,鋼筋混凝土造,1060516,227.24,4,2,4,有,無,9000000,39606,,0.0,0,,RPUPMLMLKIPFFHD56DA,208.13,0.0,19.11,無,
新市區,土地,大社段2065-31地號,1411.7,,鄉村區,乙種建築用地,1090824,土地8建物0車位0,,,其他,,,,0.0,0,0,0,有,無,27990000,19827,,0.0,0,,RPPNMLSLKIPFFHD09DA,0.0,0.0,0.0,無,0466
安定區,土地,蘇厝段1539地號,1434.0,都市：其他:農業區(供申請變更開發為產業支援區),,,1091126,土地3建物0車位0,,,其他,,,,0.0,0,0,0,有,無,26600000,18550,,0.0,0,,RPVOMLSLKIPFFHD17DA,0.0,0.0,0.0,無,0467
善化區,房地(土地+建物),善新大道１０７號,90.9,都市：其他:生活服務區(第三-一種住宅區),,,1090806,土地2建物1車位0,全,四層,透天厝,見其他登記事項,鋼筋混凝土造,1090214,208.35,5,2,6,有,有,14720000,70650,,0.0,0,,RPXOMLSLKIPFFHD37DA,177.58,0.0,30.77,無,
善化區,房地(土地+建物),善新大道１０９號,91.98,都市：其他:生活服務區(第三-一種住宅區),,,1090804,土地2建物1車位0,全,四層,透天厝,見其他登記事項,鋼筋混凝土造,1090214,208.43,5,2,6,有,有,14820000,71103,,0.0,0,,RPOPMLSLKIPFFHD56DA,178.44,0.0,29.99,無,
善化區,房地(土地+建物),善新大道１０５巷３號,76.61,都市：其他:生活服務區(第三-一種住宅區),,,1090729,土地2建物1車位0,全,四層,透天厝,見其他登記事項,鋼筋混凝土造,1090214,196.33,5,2,6,有,有,11750000,59848,,0.0,0,,RPPPMLSLKIPFFHD66DA,168.68,0.0,27.65,無,
安定區,房地(土地+建物),蘇厝３４１之１０號,127.04,,鄉村區,乙種建築用地,1091107,土地1建物1車位0,全,四層,透天厝,住家用,鋼筋混凝土造,1090916,217.55,5,2,5,有,無,12000000,55160,,0.0,0,,RPQOMLPLKIPFFHD98DA,206.84,0.0,10.71,無,
善化區,房地(土地+建物),大信路７號,47.18,都市：其他:商業區,,,1091127,土地1建物1車位0,全,五層,透天厝,住商用,鋼筋混凝土造,0860711,195.16,3,2,5,有,無,12800000,65587,,0.0,0,,RPROMLPLKIPFFHD09DA,195.16,0.0,0.0,無,
安定區,房地(土地+建物),新吉２６５號,71.0,,鄉村區,乙種建築用地,1091216,土地1建物1車位0,全,二層,透天厝,住家用,加強磚造,0660100,94.0,4,2,4,有,無,7050000,75000,,0.0,0,,RPQNMLQLKIPFFHD98DA,94.0,0.0,0.0,無,0468
佳里區,土地,佳東段346地號,1692.15,都市：其他:住宅區,,,1090828,土地4建物0車位0,,,其他,,,,0.0,0,0,0,有,無,66433900,39260,,0.0,0,畸零地或有合併使用效益；,RPVNMLQKKIPFFGD66DA,0.0,0.0,0.0,無,0469
佳里區,土地,佳東段346地號,400.76,都市：其他:住宅區,,,1091101,土地3建物0車位0,,,其他,,,,0.0,0,0,0,有,無,15739000,39273,,0.0,0,畸零地或有合併使用效益；,RPVOMLPKKIPFFGD66DA,0.0,0.0,0.0,無,0469
佳里區,房地(土地+建物),佳里興２４６之２號,95.0,,鄉村區,乙種建築用地,1091213,土地1建物1車位0,全,三層,透天厝,住家用,鋼筋混凝土造,1080419,174.83,4,2,5,有,無,7800000,44615,,0.0,0,其他增建；,RPXNMLMLKIPFFGD56DA,167.65,0.0,7.18,無,0471
學甲區,房地(土地+建物),新榮里東竹圍１３之８號,79.31,都市：其他:住宅區,,,1091204,土地1建物1車位0,全,二層,透天厝,住家用,加強磚造,0730830,108.65,3,2,2,有,無,2900000,26691,,0.0,0,頂樓加蓋；其他增建；,RPPOMLMLKIPFFGD48DA,101.68,0.0,6.97,無,
佳里區,土地,文化段707地號,1269.94,,特定農業區,農牧用地,1091212,土地1建物0車位0,,,其他,,,,0.0,0,0,0,有,無,1460000,1150,,0.0,0,,RPXNMLTLKIPFFGD27DA,0.0,0.0,0.0,無,
七股區,土地,三合段1186地號,1034.0,,特定農業區,農牧用地,1091207,土地1建物0車位0,,,其他,,,,0.0,0,0,0,有,無,1350000,1306,,0.0,0,,RPRPMLTLKIPFFGD86DA,0.0,0.0,0.0,無,0472
北門區,土地,溪底寮段二重港小段263-4地號,55.25,,鄉村區,乙種建築用地,1091029,土地3建物0車位0,,,其他,,,,0.0,0,0,0,有,無,180075,3259,,0.0,0,地清或未辦繼承標售；,RPSPMLTLKIPFFGD96DA,0.0,0.0,0.0,無,
將軍區,土地,山子段1549-4地號,146.0,,特定農業區,農牧用地,1091030,土地1建物0車位0,,,其他,,,,0.0,0,0,0,有,無,114000,781,,0.0,0,農地重劃區抵費地.零星集中土地標售,RPUPMLTLKIPFFGD17DA,0.0,0.0,0.0,無,
西港區,土地,西埔段316地號,245.61,,鄉村區,乙種建築用地,1091208,土地1建物0車位0,,,其他,,,,0.0,0,0,0,有,無,2466000,10040,,0.0,0,土增稅由買方負擔130003元。親友、員工、共有人或其他特殊關係間之交易；,RPROMLOLKIPFFGD88DA,0.0,0.0,0.0,無,
佳里區,房地(土地+建物),平等街１６３巷７號,90.06,都市：其他:住宅區,,,1091208,土地2建物1車位0,全,二層,透天厝,住家用,加強磚造,0660409,92.7,3,2,2,有,無,2320000,25027,,0.0,0,其他增建；,RPVNMLPLKIPFFGD66DA,92.7,0.0,0.0,無,
西港區,房地(土地+建物),竹林里中州３１之１７號,95.59,都市：其他:農業區,,,1091101,土地1建物1車位0,全,三層,透天厝,住家用,鋼筋混凝土造,0870828,152.18,5,2,2,有,無,4800000,31542,,0.0,0,買方買清即買賣過戶之所有稅費及代書費、契稅20868元皆由賣方支付,RPVOMLSLKIPFFGD07DA,133.93,0.0,18.25,無,
北門區,土地,溪底寮段二重港小段278地號,18.5,,鄉村區,乙種建築用地,1091029,土地1建物0車位0,,,其他,,,,0.0,0,0,0,有,無,61050,3300,,0.0,0,畸零地或有合併使用效益；地清或未辦繼承標售；,RPXOMLSLKIPFFGD27DA,0.0,0.0,0.0,無,
北門區,土地,溪底寮段二重港小段278-2地號,8.7,,鄉村區,乙種建築用地,1091029,土地2建物0車位0,,,其他,,,,0.0,0,0,0,有,無,28710,3300,,0.0,0,畸零地或有合併使用效益；地清或未辦繼承標售；,RPOPMLSLKIPFFGD09DA,0.0,0.0,0.0,無,
北門區,土地,溪底寮段二重港小段262-7地號,55.0,,鄉村區,乙種建築用地,1091029,土地2建物0車位0,,,其他,,,,0.0,0,0,0,有,無,179000,3255,,0.0,0,畸零地或有合併使用效益；地清或未辦繼承標售；,RPPPMLSLKIPFFGD56DA,0.0,0.0,0.0,無,
學甲區,土地,興業段798地號,6577.23,都市：其他:乙種工業區,,,1091212,土地11建物0車位0,,,其他,,,,0.0,0,0,0,有,無,119376600,18150,,0.0,0,親友、員工、共有人或其他特殊關係間之交易；,RPVNMLRJJHGGFGD28DA,0.0,0.0,0.0,無,
下營區,土地,麻豆寮段531地號,1179.0,,一般農業區,甲種建築用地,1090619,土地1建物0車位0,,,其他,,,,0.0,0,0,0,無,無,10699425,9075,,0.0,0,未登記建物；,RPROMLPLKIPFFFD88DA,0.0,0.0,0.0,無,
下營區,土地,麻豆寮段1150地號,27274.0,,一般農業區,農牧用地,1090619,土地7建物0車位0,,,其他,,,,0.0,0,0,0,有,無,26570575,974,,0.0,0,,RPOPMLSLKIPFFFD98DA,0.0,0.0,0.0,無,
六甲區,房地(土地+建物),進化街４８號,86.28,都市：其他:住宅區,,,1090305,土地1建物1車位0,全,三層,透天厝,住家用,鋼筋混凝土構造,1091014,155.33,4,2,3,有,無,7500000,48284,,0.0,0,預售屋、或土地及建物分次登記案件；,RPTOMLNLKIPFFFD88DA,143.32,0.0,12.0,無,
六甲區,房地(土地+建物),進化街５０號,86.28,都市：其他:住宅區,,,1090116,土地1建物1車位0,全,三層,透天厝,住家用,鋼筋混凝土構造,1091014,155.33,4,2,3,有,無,7350000,47319,,0.0,0,預售屋、或土地及建物分次登記案件；,RPUOMLNLKIPFFFD98DA,143.32,0.0,12.01,無,
六甲區,房地(土地+建物),進化街５２號,96.77,都市：其他:住宅區,,,1090118,土地1建物1車位0,全,三層,透天厝,住家用,鋼筋混凝土構造,1091014,163.08,4,2,3,有,無,7800000,47829,,0.0,0,預售屋、或土地及建物分次登記案件；,RPVOMLNLKIPFFFD09DA,150.24,0.0,12.84,無,
六甲區,房地(土地+建物),進化街４２巷２號,75.2,都市：其他:住宅區,,,1090329,土地1建物1車位0,全,三層,透天厝,住家用,見其他登記事項,1091014,148.57,5,2,4,有,無,7010000,47183,,0.0,0,預售屋、或土地及建物分次登記案件；,RPWOMLNLKIPFFFD56DA,125.68,0.0,22.9,無,
六甲區,房地(土地+建物),進化街４２巷６號,87.4,都市：其他:住宅區,,,1090211,土地1建物1車位0,全,三層,透天厝,住家用,見其他登記事項,1091014,155.57,5,2,4,有,無,7350000,47246,,0.0,0,預售屋、或土地及建物分次登記案件；,RPXOMLNLKIPFFFD66DA,145.06,0.0,10.5,無,
六甲區,房地(土地+建物),進化街４２巷１號,128.62,都市：其他:住宅區,,,1090928,土地1建物1車位0,全,三層,透天厝,住家用,見其他登記事項,1091014,175.31,5,2,4,有,無,9060000,51680,,0.0,0,預售屋、或土地及建物分次登記案件；,RPOPMLNLKIPFFFD48DA,159.94,0.0,15.37,無,
六甲區,房地(土地+建物),進化街４２巷３號,124.05,都市：其他:住宅區,,,1090225,土地1建物1車位0,全,三層,透天厝,住家用,見其他登記事項,1091014,175.31,5,2,4,有,無,8950000,51052,,0.0,0,預售屋、或土地及建物分次登記案件；,RPPPMLNLKIPFFFD58DA,159.94,0.0,15.37,無,
六甲區,房地(土地+建物),進化街４２巷９號,100.75,都市：其他:住宅區,,,1091018,土地1建物1車位0,全,三層,透天厝,住家用,見其他登記事項,1091014,162.25,5,2,4,有,無,8120000,50046,,0.0,0,預售屋、或土地及建物分次登記案件；,RPQPMLNLKIPFFFD68DA,150.27,0.0,11.98,無,
六甲區,房地(土地+建物),進化街４２巷１１號,99.77,都市：其他:住宅區,,,1091020,土地1建物1車位0,全,三層,透天厝,住家用,見其他登記事項,1091014,162.25,5,2,4,有,無,7880000,48567,,0.0,0,預售屋、或土地及建物分次登記案件；,RPRPMLNLKIPFFFD78DA,150.27,0.0,11.97,無,
六甲區,房地(土地+建物),進化街４２巷８弄６號,84.9,都市：其他:住宅區,,,1090423,土地1建物1車位0,全,三層,透天厝,住家用,見其他登記事項,1091014,137.89,4,2,3,有,無,6760000,49025,,0.0,0,預售屋、或土地及建物分次登記案件；,RPSPMLNLKIPFFFD88DA,128.01,0.0,9.88,無,
六甲區,房地(土地+建物),進化街３８號,112.86,都市：其他:住宅區,,,1090506,土地1建物1車位0,全,三層,透天厝,住家用,鋼筋混凝土構造,1091014,177.06,4,2,3,有,無,8500000,48006,,0.0,0,預售屋、或土地及建物分次登記案件；,RPVNMLNLKIPFFFD98DA,162.33,0.0,14.73,無,
六甲區,房地(土地+建物),進化街４０號,112.74,都市：其他:住宅區,,,1090612,土地1建物1車位0,全,三層,透天厝,住家用,見其他登記事項,1091014,177.42,4,2,3,有,無,8980000,50614,,0.0,0,預售屋、或土地及建物分次登記案件；,RPXNMLNLKIPFFFD56DA,162.55,0.0,14.87,無,
六甲區,房地(土地+建物),進化街４６號,99.74,都市：其他:住宅區,,,1090203,土地1建物1車位0,全,三層,透天厝,住家用,見其他登記事項,1091014,158.65,4,2,3,有,無,8180000,51560,,0.0,0,預售屋、或土地及建物分次登記案件；,RPPOMLNLKIPFFFD48DA,146.58,0.0,12.07,無,
麻豆區,土地,海埤段884地號,82.78,都市：其他:農業區,,,1091120,土地4建物0車位0,,,其他,,,,0.0,0,0,0,有,無,130000,1570,,0.0,0,持分買賣。,RPOOMLOLKIPFFFD48DA,0.0,0.0,0.0,無,
麻豆區,土地,海埤段885地號,34.42,都市：其他:農業區,,,1091120,土地1建物0車位0,,,其他,,,,0.0,0,0,0,有,無,50000,1453,,0.0,0,持分買賣,RPPOMLOLKIPFFFD58DA,0.0,0.0,0.0,無,
麻豆區,土地,大埤段1165地號,800.95,都市：其他:計畫道路用地,,,1091024,土地7建物0車位0,,,其他,,,,0.0,0,0,0,有,無,20540000,25645,,0.0,0,,RPRNMLOLKIPFFFD68DA,0.0,0.0,0.0,無,0473
官田區,房地(土地+建物),官田１８６之２１號,95.81,都市：其他:住宅區,,,1091213,土地1建物1車位0,全,三層,透天厝,見其他登記事項,見其他登記事項,1081212,156.66,5,2,5,有,無,7260000,46342,,0.0,0,,RPVNMLMLKIPFFFD88DA,133.04,0.0,23.62,無,
官田區,房地(土地+建物),官田１８６之１２號,95.81,都市：其他:住宅區,,,1091210,土地1建物1車位0,全,三層,透天厝,見其他登記事項,見其他登記事項,1081212,156.66,5,2,5,有,無,7260000,46342,,0.0,0,,RPWNMLMLKIPFFFD98DA,133.11,0.0,23.55,無,
後壁區,土地,安溪寮段頂寮小段1593地號,1717.0,,特定農業區,農牧用地,1091205,土地1建物0車位0,,,其他,,,,0.0,0,0,0,有,無,2747200,1600,,0.0,0,,RPRNMLTLKIPFFED09DA,0.0,0.0,0.0,無,
後壁區,土地,安溪寮段頂寮小段1680地號,2492.0,,特定農業區,農牧用地,1091211,土地1建物0車位0,,,其他,,,,0.0,0,0,0,有,無,3738000,1500,,0.0,0,,RPSNMLTLKIPFFED56DA,0.0,0.0,0.0,無,
後壁區,房地(土地+建物),後壁區後壁里８鄰後壁２０９之５號,144.29,都市：其他:住宅區,,,1090806,土地2建物1車位0,全,三層,透天厝,見其他登記事項,見其他登記事項,1090915,188.23,4,2,3,有,無,8250000,43829,,0.0,0,,RPOPMLMKJIPFFED08DA,174.68,0.0,13.56,無,
後壁區,土地,下茄苳段1827-1地號,10130.0,,特定農業區,農牧用地,1091126,土地5建物0車位0,,,其他,,,,0.0,0,0,0,無,無,9192975,908,,0.0,0,親友、員工、共有人或其他特殊關係間之交易；,RPSNMLPLKIPFFED78DA,0.0,0.0,0.0,無,
麻豆區,土地,莊禮段242地號,1376.0,,特定農業區,農牧用地,1091202,土地1建物0車位0,,,其他,,,,0.0,0,0,0,有,無,2750000,1999,,0.0,0,,RPQOMLNJKIPFFFD38DA,0.0,0.0,0.0,無,
柳營區,土地,果毅後段2510地號,1349.0,,特定農業區,農牧用地,1091022,土地1建物0車位0,,,其他,,,,0.0,0,0,0,有,無,1473108,1092,,0.0,0,,RPTNMLPLKIPFFDD78DA,0.0,0.0,0.0,無,
柳營區,房地(土地+建物),十美街４７６巷１５號,96.0,都市：其他:住宅區,,,1091208,土地1建物1車位0,全,三層,透天厝,住家用,鋼筋混凝土造,1091029,173.44,5,2,4,有,無,8500000,49008,,0.0,0,,RPUNMLOLKIPFFDD78DA,158.95,0.0,14.49,無,
柳營區,房地(土地+建物),十美街４７６巷１３號,89.0,都市：其他:住宅區,,,1091208,土地1建物1車位0,全,三層,透天厝,住家用,鋼筋混凝土造,1091029,160.06,5,2,4,有,無,8500000,53105,,0.0,0,,RPVNMLOLKIPFFDD88DA,147.14,0.0,12.92,無,
柳營區,房地(土地+建物),十美街４７６巷１１號,89.0,都市：其他:住宅區,,,1091208,土地1建物1車位0,全,三層,透天厝,住家用,鋼筋混凝土造,1091029,160.06,5,2,4,有,無,7750000,48419,,0.0,0,,RPWNMLOLKIPFFDD98DA,147.14,0.0,12.92,無,
柳營區,房地(土地+建物),十美街４７６巷９號,89.0,都市：其他:住宅區,,,1091208,土地1建物1車位0,全,三層,透天厝,住家用,鋼筋混凝土造,1091029,160.06,5,2,4,有,無,7750000,48419,,0.0,0,,RPXNMLOLKIPFFDD09DA,147.14,0.0,12.92,無,
柳營區,房地(土地+建物),十美街４７６巷７號,89.0,都市：其他:住宅區,,,1091208,土地1建物1車位0,全,三層,透天厝,住家用,鋼筋混凝土造,1091029,160.06,5,2,4,有,無,7800000,48732,,0.0,0,,RPOOMLOLKIPFFDD28DA,147.14,0.0,12.92,無,
柳營區,房地(土地+建物),十美街４７６巷５號,91.0,都市：其他:住宅區,,,1091208,土地1建物1車位0,全,三層,透天厝,住家用,鋼筋混凝土造,1091029,162.31,5,2,4,有,無,7800000,48056,,0.0,0,,RPPOMLOLKIPFFDD38DA,149.2,0.0,13.11,無,
鹽水區,土地,南港段947地號,159.64,,鄉村區,乙種建築用地,1091222,土地3建物0車位0,,,其他,,,,0.0,0,0,0,有,無,1200000,7517,,0.0,0,,RPROMLTLKIPFFDD09DA,0.0,0.0,0.0,無,
鹽水區,土地,義稠段471-2地號,20.35,都市：其他:住宅區,,,1091217,土地2建物0車位0,,,其他,,,,0.0,0,0,0,有,無,318770,15664,,0.0,0,政府機關標讓售；,RPXOMLTLKIPFFDD07DA,0.0,0.0,0.0,無,
南區,房地(土地+建物),體育路４３巷５５之３號,36.29,都市：其他:住宅區,,,1091116,土地3建物1車位0,四層，電梯樓梯間,五層,公寓(5樓含以下無電梯),住家用,鋼筋混凝土造,0700911,102.15,3,2,2,有,無,3780000,37004,,0.0,0,陽台外推；,RPTOMLPLKIPFFCD78DA,85.35,0.0,16.8,無,0474
東區,房地(土地+建物),前鋒路５３號,101.0,都市：其他:第五種住宅區,,,1091004,土地1建物1車位0,全,三層,透天厝,住商用,鋼筋混凝土造,0731103,233.51,5,3,5,有,無,13500000,57813,,0.0,0,陽台外推；頂樓加蓋；其他增建；,RPQPMLOLKIPFFCD48DA,201.13,0.0,32.38,無,
東區,房地(土地+建物),林森路二段１９２巷３０號,54.0,都市：其他:第五種住宅區,,,1091126,土地1建物1車位0,全,二層,透天厝,住商用,加強磚造,0620118,101.0,3,1,3,有,無,2410700,23868,,0.0,0,,RPPNMLSLKIPFFCD58DA,101.0,0.0,0.0,無,
南區,房地(土地+建物),中華南路二段５３巷１２９號,96.0,都市：其他:住宅區,,,1091204,土地2建物1車位0,全,四層,透天厝,見其他登記事項,見其他登記事項,1090806,187.82,4,3,4,有,無,17000000,90512,,0.0,0,,RPPRMLNLKIPFFCD48DA,161.48,0.0,26.34,無,
東區,房地(土地+建物),崇善十一街１２巷１７弄６之４號,21.16,都市：其他:第五種住宅區,,,1091110,土地1建物1車位0,五層,五層,公寓(5樓含以下無電梯),住家用,鋼筋混凝土造,0701222,95.66999999999999,3,2,1,有,無,4300000,44946,,0.0,0,,RPPNMLQJKIPFFCD18DA,68.49,0.0,9.11,無,0475
南區,房地(土地+建物),新興路４６１巷１２之４號,24.83,都市：其他:住宅區,,,1091113,土地4建物1車位0,五層,五層,公寓(5樓含以下無電梯),住家用,鋼筋混凝土造,0720602,93.99,3,1,1,有,無,1800000,19151,,0.0,0,,RPSNMLPJKIPFFCD38DA,62.47,0.0,11.0,無,
東區,房地(土地+建物),崇德十九街１０號二樓之１,10.28,都市：其他:鄰里商業區,,,1091124,土地1建物1車位0,二層,八層,華廈(10層含以下有電梯),住家用,鋼筋混凝土造,0821122,73.99,2,1,1,有,有,3800000,51358,,0.0,0,,RPSOMLLKKIPFFCD18DA,54.5,0.0,4.72,有,
東區,房地(土地+建物)+車位,崇德十八街２０號三樓,18.68,都市：其他:鄰里商業區,,,1091123,土地1建物1車位1,三層,六層,華廈(10層含以下有電梯),住家用,鋼筋混凝土造,0820216,117.73,3,2,2,有,有,5760000,48926,升降機械,0.0,0,,RPTNMLTKKIPFFCD98DA,77.68,0.0,6.89,有,0476
南區,房地(土地+建物),明興路６８１巷５２弄４６號,141.87,都市：其他:住宅區,,,1091108,土地2建物1車位0,全,四層,透天厝,見其他登記事項,見其他登記事項,0951024,224.92,5,2,4,有,無,13660000,60733,,0.0,0,,RPQNMLTKKIPFFCD68DA,199.87,0.0,25.05,無,
安南區,房地(土地+建物),府安路七段３７巷５號,232.53,都市：其他:住宅區,,,1091212,土地1建物1車位0,全,一層,透天厝,住家用,加強磚造,0690603,92.76,2,2,1,有,無,17600000,189737,,0.0,0,,RPSNMLQKKIPFFBD48DA,92.76,0.0,0.0,無,0477
安南區,房地(土地+建物),大眾二街７５巷８號,242.48,都市：其他:住宅區,,,1090727,土地2建物1車位0,全,二層,透天厝,見其他登記事項,鋼筋混凝土造,1080221,203.01000000000002,3,1,3,有,無,15470000,76203,,0.0,0,,RPPOMLMLKIPFFBD97DA,201.46,0.0,0.0,無,
安南區,房地(土地+建物),北安路三段３７４號,98.61,都市：其他:住宅區,,,1091121,土地1建物1車位0,全,五層,透天厝,住商用,鋼筋混凝土造,0820310,282.24,7,4,5,有,無,15600000,55272,,0.0,0,,RPSOMLLLKIPFFBD18DA,271.48,0.0,10.76,無,
安南區,土地,土城段995地號,440.41,都市：其他:住宅區,,,1090819,土地4建物0車位0,,,其他,,,,0.0,0,0,0,有,無,7320000,16621,,0.0,0,,RPPOMLOLKIPFFBD18DA,0.0,0.0,0.0,無,
安南區,房地(土地+建物),公學路六段４６９巷５０弄３號,107.73,都市：其他:住宅區,,,1091130,土地1建物1車位0,全,二層,透天厝,住家用,鋼筋混凝土造,0800402,150.18,5,2,5,有,無,7350000,48941,,0.0,0,,RPSNMLPLKIPFFBD48DA,144.28,0.0,5.92,無,
安南區,土地,總安段1064地號,522.02,都市：其他:住宅區,,,1091202,土地1建物0車位0,,,其他,,,,0.0,0,0,0,有,無,38000000,72794,,0.0,0,,RPOOMLPLKIPFFBD18DA,0.0,0.0,0.0,無,
安南區,房地(土地+建物),長溪路三段３７３巷１２０號,152.76,都市：其他:住宅區,,,1091122,土地2建物1車位0,全,三層,透天厝,住家用,鋼筋混凝土造,0830624,297.73,5,5,2,有,無,9500000,31908,,0.0,0,,RPPOMLPLKIPFFBD28DA,277.33,0.0,20.4,無,
安南區,土地,海西段192地號,163.54,都市：其他:農業區,,,1091211,土地1建物0車位0,,,其他,,,,0.0,0,0,0,有,無,600000,3669,,0.0,0,,RPVNMLSLKIPFFBD09DA,0.0,0.0,0.0,無,
安南區,房地(土地+建物),安寧街９１巷４９號,39.68,都市：其他:住宅區,,,1091218,土地1建物1車位0,全,二層,透天厝,住家用,加強磚造,0790426,41.84,2,1,1,有,無,1300000,31071,,0.0,0,親友、員工、共有人或其他特殊關係間之交易；,RPWNMLSLKIPFFBD56DA,40.21,0.0,1.63,無,
安南區,土地,州南段1581-1地號,298.8,都市：其他:住宅區,,,1090530,土地2建物0車位0,,,其他,,,,0.0,0,0,0,有,無,24000000,80321,,0.0,0,,RPXNMLSLKIPFFBD66DA,0.0,0.0,0.0,無,0478
安南區,房地(土地+建物),城西街二段２６３巷７０弄１之１號,114.85,都市：其他:住宅區,,,1091031,土地1建物1車位0,全,三層,透天厝,住家用,鋼筋混凝土造,1090930,191.01,4,2,3,有,無,8000000,41883,,0.0,0,,RPOOMLSLKIPFFBD48DA,173.63,0.0,17.38,無,
安南區,土地,土城段964-1地號,238.48,都市：其他:住宅區,,,1090908,土地2建物0車位0,,,其他,,,,0.0,0,0,0,有,無,3946404,16548,,0.0,0,預售屋、或土地及建物分次登記案件；,RPWNMLTLKIPFFBD66DA,0.0,0.0,0.0,無,
安平區,房地(土地+建物),安平路８０巷２０號,61.02,都市：其他:住宅區,,,1091130,土地1建物1車位0,全,二層,透天厝,住家用,加強磚造,0621020,95.0,4,2,3,有,無,4950000,52105,,0.0,0,,RPOOMLPKKIPFFAD97DA,95.0,0.0,0.0,無,
安平區,土地,新南段91-11地號,188.0,都市：其他:住宅區,,,1091124,土地1建物0車位0,,,其他,,,,0.0,0,0,0,有,無,21000000,111702,,0.0,0,,RPUNMLQKKIPFFAD58DA,0.0,0.0,0.0,無,
安平區,房地(土地+建物)+車位,永華五街８號七樓,9.16,都市：其他:商業區,,,1090802,土地1建物1車位1,七層,二十九層,住宅大樓(11層含以上有電梯),見其他登記事項,見其他登記事項,1070921,182.64,3,2,2,有,有,14850000,86012,坡道機械,23.36,1150000,,RPOPMLRKKIPFFAD28DA,99.3,0.77,9.66,有,
安平區,房地(土地+建物)+車位,永華五街８號十七樓,9.81,都市：其他:商業區,,,1090811,土地1建物1車位1,十七層,二十九層,住宅大樓(11層含以上有電梯),見其他登記事項,見其他登記事項,1070921,195.74,3,2,2,有,有,19050000,109242,坡道平面,36.46,1650000,實品屋,RPVOMLRKKIPFFAD88DA,99.3,0.77,9.66,有,
北區,房地(土地+建物)+車位,開元路５２３號六樓之５,8.34,都市：其他:住宅區,,,1091130,土地3建物1車位1,六層,二十四層,住宅大樓(11層含以上有電梯),見其他登記事項,見其他登記事項,1041105,117.69,2,2,1,有,有,6600000,64599,坡道平面,32.55,1100000,,RPOOMLMJKIPFFAD57DA,49.47,2.14,8.21,有,0479
中西區,土地,中山段287地號,5.89,都市：其他:商業區,,,1091110,土地1建物0車位0,,,其他,,,,0.0,0,0,0,有,無,250000,42445,,0.0,0,,RPQNMLQKJIPFFAD08DA,0.0,0.0,0.0,無,
中西區,房地(土地+建物),海安路二段４０１號七樓之８,2.89,都市：其他:商業區,,,1060605,土地1建物1車位0,七層,十二層,住宅大樓(11層含以上有電梯),住家用,鋼筋混凝土造,0850725,28.990000000000002,1,0,1,有,有,680000,23456,,0.0,0,,RPWNMLPLKIPFFAD78DA,20.51,0.0,0.0,有,
安平區,土地,金城段8-3地號,215.0,都市：其他:住宅區,,,1091101,土地1建物0車位0,,,其他,,,,0.0,0,0,0,有,無,20500000,95349,,0.0,0,,RPQNMLTLKIPFFAD58DA,0.0,0.0,0.0,無,
北區,房地(土地+建物),開元路５１９號十二樓之１３,6.42,都市：其他:住宅區,,,1091129,土地3建物1車位0,十二層,二十四層,住宅大樓(11層含以上有電梯),見其他登記事項,見其他登記事項,1041105,86.72,2,2,1,有,有,5350000,61693,,0.0,0,,RPVOMLPLKIPFFAD78DA,50.03,1.82,8.95,有,0480
中西區,房地(土地+建物),永華路一段２５０巷２號五樓之３,11.07,都市：其他:住宅區,,,1091203,土地1建物1車位0,五層,七層,華廈(10層含以下有電梯),住家用,鋼筋混凝土造,0701219,57.78,3,1,1,有,無,3150000,54517,,0.0,0,,RPWOMLPLKIPFFAD88DA,46.88,0.0,4.42,有,
安平區,房地(土地+建物)+車位,健康路三段３０９號二十三樓之２,7.97,都市：其他:商業區,,,1091202,土地1建物1車位1,二十三層,二十七層,住宅大樓(11層含以上有電梯),見其他登記事項,見其他登記事項,1051109,117.66999999999999,2,2,1,有,有,6450000,54814,坡道平面,0.0,0,,RPSOMLTLKIPFFAD88DA,50.11,2.68,5.01,有,0481
安平區,房地(土地+建物),永華八街２號六樓之３,6.63,都市：其他:社區商業區,,,1091201,土地1建物1車位0,六層,十四層,住宅大樓(11層含以上有電梯),見其他登記事項,鋼筋混凝土造,0960719,68.12,1,1,1,有,有,3860000,56665,,0.0,0,,RPTPMLNLKIPFFAD48DA,43.74,0.0,4.07,有,
安平區,房地(土地+建物)+車位,建平八街４５０巷１號六樓之８,17.1,都市：其他:住宅區,,,1091120,土地2建物1車位1,六層,九層,華廈(10層含以下有電梯),住家用,鋼筋混凝土造,0830330,125.71,3,2,2,有,有,5750000,45740,坡道平面,0.0,0,陽台外推；,RPXQMLNLKIPFFAD98DA,66.39,0.0,15.35,有,0482
北區,房地(土地+建物),和緯路四段９５巷６３號五樓,20.2,都市：其他:住宅區,,,1091027,土地2建物1車位0,五層,五層,公寓(5樓含以下無電梯),住家用,鋼筋混凝土造,0701017,77.09,3,2,1,有,無,3000000,38916,,0.0,0,頂樓加蓋；,RPTOMLOLKIPFFAD48DA,59.93,0.0,4.63,無,0483
中西區,房地(土地+建物),大同路一段１０８號,131.66,都市：其他:商業區,,,1090915,土地2建物2車位0,全,二層,透天厝,商業用,見其他登記事項,0560531,208.4,1,4,3,有,無,21795000,104583,,0.0,0,,RPTPMLOLKIPFFAD58DA,208.4,0.0,0.0,無,
中西區,房地(土地+建物),大同路一段１０６號,60.14,都市：其他:商業區,,,1090915,土地1建物1車位0,全,二層,透天厝,商業用,見其他登記事項,0560531,92.61,1,1,1,有,無,10000000,107980,,0.0,0,,TPTPMLOLKIPFFAD78DA,92.61,0.0,0.0,無,
中西區,房地(土地+建物),大同路一段１０４號,126.09,都市：其他:商業區,,,1090915,土地1建物2車位0,全,三層,透天厝,住家用,加強磚造,0571108,196.08,5,7,8,有,無,24030000,122552,,0.0,0,,UPTPMLOLKIPFFAD88DA,196.08,0.0,0.0,無,
中西區,房地(土地+建物),大同路一段１００號,61.37,都市：其他:商業區,,,1090915,土地1建物1車位0,全,二層,透天厝,住商用,磚造,0510000,104.32,2,1,2,有,無,16000000,153374,,0.0,0,,VPTPMLOLKIPFFAD98DA,104.32,0.0,0.0,無,
中西區,房地(土地+建物),大同路一段１１８號,72.22,都市：其他:商業區,,,1090915,土地1建物1車位0,全,二層,透天厝,住家用,加強磚造,0550314,89.5,2,2,2,有,無,8000000,89385,,0.0,0,,WPTPMLOLKIPFFAD09DA,89.5,0.0,0.0,無,
中西區,房地(土地+建物),大同路一段１１６號,88.55,都市：其他:商業區,,,1090915,土地1建物1車位0,全,二層,透天厝,住家用,加強磚造,0580715,108.44,2,2,2,有,無,10300000,94983,,0.0,0,,XPTPMLOLKIPFFAD56DA,108.44,0.0,0.0,無,
中西區,房地(土地+建物)+車位,華平路９８０號二十四樓,25.43,都市：其他:住宅區,,,1091109,土地1建物1車位2,二十四層,二十四層,住宅大樓(11層含以上有電梯),見其他登記事項,見其他登記事項,1060810,303.58000000000004,3,2,2,有,有,21790000,80025,坡道平面,58.78,2200000,雨遮面積3.57平方公尺，不予計價,RPPNMLMLKIPFFAD77DA,139.78,3.57,23.14,有,
北區,土地,立人段103-10地號,186.0,都市：其他:住宅區,,,1091214,土地7建物0車位0,,,其他,,,,0.0,0,0,0,有,無,23980000,128925,,0.0,0,政府機關標讓售；,RPXOMLNLKIPFFAD78DA,0.0,0.0,0.0,無,
安平區,土地,金城段39-2地號,280.0,都市：其他:特定住宅專用區,,,1091026,土地1建物0車位0,,,其他,,,,0.0,0,0,0,有,無,19320000,69000,,0.0,0,,RPQPMLNLKIPFFAD18DA,0.0,0.0,0.0,無,0484
安平區,房地(土地+建物)+車位,永華八街６號五樓之６,6.99,都市：其他:社區商業區,,,1091215,土地1建物1車位1,五層,十四層,住宅大樓(11層含以上有電梯),見其他登記事項,鋼筋混凝土造,0960719,102.65,2,1,1,有,有,5500000,53580,坡道平面,0.0,0,,RPWOMLTLKIPFFAD66DA,47.86,0.54,2.67,有,0485
安平區,房地(土地+建物)+車位,平通路５８０巷１０３號五樓之８,18.25,都市：其他:住宅區,,,1091217,土地5建物1車位1,五層,十層,華廈(10層含以下有電梯),住家用,鋼筋混凝土造,0850822,142.57,3,2,2,有,有,7500000,52606,坡道平面,0.0,0,,RPPPMLTLKIPFFAD68DA,73.7,2.88,13.16,有,
安平區,房地(土地+建物)+車位,育平五街６８號十四樓之１,9.98,都市：其他:住宅區,,,1091211,土地1建物1車位2,十四層,二十層,住宅大樓(11層含以上有電梯),住家用,鋼筋混凝土造,0871121,154.67000000000002,3,2,2,有,有,6500000,42025,坡道平面,37.78,0,,RPSPMLTLKIPFFAD98DA,82.59,0.0,9.07,有,
中西區,土地,永福段118地號,116.61,都市：其他:商業區,,,1091117,土地1建物0車位0,,,其他,,,,0.0,0,0,0,有,無,8110000,69548,,0.0,0,,RPTPMLTLKIPFFAD09DA,0.0,0.0,0.0,無,0486
安平區,房地(土地+建物),國平路５６６號,81.54,都市：其他:商業區,,,1091006,土地1建物1車位0,全,四層,透天厝,見其他登記事項,見其他登記事項,0940706,219.03,3,3,2,有,無,16550000,75560,,0.0,0,,RPSNMLKMKIPFFAD97DA,186.46,0.0,32.57,無,0487
安平區,房地(土地+建物),光州七街３７號,130.0,都市：其他:住宅區,,,1091204,土地1建物1車位0,全,四層,透天厝,住商用,鋼筋混凝土造,0840703,345.79,6,2,6,有,無,26000000,75190,,0.0,0,,RPVNMLKMKIPFFAD28DA,323.33,0.0,22.46,有,
中西區,房地(土地+建物),頂美三街１２１巷９３弄９１號,73.97,都市：其他:住宅區,,,1091204,土地4建物1車位0,全,五層,透天厝,見其他登記事項,鋼筋混凝土造,0930112,187.88,5,2,4,有,無,14500000,77177,,0.0,0,包含公共設施保留地用地；,RPSPMLOLKIPFFAD48DA,160.15,0.0,27.73,無,0488
安平區,房地(土地+建物),建平七街７５４號,83.0,都市：其他:住宅區,,,1091110,土地1建物1車位0,全,四層,透天厝,住商用,鋼筋混凝土造,0830222,204.11,5,1,6,有,無,11300000,55362,,0.0,0,,RPSNMLTLKIPFFAD78DA,180.96,0.0,23.15,無,
安平區,房地(土地+建物)+車位,建平八街４５０巷１號三樓之６,20.36,都市：其他:住宅區,,,1091204,土地2建物1車位1,三層,九層,華廈(10層含以下有電梯),住家用,鋼筋混凝土造,0830330,148.49,3,2,2,有,有,6000000,40407,坡道平面,0.0,0,陽台外推；,RPVOMLSLKIPFFAD09DA,66.52,18.84,12.6,有,0489
北區,土地,大豐段167地號,44.55,都市：其他:住宅區,,,1091209,土地1建物0車位0,,,其他,,,,0.0,0,0,0,有,無,3189887,71602,,0.0,0,親友、員工、共有人或其他特殊關係間之交易；,RPTNMLSLKIPFFAD78DA,0.0,0.0,0.0,無,
中西區,房地(土地+建物),府前路二段２５８巷５３號五樓,32.66,都市：其他:住宅區,,,1091122,土地1建物1車位0,五層,五層,公寓(5樓含以下無電梯),住家用,鋼筋混凝土造,0760110,97.68,2,2,1,有,無,3500000,35831,,0.0,0,陽台外推；,RPOOMLSLKIPFFAD38DA,73.67,0.0,12.33,無,0490
北區,房地(土地+建物),大武街３８１巷２號,63.96,都市：其他:住宅區,,,1091129,土地1建物1車位0,全,二層,透天厝,住家用,加強磚造,0700115,77.44,4,2,3,有,無,6380000,82386,,0.0,0,頂樓加蓋；其他增建；,RPSOMLSLKIPFFAD78DA,77.44,0.0,0.0,無,0491
中西區,房地(土地+建物),康樂街２２７號,50.56,都市：其他:商業區,,,1091101,土地1建物1車位0,全,三層,透天厝,住家用,加強磚造,0591006,157.75,3,2,3,有,無,13830000,87670,,0.0,0,,RPROMLLMKIPFFAD08DA,157.75,0.0,0.0,無,
安平區,房地(土地+建物),育平九街３７２巷８９弄７７號,105.6,都市：其他:住宅區,,,1090624,土地1建物1車位0,全,四層,透天厝,見其他登記事項,見其他登記事項,1060817,304.13,5,2,6,有,無,23200000,76283,,0.0,0,,RPPOMLNJKIPFFAD77DA,281.13,0.0,23.0,有,
安平區,房地(土地+建物),永華六街１９６號之６,77.0,都市：其他:住宅區,,,1091202,土地1建物1車位0,全,五層,透天厝,見其他登記事項,鋼筋混凝土造,0861209,237.91,4,2,3,有,無,14800000,62208,,0.0,0,,RPUNMLNJKIPFFAD18DA,208.21,0.0,29.7,無,0492
安平區,房地(土地+建物)+車位,國平路５８７號二樓之２,8.91,都市：其他:商業區,,,1091116,土地1建物1車位1,二層,十四層,住宅大樓(11層含以上有電梯),集合住宅,ＲＣ造,0950406,127.77000000000001,3,2,2,有,有,5730000,44846,坡道機械,0.0,0,,RPQPMLRJKIPFFAD38DA,59.57,0.0,18.24,有,
安平區,房地(土地+建物)+車位,永華路二段２８８號十五樓,9.3,都市：其他:商業區,,,1090802,土地1建物1車位1,十五層,二十九層,住宅大樓(11層含以上有電梯),見其他登記事項,見其他登記事項,1070921,185.26,3,2,2,有,有,16050000,92032,坡道機械,23.36,1150000,,RPWOMLRKKIPFFAD98DA,100.35,0.77,10.42,有,
安平區,房地(土地+建物)+車位,永華五街６號二十四樓,7.4,都市：其他:商業區,,,1090802,土地1建物1車位1,二十四層,二十九層,住宅大樓(11層含以上有電梯),見其他登記事項,見其他登記事項,1070921,146.74,2,2,2,有,有,12420000,92965,坡道機械,23.36,950000,,RPSOMLRKKIPFFAD58DA,76.09,0.0,8.94,有,
安平區,房地(土地+建物)+車位,永華路二段２８６號二十三樓,8.9,都市：其他:商業區,,,1090801,土地1建物1車位1,二十三層,二十九層,住宅大樓(11層含以上有電梯),見其他登記事項,見其他登記事項,1070921,177.39,4,2,2,有,有,15410000,93229,坡道機械,23.36,1050000,,RPPPMLRKKIPFFAD38DA,95.77,0.85,9.48,有,
安平區,房地(土地+建物)+車位,永華五街１０號十七樓,8.63,都市：其他:商業區,,,1090802,土地1建物1車位1,十七層,二十九層,住宅大樓(11層含以上有電梯),見其他登記事項,見其他登記事項,1070921,172.17000000000002,2,2,2,有,有,15130000,93945,坡道機械,23.36,1150000,,RPRPMLRKKIPFFAD58DA,92.77,2.89,6.97,有,
安平區,房地(土地+建物)+車位,永華五街８號十九樓,9.16,都市：其他:商業區,,,1090802,土地1建物1車位1,十九層,二十九層,住宅大樓(11層含以上有電梯),見其他登記事項,見其他登記事項,1070921,182.64,3,2,2,有,有,15990000,93797,坡道機械,23.36,1050000,,RPSPMLRKKIPFFAD68DA,99.3,0.77,9.66,有,
北區,土地,北元段518-2地號,223.67,都市：其他:住宅區,,,1091129,土地2建物0車位0,,,其他,,,,0.0,0,0,0,有,無,24020000,107390,,0.0,0,,RPUPMLTJKIPFFAD98DA,0.0,0.0,0.0,無,
安南區,房地(土地+建物),安通二街１３６巷３０號,143.07,都市：其他:住宅區,,,1091125,土地1建物1車位0,全,四層,透天厝,住家用,,,268.63,6,2,5,有,無,20000000,74452,,0.0,0,,RPQNMLTLKIPFFBD68DA,246.2,0.0,22.43,無,
安南區,房地(土地+建物),府安路四段９１巷８弄２號,91.03,都市：其他:住宅區,,,1090825,土地1建物1車位0,全,二層,透天厝,住家用,,,87.04,4,2,4,有,無,5000000,57445,,0.0,0,頂樓加蓋；其他增建；,RPSNMLTLKIPFFBD88DA,87.04,0.0,0.0,無,0493
安南區,房地(土地+建物)+車位,館前二路１８６號一樓之２,64.84,都市：其他:住宅區,,,1091128,土地1建物1車位1,一層,五層,華廈(10層含以下有電梯),,,1041204,221.91000000000003,3,2,3,有,有,9300000,43654,坡道平面,34.07,1100000,,RPRNMLSLKIPFFBD68DA,116.12,0.0,11.67,有,
安南區,房地(土地+建物),安中路一段７０２巷６３之１號,69.08,都市：其他:住宅區,,,1091203,土地14建物1車位0,二層,四層,公寓(5樓含以下無電梯),見其他登記事項,,,102.79,3,2,2,有,無,2500000,24324,,0.0,0,,RPXOMLLLKIPFFBD68DA,81.04,0.0,10.7,無,
安南區,房地(土地+建物),長溪路三段２１８之２號,93.36,都市：其他:住宅區,,,1091130,土地1建物1車位0,全,四層,透天厝,見其他登記事項,,,181.4,6,2,5,有,無,11160000,61521,,0.0,0,其他增建；,RPPNMLOLKIPFFBD08DA,170.13,0.0,11.27,無,
安南區,房地(土地+建物),安和路五段３３６巷５弄４５號,98.21,都市：其他:住宅區,,,1091130,土地2建物1車位0,全,二層,透天厝,,,,209.42000000000002,5,2,3,有,無,7400000,35336,,0.0,0,,RPQNMLKKKIPFFBD67DA,161.32,22.64,7.56,無,
安南區,土地,海南段99-2地號,41.57,都市：其他:細部計畫道路用地,,,1090708,土地2建物0車位0,,,其他,,,,0.0,0,0,0,有,無,150000,3608,,0.0,0,包含公共設施保留地用地；,RPQRNLPKJIPFFBD58DA,0.0,0.0,0.0,無,0494
安南區,土地,海南段99-2地號,41.57,都市：其他:細部計畫道路用地,,,1090708,土地2建物0車位0,,,其他,,,,0.0,0,0,0,有,無,150000,3608,,0.0,0,包含公共設施保留地用地；,RPRRNLPKJIPFFBD68DA,0.0,0.0,0.0,無,0494
安南區,土地,海南段99-2地號,41.57,都市：其他:細部計畫道路用地,,,1090708,土地2建物0車位0,,,其他,,,,0.0,0,0,0,有,無,150000,3608,,0.0,0,包含公共設施保留地用地；,RPSRNLPKJIPFFBD78DA,0.0,0.0,0.0,無,0494
東區,房地(土地+建物),仁和路９５號之１０之５，二樓,27.4,都市：其他:第五種住宅區,,,1090706,土地2建物1車位0,二層,五層,華廈(10層含以下有電梯),見其他登記事項,見其他登記事項,1090710,79.88,2,2,1,有,無,5200000,65098,,0.0,0,,RPROMLOLKIPFFCD48DA,55.71,0.0,5.15,有,
東區,房地(土地+建物)+車位,仁和路９５號之１０之２，五樓,25.27,都市：其他:第五種住宅區,,,1090731,土地2建物1車位1,五層,五層,華廈(10層含以下有電梯),見其他登記事項,見其他登記事項,1090710,89.31,2,2,1,有,無,6050000,67288,一樓平面,14.26,1000000,,RPVOMLOLKIPFFCD88DA,51.69,0.0,5.82,有,
東區,土地,新東段1569地號,147.0,都市：其他:沿街商業區,,,1090921,土地1建物0車位0,,,其他,,,,0.0,0,0,0,有,無,16000000,108844,,0.0,0,未登記建物；,RPPNMLOLKIPFFCD18DA,0.0,0.0,0.0,無,
東區,土地,虎尾寮段366-134地號,8.0,都市：其他:住宅區,,,1091215,土地1建物0車位0,,,其他,,,,0.0,0,0,0,有,無,1070240,133780,,0.0,0,政府機關標讓售；,RPUNMLOLKIPFFCD68DA,0.0,0.0,0.0,無,
東區,房地(土地+建物),長榮路二段３２巷８８號,155.0,都市：其他:第五種住宅區,,,1091117,土地1建物1車位0,全,二層,透天厝,住家用,加強磚造,0470000,155.25,3,2,5,有,無,25500000,164251,,0.0,0,其他增建；,RPXNMLSLKIPFFCD76DA,155.25,0.0,0.0,無,0497
南區,房地(土地+建物),明興路６８１巷１６號,99.44,都市：其他:住宅區,,,1091129,土地1建物1車位0,全,四層,透天厝,住家用,鋼筋混凝土造,0950911,192.38,5,2,3,有,無,10000000,51980,,0.0,0,其他增建；,RPOOMLSLKIPFFCD58DA,164.95,0.0,27.43,無,
東區,房地(土地+建物),東寧路４３５巷１１號,109.0,都市：其他:第五種住宅區,,,1091209,土地1建物1車位0,全,四層,透天厝,見其他登記事項,見其他登記事項,0940916,230.15,4,2,5,有,無,6000000,26070,,0.0,0,親友、員工、共有人或其他特殊關係間之交易；,RPRNMLTLKIPFFCD88DA,222.17,7.98,0.0,無,
東區,房地(土地+建物)+車位,中華東路一段１６號五樓之７,5.61,都市：其他:鄰里商業區,,,1091202,土地1建物1車位1,五層,十四層,住宅大樓(11層含以上有電梯),住家用,見其他登記事項,0930712,97.14,1,1,1,有,有,5300000,71378,坡道平面,41.1,1300000,,RPTNMLTLKIPFFCD09DA,37.59,0.0,5.34,有,
南區,房地(土地+建物),五妃街３８６巷２１號五樓之２,12.42,都市：其他:住宅區,,,1091117,土地1建物1車位0,五層，電梯樓梯間,五層,公寓(5樓含以下無電梯),住家用,鋼筋混凝土造,0701022,60.85,1,1,2,有,無,2350000,38626,,0.0,0,,RPSNMLSLKIPFFCD88DA,43.88,0.0,8.86,無,
東區,土地,裕南段1621地號,169.99,都市：其他:住宅區,,,1091216,土地1建物0車位0,,,其他,,,,0.0,0,0,0,有,無,17997000,105871,,0.0,0,,RPTNMLSLKIPFFCD98DA,0.0,0.0,0.0,無,
東區,土地,關帝段927地號,13.19,都市：其他:第五種住宅區,,,1091221,土地1建物0車位0,,,其他,,,,0.0,0,0,0,有,無,500000,37908,,0.0,0,,RPPNMLPLKIPFFCD28DA,0.0,0.0,0.0,無,
東區,房地(土地+建物)+車位,德昌路６６號四樓之１,61.21,都市：其他:第五種住宅區,,,1090801,土地1建物1車位2,四層,十三層,住宅大樓(11層含以上有電梯),見其他登記事項,見其他登記事項,1080131,296.43,4,2,3,有,有,19650000,72875,坡道平面,63.84,2700000,土地價款:7627500元建物價款:9322500元,RPQNMLPLKIPFFCD38DA,139.58,0.0,21.28,有,
東區,房地(土地+建物),富農街一段２３２巷３０號,65.0,都市：其他:第五種住宅區,,,1091201,土地1建物1車位0,全,二層,透天厝,住家用,加強磚造,0650826,92.74,3,2,2,有,無,6800000,73323,,0.0,0,頂樓加蓋；其他增建；,RPUOMLPLKIPFFCD88DA,92.74,0.0,0.0,無,0498
南區,土地,舉喜段973地號,175.85,都市：其他:住宅區,,,1091201,土地2建物0車位0,,,其他,,,,0.0,1,0,0,有,無,6915000,39323,,0.0,0,本件買賣為親友之間買賣未登記建物；,RPUOMLTLKIPFFCD66DA,0.0,0.0,0.0,無,
新營區,房地(土地+建物),民生路１６３巷４７號六樓之四,30.17,都市：其他:住宅區,,,1091208,土地2建物1車位0,六層,六層,華廈(10層含以下有電梯),住家用,鋼筋混凝土造,0830818,132.76,4,2,2,有,有,3250000,24480,,0.0,0,,RPRNMLKMKIPFFDD18DA,91.7,0.0,2.18,有,
麻豆區,土地,安業段172-4地號,201.33,,特定農業區,農牧用地,1091209,土地1建物0車位0,,,其他,,,,0.0,0,0,0,有,無,300000,1490,,0.0,0,,RPVNMLTJKIPFFFD76DA,0.0,0.0,0.0,無,
大內區,土地,二重溪段286-1地號,1713.0,,一般農業區,農牧用地,1091123,土地1建物0車位0,,,其他,,,,0.0,0,0,0,有,無,2070000,1208,,0.0,0,,RPUNMLNLJIPFFFD78DA,0.0,0.0,0.0,無,
東山區,土地,北勢寮段72地號,6851.93,,一般農業區,農牧用地,1091117,土地3建物0車位0,,,其他,,,,0.0,0,0,0,有,無,1800000,263,,0.0,0,親友、員工、共有人或其他特殊關係間之交易；,RPRNMLOLKIPFFED58DA,0.0,0.0,0.0,無,0499
白河區,土地,詔安段1795地號,102.75,,鄉村區,乙種建築用地,1091224,土地1建物0車位0,,,其他,,,,0.0,0,0,0,有,無,372960,3630,,0.0,0,親友、員工、共有人或其他特殊關係間之交易；,RPPNMLOLKIPFFED38DA,0.0,0.0,0.0,無,
白河區,土地,大排竹段2604-6地號,242.3,,鄉村區,乙種建築用地,1091120,土地4建物0車位0,,,其他,,,,0.0,0,0,0,有,無,600000,2476,,0.0,0,部分土地現為既成道路。親友、員工、共有人或其他特殊關係間之交易；,RPPNMLRLJIPFFED58DA,0.0,0.0,0.0,無,
東山區,土地,大客段枋子林小段796地號,1500.0,,特定農業區,農牧用地,1091218,土地1建物0車位0,,,其他,,,,0.0,0,0,0,有,無,1735000,1157,,0.0,0,,RPUNMLTLKIPFFED76DA,0.0,0.0,0.0,無,0500
東山區,土地,東山段2498地號,1150.0,,特定農業區,農牧用地,1091215,土地1建物0車位0,,,其他,,,,0.0,0,0,0,有,無,1340000,1165,,0.0,0,,RPVNMLTLKIPFFED86DA,0.0,0.0,0.0,無,
東山區,土地,東山段2497地號,2800.0,,特定農業區,農牧用地,1091215,土地1建物0車位0,,,其他,,,,0.0,0,0,0,有,無,3260000,1164,,0.0,0,,RPWNMLTLKIPFFED96DA,0.0,0.0,0.0,無,
白河區,土地,埤子頭段五汴頭小段1112地號,356.0,,特定農業區,農牧用地,1091218,土地1建物0車位0,,,其他,,,,0.0,0,0,0,有,無,252760,710,,0.0,0,,RPPNMLLMKIPFFED18DA,0.0,0.0,0.0,無,0501
東山區,土地,前大埔段1018-21地號,16376.0,,山坡地保育區,林業用地,1091115,土地1建物0車位0,,,其他,,,,0.0,0,0,0,有,無,2500000,153,,0.0,0,,RPRNMLSLKIPFFED98DA,0.0,0.0,0.0,無,
東山區,土地,大客段枋子林小段1016-1地號,764.0,,特定農業區,農牧用地,1091223,土地1建物0車位0,,,其他,,,,0.0,0,0,0,有,無,874444,1145,,0.0,0,政府機關標讓售；,RPRNMLKMKIPFFED28DA,0.0,0.0,0.0,無,
麻豆區,土地,麻安段834地號,620.02,都市：其他:第三種住宅區。,,,1090906,土地2建物0車位0,,,其他,,,,0.0,0,0,0,有,無,9377500,15125,,0.0,0,,RPTNMLPLKIPFFFD98DA,0.0,0.0,0.0,無,
官田區,土地,官田段579地號,791.05,,一般農業區,農牧用地,1090916,土地1建物0車位0,,,其他,,,,0.0,0,0,0,有,無,3110770,3932,,0.0,0,,RPUNMLSLKIPFFFD76DA,0.0,0.0,0.0,無,0502
官田區,土地,南段1323地號,2500.0,,特定農業區,農牧用地,1091207,土地1建物0車位0,,,其他,,,,0.0,0,0,0,有,無,3975000,1590,,0.0,0,,RPQNMLKMKIPFFFD28DA,0.0,0.0,0.0,無,0503
大內區,房地(土地+建物),石城里１３鄰石子賴１１７之２９號,75.68,都市：其他:住宅區,,,1091128,土地1建物1車位0,全,三層,透天厝,住家用,鋼筋混凝土造,0821229,145.13,4,2,3,有,無,2900000,19982,,0.0,0,,RPTOMLTLKIPFFFD86DA,135.27,9.86,0.0,無,
學甲區,房地(土地+建物)+車位,民權路１６８之６號,91.73,都市：其他:住宅區,,,1091113,土地2建物1車位1,全,四層,透天厝,見其他登記事項,鋼筋混凝土造,1070830,201.3,4,2,4,有,無,6300000,31297,一樓平面,13.72,0,,RPTQMLTLKIPFFGD17DA,174.64,0.0,12.92,無,
佳里區,土地,佳化段1446地號,275.0,,特定農業區,農牧用地,1091030,土地1建物0車位0,,,其他,,,,0.0,0,0,0,有,無,550000,2000,,0.0,0,農地重劃區抵費地零星集中土地標售,RPSRMLTLKIPFFGD17DA,0.0,0.0,0.0,無,
學甲區,房地(土地+建物),民族路１１巷１５號,141.99,都市：其他:住宅區,,,1090307,土地2建物1車位0,全,三層,透天厝,見其他登記事項,鋼筋混凝土造,1090902,178.24,4,2,3,有,無,7360000,41293,,0.0,0,預售屋、或土地及建物分次登記案件；,RPOSMLTLKIPFFGD86DA,171.37,0.0,6.87,無,
學甲區,房地(土地+建物),民族路１１巷２１號,142.24,都市：其他:住宅區,,,1090309,土地2建物1車位0,全,三層,透天厝,見其他登記事項,鋼筋混凝土造,1090902,178.28,4,2,4,有,無,7300000,40947,,0.0,0,預售屋、或土地及建物分次登記案件；,RPQSMLTLKIPFFGD07DA,171.37,0.0,6.91,無,
學甲區,房地(土地+建物),民族路１１巷２５號,74.02,都市：其他:住宅區,,,1090312,土地1建物1車位0,全,三層,透天厝,見其他登記事項,鋼筋混凝土造,1090902,168.54,4,2,3,有,無,7080000,42008,,0.0,0,預售屋、或土地及建物分次登記案件；,RPRSMLTLKIPFFGD17DA,134.01,0.0,34.53,無,
學甲區,房地(土地+建物),民族路１１巷２９號,73.5,都市：其他:住宅區,,,1081130,土地1建物1車位0,全,三層,透天厝,見其他登記事項,鋼筋混凝土造,1090902,168.01,4,2,3,有,無,7150000,42557,,0.0,0,預售屋、或土地及建物分次登記案件；,RPSSMLTLKIPFFGD27DA,133.48,0.0,34.53,無,
學甲區,房地(土地+建物),民族路１１巷３１號,76.21,都市：其他:住宅區,,,1090611,土地1建物1車位0,全,三層,透天厝,見其他登記事項,鋼筋混凝土造,1090902,170.86,4,2,3,有,無,7350000,43018,,0.0,0,預售屋、或土地及建物分次登記案件；,RPTSMLTLKIPFFGD37DA,135.68,0.0,35.18,無,
佳里區,土地,佳里段876-1地號,75.2,都市：其他:住宅區,,,1091219,土地1建物0車位0,,,其他,,,,0.0,0,0,0,有,無,3412200,45375,,0.0,0,,RPQNMLKMKIPFFGD38DA,0.0,0.0,0.0,無,
佳里區,土地,佳里段876-53地號,30.0,都市：其他:住宅區,,,1091219,土地1建物0車位0,,,其他,,,,0.0,0,0,0,有,無,1361250,45375,,0.0,0,,RPRNMLKMKIPFFGD48DA,0.0,0.0,0.0,無,
北門區,土地,鯤江段514地號,71.28,都市：其他:住宅區,,,1091029,土地1建物0車位0,,,其他,,,,0.0,0,0,0,有,無,338888,4754,,0.0,0,地清或未辦繼承標售；,RPTNMLKMKIPFFGD68DA,0.0,0.0,0.0,無,0504
學甲區,土地,中洲南段1659地號,9.67,,鄉村區,乙種建築用地,1091029,土地1建物0車位0,,,其他,,,,0.0,0,0,0,有,無,37800,3909,,0.0,0,畸零地或有合併使用效益；地清或未辦繼承標售；,RPUNMLKMKIPFFGD78DA,0.0,0.0,0.0,無,
北門區,土地,中樞段60地號,833.0,,特定農業區,農牧用地,1091029,土地1建物0車位0,,,其他,,,,0.0,0,0,0,有,無,654321,785,,0.0,0,地清或未辦繼承標售；,RPQPMLSLKIPFFGD66DA,0.0,0.0,0.0,無,
學甲區,土地,西進段546地號,418.0,,特定農業區,農牧用地,1091029,土地1建物0車位0,,,其他,,,,0.0,0,0,0,有,無,345678,827,,0.0,0,地清或未辦繼承標售；,SPQPMLSLKIPFFGD76DA,0.0,0.0,0.0,無,
學甲區,土地,慈濟段250地號,37.8,都市：其他:高中(職)學校用地,,,1091219,土地5建物0車位0,,,其他,,,,0.0,0,0,0,有,無,530000,14021,,0.0,0,,RPRPMLSLKIPFFGD76DA,0.0,0.0,0.0,無,0505
學甲區,土地,慈濟段250地號,37.8,都市：其他:高中(職)學校用地,,,1091219,土地5建物0車位0,,,其他,,,,0.0,0,0,0,有,無,530000,14021,,0.0,0,,RPSPMLSLKIPFFGD86DA,0.0,0.0,0.0,無,0505
西港區,土地,子林段594地號,1856.0,,特定農業區,農牧用地,1091205,土地1建物0車位0,,,其他,,,,0.0,0,0,0,有,無,4200000,2263,,0.0,0,農作物；,RPPNMLTLKIPFFGD09DA,0.0,0.0,0.0,無,
佳里區,房地(土地+建物),番子寮７８之３號,108.7,,特定農業區,甲種建築用地,1091213,土地1建物1車位0,全,三層,透天厝,住家用,鋼筋混凝土造,1090612,196.15,5,1,5,有,無,7900000,40275,,0.0,0,,RPUNMLPLKIPFFGD56DA,181.88,0.0,14.27,無,
佳里區,房地(土地+建物),佳里興３６８之１８號,91.55,,鄉村區,乙種建築用地,1091128,土地2建物1車位0,全,三層,透天厝,見其他登記事項,鋼筋混凝土造,1090721,146.64,4,2,3,有,無,6550000,44667,,0.0,0,,RPTPMLTLKIPFFGD07DA,135.61,0.0,11.03,無,
西港區,房地(土地+建物),慶安路４９號,80.59,都市：其他:商業區,,,1091104,土地2建物1車位0,全,三層,透天厝,住商用,鋼筋混凝土加強磚造,0680319,167.4,3,2,3,有,無,3580000,21386,,0.0,0,,RPOOMLMLKIPFFGD38DA,156.6,0.0,10.8,無,
北門區,土地,渡子頭段519-139地號,17994.0,,一般農業區,養殖用地,1091129,土地2建物0車位0,,,其他,,,,0.0,0,0,0,有,無,5621256,312,,0.0,0,,RPOOMLRJKIPFFGD68DA,0.0,0.0,0.0,無,
將軍區,土地,山子段2343地號,2530.0,,一般農業區,農牧用地,1091206,土地2建物0車位0,,,其他,,,,0.0,0,0,0,有,無,1650000,652,,0.0,0,親友、員工、共有人或其他特殊關係間之交易；,RPPOMLRJKIPFFGD78DA,0.0,0.0,0.0,無,
新市區,土地,橋頭段136-11地號,680.0,都市：其他:農業區,,,1091120,土地2建物0車位0,,,其他,,,,0.0,0,0,0,有,無,8020000,11794,,0.0,0,包含公共設施保留地用地；,RPTOMLPLKIPFFHD66DA,0.0,0.0,0.0,無,
新市區,土地,華興段419地號,172.56,都市：其他:計畫道路用地,,,1091104,土地2建物0車位0,,,其他,,,,0.0,0,0,0,有,無,1519227,8804,,0.0,0,包含公共設施保留地用地；,RPSNMLPLKIPFFHD09DA,0.0,0.0,0.0,無,0507
善化區,土地,什美段929地號,41.64,,鄉村區,乙種建築用地,1091219,土地1建物0車位0,,,其他,,,,0.0,0,0,0,有,無,600000,14409,,0.0,0,,RPOOMLTLKIPFFHD56DA,0.0,0.0,0.0,無,0508
善化區,土地,什美段929地號,41.64,,鄉村區,乙種建築用地,1091219,土地1建物0車位0,,,其他,,,,0.0,0,0,0,有,無,600000,14409,,0.0,0,,RPPOMLTLKIPFFHD66DA,0.0,0.0,0.0,無,0508
善化區,土地,什美段929地號,41.64,,鄉村區,乙種建築用地,1091219,土地1建物0車位0,,,其他,,,,0.0,0,0,0,有,無,600000,14409,,0.0,0,,RPQOMLTLKIPFFHD76DA,0.0,0.0,0.0,無,0508
安定區,土地,海安段626地號,41.12,,鄉村區,乙種建築用地,1091211,土地2建物0車位0,,,其他,,,,0.0,0,0,0,有,無,559620,13609,,0.0,0,,RPQNMLTLKIPFFHD66DA,0.0,0.0,0.0,無,
安定區,土地,新庄段777地號,56.83,,鄉村區,乙種建築用地,1091212,土地6建物0車位0,,,其他,,,,0.0,0,0,0,有,無,300000,5279,,0.0,0,親友、員工、共有人或其他特殊關係間之交易；,RPUPMLSLKIPFFHD17DA,0.0,0.0,0.0,無,
善化區,房地(土地+建物),東勢寮４８之７號,88.0,,鄉村區,乙種建築用地,1091118,土地3建物1車位0,全,四層,透天厝,見其他登記事項,鋼筋混凝土造,0850109,172.81,3,2,3,有,無,6800000,39350,,0.0,0,,RPVPMLSLKIPFFHD27DA,154.59,0.0,18.22,無,
善化區,房地(土地+建物),民生路１３０號五樓之６,16.14,都市：其他:住宅區,,,1091120,土地1建物1車位0,五層,七層,華廈(10層含以下有電梯),住家用,鋼筋混凝土造,1050818,59.11,2,0,2,有,有,4350000,73592,,0.0,0,,RPWPMLSLKIPFFHD37DA,31.26,0.0,4.29,有,
善化區,房地(土地+建物),陽光北一路２６８巷４３號,53.37,都市：其他:生活服務區(第三-一種住宅區),,,1091120,土地3建物1車位0,全,四層,透天厝,見其他登記事項,鋼筋混凝土造,1031105,92.28,4,2,4,有,無,4250000,46055,,0.0,0,共有人間之買賣親友、員工、共有人或其他特殊關係間之交易；,RPUNMLKMKIPFFHD88DA,85.67,2.92,3.34,無,
善化區,房地(土地+建物),小新營３１８之６號,320.09,都市：其他:乙種工業區,,,1091007,土地4建物1車位0,全,一層,透天厝,廠房,鋼骨構造,1071122,160.55,1,1,3,有,無,13912891,86658,,0.0,0,,RPOOMLLMKIPFFHD48DA,160.55,0.0,0.0,無,0511
善化區,房地(土地+建物),小新營３１８之７號,325.1,都市：其他:乙種工業區,,,1091007,土地4建物1車位0,全,一層,透天厝,工廠,鋼骨構造,1071122,160.55,0,0,0,無,無,14087109,87743,,0.0,0,,RPQOMLLMKIPFFHD68DA,160.55,0.0,0.0,無,
善化區,房地(土地+建物)+車位,興安街１５３號八樓之１,19.47,都市：其他:住宅區,,,1091024,土地1建物1車位1,八層,十五層,住宅大樓(11層含以上有電梯),住家用,鋼筋混凝土造,1030910,129.93,2,2,1,有,有,7000000,53875,坡道平面,33.21,0,,RPPPMLLKKIPFFHD48DA,60.28,0.0,6.33,有,
新市區,房地(土地+建物),中山路２０２之１８號,227.59,都市：其他:乙種工業區,,,1091219,土地3建物1車位0,全,三層,透天厝,見其他登記事項,鋼筋混凝土造,0811109,225.42,24,0,24,有,無,16800000,74528,,0.0,0,,RPPNMLKLKIPFFHD28DA,219.5,0.0,5.92,無,0512
善化區,房地(土地+建物),茄拔２８９之１０號,109.0,,鄉村區,乙種建築用地,1081017,土地2建物1車位0,全,三層,透天厝,住家用,鋼筋混凝土造,1090925,193.55,4,2,4,有,無,8280000,42780,,0.0,0,,RPXNNLNJKIPFFHD66DA,182.7,0.0,10.85,無,
善化區,房地(土地+建物),茄拔２８９之９號,125.0,,鄉村區,乙種建築用地,1081026,土地2建物1車位0,全,三層,透天厝,住家用,鋼筋混凝土造,1090925,211.96,5,1,4,有,無,10080000,47556,,0.0,0,土地總價378萬，建物總價630萬，合計1008萬,RPXWMLNJKIPFFHD47DA,201.87,0.0,10.09,無,
新市區,土地,福壽段119-1地號,680.73,都市：其他:住宅區,,,1091013,土地6建物0車位0,,,其他,,,,0.0,0,0,0,有,無,94723200,139149,,0.0,0,,RPPRMLMJKIPFFHD68DA,0.0,0.0,0.0,無,
仁德區,土地,二仁段854地號,186.49,都市：其他:計畫道路用地,,,1090910,土地2建物0車位0,,,其他,,,,0.0,0,0,0,有,無,998000,5351,,0.0,0,,RPQQMLSJKIPFFID76DA,0.0,0.0,0.0,無,
仁德區,土地,二仁段856地號,172.18,都市：其他:住宅區,,,1090910,土地2建物0車位0,,,其他,,,,0.0,0,0,0,有,無,9502000,55186,,0.0,0,,SPQQMLSJKIPFFID86DA,0.0,0.0,0.0,無,
仁德區,房地(土地+建物),行大一街２０２號一樓之３,41.38,都市：其他:住宅區,,,1091114,土地1建物2車位0,一層,四層,公寓(5樓含以下無電梯),住家用,鋼筋混凝土造,0840309,61.84,2,0,1,有,無,1700000,27490,,0.0,0,此件為二間套房,RPQPMLOLKIPFFID09DA,42.06,0.0,5.39,無,
關廟區,房地(土地+建物),東榮街１２號,84.0,都市：其他:住宅區,,,1091210,土地1建物1車位0,全,四層,透天厝,住家用,見其他登記事項,1090421,192.27,6,2,3,有,無,10200000,53050,,0.0,0,頂樓加蓋；未登記建物；,RPWNMLSLKIPFFID27DA,163.17,0.0,29.1,無,
歸仁區,土地,八甲東段570-1地號,7.28,都市：其他:住宅區,,,1091202,土地1建物0車位0,,,其他,,,,0.0,0,0,0,有,無,440000,60440,,0.0,0,,RPXNMLSLKIPFFID37DA,0.0,0.0,0.0,無,
關廟區,房地(土地+建物),園中街５２巷１０號,102.7,都市：其他:住宅區,,,1091102,土地3建物1車位0,全,三層,透天厝,住家用,鋼筋混凝土構造,1090708,167.77,5,2,3,有,無,8300000,49472,,0.0,0,,RPSQMLLLKIPFFID09DA,157.98,0.0,9.79,無,
關廟區,房地(土地+建物),園中街５２巷１６號,102.7,都市：其他:住宅區,,,1091214,土地3建物1車位0,全,三層,透天厝,住家用,見其他登記事項,1090708,167.77,5,2,3,有,無,8350000,49771,,0.0,0,,RPQNMLMLKIPFFID68DA,157.98,0.0,9.78,無,
仁德區,土地,文賢段323地號,337.19,都市：其他:住宅區,,,1090526,土地2建物0車位0,,,其他,,,,0.0,0,0,0,有,無,11000000,32623,,0.0,0,未登記建物；,RPXNMLTLKIPFFID47DA,0.0,0.0,0.0,無,
歸仁區,土地,歸仁北段1698-89地號,117.0,都市：其他:住宅區,,,1091201,土地1建物0車位0,,,其他,,,,0.0,0,0,0,有,無,2176200,18600,,0.0,0,親友、員工、共有人或其他特殊關係間之交易；,RPQNMLKMKIPFFID58DA,0.0,0.0,0.0,無,
關廟區,房地(土地+建物),園中街４８號,95.0,都市：其他:住宅區,,,1091214,土地1建物1車位0,全,三層,透天厝,住家用,見其他登記事項,1090708,202.91,5,2,3,有,無,9100000,44847,,0.0,0,,RPPNMLTLKIPFFID66DA,190.76,0.0,12.15,無,
關廟區,房地(土地+建物),園中街５２巷１８號,102.7,都市：其他:住宅區,,,1091214,土地3建物1車位0,全,三層,透天厝,住家用,見其他登記事項,1090708,167.77,5,2,3,有,無,8380000,49949,,0.0,0,,RPQNMLTLKIPFFID76DA,157.98,0.0,9.79,無,
歸仁區,房地(土地+建物),中正北路三段１３５號,79.52,,鄉村區,乙種建築用地,1091006,土地2建物1車位0,全,三層,透天厝,住商用,加強磚造,0680828,128.4,4,1,3,有,無,5000000,38941,,0.0,0,親友、員工、共有人或其他特殊關係間之交易；,RPOOMLKMKIPFFID48DA,128.4,0.0,0.0,無,
永康區,土地,安康段812-1地號,57.32,都市：其他:住宅區,,,1091210,土地1建物0車位0,,,其他,,,,0.0,0,0,0,有,無,5313564,92700,,0.0,0,,RPQNMLKMKIPFFKD78DA,0.0,0.0,0.0,無,
永康區,房地(土地+建物),烏竹里龍橋街４５９巷１５號,86.78,都市：其他:住宅區,,,1091122,土地1建物1車位0,全,三層,透天厝,住家用,鋼筋混凝土造,0810107,164.92,8,0,8,有,無,8500000,51540,,0.0,0,頂樓加蓋；其他增建；,RPPQMLTLKIPFFKD17DA,146.79,5.46,12.67,無,
永康區,房地(土地+建物),崑大路２０１巷２８弄３號,90.0,都市：其他:住宅區,,,1091130,土地1建物1車位0,全,二層,透天厝,住家用,加強磚造,0570101,106.78,6,2,3,有,無,4600000,43079,,0.0,0,,RPQOMLKMKIPFFKD88DA,101.34,0.0,5.44,無,
永康區,房地(土地+建物),東橋三路４３６號,90.98,都市：其他:住宅區,,,1091106,土地1建物1車位0,全,四層,透天厝,住商用,鋼筋混凝土造,0991230,216.2,3,2,2,有,無,23500000,108696,,0.0,0,,RPUNMLLMKIPFFKD66DA,189.24,4.19,22.77,無,
永康區,土地,烏竹段83地號,387.23,都市：其他:住宅區,,,1091020,土地1建物0車位0,,,其他,,,,0.0,0,0,0,有,無,18156200,46887,,0.0,0,,RPTPMLTLKIPFFKD47DA,0.0,0.0,0.0,無,
永康區,土地,蜈蜞潭段2057-6地號,202.0,都市：其他:道路用地,,,1091221,土地2建物0車位0,,,其他,,,,0.0,0,0,0,有,無,2567420,12710,,0.0,0,本筆買賣移轉之印花稅費、登記費、代書費等皆由買方負擔包含公共設施保留地用地；,RPQPMLTLKIPFFKD17DA,0.0,0.0,0.0,無,
永康區,房地(土地+建物),中山東路４８０號三樓之１,10.63,都市：其他:住宅區,,,1091106,土地2建物1車位0,三層,五層,公寓(5樓含以下無電梯),住家用,鋼筋混凝土造,0701211,56.160000000000004,3,1,2,有,無,1700000,30271,,0.0,0,,RPRPMLTLKIPFFKD27DA,48.38,0.0,0.0,無,
永康區,土地,埔園段466地號,36.68,都市：其他:道路用地,,,1090903,土地4建物0車位0,,,其他,,,,0.0,0,0,0,有,無,1276000,34787,,0.0,0,,RPSNMLPLKIPFFKD76DA,0.0,0.0,0.0,無,0513
永康區,土地,蜈蜞潭段2115地號,355.0,都市：其他:道路用地,,,1091215,土地2建物0車位0,,,其他,,,,0.0,0,0,0,有,無,6426495,18103,,0.0,0,此件土地為道路用地。,RPTNMLPLKIPFFKD86DA,0.0,0.0,0.0,無,
永康區,土地,埔園段466地號,32.16,都市：其他:道路用地,,,1090903,土地5建物0車位0,,,其他,,,,0.0,0,0,0,有,無,1343500,41775,,0.0,0,,RPUNMLPLKIPFFKD96DA,0.0,0.0,0.0,無,0513
永康區,土地,廣興段712-1地號,453.15,都市：其他:道路用地,,,1091215,土地1建物0車位0,,,其他,,,,0.0,0,0,0,有,無,4384227,9675,,0.0,0,此件土地為道路用地。,RPWNMLPLKIPFFKD17DA,0.0,0.0,0.0,無,0515
永康區,房地(土地+建物),正強里四維街３７號五樓之２,12.39,都市：其他:住宅區,,,1091119,土地1建物1車位0,五層,七層,華廈(10層含以下有電梯),住家用,鋼筋混凝土造,0840504,80.57,3,1,2,有,有,3300000,40958,,0.0,0,夾層；,RPVOMLSLKIPFFKD47DA,53.36,0.0,3.55,有,
永康區,房地(土地+建物),大灣路４０巷９８弄３６號,113.0,都市：其他:住宅區,,,1091125,土地2建物1車位0,全,二層,透天厝,住家用,加強磚造,0700721,107.42,3,1,2,有,無,7350000,68423,,0.0,0,頂樓加蓋；其他增建；,RPSOMLSLKIPFFKD17DA,107.42,0.0,0.0,無,
永康區,房地(土地+建物),中華西街１２８之３號五樓,18.19,都市：其他:住宅區,,,1091204,土地3建物1車位0,五層,五層,公寓(5樓含以下無電梯),住家用,鋼筋混凝土造,0730326,84.59,3,2,1,有,無,1600000,18915,,0.0,0,,RPTNMLSLKIPFFKD17DA,66.45,0.0,8.69,無,
永康區,房地(土地+建物),新中街３１巷３０號,72.83,都市：其他:住宅區,,,1091121,土地1建物1車位0,全,四層,透天厝,住商用,鋼筋混凝土造,0960604,175.87,7,0,7,有,無,10800000,61409,,0.0,0,,RPWOMLLLKIPFFKD86DA,144.43,0.0,31.44,無,
永康區,土地,蜈蜞潭段1226-11地號,24.9,都市：其他:廣場用地(兼供自行車道使用),,,1091118,土地2建物0車位0,,,其他,,,,0.0,0,0,0,有,無,210000,8434,,0.0,0,包含公共設施保留地用地；,RPUNMLSKKIPFFKD17DA,0.0,0.0,0.0,無,
北區,土地,立人段1470地號,33.0,都市：其他:住宅區,,,1091217,土地1建物0車位0,,,其他,,,,0.0,0,0,0,有,無,1198000,36303,,0.0,0,親友、員工、共有人或其他特殊關係間之交易；未登記建物；,RPUOMLTLKIPFFAD56EA,0.0,0.0,0.0,無,0516
安平區,房地(土地+建物),建平五街１３１巷１８弄６５號,90.0,都市：其他:住宅區,,,1091115,土地1建物1車位0,全,四層,透天厝,住商用,鋼筋混凝土造,0790919,214.16,5,2,3,有,無,9300000,43425,,0.0,0,其他增建；,RPVPMLPJJHGGFAD77EA,198.21,0.0,15.95,無,
新營區,房地(土地+建物)+車位,中正路５３之６號十樓之一,13.34,都市：其他:住宅區,,,1091129,土地1建物1車位1,十層,十五層,住宅大樓(11層含以上有電梯),住家用,鋼筋混凝土造,0840224,117.84,3,2,2,有,有,4380000,37169,坡道平面,0.0,0,,RPSNMLLMKIPFFDD48EA,58.39,0.0,12.6,有,0517
仁德區,土地,保甲段491地號,1525.99,非都市：一般農業區 ; 非都市編定：農牧用地,,,1091130,土地2建物0車位0,,,其他,,,,0.0,0,0,0,有,無,11540300,7563,,0.0,0,,RPVNMLNJKIPFFID56EA,0.0,0.0,0.0,無,
仁德區,土地,保生段864地號,2355.25,都市：其他:農業區,,,1091209,土地1建物0車位0,,,其他,,,,0.0,0,0,0,有,無,8500000,3609,,0.0,0,,RPXNMLNJKIPFFID76EA,0.0,0.0,0.0,無,
永康區,土地,永華段579-3地號,6.41,都市：其他:道路用地,,,1091223,土地1建物0車位0,,,其他,,,,0.0,0,0,0,有,無,93265,14550,,0.0,0,,RPUNMLKMKIPFFKD66EA,0.0,0.0,0.0,無,
七股區,土地,玉成段1443地號,178.29,,鄉村區,乙種建築用地,1091210,土地1建物0車位0,,,其他,,,,0.0,0,0,0,有,無,586168,3288,,0.0,0,親友、員工、共有人或其他特殊關係間之交易；,RPTNMLQJJHGGFGD08EA,0.0,0.0,0.0,無,
白河區,土地,糞箕湖段木屐寮小段290-3地號,415.0,都市：其他:農業區,,,1091205,土地2建物0車位0,,,其他,,,,0.0,0,0,0,有,無,2500000,6024,,0.0,0,,RPQNMLTLKIPFFED09EA,0.0,0.0,0.0,無,0518
白河區,土地,長安段841-1地號,161.0,都市：其他:計畫道路用地,,,1091126,土地2建物0車位0,,,其他,,,,0.0,0,0,0,有,無,4700000,29193,,0.0,0,,RPPNMLKMKIPFFED18EA,0.0,0.0,0.0,無,
官田區,土地,隆本段767地號,91.4,都市：其他:住宅區,,,1091215,土地1建物0車位0,,,其他,,,,0.0,2,1,1,有,無,1500000,16411,,0.0,0,未登記建物；,RPRNMLTLKIPFFFD66EA,0.0,0.0,0.0,無,
麻豆區,土地,大埕段380地號,74.12,都市：其他:計畫道路用地,,,1091211,土地3建物0車位0,,,其他,,,,0.0,0,0,0,有,無,980000,13222,,0.0,0,計畫道路不計價親友、員工、共有人或其他特殊關係間之交易；,RPPOMLKMKIPFFFD38EA,0.0,0.0,0.0,無,0519
北門區,土地,永隆段835地號,888.32,,一般農業區,甲種建築用地,1091222,土地3建物0車位0,,,其他,,,,0.0,0,0,0,有,無,1670566,1881,,0.0,0,地清或未辦繼承標售；,RPTNMLOJJHGGFGD87EA,0.0,0.0,0.0,無,0520
永康區,房地(土地+建物),中華路６６１巷１８號三樓之４,4.57,都市：其他:住宅區,,,1091222,土地5建物1車位0,三層,七層,華廈(10層含以下有電梯),住家用,鋼筋混凝土造,0830222,22.689999999999998,1,0,1,有,有,900000,39665,,0.0,0,,RPRPMLKMKIPFFKD56EA,12.34,0.0,2.76,有,
永康區,房地(土地+建物),三合里南工街２６７巷４６號四樓之１,8.51,都市：其他:住宅區,,,1090922,土地3建物1車位0,四層,十一層,住宅大樓(11層含以上有電梯),住家用,鋼筋混凝土造,0860926,75.85000000000001,5,2,2,有,有,3480000,45880,,0.0,0,陽台外推；夾層；,RPSPMLKMKIPFFKD66EA,43.15,5.45,5.99,有,
永康區,房地(土地+建物),中正七街１７號七樓之５,5.81,都市：其他:住宅區,,,1091109,土地1建物1車位0,七層,八層,華廈(10層含以下有電梯),住家用,鋼筋混凝土造,0840417,38.730000000000004,1,1,1,有,有,1250000,32275,,0.0,0,,RPTNMLLMKIPFFKD66EA,22.17,0.0,0.0,有,
仁德區,土地,保生段867地號,828.41,都市：其他:農業區,,,1091209,土地1建物0車位0,,,其他,,,,0.0,0,0,0,有,無,2000000,2414,,0.0,0,,RPWNMLNJKIPFFID66EA,0.0,0.0,0.0,無,
新營區,房地(土地+建物),開元路６１之１８號,14.85,都市：其他:主要計畫道路用地,,,1091124,土地2建物1車位0,一層,十二層,住宅大樓(11層含以上有電梯),住家用,鋼筋混凝土造,0830630,107.15,3,2,2,有,有,4250000,39664,,0.0,0,,RPTNMLLMKIPFFDD58EA,76.66,14.5,0.0,有,0521
柳營區,土地,柳營段溫厝小段510地號,3234.0,,特定農業區,農牧用地,1091126,土地1建物0車位0,,,其他,,,,0.0,0,0,0,有,無,2700000,835,,0.0,0,,RPRNMLOJJHGGFDD37EA,0.0,0.0,0.0,無,
柳營區,土地,旭山段361地號,2539.0,,一般農業區,農牧用地,1091227,土地1建物0車位0,,,其他,,,,0.0,0,0,0,有,無,4951050,1950,,0.0,0,,RPPNMLLMKIPFFDD18EA,0.0,0.0,0.0,無,
新營區,土地,姑爺段695地號,1425.0,,特定農業區,農牧用地,1091214,土地1建物0車位0,,,其他,,,,0.0,0,0,0,有,無,1282500,900,,0.0,0,,RPQNMLLMKIPFFDD28EA,0.0,0.0,0.0,無,
鹽水區,房地(土地+建物),新中路８２巷１５號,85.0,都市：其他:住宅區,,,1091218,土地1建物1車位0,全,三層,透天厝,住商用,鋼筋混凝土造,0810828,179.05,4,1,3,有,無,4700000,26250,,0.0,0,,RPRNMLLMKIPFFDD38EA,163.96,0.0,15.09,無,
東區,房地(土地+建物)+車位,裕豐街８號六樓,22.29,都市：其他:細部計畫道路用地,,,1091129,土地3建物1車位1,六層,十六層,住宅大樓(11層含以上有電梯),住家用,鋼筋混凝土造,0810617,170.14,4,2,2,有,有,6300000,37028,升降機械,0.0,0,,RPUNMLSLKIPFFCD56EA,102.71,0.0,15.57,有,
東區,土地,德高段1433地號,86.0,都市：其他:第五種住宅區,,,1091215,土地1建物0車位0,,,其他,,,,0.0,0,0,0,有,無,5400000,62791,,0.0,0,,RPRNMLKMKIPFFCD18EA,0.0,0.0,0.0,無,
東區,土地,德高段1432地號,85.0,都市：其他:第五種住宅區,,,1091215,土地1建物0車位0,,,其他,,,,0.0,0,0,0,有,無,5400000,63529,,0.0,0,,RPSNMLKMKIPFFCD28EA,0.0,0.0,0.0,無,
北區,房地(土地+建物),公園南路３６２巷２２號二十三樓之２,15.99,都市：其他:住宅區,,,1091216,土地1建物1車位0,二十三層，二十四層,二十五層,住宅大樓(11層含以上有電梯),住家用,鋼筋混凝土造,0840104,239.35999999999999,3,2,2,有,有,5500000,22978,,0.0,0,親友、員工、共有人或其他特殊關係間之交易；,RPTOMLPLKIPFFAD68EA,137.2,44.11,13.51,有,0522
永康區,房地(土地+建物),新民街６６巷３號五樓之１,4.99,都市：其他:住宅區,,,1091206,土地1建物1車位0,五層,九層,華廈(10層含以下有電梯),住家用,鋼筋混凝土造,0821230,36.33,1,0,1,有,有,1550000,42664,,0.0,0,,RPPNMLTKKIPFFKD76DA,18.15,0.0,3.2,有,
永康區,房地(土地+建物),東橋五路１１７號十八樓,9.68,都市：其他:商業區,,,1091212,土地1建物1車位0,十八層,二十三層,住宅大樓(11層含以上有電梯),住家用,見其他登記事項,1051026,93.50999999999999,2,1,1,有,有,6680000,71436,,0.0,0,,RPSNMLTLKIPFFKD17DA,49.46,5.13,4.55,有,0523
永康區,房地(土地+建物)+車位,復華一街１８０號十二樓之１,30.41,都市：其他:住宅區,,,1070807,土地1建物1車位1,十二層,十四層,住宅大樓(11層含以上有電梯),見其他登記事項,見其他登記事項,1090909,157.13,3,1,2,有,有,7840000,52276,坡道平面,28.2,1100000,預售屋、或土地及建物分次登記案件；,RPTNMLTLKIPFFKD27DA,77.56,0.0,9.57,有,
永康區,房地(土地+建物)+車位,復華一街１７８號九樓之７,21.16,都市：其他:住宅區,,,1070406,土地1建物1車位1,九層,十四層,住宅大樓(11層含以上有電梯),見其他登記事項,見其他登記事項,1090909,111.64,2,1,1,有,有,5090000,50116,坡道機械,21.05,550000,預售屋、或土地及建物分次登記案件；,RPUNMLTLKIPFFKD37DA,56.76,0.0,4.46,有,
永康區,房地(土地+建物)+車位,復華一街１８０號七樓之３,30.5,都市：其他:住宅區,,,1070730,土地1建物1車位1,七層,十四層,住宅大樓(11層含以上有電梯),見其他登記事項,見其他登記事項,1090909,158.02,3,1,2,有,有,7060000,45910,坡道平面,28.2,1100000,預售屋、或土地及建物分次登記案件；,RPSOMLTLKIPFFKD27DA,79.66,0.0,8.07,有,
永康區,房地(土地+建物)+車位,復華一街１８０號八樓之７,21.2,都市：其他:住宅區,,,1070430,土地1建物1車位1,八層,十四層,住宅大樓(11層含以上有電梯),見其他登記事項,見其他登記事項,1090909,112.0,2,1,1,有,有,4860000,47389,坡道機械,21.05,550000,預售屋、或土地及建物分次登記案件；,RPTOMLTLKIPFFKD37DA,57.03,0.0,4.45,有,
永康區,房地(土地+建物)+車位,復華一街１８０號八樓之３,30.5,都市：其他:住宅區,,,1070831,土地1建物1車位1,八層,十四層,住宅大樓(11層含以上有電梯),見其他登記事項,見其他登記事項,1090909,157.39,3,1,2,有,有,7300000,47991,坡道平面,28.2,1100000,預售屋、或土地及建物分次登記案件；,RPUOMLTLKIPFFKD47DA,79.19,0.0,8.1,有,
永康區,房地(土地+建物)+車位,復華一街１７８號三樓之３,31.04,都市：其他:住宅區,,,1070327,土地1建物1車位1,三層,十四層,住宅大樓(11層含以上有電梯),見其他登記事項,見其他登記事項,1090909,159.56,3,1,2,有,有,7100000,46437,坡道平面,28.2,1000000,預售屋、或土地及建物分次登記案件；,RPWNMLTLKIPFFKD57DA,80.81,0.0,7.97,有,
永康區,房地(土地+建物)+車位,復華一街１８０號十三樓之６,21.34,都市：其他:住宅區,,,1070526,土地1建物1車位1,十三層,十四層,住宅大樓(11層含以上有電梯),見其他登記事項,見其他登記事項,1090909,113.63,2,1,1,有,有,5600000,53467,坡道機械,21.05,650000,預售屋、或土地及建物分次登記案件；,RPXNMLTLKIPFFKD67DA,57.78,0.0,4.74,有,
永康區,房地(土地+建物)+車位,復華一街１７８號八樓之３,31.04,都市：其他:住宅區,,,1070415,土地1建物1車位1,八層,十四層,住宅大樓(11層含以上有電梯),見其他登記事項,見其他登記事項,1090909,159.57999999999998,3,1,2,有,有,7400000,47953,坡道平面,28.2,1100000,預售屋、或土地及建物分次登記案件；,RPOOMLTLKIPFFKD86DA,80.81,0.0,7.99,有,
永康區,房地(土地+建物)+車位,復華一街１８０號三樓之３,30.5,都市：其他:住宅區,,,1070624,土地1建物1車位1,三層,十四層,住宅大樓(11層含以上有電梯),見其他登記事項,見其他登記事項,1090909,158.02,3,1,2,有,有,7000000,46218,坡道平面,28.2,1000000,預售屋、或土地及建物分次登記案件；,RPPOMLTLKIPFFKD96DA,79.66,0.0,8.07,有,
永康區,房地(土地+建物),大橋里大橋一街１０３巷２３８號四樓,31.0,都市：其他:住宅區,,,1091119,土地1建物1車位0,四層,五層,公寓(5樓含以下無電梯),住家用,鋼筋混凝土造,0811210,128.99,3,2,2,有,無,3400000,26359,,0.0,0,陽台外推；其他增建；,RPOQMLKMKIPFFKD88DA,83.48,0.0,11.17,無,
永康區,房地(土地+建物),中正南路２４２巷２６號,2141.49,都市：其他:工業區,,,1090615,土地2建物6車位0,全,二層,透天厝,住工用,鋼造,0760105,1688.26,0,0,0,無,無,85500000,50644,,0.0,0,,RPRQMLTLKIPFFKD37DA,1679.65,0.0,8.61,無,
永康區,房地(土地+建物),安康里大橋一街５７之５號十三樓之１３,3.08,都市：其他:住宅區,,,1091207,土地1建物1車位0,十三層,十四層,住宅大樓(11層含以上有電梯),住家用,鋼筋混凝土造,0880824,30.32,1,1,1,有,有,1920000,63325,,0.0,0,,RPSQMLTLKIPFFKD47DA,19.57,0.0,3.1,有,0524
永康區,土地,市政段77地號,356.9,都市：其他:住宅區,,,1091101,土地1建物0車位0,,,其他,,,,0.0,0,0,0,有,無,35800000,100308,,0.0,0,,RPPNMLLJJIPFFKD38DA,0.0,0.0,0.0,無,
永康區,土地,大灣段6280地號,392.0,都市：其他:停車場用地,,,1091013,土地1建物0車位0,,,其他,,,,0.0,0,0,0,有,無,83006000,211750,,0.0,0,單價過高未登記建物；包含公共設施保留地用地；,RPQNMLPJJIPFFKD88DA,0.0,0.0,0.0,無,
玉井區,土地,沙坑段378-2地號,839.71,,山坡地保育區,農牧用地,1091210,土地1建物0車位0,,,其他,,,,0.0,0,0,0,有,無,1595449,1900,,0.0,0,政府機關標讓售；,RPRNMLNLKIPFFJD98DA,0.0,0.0,0.0,無,
玉井區,土地,玉田段824地號,303.12,都市：其他:住宅區,,,1091202,土地3建物0車位0,,,其他,,,,0.0,0,0,0,有,無,3208800,10586,,0.0,0,未登記建物；,RPPNMLOKKIPFFJD78DA,0.0,0.0,0.0,無,
永康區,房地(土地+建物)+車位,復國路７８號十樓之５,58.17,都市：其他:住宅區,,,1091110,土地1建物1車位1,十層,十四層,住宅大樓(11層含以上有電梯),住家用,鋼筋混凝土造,0960920,204.16000000000003,4,2,2,有,有,7780000,38107,坡道平面,0.0,0,,RPROMLSJKIPFFKD86DA,114.1,0.0,11.88,有,
永康區,房地(土地+建物),永大路二段１１８０號,143.0,都市：其他:住宅區,,,1091127,土地1建物1車位0,全,三層,透天厝,住商用,鋼筋混凝土造,0690912,319.56,14,2,17,有,無,26000000,81362,,0.0,0,頂樓加蓋；其他增建；,RPSPMLOJKIPFFKD66DA,319.56,0.0,0.0,無,
永康區,房地(土地+建物),永大二路１０８巷６３號,78.0,都市：其他:商業區,,,1091214,土地3建物1車位0,全,四層,透天厝,住家用,鋼筋混凝土造,0990708,192.92,4,2,4,有,無,13300000,68940,,0.0,0,,RPRNMLLMKIPFFKD98DA,184.28,0.0,8.64,無,
歸仁區,土地,八甲西段803地號,24.05,都市：其他:住宅區,,,1091123,土地1建物0車位0,,,其他,,,,0.0,0,0,0,有,無,580000,24116,,0.0,0,畸零地或有合併使用效益；,RPQOMLKMKIPFFID68DA,0.0,0.0,0.0,無,0525
歸仁區,房地(土地+建物),大光二街５９號,100.14,都市：其他:住宅區,,,1091123,土地1建物1車位0,全,四層,透天厝,住家用,鋼筋混凝土造,0940413,199.88,4,3,3,有,無,10220000,51131,,0.0,0,,SPQOMLKMKIPFFID78DA,185.16,0.0,14.72,無,
關廟區,土地,香洋段325-2地號,72.0,都市：其他:住宅區,,,1091224,土地1建物0車位0,,,其他,,,,0.0,0,0,0,有,無,1740000,24167,,0.0,0,親友、員工、共有人或其他特殊關係間之交易；未登記建物；,RPWOMLKMKIPFFID66DA,0.0,0.0,0.0,無,
關廟區,房地(土地+建物),仁愛路１５６號,61.0,都市：其他:住宅區,,,1091221,土地1建物1車位0,全,三層,透天厝,住商用,鋼筋混凝土造,0791106,143.28,4,1,3,有,無,2250000,15704,,0.0,0,,RPTOMLKMKIPFFID98DA,136.97,5.41,0.9,無,
仁德區,土地,崁腳北段93-28地號,768.6,都市：其他:乙種工業區,,,1091221,土地7建物0車位0,,,其他,,,,0.0,0,0,0,有,無,26228985,34126,,0.0,0,,RPRNMLTLKIPFFID86DA,0.0,0.0,0.0,無,0526
仁德區,房地(土地+建物),保安村保學路３７巷３０號,106.39,都市：其他:住宅區,,,1091125,土地3建物1車位0,全,三層,透天厝,住家用,鋼筋混凝土造,0970310,159.13,8,0,8,有,無,7800000,49017,,0.0,0,頂樓加蓋；,RPWNMLTLKIPFFID37DA,146.69,4.13,8.31,無,
歸仁區,土地,歸仁北段763地號,449.06,都市：其他:農業區,,,1091211,土地4建物0車位0,,,其他,,,,0.0,0,0,0,有,無,8100000,18038,,0.0,0,農作物；,RPSNMLPLKIPFFID56DA,0.0,0.0,0.0,無,0527
仁德區,土地,太子段1452地號,323.46,都市：其他:乙種工業區,,,1091109,土地1建物0車位0,,,其他,,,,0.0,0,0,0,有,無,16500000,51011,,0.0,0,,RPQPMLOKKIPFFID98DA,0.0,0.0,0.0,無,
歸仁區,土地,大成段308地號,209.79,都市：其他:住宅區,,,1091111,土地2建物0車位0,,,其他,,,,0.0,0,0,0,有,無,6980000,33271,,0.0,0,,RPUOMLOJKIPFFID56DA,0.0,0.0,0.0,無,0528
新市區,土地,潭頂段1100-1地號,490.0,,一般農業區,農牧用地,1091201,土地1建物0車位0,,,其他,,,,0.0,0,0,0,有,無,1382000,2820,,0.0,0,政府機關標讓售；,RPPOMLKMJIPFFHD38DA,0.0,0.0,0.0,無,
新市區,土地,大營段2238地號,1188.0,,特定農業區,農牧用地,1091211,土地1建物0車位0,,,其他,,,,0.0,0,0,0,有,無,5940000,5000,,0.0,0,,RPRNMLNJJHGGFHD57DA,0.0,0.0,0.0,無,
善化區,土地,北子店段一小段11地號,3982.0,,特定農業區,農牧用地,1091121,土地1建物0車位0,,,其他,,,,0.0,0,0,0,有,無,13000000,3265,,0.0,0,,RPPSMLKMKIPFFHD88DA,0.0,0.0,0.0,無,0529
將軍區,房地(土地+建物),忠嘉里忠興３６之４號,55.98,都市：其他:住宅區,,,1091123,土地1建物1車位0,全,三層,透天厝,住家用,加強磚造,0661123,93.53,5,2,2,有,無,1250000,13365,,0.0,0,二親等買賣親友、員工、共有人或其他特殊關係間之交易；,RPOOMLSLKIPFFGD98DA,93.52,0.0,0.0,無,
將軍區,土地,中社段652地號,176.96,都市：其他:計畫道路用地,,,1091123,土地2建物0車位0,,,其他,,,,0.0,2,1,0,有,無,1250000,7064,,0.0,0,二親等買賣親友、員工、共有人或其他特殊關係間之交易；未登記建物；,RPPOMLSLKIPFFGD09DA,0.0,0.0,0.0,無,
學甲區,土地,興業段649地號,680.68,都市：其他:乙種工業區,,,1091107,土地1建物0車位0,,,其他,,,,0.0,0,0,0,有,無,9780000,14368,,0.0,0,,RPPNMLQLKIPFFGD78DA,0.0,0.0,0.0,無,0530
西港區,土地,港東段1396地號,1.57,都市：其他:住宅區,,,1091205,土地1建物0車位0,,,其他,,,,0.0,0,0,0,有,無,73600,46879,,0.0,0,畸零地或有合併使用效益；,RPOOMLLMKIPFFGD38DA,0.0,0.0,0.0,無,
麻豆區,房地(土地+建物),大山７１之１６號,145.48,都市：其他:第三種住宅區。,,,1090215,土地5建物1車位0,全,三層,透天厝,住家用,見其他登記事項,1090728,164.08,4,2,4,有,無,6960000,42418,,0.0,0,預售屋、或土地及建物分次登記案件；,RPTNMLKMKIPFFFD58DA,150.1,0.0,13.98,無,
下營區,土地,茅港尾段4260地號,646.67,,特定農業區,甲種建築用地,1091118,土地1建物0車位0,,,其他,,,,0.0,0,0,0,有,無,2069333,3200,,0.0,0,親友、員工、共有人或其他特殊關係間之交易；,RPWNMLKMKIPFFFD88DA,0.0,0.0,0.0,無,0531
麻豆區,土地,保安段211-1地號,72.57,都市：其他:第三種住宅區。,,,1091221,土地1建物0車位0,,,其他,,,,0.0,0,0,0,有,無,3650000,50296,,0.0,0,未登記建物；,RPOOMLKMKIPFFFD18DA,0.0,0.0,0.0,無,
六甲區,土地,中社段1971地號,3283.0,,特定農業區,農牧用地,1091209,土地1建物0車位0,,,其他,,,,0.0,0,0,0,有,無,3890000,1185,,0.0,0,農作物；,RPWNMLSLKIPFFFD96DA,0.0,0.0,0.0,無,
官田區,土地,拔子林段167-4地號,148.5,,鄉村區,乙種建築用地,1091103,土地2建物0車位0,,,其他,,,,0.0,0,0,0,有,無,900000,6061,,0.0,0,,RPOOMLMLKIPFFFD28DA,0.0,0.0,0.0,無,0532
東山區,土地,東興段838地號,61.77,都市：其他:住宅區,,,1091218,土地1建物0車位0,,,其他,,,,0.0,0,0,0,有,無,560562,9075,,0.0,0,親友、員工、共有人或其他特殊關係間之交易；,RPQNMLSLKIPFFED88DA,0.0,0.0,0.0,無,
白河區,土地,永秀段303地號,65.15,都市：其他:住宅區,,,1091114,土地2建物0車位0,,,其他,,,,0.0,0,0,0,有,無,800000,12279,,0.0,0,,RPQNMLLMKIPFFED28DA,0.0,0.0,0.0,無,
白河區,土地,關帝段717地號,1783.0,,一般農業區,農牧用地,1091217,土地1建物0車位0,,,其他,,,,0.0,0,0,0,有,無,500000,280,,0.0,0,,RPRNMLLMKIPFFED38DA,0.0,0.0,0.0,無,
柳營區,土地,柳中段15地號,85.12,都市：其他:住宅區,,,1091014,土地1建物0車位0,,,其他,,,,0.0,0,0,0,有,無,2700000,31720,,0.0,0,未登記建物；,RPVNMLLMKIPFFDD68DA,0.0,0.0,0.0,無,
新營區,房地(土地+建物),建業路２２７巷１６弄２２號六樓之六,20.44,都市：其他:住宅區,,,1091111,土地1建物1車位0,六層,八層,華廈(10層含以下有電梯),住家用,鋼筋混凝土造,0860825,106.87,3,2,2,有,有,2900000,27136,,0.0,0,,RPPOMLTLKIPFFDD88DA,79.64,0.0,4.64,有,
新營區,土地,周武段748地號,128.59,都市：其他:住宅區,,,1091222,土地1建物0車位0,,,其他,,,,0.0,0,0,0,有,無,3111800,24199,,0.0,0,,RPUNMLNLKIPFFDD68DA,0.0,0.0,0.0,無,0533
新營區,房地(土地+建物),三興街１４４巷８號,206.14,都市：其他:主要計畫道路用地,,,1091029,土地7建物1車位0,全,三層,透天厝,住家用,鋼筋混凝土造,1070920,355.4,4,2,5,有,無,16800000,47271,,0.0,0,土地價款新台幣1008萬元整房屋價款新台幣672萬元整包含公共設施保留地用地；,RPVNMLPKKIPFFDD88DA,327.3,0.0,28.1,無,
新營區,房地(土地+建物),富昌街４６號,138.65,都市：其他:住宅區,,,1080814,土地1建物1車位0,全,四層,透天厝,住家用,鋼筋混凝土造,1091007,314.04,5,3,6,有,無,15830000,50408,,0.0,0,土地價款784萬元整房屋價款799萬元整其他增建；未登記建物；,RPTNMLLJKIPFFDD18DA,280.56,0.0,33.5,無,
新營區,房地(土地+建物),富昌街４２號,96.54,都市：其他:住宅區,,,1080621,土地1建物1車位0,全,三層,透天厝,住家用,鋼筋混凝土造,1091007,203.66,4,3,5,有,無,11000000,54012,,0.0,0,土地價款550萬元整房屋價款550萬元整其他增建；未登記建物；,RPVNMLLJKIPFFDD38DA,198.48,0.0,5.18,無,
南區,房地(土地+建物),健康路一段３９１巷１４號,167.0,都市：其他:細部計畫道路用地,,,1091212,土地2建物1車位0,全,二層,透天厝,住家用,加強磚造,0620301,206.14,6,3,3,有,無,15000000,72766,,0.0,0,,RPVNMLKMKIPFFCD48DA,206.14,0.0,0.0,無,
南區,房地(土地+建物)+車位,大同路二段１３６巷９號一樓之１,33.01,都市：其他:住宅區,,,1091222,土地1建物1車位1,一層,十三層,住宅大樓(11層含以上有電梯),見其他登記事項,鋼筋混凝土造,0881021,135.14999999999998,3,2,2,有,有,2200000,16278,坡道平面,0.0,0,親友、員工、共有人或其他特殊關係間之交易；,RPRNMLKMKIPFFCD08DA,81.29,0.0,8.17,有,
南區,房地(土地+建物),仁慈街６７號,29.71,都市：其他:住宅區,,,1091027,土地2建物1車位0,一層,四層,公寓(5樓含以下無電梯),住家用,鋼筋混凝土造,0681013,82.1,3,2,2,有,無,3300000,40195,,0.0,0,,RPSNMLKMKIPFFCD18DA,71.25,0.0,0.0,無,0534
東區,房地(土地+建物),林森路一段２０８號,83.0,都市：其他:沿街商業區,,,1091124,土地1建物1車位0,全,三層,透天厝,住商用,鋼筋混凝土造,0751018,183.47,3,3,3,有,無,18600000,101379,,0.0,0,,RPPOMLTLKIPFFCD78DA,173.8,0.0,9.67,無,
南區,房地(土地+建物),大成路二段１４３巷２１之１號五樓,26.72,都市：其他:住宅區,,,1091124,土地1建物1車位0,五層,五層,公寓(5樓含以下無電梯),住家用,鋼筋混凝土造,0730430,99.56,3,2,1,有,無,2450000,24608,,0.0,0,頂樓加蓋；,RPUNMLTLKIPFFCD56DA,76.42,0.0,8.25,無,
東區,房地(土地+建物)+車位,中華東路二段１９７號二十樓之６,5.59,都市：其他:道路用地,,,1091107,土地3建物1車位1,二十層,二十層,住宅大樓(11層含以上有電梯),住家用,鋼筋混凝土造,0841106,145.18,2,2,2,有,有,6700000,46150,坡道平面,0.0,0,陽台外推；,RPSNMLTLKIPFFCD98DA,46.66,51.29,5.53,有,
南區,房地(土地+建物)+車位,水交社路２０巷６號,54.61,都市：其他:住宅區,,,1091028,土地3建物1車位2,一層，二層,七層,華廈(10層含以下有電梯),見其他登記事項,鋼筋混凝土造,1051201,265.72,3,2,2,有,有,15600000,60216,坡道平面,50.66,2650000,含裝潢費1230000元；,RPSPMLMLKIPFFCD48DA,147.82,0.0,10.96,有,
安南區,房地(土地+建物),本原街二段１１６巷４７弄２之１號,109.78,都市：其他:住宅區,,,1091111,土地1建物1車位0,全,二層,透天厝,住家用,鋼筋混凝土造,0840527,112.92,5,1,3,有,無,7500000,66419,,0.0,0,,RPRNMLMKJIPFFBD87DA,108.12,0.0,4.8,無,
安南區,房地(土地+建物),環館路３６２巷２１號,135.09,都市：其他:住宅區,,,1090629,土地4建物1車位0,全,四層,透天厝,見其他登記事項,鋼筋混凝土造,1090924,266.96,4,2,3,有,有,16500000,61807,,0.0,0,,RPORMLRJKIPFFBD48DA,254.11,0.0,11.26,有,
安南區,土地,淵西段793-4地號,199.94,都市：其他:主要計畫道路用地,,,1091204,土地1建物0車位0,,,其他,,,,0.0,0,0,0,有,無,2389322,11950,,0.0,0,包含公共設施保留地用地；,RPUNMLQKKIPFFBD68DA,0.0,0.0,0.0,無,0535
安南區,房地(土地+建物),安和路五段２９２號,99.02,都市：其他:住宅區,,,1091216,土地1建物1車位0,全,三層,透天厝,見其他登記事項,鋼筋混凝土造,1040119,196.89,5,0,6,有,無,18550000,94215,,0.0,0,,RPTNMLTLKIPFFBD98DA,183.07,0.0,13.82,無,
南區,土地,同安段761地號,812.8,都市：其他:住宅區,,,1091105,土地1建物0車位0,,,其他,,,,0.0,0,0,0,有,無,24587000,30250,,0.0,0,,RPUOMLMLKIPFFCD58DA,0.0,0.0,0.0,無,
東區,房地(土地+建物)+車位,崇信街１００號七樓之２,20.34,都市：其他:第五種住宅區,,,1091203,土地1建物1車位1,七層,十一層,住宅大樓(11層含以上有電梯),住家用,鋼筋混凝土造,0811229,131.41,3,2,2,有,有,6700000,50985,坡道平面,0.0,0,,RPWOMLMLKIPFFCD78DA,76.0,1.42,8.98,有,
東區,房地(土地+建物)+車位,崇賢三路２６號三樓之６,31.65,都市：其他:第五種住宅區,,,1091214,土地1建物1車位1,三層,十五層,住宅大樓(11層含以上有電梯),見其他登記事項,鋼筋混凝土造,1061031,185.14,3,2,2,有,有,5512800,31274,坡道平面,29.01,630000,照顧住宅,RPPNMLKLKIPFFCD77DA,97.79,0.0,11.54,有,0536
東區,房地(土地+建物)+車位,崇賢三路３２號六樓之３,32.23,都市：其他:第五種住宅區,,,1091214,土地1建物1車位1,六層,十五層,住宅大樓(11層含以上有電梯),見其他登記事項,鋼筋混凝土造,1061031,187.2,3,2,2,有,有,5582100,31305,坡道平面,29.01,630000,照顧住宅,RPTPMLSKKIPFFCD09DA,97.91,0.0,12.59,有,0537
東區,房地(土地+建物)+車位,崇賢三路３０號四樓之７,31.65,都市：其他:第五種住宅區,,,1091214,土地1建物1車位1,四層,十五層,住宅大樓(11層含以上有電梯),見其他登記事項,鋼筋混凝土造,1061031,183.97,3,2,2,有,有,5457500,31153,坡道平面,29.01,630000,照顧住宅,RPVPMLSKKIPFFCD66DA,95.71,0.0,12.62,有,0538
東區,房地(土地+建物)+車位,崇賢三路２８號四樓之５,31.08,都市：其他:第五種住宅區,,,1091214,土地1建物1車位1,四層,十五層,住宅大樓(11層含以上有電梯),見其他登記事項,鋼筋混凝土造,1061031,180.97,3,2,2,有,有,5290800,30671,坡道平面,29.01,630000,照顧住宅,RPRNMLKLKIPFFCD97DA,94.55,0.0,11.67,有,0539
東區,房地(土地+建物),崇善十五街３３巷５６號三樓之１３,20.66,都市：其他:第五種住宅區,,,1091204,土地2建物1車位0,三層,七層,華廈(10層含以下有電梯),住家用,鋼筋混凝土造,0830108,128.28,3,2,2,有,有,4600000,35859,,0.0,0,,RPXNMLSKKIPFFCD66DA,72.03,2.23,10.17,有,
南區,土地,天后段449地號,73.62,都市：其他:住宅區,,,1091124,土地4建物0車位0,,,其他,,,,0.0,0,0,0,有,無,4452000,60473,,0.0,0,,RPRNMLSKKIPFFCD68DA,0.0,0.0,0.0,無,0540
南區,土地,天后段449地號,73.62,都市：其他:住宅區,,,1091124,土地4建物0車位0,,,其他,,,,0.0,0,0,0,有,無,4452000,60473,,0.0,0,,RPSNMLSKKIPFFCD78DA,0.0,0.0,0.0,無,0540
東區,房地(土地+建物)+車位,凱旋路２２７號十樓之２,78.37,都市：其他:第五種住宅區,,,1091125,土地1建物1車位1,十層,十一層,住宅大樓(11層含以上有電梯),住家用,鋼筋混凝土造,0881020,538.77,4,2,4,有,有,37400000,70344,坡道平面,15.63,600000,,RPQNMLOKKIPFFCD18DA,339.79,0.0,47.08,有,0542
東區,車位,凱旋路２２７號十樓之２,78.37,都市：其他:第五種住宅區,,,1091125,土地1建物1車位1,十層,十一層,其他,住家用,鋼筋混凝土造,0881020,538.77,0,0,0,有,有,600000,,坡道平面,15.63,600000,僅車位交易；,SPQNMLOKKIPFFCD28DA,0.0,0.0,0.0,有,0542
東區,土地,富農段590地號,1236.0,都市：其他:道路用地,,,1091204,土地1建物0車位0,,,其他,,,,0.0,0,0,0,有,無,22062600,17850,,0.0,0,包含公共設施保留地用地；,RPPOMLQKKIPFFCD38DA,0.0,0.0,0.0,無,0544
南區,房地(土地+建物),健康路二段４３號,90.0,都市：其他:住宅區,,,1091205,土地1建物1車位0,全,四層,透天厝,住商用,鋼筋混凝土造,0610414,222.85,5,1,5,有,無,7000000,31411,,0.0,0,親友、員工、共有人或其他特殊關係間之交易；,RPRNMLKKKIPFFCD87DA,222.85,0.0,0.0,無,
南區,土地,鹽埕段270-21地號,2284.0,都市：其他:公園兼兒童遊樂場用地,,,1091102,土地2建物0車位0,,,其他,,,,0.0,0,0,0,有,無,53902000,23600,,0.0,0,包含公共設施保留地用地；,RPUNMLTJKIPFFCD98DA,0.0,0.0,0.0,無,
南區,土地,鹽埕段270-17地號,2865.0,都市：其他:細部計畫道路用地,,,1091110,土地2建物0車位0,,,其他,,,,0.0,0,0,0,有,無,67614000,23600,,0.0,0,包含公共設施保留地用地；,RPVNMLTJKIPFFCD09DA,0.0,0.0,0.0,無,
東區,房地(土地+建物),中華東路二段２０３巷１９弄２０號,66.71,都市：其他:第五種住宅區,,,1091030,土地1建物1車位0,全,二層,透天厝,住家用,鋼筋混凝土造,0730315,98.26,4,2,4,有,無,12250000,124669,,0.0,0,頂樓加蓋；其他增建；未登記建物；,RPXNMLNJJIPFFCD58DA,93.24,0.0,5.02,無,0545
東區,房地(土地+建物),長榮路二段７１巷１之２號,10.74,都市：其他:沿街商業區,,,1091114,土地1建物1車位0,三層,五層,公寓(5樓含以下無電梯),住家用,鋼筋混凝土造,0691106,45.150000000000006,1,1,1,有,無,1080000,23920,,0.0,0,,RPPNMLOKJIPFFCD97DA,30.92,0.0,0.0,無,
北區,房地(土地+建物),公園南路６５號二樓,29.38,都市：其他:商業區,,,1091109,土地1建物1車位0,一層，二層,十二層,住宅大樓(11層含以上有電梯),商業用,鋼筋混凝土造,0821119,324.94,0,0,0,無,有,9980000,30713,,0.0,0,,RPXOMLSJKIPFFAD09DA,272.19,0.0,25.9,有,
北區,房地(土地+建物),公園南路３７０巷１８號十二樓之１,11.59,都市：其他:住宅區,,,1091204,土地1建物1車位0,十二層,十八層,住宅大樓(11層含以上有電梯),住家用,鋼筋混凝土造,0840912,78.69999999999999,2,1,1,有,有,3800000,48285,,0.0,0,,RPWOMLOJKIPFFAD58DA,51.78,1.13,7.5,有,
北區,房地(土地+建物),開元路３３３巷２之１８號,82.0,都市：其他:住宅區,,,1091121,土地1建物1車位0,全,二層,透天厝,住家用,加強磚造,0621018,84.06,5,2,2,有,無,6000000,71378,,0.0,0,頂樓加蓋；其他增建；,RPSOMLOJKIPFFAD18DA,84.06,0.0,0.0,無,0546
安平區,房地(土地+建物),國平路３８７號七樓之７,10.31,都市：其他:住宅區,,,1091228,土地1建物1車位0,七層,八層,華廈(10層含以下有電梯),住家用,鋼筋混凝土造,0840401,57.39,1,1,1,有,有,1500000,26137,,0.0,0,親友、員工、共有人或其他特殊關係間之交易；,RPPQMLKMKIPFFAD97DA,43.24,0.0,4.1,有,
北區,房地(土地+建物),大興街２３３巷６０號,219.77,都市：其他:商業區,,,1090315,土地1建物1車位0,全,五層,透天厝,見其他登記事項,見其他登記事項,1020410,646.73,6,4,7,有,有,53000000,81951,,0.0,0,,RPPRMLKMKIPFFAD08DA,612.14,0.0,34.59,有,0547
北區,土地,小北段998-51地號,395.2,都市：其他:住宅區,,,1091102,土地1建物0車位0,,,其他,,,,0.0,0,0,0,有,無,52280000,132287,,0.0,0,,RPQOMLSLKIPFFAD58DA,0.0,0.0,0.0,無,
北區,房地(土地+建物)+車位,西門路三段１３４號八樓之２、之３,11.34,都市：其他:商業區,,,1091125,土地1建物2車位1,八層,十二層,住宅大樓(11層含以上有電梯),商業用,鋼筋混凝土造,0810529,123.96000000000001,2,0,2,有,有,4900000,39529,坡道機械,0.0,0,,RPVNMLTLKIPFFAD09DA,85.03,0.0,8.12,有,
安平區,房地(土地+建物)+車位,育平五街７７號七樓之１２,7.6,都市：其他:住宅區,,,1091211,土地1建物1車位1,七層,十三層,住宅大樓(11層含以上有電梯),住家用,鋼筋混凝土造,0850919,75.72,4,2,2,有,有,2800000,36978,坡道平面,0.0,0,,RPRNMLPLKIPFFAD28DA,42.7,0.91,7.3,有,0548
中西區,房地(土地+建物),民權路一段９０巷１１號,29.82,都市：其他:商業區,,,1091123,土地1建物1車位0,全,三層,透天厝,住商用,加強磚造,0611023,92.55,3,1,2,有,無,5800000,62669,,0.0,0,,RPXOMLTLKIPFFAD76DA,92.55,0.0,0.0,無,
安平區,房地(土地+建物),古堡街８１巷５號,136.39,都市：其他:特定住宅專用區,,,1091022,土地1建物1車位0,全,二層,透天厝,住家用,加強磚造,0530113,103.89,4,1,2,有,無,10800000,103956,,0.0,0,頂樓加蓋；其他增建；,RPXNMLTLKIPFFAD66DA,103.89,0.0,0.0,無,
北區,房地(土地+建物),東豐路４５１巷１弄２２號,75.0,都市：其他:住宅區,,,1091123,土地1建物1車位0,全,三層,透天厝,,鋼筋混凝土造,0681017,133.92,5,2,4,有,無,11700000,87366,,0.0,0,頂樓加蓋；其他增建；,RPPOMLTLKIPFFAD58DA,133.92,0.0,0.0,無,0549
安平區,房地(土地+建物)+車位,健康路三段１３８號十九樓之３,58.3,都市：其他:住宅區,,,1091207,土地1建物1車位3,十九層,二十層,住宅大樓(11層含以上有電梯),見其他登記事項,見其他登記事項,1040903,416.18,4,2,4,有,有,30200000,72565,坡道平面,91.44,0,,RPUOMLKMKIPFFAD28DA,207.72,0.0,27.59,有,0550
中西區,房地(土地+建物)+車位,慈聖街６７號,42.05,都市：其他:商業區,,,1081028,土地1建物1車位1,一層，見其他登記事項,五層,華廈(10層含以下有電梯),見其他登記事項,見其他登記事項,1091023,175.45999999999998,2,3,2,有,有,11410000,66579,其他,15.35,750000,預售屋、或土地及建物分次登記案件；,RPRPMLKMKIPFFAD08DA,119.85,0.0,13.97,有,
中西區,房地(土地+建物)+車位,慈聖街６７號二樓之２,24.18,都市：其他:商業區,,,1090720,土地1建物1車位1,二層,五層,華廈(10層含以下有電梯),見其他登記事項,見其他登記事項,1091023,100.59,2,2,2,有,有,6190000,63233,其他,15.35,800000,預售屋、或土地及建物分次登記案件；,RPTPMLKMKIPFFAD28DA,57.55,0.0,4.4,有,
中西區,房地(土地+建物),慈聖街６７號三樓之２,19.71,都市：其他:商業區,,,1080306,土地1建物1車位0,三層,五層,華廈(10層含以下有電梯),見其他登記事項,見其他登記事項,1091023,82.30000000000001,2,2,2,有,有,5280000,64156,,0.0,0,預售屋、或土地及建物分次登記案件；,RPVPMLKMKIPFFAD48DA,57.65,0.0,1.94,有,
北區,房地(土地+建物)+車位,臨安路二段５３號十四樓之２,45.43,都市：其他:住宅區,,,1091109,土地1建物2車位4,十四層,十五層,住宅大樓(11層含以上有電梯),住商用,鋼筋混凝土造,0821119,445.27,6,4,5,有,有,10800000,24255,坡道機械,0.0,0,陽台外推；,RPUPMLMLKIPFFAD48DA,297.66,9.65,19.37,有,
北區,土地,東豐段650-1地號,57.0,都市：其他:細部計畫道路用地,,,1091128,土地2建物0車位0,,,其他,,,,0.0,0,0,0,有,無,6000000,105263,,0.0,0,未登記建物；包含公共設施保留地用地；,RPVPMLNLKIPFFAD68DA,0.0,0.0,0.0,無,
中西區,房地(土地+建物)+車位,慈聖街６７號五樓之２,57.51,都市：其他:商業區,,,1091207,土地1建物1車位1,五層，見其他登記事項,五層,華廈(10層含以下有電梯),見其他登記事項,見其他登記事項,1091023,242.34,4,3,3,有,有,17380000,72382,其他,15.35,950000,,RPWPMLKMKIPFFAD58DA,157.56,0.0,12.34,有,
中西區,房地(土地+建物)+車位,民生路二段４２０號二十五樓之１,26.41,都市：其他:商業區,,,1090112,土地1建物1車位3,二十五層,二十七層,住宅大樓(11層含以上有電梯),見其他登記事項,見其他登記事項,1091029,333.35,3,2,3,有,有,28050000,95509,坡道平面,76.83,3550000,預售屋、或土地及建物分次登記案件；,RPOPMLKMKIPFFAD77DA,155.7,0.0,19.77,有,
安平區,房地(土地+建物)+車位,建平八街５５１號二十二樓之３,8.67,都市：其他:住宅區,,,1091114,土地1建物1車位1,二十二層,二十六層,住宅大樓(11層含以上有電梯),住家用,鋼筋混凝土造,0870105,142.60000000000002,3,2,2,有,有,5330000,37380,坡道機械,23.19,0,,RPRNMLKMKIPFFAD87DA,81.15,0.0,12.84,有,0551
北區,房地(土地+建物),開元路５１７號九樓之１,9.01,都市：其他:住宅區,,,1091123,土地3建物1車位0,九層,二十四層,住宅大樓(11層含以上有電梯),見其他登記事項,見其他登記事項,1041105,133.0,3,2,2,有,有,6450000,48496,,0.0,0,,RPROMLTLKIPFFAD78DA,78.8,7.4,7.62,有,0552
安平區,房地(土地+建物)+車位,建平十二街１４５號六樓之５,15.73,都市：其他:住宅區,,,1091116,土地1建物1車位1,六層,六層,華廈(10層含以下有電梯),住家用,鋼筋混凝土造,0820723,86.63999999999999,3,2,2,有,有,4980000,57479,坡道機械,0.0,0,陽台外推；,RPWNMLKMKIPFFAD38DA,46.98,4.68,13.66,有,
安平區,房地(土地+建物)+車位,國平南路９８號九樓之２,39.98,都市：其他:商業區,,,1091031,土地2建物1車位2,九層,二十四層,住宅大樓(11層含以上有電梯),見其他登記事項,見其他登記事項,1070529,458.34,3,2,4,有,有,39000000,87097,坡道平面,43.86,2900000,,RPTNMLKMKIPFFAD08DA,247.66,0.0,35.18,有,
中西區,房地(土地+建物),忠義路二段１８５號七樓之１,7.25,都市：其他:商業區,,,1091220,土地1建物1車位0,七層,十層,華廈(10層含以下有電梯),住家用,鋼筋混凝土造,0691203,60.2,1,1,1,有,有,2400000,39867,,0.0,0,,RPUNMLTLKIPFFAD98DA,47.49,0.0,0.0,有,0553
中西區,土地,赤崁段386地號,90.58,都市：其他:商業區,,,1091212,土地2建物0車位0,,,其他,,,,0.0,0,0,0,有,無,10000000,110400,,0.0,0,親友、員工、共有人或其他特殊關係間之交易；,RPQNMLSLKIPFFAD48DA,0.0,0.0,0.0,無,0554
中西區,房地(土地+建物),健康路一段３９６號十一樓之７,2.97,都市：其他:商業區,,,1091227,土地1建物1車位0,十一層,十三層,住宅大樓(11層含以上有電梯),見其他登記事項,鋼筋混凝土造,0850821,34.35,1,0,1,有,有,1550000,45124,,0.0,0,,RPRRMLKMKIPFFAD28DA,20.39,0.0,4.46,有,
安平區,房地(土地+建物),健康路三段３０９號七樓之２,7.31,都市：其他:商業區,,,1091111,土地1建物1車位0,七層,二十七層,住宅大樓(11層含以上有電梯),見其他登記事項,見其他登記事項,1051109,85.78,2,1,1,有,有,5050000,58872,,0.0,0,,RPORMLKMKIPFFAD97DA,50.11,2.68,5.01,有,0555
中西區,土地,永華段721-2地號,14.53,都市：其他:商業區,,,1091221,土地2建物0車位0,,,其他,,,,0.0,0,0,0,有,無,2844974,195800,,0.0,0,政府機關標讓售；,RPVNMLLMKIPFFAD38DA,0.0,0.0,0.0,無,
北區,房地(土地+建物),開元路５２３號十八樓之７,5.75,都市：其他:住宅區,,,1091128,土地3建物1車位0,十八層,二十四層,住宅大樓(11層含以上有電梯),見其他登記事項,見其他登記事項,1041105,78.53,2,2,1,有,有,5000000,63670,,0.0,0,,RPQOMLLMKIPFFAD97DA,47.76,0.0,7.26,有,0556
中西區,房地(土地+建物)+車位,中華西路二段４１６號四樓之５,28.01,都市：其他:住宅區,,,1091128,土地1建物1車位2,四層,二十五層,住宅大樓(11層含以上有電梯),集合住宅,鋼筋混凝土構造,1060817,316.45,3,2,3,有,有,17500000,62287,坡道平面,67.6,2000000,,RPRNMLOJJHGGFAD96DA,161.85,0.0,13.71,有,
中西區,房地(土地+建物)+車位,中華西路二段４１６號二樓之２,26.42,都市：其他:住宅區,,,1091220,土地1建物1車位1,二層,二十五層,住宅大樓(11層含以上有電梯),集合住宅,鋼筋混凝土構造,1060817,275.75,3,2,3,有,有,16040000,62162,坡道平面,33.8,1000000,,RPTNMLOJJHGGFAD17DA,157.24,0.0,14.02,有,
安平區,房地(土地+建物)+車位,慶平路５３９號七樓之２０,11.04,都市：其他:商業區,,,1091208,土地1建物1車位1,七層，八層,二十四層,住宅大樓(11層含以上有電梯),見其他登記事項,鋼筋混凝土造,0880211,180.71,4,2,2,有,有,6520000,36080,坡道機械,0.0,0,,RPWOMLOJJHGGFAD57DA,104.3,0.0,13.12,有,0557
安平區,房地(土地+建物)+車位,永華路二段８３９號二樓,12.67,都市：其他:住宅區,,,1091128,土地1建物1車位1,二層,二十三層,住宅大樓(11層含以上有電梯),見其他登記事項,見其他登記事項,1081217,147.72,2,2,2,有,有,8400000,62003,坡道機械,28.37,1000000,,RPTNMLSLJIPFFAD68DA,70.74,1.25,8.0,有,0558
東區,房地(土地+建物)+車位,崇賢三路２８號六樓之１,21.36,都市：其他:第五種住宅區,,,1091116,土地1建物1車位1,六層,十五層,住宅大樓(11層含以上有電梯),見其他登記事項,鋼筋混凝土造,1061031,127.5,2,1,1,有,有,7580000,59451,坡道平面,29.01,0,含地政士服務費；,RPWQMLRKJIPFFCD66DA,64.44,0.0,4.41,有,0559
東區,房地(土地+建物)+車位,崇賢三路２８號十四樓之１,21.36,都市：其他:第五種住宅區,,,1091112,土地1建物1車位1,十四層,十五層,住宅大樓(11層含以上有電梯),見其他登記事項,鋼筋混凝土造,1061031,127.5,2,1,1,有,有,7760000,60863,坡道平面,29.01,0,含地政士服務費；,RPUQMLRKJIPFFCD09DA,64.44,0.0,4.41,有,0560
東區,房地(土地+建物),崇仁街５３巷１號五樓,26.5,都市：其他:第五種住宅區,,,1091128,土地1建物1車位0,五層,五層,公寓(5樓含以下無電梯),住家用,鋼筋混凝土造,0780831,103.89,5,0,5,有,無,4800000,46203,,0.0,0,陽台外推；頂樓加蓋；,RPPNMLSLJIPFFCD48DA,74.82,0.0,9.29,無,
東區,房地(土地+建物)+車位,崇明路１１７號十樓,16.86,都市：其他:第五種住宅區,,,1091208,土地1建物1車位1,十層,十六層,住宅大樓(11層含以上有電梯),住家用,鋼筋混凝土造,0850203,182.24,4,2,2,有,有,9000000,49385,坡道平面,0.0,1500000,,RPSOMLSJKIPFFCD78DA,103.91,0.0,13.38,有,
東區,房地(土地+建物)+車位,裕農路６０號十二樓,19.17,都市：其他:第五種住宅區,,,1091214,土地1建物1車位1,十二層,十二層,住宅大樓(11層含以上有電梯),住家用,鋼筋混凝土造,0830418,159.98,3,2,2,有,有,7800000,48756,坡道平面,0.0,0,,RPWNMLSKKIPFFCD56DA,84.83,1.57,13.68,有,
東區,房地(土地+建物)+車位,崇賢三路３２號十一樓之３,32.23,都市：其他:第五種住宅區,,,1091214,土地1建物1車位1,十一層,十五層,住宅大樓(11層含以上有電梯),見其他登記事項,鋼筋混凝土造,1061031,187.2,3,2,2,有,有,5701700,32061,坡道平面,29.01,630000,照顧住宅,RPSPMLSKKIPFFCD98DA,97.91,0.0,12.59,有,0561
東區,房地(土地+建物)+車位,莊敬路２１巷８號八樓之１２,22.92,都市：其他:第五種住宅區,,,1091120,土地1建物1車位2,八層,九層,華廈(10層含以下有電梯),住家用,鋼筋混凝土造,0870914,183.07999999999998,3,2,2,有,有,12800000,69915,坡道平面,56.4,0,其他增建；,RPTOMLLLKIPFFCD38DA,85.86,0.0,11.87,有,
安南區,土地,神榕段176-1地號,9005.8,都市：其他:農業區,,,1091123,土地3建物0車位0,,,其他,,,,0.0,0,0,0,有,無,27242500,3025,,0.0,0,,RPWNMLKMKIPFFBD48DA,0.0,0.0,0.0,無,0562
安南區,房地(土地+建物),田路２７９號,139.5,都市：其他:住宅區,,,1091109,土地4建物1車位0,全,三層,透天厝,見其他登記事項,鋼筋混凝土造,1030506,171.78,5,2,4,有,無,11000000,64035,,0.0,0,,RPXNMLPLKIPFFBD98DA,171.78,0.0,0.0,無,0563
安南區,土地,州北段578地號,427.0,都市：其他:住宅區,,,1091029,土地1建物0車位0,,,其他,,,,0.0,0,0,0,有,無,14699000,34424,,0.0,0,地清或未辦繼承標售；,RPUOMLKMKIPFFBD38DA,0.0,0.0,0.0,無,0564
安南區,土地,北興段569地號,1206.56,都市：其他:農業區,,,1091128,土地3建物0車位0,,,其他,,,,0.0,0,0,0,有,無,4500000,3730,,0.0,0,,RPWOMLKMKIPFFBD58DA,0.0,0.0,0.0,無,0565
安南區,房地(土地+建物),長和路一段５０９號,136.81,都市：其他:住宅區,,,1091221,土地2建物1車位0,全,四層,透天厝,見其他登記事項,鋼筋混凝土造,1011205,254.56,6,2,4,有,無,21500000,84459,,0.0,0,,RPROMLKMKIPFFBD08DA,232.06,0.0,22.5,無,
安南區,土地,城南段808-2地號,1258.78,都市：其他:住宅區,,,1091026,土地10建物0車位0,,,其他,,,,0.0,0,0,0,有,無,4560000,3623,,0.0,0,,RPRNMLLMKIPFFBD08DA,0.0,0.0,0.0,無,
安南區,土地,海中段1312地號,44.49,都市：其他:細部計畫道路用地,,,1090901,土地2建物0車位0,,,其他,,,,0.0,0,0,0,有,無,145000,3259,,0.0,0,包含公共設施保留地用地；,RPQNMLNJJHGGFBD86DA,0.0,0.0,0.0,無,0566
安南區,土地,海西段483地號,4129.01,都市：其他:農業區,,,1091130,土地2建物0車位0,,,其他,,,,0.0,0,0,0,有,無,14988307,3630,,0.0,0,,RPRNMLSKKIPFFBD58DA,0.0,0.0,0.0,無,
安南區,房地(土地+建物),長溪路一段２７７巷４０弄１７號,88.33,都市：其他:住宅區,,,1091201,土地2建物1車位0,全,四層,透天厝,見其他登記事項,鋼筋混凝土造,0930811,237.85,5,2,6,有,無,10800000,45407,,0.0,0,,RPRNMLKKKIPFFBD77DA,213.4,1.6,22.85,無,
南區,房地(土地+建物),金華路二段１００巷９號,127.0,都市：其他:住宅區,,,1091208,土地1建物1車位0,全,六層,透天厝,住家用,鋼筋混凝土造,0801227,623.59,12,8,13,有,無,25000000,40090,,0.0,0,頂樓加蓋；其他增建；,RPSNMLQLKIPFFCD68DA,623.59,0.0,0.0,有,
東區,房地(土地+建物)+車位,裕農路２８８巷１１號十一樓之１,24.01,都市：其他:第五種住宅區,,,1091126,土地1建物1車位1,十一層,十二層,住宅大樓(11層含以上有電梯),住家用,鋼筋混凝土造,0800829,155.35000000000002,3,2,2,有,有,7000000,45060,坡道平面,0.0,0,,RPXNMLTLKIPFFCD86DA,95.29,0.0,8.52,有,
南區,房地(土地+建物),永成路三段４２２號,76.0,都市：其他:住宅區,,,1091207,土地1建物1車位0,全,二層,透天厝,住商用,鋼筋混凝土造,0730522,129.45,4,1,2,有,無,3789000,29270,,0.0,0,親友、員工、共有人或其他特殊關係間之交易；頂樓加蓋；未登記建物；,RPOOMLTLKIPFFCD68DA,125.13,0.0,4.32,無,
東區,房地(土地+建物),林森路一段１６０號五樓之１３,5.59,都市：其他:沿街商業區,,,1091218,土地1建物1車位0,五層,十二層,住宅大樓(11層含以上有電梯),住家用,鋼筋混凝土造,0790926,36.980000000000004,1,0,1,有,有,700000,18929,,0.0,0,,RPUOMLKMKIPFFCD48DA,23.14,0.0,0.0,有,
東區,房地(土地+建物),中華東路二段１９３號十三樓之１３,6.3,都市：其他:道路用地,,,1091201,土地3建物1車位0,十三層,二十層,住宅大樓(11層含以上有電梯),住家用,鋼筋混凝土造,0841106,90.4,2,2,1,有,有,4080000,45133,,0.0,0,,RPWOMLTLKIPFFCD86DA,47.74,0.0,12.73,有,
東區,房地(土地+建物),中華東路二段１６７號八樓之５,2.99,都市：其他:第五種住宅區,,,1091206,土地2建物1車位0,八層,十四層,住宅大樓(11層含以上有電梯),住家用,鋼筋混凝土造,0970229,34.33,1,1,1,有,有,2050000,59715,,0.0,0,陽台外推；,RPPNMLKMKIPFFCD87DA,17.31,0.0,4.5,有,
南區,房地(土地+建物),喜樹路１０４巷１３號,69.0,都市：其他:住宅區,,,1091225,土地1建物1車位0,全,二層,透天厝,住家用,加強磚造,0681109,71.82,2,1,1,有,無,2100000,29240,,0.0,0,,RPPNMLNJJHGGFCD86DA,71.82,0.0,0.0,無,
東區,房地(土地+建物),東門路一段６１號六樓之２,6.03,都市：其他:第五種住宅區,,,1091223,土地2建物1車位0,六層,七層,公寓(5樓含以下無電梯),住家用,鋼筋混凝土造,0790102,40.2,1,0,1,有,無,1300000,32338,,0.0,0,,RPQNMLNJJHGGFCD96DA,21.63,0.0,3.4,無,
南區,土地,鹽埕段256-245地號,5.0,都市：其他:細部計畫道路用地,,,1091203,土地1建物0車位0,,,其他,,,,0.0,0,0,0,有,無,235000,47000,,0.0,0,協議價購；,RPROMLSKJHGGFCD77DA,0.0,0.0,0.0,無,
東山區,土地,下南勢段800-4地號,2503.0,,山坡地保育區,農牧用地,1091221,土地1建物0車位0,,,其他,,,,0.0,0,0,0,有,無,950000,380,,0.0,0,,RPXNMLOLKIPFFED56DA,0.0,0.0,0.0,無,
東山區,土地,下南勢段800-7地號,2502.0,,山坡地保育區,農牧用地,1091221,土地1建物0車位0,,,其他,,,,0.0,0,0,0,有,無,950000,380,,0.0,0,,RPOOMLOLKIPFFED38DA,0.0,0.0,0.0,無,
東山區,土地,下南勢段800-5地號,2012.0,,山坡地保育區,農牧用地,1091224,土地1建物0車位0,,,其他,,,,0.0,0,0,0,有,無,840000,417,,0.0,0,,RPPOMLOLKIPFFED48DA,0.0,0.0,0.0,無,0567
後壁區,土地,土溝段1027地號,2661.0,,特定農業區,農牧用地,1091222,土地1建物0車位0,,,其他,,,,0.0,0,0,0,有,無,1569990,590,,0.0,0,,RPTNMLOJJHGGFED57DA,0.0,0.0,0.0,無,
東山區,土地,下南勢段762地號,9774.89,,山坡地保育區,農牧用地,1091029,土地1建物0車位0,,,其他,,,,0.0,0,0,0,有,無,1960008,201,,0.0,0,地清或未辦繼承標售；,RPWNMLOJJHGGFED87DA,0.0,0.0,0.0,無,0568
白河區,土地,大排竹段1454地號,2300.0,,特定農業區,農牧用地,1091223,土地1建物0車位0,,,其他,,,,0.0,0,0,0,有,無,2530000,1100,,0.0,0,,RPPNMLOJJHGGFED17DA,0.0,0.0,0.0,無,
後壁區,土地,土溝段988地號,1300.0,,特定農業區,農牧用地,1091222,土地1建物0車位0,,,其他,,,,0.0,0,0,0,有,無,767000,590,,0.0,0,,RPQNMLOJJHGGFED27DA,0.0,0.0,0.0,無,
白河區,土地,大排竹段1455地號,2300.0,,特定農業區,農牧用地,1091223,土地1建物0車位0,,,其他,,,,0.0,0,0,0,有,無,2530000,1100,,0.0,0,,RPRNMLOJJHGGFED37DA,0.0,0.0,0.0,無,
白河區,土地,永安段654地號,29.0,都市：其他:農業區,,,1091124,土地1建物0車位0,,,其他,,,,0.0,0,0,0,有,無,30000,1034,,0.0,0,,RPRNMLOLJIPFFED48DA,0.0,0.0,0.0,無,
麻豆區,房地(土地+建物),大埕里興中路５５巷１１號,113.86,都市：其他:商業區,,,1091203,土地2建物1車位0,全,三層,透天厝,住家用,鋼筋混凝土造,0711231,127.76,2,1,3,有,無,3850000,30135,,0.0,0,未登記建物；,RPOOMLNJKIPFFFD18DA,110.04,0.0,17.72,無,
大內區,土地,內庄段1048地號,203.78,都市：其他:農業區,,,1091227,土地1建物0車位0,,,其他,,,,0.0,0,0,0,有,無,550000,2699,,0.0,0,親友、員工、共有人或其他特殊關係間之交易；,RPXNMLSLKIPFFFD07DA,0.0,0.0,0.0,無,
麻豆區,房地(土地+建物),南勢２４之６１號,111.26,都市：其他:農業區,,,1090725,土地4建物1車位0,全,四層,透天厝,見其他登記事項,見其他登記事項,1090507,250.82,4,2,5,有,有,11380000,45371,,0.0,0,預售屋、或土地及建物分次登記案件；,RPSNMLTLKIPFFFD66DA,224.5,26.32,0.0,無,
麻豆區,房地(土地+建物),南勢２４之６３號,114.81,都市：其他:農業區,,,1091002,土地4建物1車位0,全,四層,透天厝,見其他登記事項,見其他登記事項,1090507,225.18,4,2,5,有,有,11380000,50537,,0.0,0,預售屋、或土地及建物分次登記案件；,RPTNMLTLKIPFFFD76DA,199.89,25.29,0.0,無,
官田區,土地,隆興段159地號,622.89,都市：其他:道路用地,,,1090916,土地2建物0車位0,,,其他,,,,0.0,0,0,0,有,無,11480950,18432,,0.0,0,包含公共設施保留地用地；,RPROMLTLKIPFFFD66DA,0.0,0.0,0.0,無,
官田區,土地,隆興段85地號,521.23,都市：其他:住宅區,,,1090916,土地1建物0車位0,,,其他,,,,0.0,0,0,0,有,無,10248550,19662,,0.0,0,,RPSOMLTLKIPFFFD76DA,0.0,0.0,0.0,無,
官田區,土地,護安段373地號,711.16,都市：其他:計畫道路用地,,,1091202,土地4建物0車位0,,,其他,,,,0.0,0,0,0,有,無,2500000,3515,,0.0,0,急買急賣；,RPTNMLLMKIPFFFD68DA,0.0,0.0,0.0,無,
官田區,土地,隆興段87地號,316.38,都市：其他:住宅區,,,1090916,土地2建物0車位0,,,其他,,,,0.0,0,0,0,有,無,6220500,19661,,0.0,0,預售屋、或土地及建物分次登記案件；,RPOPMLTLKIPFFFD09DA,0.0,0.0,0.0,無,
官田區,土地,角秀段93-6地號,1260.5,都市：其他:住宅區,,,1091223,土地4建物0車位0,,,其他,,,,0.0,0,0,0,有,無,5000000,3967,,0.0,0,,RPQPMLTLKIPFFFD66DA,0.0,0.0,0.0,無,
西港區,土地,港東段1396-1地號,7.43,都市：其他:住宅區,,,1091203,土地1建物0車位0,,,其他,,,,0.0,0,0,0,有,無,348300,46878,,0.0,0,畸零地或有合併使用效益；,RPPOMLLMKIPFFGD48DA,0.0,0.0,0.0,無,
學甲區,土地,宅子港段163-510地號,8418.0,,一般農業區,養殖用地,1091113,土地6建物0車位0,,,其他,,,,0.0,0,0,0,有,無,5754000,684,,0.0,0,,RPUNMLLMKIPFFGD88DA,0.0,0.0,0.0,無,0569
學甲區,土地,宅子港段163-956地號,68.0,,一般農業區,養殖用地,1091113,土地1建物0車位0,,,其他,,,,0.0,0,0,0,有,無,46000,676,,0.0,0,,RPVNMLLMKIPFFGD98DA,0.0,0.0,0.0,無,
西港區,土地,港東段1377-1地號,17.95,都市：其他:住宅區,,,1091213,土地1建物0車位0,,,其他,,,,0.0,0,0,0,有,無,813000,45292,,0.0,0,畸零地或有合併使用效益；,RPWNMLLMKIPFFGD09DA,0.0,0.0,0.0,無,
佳里區,房地(土地+建物),公園路２６１號,100.0,都市：其他:住宅區,,,1091210,土地1建物1車位0,全,三層,透天厝,見其他登記事項,鋼筋混凝土造,1090430,220.98,4,2,3,有,無,15000000,67879,,0.0,0,,RPVNMLKMKIPFFGD88DA,213.93,0.0,7.05,無,
西港區,土地,下宅子段739地號,2700.0,,特定農業區,農牧用地,1091012,土地1建物0車位0,,,其他,,,,0.0,0,0,0,有,無,7560000,2800,,0.0,0,,RPQNMLLMKIPFFGD48DA,0.0,0.0,0.0,無,
西港區,土地,下宅子段739-1地號,2835.0,,特定農業區,農牧用地,1091012,土地1建物0車位0,,,其他,,,,0.0,0,0,0,有,無,7938000,2800,,0.0,0,,RPRNMLLMKIPFFGD58DA,0.0,0.0,0.0,無,
西港區,土地,下宅子段739-2地號,1300.0,,特定農業區,農牧用地,1091012,土地1建物0車位0,,,其他,,,,0.0,0,0,0,有,無,3640000,2800,,0.0,0,,RPSNMLLMKIPFFGD68DA,0.0,0.0,0.0,無,
佳里區,房地(土地+建物),佳化里佳里興８７之１２號,77.0,,鄉村區,乙種建築用地,1091208,土地3建物1車位0,全,三層,透天厝,住家用,鋼筋混凝土造,0841006,163.82,4,2,3,有,無,4500000,27469,,0.0,0,,RPURMLTLKIPFFGD37DA,133.94,15.29,14.59,無,
西港區,土地,後營段2313地號,2589.0,,特定農業區,農牧用地,1091203,土地1建物0車位0,,,其他,,,,0.0,0,0,0,有,無,5050000,1951,,0.0,0,,RPSNMLOJJHGGFGD67DA,0.0,0.0,0.0,無,
七股區,土地,三合段1043地號,663.0,,特定農業區,農牧用地,1091130,土地1建物0車位0,,,其他,,,,0.0,0,0,0,有,無,2406000,3629,,0.0,0,,RPUNMLOJJHGGFGD87DA,0.0,0.0,0.0,無,
學甲區,房地(土地+建物)+車位,民族路５４巷８號四樓之５,21.61,都市：其他:住宅區,,,1091222,土地1建物1車位1,四層,七層,華廈(10層含以下有電梯),住家用,鋼筋混凝土造,0850712,124.05000000000001,3,1,2,有,無,2380000,19186,坡道平面,0.0,0,,RPVNMLOJJHGGFGD97DA,73.23,0.0,10.19,有,
西港區,土地,後營段2285地號,909.0,,特定農業區,農牧用地,1091121,土地1建物0車位0,,,其他,,,,0.0,0,0,0,有,無,2700000,2970,,0.0,0,,RPXNMLPLKIPFFGD86DA,0.0,0.0,0.0,無,
七股區,房地(土地+建物),大寮７９之３號,103.38,,鄉村區,乙種建築用地,1091206,土地3建物1車位0,全,三層,透天厝,住家用,鋼筋混凝土造,1090501,190.1,4,2,3,有,無,6950000,36560,,0.0,0,,RPTNMLLLKIPFFGD68DA,180.23,0.0,9.87,無,
善化區,房地(土地+建物),小新里成功新村７３號,26.94,都市：其他:國宅專用區,,,1091113,土地3建物1車位0,一層，二層,八層,公寓(5樓含以下無電梯),住家用,鋼筋混凝土造,0830923,119.31,3,2,2,有,有,3000000,25145,,0.0,0,,RPPNMLOJJHGGFHD47DA,80.74,6.38,6.38,無,
新化區,土地,新化段太子廟小段1746地號,1997.0,,特定農業區,農牧用地,1091121,土地1建物0車位0,,,其他,,,,0.0,0,0,0,有,無,6680000,3345,,0.0,0,,RPQNMLOJJHGGFHD57DA,0.0,0.0,0.0,無,
善化區,土地,六分寮段1067地號,173.0,,特定專用區,農牧用地,1091211,土地2建物0車位0,,,其他,,,,0.0,0,0,0,有,無,470992,2722,,0.0,0,農作物；農業設施；,RPXNMLOLKIPFFHD86DA,0.0,0.0,0.0,無,
新市區,土地,南社內段1145地號,4002.08,都市：其他:農業區,,,1091116,土地2建物0車位0,,,其他,,,,0.0,0,0,0,有,無,27845376,6958,,0.0,0,,RPUPMLNLKIPFFHD66DA,0.0,0.0,0.0,無,
安定區,土地,管寮段346-1地號,75.07,,鄉村區,乙種建築用地,1091117,土地2建物0車位0,,,其他,,,,0.0,0,0,0,有,無,800000,10657,,0.0,0,未登記建物；,RPSUMLPJJHGGFHD58DA,0.0,0.0,0.0,無,0570
山上區,土地,大新段402地號,655.77,都市：其他:計畫道路用地,,,1091127,土地4建物0車位0,,,其他,,,,0.0,0,0,0,有,無,8500000,12962,,0.0,0,,RPVOMLMKJHGGFHD08DA,0.0,0.0,0.0,無,0571
善化區,房地(土地+建物)+車位,大信路５７號五樓之５,25.46,都市：其他:住宅區,,,1070910,土地1建物1車位1,五層,七層,華廈(10層含以下有電梯),見其他登記事項,鋼筋混凝土造,1090923,92.45,2,1,1,有,有,5200000,53001,升降機械,5.66,600000,預售屋、或土地及建物分次登記案件；,RPVPMLLKKIPFFHD09DA,55.86,1.32,6.58,有,
仁德區,房地(土地+建物),中清路２４８巷３６號,83.51,都市：其他:住宅區,,,1090831,土地1建物1車位0,全,三層,透天厝,住家用,見其他登記事項,1090730,163.01,4,2,3,有,無,10650000,65333,,0.0,0,,RPROMLOJKIPFFID88DA,147.35,0.0,15.66,無,
關廟區,房地(土地+建物),園東街５１巷９號,105.88,都市：其他:住宅區,,,1091118,土地5建物1車位0,全,三層,透天厝,住家用,見其他登記事項,1090109,165.85,5,3,3,有,無,9200000,55472,,0.0,0,,RPROMLMJKIPFFID68DA,155.02,0.0,10.83,無,
歸仁區,房地(土地+建物),武東一街４９巷７０號四樓之１,12.28,,一般農業區,甲種建築用地,1091202,土地1建物1車位0,四層,六層,華廈(10層含以下有電梯),住家用,鋼筋混凝土造,0860721,43.64,1,0,1,有,有,1000000,22915,,0.0,0,,RPTOMLPKKIPFFID66DA,27.66,0.0,3.31,有,
關廟區,房地(土地+建物),園東街５１巷３號,125.88,都市：其他:住宅區,,,1091107,土地5建物1車位0,全,三層,透天厝,住家用,見其他登記事項,1090109,190.64,6,2,3,有,無,11000000,57700,,0.0,0,,RPOOMLSLKIPFFID56DA,185.11,0.0,5.53,無,
歸仁區,土地,大同段663地號,12.19,都市：其他:住宅區,,,1091210,土地1建物0車位0,,,其他,,,,0.0,0,0,0,有,無,441600,36226,,0.0,0,,RPSNMLTLKIPFFID96DA,0.0,0.0,0.0,無,0072
仁德區,土地,崁腳北段103-2地號,241.2,都市：其他:乙種工業區,,,1091221,土地3建物0車位0,,,其他,,,,0.0,0,0,0,有,無,7371835,30564,,0.0,0,,RPTNMLTLKIPFFID07DA,0.0,0.0,0.0,無,0280
仁德區,房地(土地+建物),大甲里中正西路４０２號一樓之１,30.88,都市：其他:住宅區,,,1091217,土地2建物2車位0,一層,四層,公寓(5樓含以下無電梯),商業用,鋼筋混凝土造,0960920,86.74000000000001,3,1,1,有,無,2560000,29513,,0.0,0,含裝潢費；,RPUNMLLMKIPFFID09DA,46.03,0.0,0.0,無,
仁德區,房地(土地+建物),大甲里中正西路３６０巷２０弄４１號二樓之１７,5.02,都市：其他:住宅區,,,1091217,土地2建物1車位0,二層,四層,華廈(10層含以下有電梯),見其他登記事項,鋼筋混凝土造,0960920,14.149999999999999,1,1,1,有,無,800000,56537,,0.0,0,含裝潢費；,RPWNMLLMKIPFFID66DA,7.14,0.9,0.0,有,
歸仁區,房地(土地+建物),文化街三段５９２巷８弄１６號,102.95,都市：其他:住宅區,,,1070305,土地3建物1車位0,全,三層,透天厝,住家用,見其他登記事項,1090512,170.68,5,2,3,有,無,9500000,55660,,0.0,0,,RPXNMLPLKIPFFID07DA,146.25,0.0,24.43,無,
永康區,房地(土地+建物),勝學路２６９巷２號五樓之１１,6.26,都市：其他:住宅區,,,1091228,土地2建物1車位0,五層,七層,華廈(10層含以下有電梯),住家用,鋼筋混凝土造,0880426,36.26,1,1,1,有,有,1180000,32543,,0.0,0,,RPWNMLOJJHGGFKD48DA,30.63,0.0,3.33,有,
永康區,房地(土地+建物),鹽行里永安路１６５巷２４號五樓之３,22.94,都市：其他:住宅區,,,1091128,土地1建物1車位0,五層,七層,華廈(10層含以下有電梯),住家用,鋼筋混凝土造,0830122,132.29999999999998,4,2,2,有,有,4600000,34769,,0.0,0,,RPPNMLOJJHGGFKD77DA,89.08,0.0,14.49,有,
永康區,房地(土地+建物),文化路３２３巷７號三樓之２,14.92,都市：其他:住宅區,,,1091215,土地1建物1車位0,三層,八層,華廈(10層含以下有電梯),住家用,鋼筋混凝土造,0870331,108.22,3,2,2,有,有,2000000,18481,,0.0,0,親友、員工、共有人或其他特殊關係間之交易；,RPQNMLOJJHGGFKD87DA,70.46,2.82,11.57,有,
永康區,房地(土地+建物)+車位,中華路４２５號四樓之１５,1.68,都市：其他:住宅區,,,1091106,土地1建物1車位1,四層,二十二層,住宅大樓(11層含以上有電梯),見其他登記事項,鋼筋混凝土造,0811215,88.43,0,0,0,無,有,3100000,35056,坡道平面,0.0,0,含仁愛之家土地之租約,RPRNMLOJJHGGFKD97DA,53.19,0.0,7.4,有,
永康區,房地(土地+建物)+車位,中山南路２６０號六樓之３,29.48,都市：其他:住宅區,,,1090708,土地5建物1車位5,六層,十五層,住宅大樓(11層含以上有電梯),見其他登記事項,鋼筋混凝土造,0841204,354.68,3,1,2,有,有,5649945,15930,升降機械,0.0,0,,RPOOMLOJJHGGFKD77DA,146.29,0.0,15.76,有,
永康區,房地(土地+建物)+車位,中山南路２６０號六樓之５,6.47,都市：其他:住宅區,,,1090708,土地5建物1車位3,六層,十五層,住宅大樓(11層含以上有電梯),見其他登記事項,鋼筋混凝土造,0841204,137.73,2,1,2,有,有,1706182,12388,升降機械,0.0,0,,RPROMLOJJHGGFKD08DA,32.57,21.43,4.23,有,
永康區,房地(土地+建物)+車位,中山南路２６０號六樓之２,30.2,都市：其他:住宅區,,,1090708,土地5建物1車位5,六層,十五層,住宅大樓(11層含以上有電梯),見其他登記事項,鋼筋混凝土造,0841204,352.76,3,1,2,有,有,5690188,16130,升降機械,0.0,0,,RPXOMLOKJHGGFKD78DA,148.83,0.0,8.24,有,
玉井區,土地,沙坑段492地號,6008.61,非都市：一般農業區 ; 非都市編定：農牧用地,,,1080611,土地4建物0車位0,,,其他,,,,0.0,0,0,0,有,無,3600000,599,,0.0,0,,RPPNMLNJKIPFFJD58DA,0.0,0.0,0.0,無,
楠西區,房地(土地+建物),民族路２５３號,194.3,都市：其他:住宅區,,,1091204,土地1建物1車位0,全,二層,透天厝,住家用,加強磚造,0821201,156.08,4,2,2,有,無,3900000,24987,,0.0,0,其他增建；,RPQNMLOJJHGGFJD77DA,134.1,14.85,7.13,無,
永康區,房地(土地+建物),復華三街１３巷２號,66.07,都市：其他:住宅區,,,1091216,土地1建物1車位0,全,二層,透天厝,住家用,加強磚造,0710827,92.95,4,3,3,有,無,8950000,96288,,0.0,0,含傢俱設備費；陽台外推；頂樓加蓋；其他增建；,RPTQMLTLKIPFFKD57DA,80.78,4.8,7.37,無,
永康區,房地(土地+建物),永大路二段１１２９號十六樓之１,10.32,都市：其他:住宅區,,,1091128,土地1建物1車位0,十六層,十九層,住宅大樓(11層含以上有電梯),住家用,鋼筋混凝土造,0830711,116.13,3,2,2,有,有,3450000,29708,,0.0,0,,RPWPMLTLKIPFFKD77DA,87.0,0.0,11.47,有,
永康區,房地(土地+建物),安康里中華路７２７巷８６號七樓之２,11.36,都市：其他:住宅區,,,1091216,土地1建物1車位0,七層,十四層,住宅大樓(11層含以上有電梯),住家用,鋼筋混凝土造,0880824,106.67,3,2,2,有,有,4800000,44999,,0.0,0,,RPVNMLKMKIPFFKD66DA,74.58,0.0,10.04,有,
永康區,房地(土地+建物),復華三街６８號十八樓之１,8.74,都市：其他:市場用地,,,1091130,土地1建物1車位0,十八層,十九層,住宅大樓(11層含以上有電梯),住家用,鋼筋混凝土造,0840908,96.22999999999999,3,2,2,有,有,4600000,47802,,0.0,0,,RPQNMLLMKIPFFKD88DA,66.19,0.0,4.36,有,0574
永康區,房地(土地+建物),八德街２３０巷８６弄１０號,86.0,都市：其他:住宅區,,,1091127,土地1建物1車位0,全,四層,透天厝,住家用,見其他登記事項,1080116,182.0,5,2,3,有,無,13800000,75824,,0.0,0,,RPWNMLLMKIPFFKD86DA,160.38,0.0,21.62,無,0575
永康區,房地(土地+建物),竹南街５６巷１５弄１９號,76.83,都市：其他:商業區,,,1091207,土地1建物1車位0,全,四層,透天厝,住家用,見其他登記事項,1010606,183.11,5,2,4,有,無,12500000,68265,,0.0,0,,RPWPMLKMKIPFFKD96DA,180.69,0.0,2.42,無,
永康區,房地(土地+建物)+車位,勝利里勝利街２２巷５弄７號九樓之３,19.09,都市：其他:住宅區,,,1091123,土地1建物1車位1,九層,九層,華廈(10層含以下有電梯),住家用,鋼筋混凝土造,0831216,135.78,3,2,2,有,有,6000000,44189,坡道平面,0.0,0,,RPXOMLKMKIPFFKD96DA,72.19,0.0,11.47,有,
永康區,土地,永信段1045地號,223.19,都市：其他:道路用地,,,1091105,土地2建物0車位0,,,其他,,,,0.0,0,0,0,有,無,2897326,12981,,0.0,0,包含公共設施保留地用地；,RPPPMLKMKIPFFKD88DA,0.0,0.0,0.0,無,
永康區,房地(土地+建物)+車位,復華一街１８０號三樓之１,30.41,都市：其他:住宅區,,,1070807,土地1建物1車位1,三層,十四層,住宅大樓(11層含以上有電梯),見其他登記事項,見其他登記事項,1090909,157.13,3,1,2,有,有,6980000,45606,坡道平面,28.2,1100000,預售屋、或土地及建物分次登記案件；,RPVNMLTLKIPFFKD47DA,77.56,0.0,9.57,有,
永康區,房地(土地+建物)+車位,中山南路２６０號六樓之１,28.76,都市：其他:住宅區,,,1090708,土地5建物1車位5,六層,十五層,住宅大樓(11層含以上有電梯),見其他登記事項,鋼筋混凝土造,0841204,352.78999999999996,3,1,2,有,有,5569702,15788,升降機械,0.0,0,,RPRNMLSLKIPFFKD96DA,142.55,3.26,17.41,有,
永康區,房地(土地+建物),永大路二段１３１０巷１２號六樓之１,18.08,都市：其他:住宅區,,,1091128,土地1建物1車位0,六層,七層,華廈(10層含以下有電梯),住家用,鋼筋混凝土造,0820630,104.03,3,1,2,有,有,3600000,34605,,0.0,0,,RPTNMLQLKIPFFKD96DA,70.72,0.0,6.82,有,
永康區,土地,東灣段82地號,66.22,都市：其他:住宅區,,,1091213,土地1建物0車位0,,,其他,,,,0.0,0,0,0,有,無,2200000,33223,,0.0,0,含土地增值稅或其他稅費4868元；親友、員工、共有人或其他特殊關係間之交易；,RPPNMLPLKIPFFKD09DA,0.0,0.0,0.0,無,0576
永康區,土地,南灣段247-2地號,18.11,都市：其他:住宅區,,,1091215,土地1建物0車位0,,,其他,,,,0.0,0,0,0,有,無,1205221,66550,,0.0,0,畸零地或有合併使用效益；,RPUPMLRKKIPFFKD27DA,0.0,0.0,0.0,無,
永康區,土地,二王段241地號,224.78,都市：其他:道路用地,,,1091214,土地3建物0車位0,,,其他,,,,0.0,0,0,0,有,無,7000000,31142,,0.0,0,包含公共設施保留地用地；,RPQPMLLKKIPFFKD88DA,0.0,0.0,0.0,無,0577
北區,房地(土地+建物),公園路８２４巷３８號,77.0,都市：其他:住宅區,,,1091210,土地1建物1車位0,全,四層,透天厝,住商用,鋼筋混凝土造,0700216,184.27,5,1,3,有,無,8000000,43415,,0.0,0,,RPWNMLLMKIPFFAD58EA,184.27,0.0,0.0,無,
東區,土地,龍泉段574地號,63.58,都市：其他:第五種住宅區,,,1091217,土地1建物0車位0,,,其他,,,,0.0,0,0,0,有,無,4677581,73570,,0.0,0,政府機關標讓售；,RPPNMLKMKIPFFCD97EA,0.0,0.0,0.0,無,
新營區,房地(土地+建物),信義街５３巷３之４號五樓之五,7.74,都市：其他:商業區,,,1091228,土地1建物1車位0,五層,五層,公寓(5樓含以下無電梯),住家用,鋼筋混凝土造,0811229,33.69,1,1,1,有,無,730000,21668,,0.0,0,,RPTNMLOJJHGGFDD57EA,26.75,0.0,0.0,無,
新營區,房地(土地+建物),南紙里太子路２３８巷４２弄３號,90.43,都市：其他:住宅區,,,1091223,土地1建物1車位0,全,二層,透天厝,住家用,加強磚造,,84.6,1,1,2,有,無,1940000,22931,,0.0,0,,RPWNMLOJJHGGFDD87EA,84.6,0.0,0.0,無,
鹽水區,土地,頭港段1323地號,3122.0,,特定農業區,農牧用地,1091223,土地2建物0車位0,,,其他,,,,0.0,0,0,0,有,無,9366000,3000,,0.0,0,,RPQNMLPJJHGGFDD37EA,0.0,0.0,0.0,無,
關廟區,土地,新埔段62-23地號,3880.0,,山坡地保育區,農牧用地,1091220,土地1建物0車位0,,,其他,,,,0.0,0,0,0,有,無,2500000,644,,0.0,0,,RPUNMLSJKIPFFID96EA,0.0,0.0,0.0,無,
歸仁區,土地,大苓段422-1地號,822.0,,一般農業區,農牧用地,1091201,土地2建物0車位0,,,其他,,,,0.0,0,0,0,有,無,3336000,4058,,0.0,0,親友、員工、共有人或其他特殊關係間之交易；,RPOOMLOJJHGGFID67EA,0.0,0.0,0.0,無,0578
仁德區,土地,太子段165-15地號,28.73,都市：其他:住宅區,,,1091217,土地1建物0車位0,,,其他,,,,0.0,0,0,0,有,無,1827803,63620,,0.0,0,政府機關標讓售；,RPQNMLOJJHGGFID77EA,0.0,0.0,0.0,無,
永康區,土地,鹽北段1346地號,842.95,都市：其他:工業區,,,1091218,土地4建物0車位0,,,其他,,,,0.0,0,0,0,有,無,15257395,18100,,0.0,0,親友、員工、共有人或其他特殊關係間之交易；,RPPOMLLMKIPFFKD98EA,0.0,0.0,0.0,無,
永康區,土地,鹽北段716-2地號,39.73,都市：其他:道路用地,,,1091222,土地2建物0車位0,,,其他,,,,0.0,0,0,0,有,無,178784,4500,,0.0,0,包含公共設施保留地用地；,RPPNMLLMKIPFFKD88EA,0.0,0.0,0.0,無,
善化區,土地,茄拔段一小段1012地號,727.0,,特定農業區,農牧用地,1091030,土地1建物0車位0,,,其他,,,,0.0,0,0,0,有,無,1308660,1800,,0.0,0,政府機關標讓售；,RPQNMLOJJHGGFHD67EA,0.0,0.0,0.0,無,
左鎮區,土地,草山段105-5地號,414.75,,森林區,農牧用地,1091221,土地1建物0車位0,,,其他,,,,0.0,0,0,0,有,無,150000,362,,0.0,0,,RPRNMLOJJHGGFHD77EA,0.0,0.0,0.0,無,0579
西港區,土地,下宅子段1236地號,3415.0,,特定農業區,農牧用地,1091130,土地1建物0車位0,,,其他,,,,0.0,0,0,0,有,無,6800000,1991,,0.0,0,,RPPNMLLMKIPFFGD48EA,0.0,0.0,0.0,無,
官田區,房地(土地+建物),隆本村５鄰中華路二段１０８巷１９弄８號,69.1,都市：其他:住宅區,,,1091221,土地1建物1車位0,全,二層,透天厝,住家用,加強磚造,0770222,96.14,2,2,2,有,無,1680000,17475,,0.0,0,,RPVNMLLMKIPFFFD98EA,89.38,0.0,6.76,無,
白河區,土地,埤子頭段埤子頭小段1336地號,50.0,,特定農業區,農牧用地,1091228,土地1建物0車位0,,,其他,,,,0.0,0,0,0,有,無,60000,1200,,0.0,0,,RPUNMLOJJHGGFED77EA,0.0,0.0,0.0,無,0580
東山區,土地,二重溪段187-5地號,1003.25,,一般農業區,農牧用地,1091219,土地1建物0車位0,,,其他,,,,0.0,0,0,0,有,無,802600,800,,0.0,0,,RPSNMLPJJHGGFED67EA,0.0,0.0,0.0,無,
新市區,房地(土地+建物),勝利街１２巷１１號,70.84,都市：其他:住宅區,,,1091126,土地1建物1車位0,全,二層,透天厝,住商用,加強磚造,0720523,105.32,5,2,3,有,無,6500000,61717,,0.0,0,增值稅買方以優惠稅率繳納，超過部分由賣方繳納，其餘費用由買方繳納。,RPQRMLOJJHGGFHD08EA,97.53,0.0,7.79,無,
善化區,土地,善成段271地號,70.42,都市：其他:商業區,,,1091122,土地3建物0車位0,,,其他,,,,0.0,0,0,0,有,無,2360000,33513,,0.0,0,未登記建物；未登記建物；,RPQOMLPJJHGGFHD87EA,0.0,0.0,0.0,無,
七股區,土地,竹橋段2314地號,931.0,,特定農業區,農牧用地,1091224,土地1建物0車位0,,,其他,,,,0.0,0,0,0,有,無,1512700,1625,,0.0,0,,RPTNMLPJJHGGFGD97EA,0.0,0.0,0.0,無,
七股區,土地,竹橋段2309地號,1110.0,,特定農業區,農牧用地,1091224,土地1建物0車位0,,,其他,,,,0.0,0,0,0,有,無,1787300,1610,,0.0,0,,RPUNMLPJJHGGFGD08EA,0.0,0.0,0.0,無,
歸仁區,房地(土地+建物)+車位,中正南路一段２１８巷２５號二樓之１１,27.4,都市：其他:住宅區,,,1091019,土地2建物1車位1,二層,七層,華廈(10層含以下有電梯),住家用,鋼筋混凝土造,0820303,131.41,3,2,2,有,有,3620000,27547,坡道機械,0.0,0,,RPXNMLOJJHGGFID48EA,86.39,0.0,8.58,有,
仁德區,土地,鍾厝段585地號,312.17,都市：其他:計畫道路用地,,,1091222,土地1建物0車位0,,,其他,,,,0.0,0,0,0,有,無,2662700,8530,,0.0,0,包含公共設施保留地用地；,RPPNMLOJJHGGFID67EA,0.0,0.0,0.0,無,0581
關廟區,房地(土地+建物),四維街１４２巷１２號,185.0,都市：其他:住宅區,,,1091216,土地2建物1車位0,全,二層,透天厝,住家用,加強磚造,0730407,219.07,6,1,2,有,無,4800000,21911,,0.0,0,,RPSNMLQLJIPFFID66EA,199.16,10.51,9.4,無,
善化區,土地,大成段1331地號,826.35,都市：其他:甲種工業區,,,1091205,土地3建物0車位0,,,其他,,,,0.0,0,0,0,有,無,12156562,14711,,0.0,0,親友、員工、共有人或其他特殊關係間之交易；,RPVTMLPJJHGGFHD88EA,0.0,0.0,0.0,無,
新營區,房地(土地+建物),建業路１１７號,75.76,都市：其他:主要計畫道路用地,,,1091222,土地2建物1車位0,全,二層,透天厝,住家用,加強磚造,0631104,71.1,4,2,2,有,無,1500000,21100,,0.0,0,親友、員工、共有人或其他特殊關係間之交易；頂樓加蓋；其他增建；,RPSNMLPJJHGGFDD57EA,69.23,0.0,1.87,無,
鹽水區,土地,番子厝段1235地號,516.0,,特定農業區,農牧用地,1091222,土地1建物0車位0,,,其他,,,,0.0,0,0,0,有,無,700000,1357,,0.0,0,,RPUNMLPJJHGGFDD77EA,0.0,0.0,0.0,無,
鹽水區,土地,新頭港段164地號,963.76,,河川區,農牧用地,1091229,土地1建物0車位0,,,其他,,,,0.0,0,0,0,有,無,212027,220,,0.0,0,親友、員工、共有人或其他特殊關係間之交易；,RPVNMLPJJHGGFDD87EA,0.0,0.0,0.0,無,
鹽水區,土地,頭港段1068地號,103.0,,特定農業區,農牧用地,1091229,土地1建物0車位0,,,其他,,,,0.0,0,0,0,有,無,59740,580,,0.0,0,親友、員工、共有人或其他特殊關係間之交易；,RPWNMLPJJHGGFDD97EA,0.0,0.0,0.0,無,
鹽水區,房地(土地+建物),過港１２之２１號,83.17,都市：其他:住宅區,,,1091228,土地1建物1車位0,全,二層,透天厝,住家用,加強磚造,0730320,108.96,5,1,3,有,無,2300000,21109,,0.0,0,親友、員工、共有人或其他特殊關係間之交易；,RPQNMLQJJHGGFDD47EA,103.24,0.0,5.72,無,
南區,房地(土地+建物),大同路二段４８２巷２３號,42.0,都市：其他:住宅區,,,1091210,土地1建物1車位0,全,二層,透天厝,住商用,加強磚造,0600720,84.71,2,1,2,有,無,2400000,28332,,0.0,0,親友、員工、共有人或其他特殊關係間之交易；,RPPNMLLMKIPFFCD08EA,84.71,0.0,0.0,無,
安南區,土地,和成段79-2地號,5.15,都市：其他:工業區,,,1091216,土地3建物0車位0,,,其他,,,,0.0,0,0,0,有,無,163800,31806,,0.0,0,包含公共設施保留地用地；,RPVNMLOJJHGGFBD57EA,0.0,0.0,0.0,無,0376
安南區,土地,原西段56地號,889.49,都市：其他:住宅區,,,1091112,土地13建物0車位0,,,其他,,,,0.0,0,0,0,有,無,16144260,18150,,0.0,0,,RPRNMLPJJHGGFBD27EA,0.0,0.0,0.0,無,0583
安南區,土地,長安段980-3地號,219.95,都市：其他:住宅區,,,1091112,土地2建物0車位0,,,其他,,,,0.0,0,0,0,有,無,3991980,18149,,0.0,0,,RPSNMLPJJHGGFBD37EA,0.0,0.0,0.0,無,
安南區,土地,州北段1410-2地號,49.12,都市：其他:河川區,,,1091126,土地1建物0車位0,,,其他,,,,0.0,0,0,0,有,無,392960,8000,,0.0,0,協議價購；,RPSNMLQJJHGGFBD47EA,0.0,0.0,0.0,無,
永康區,房地(土地+建物),烏竹里竹南街５６巷３弄１３號,87.86,都市：其他:住宅區,,,1091125,土地1建物1車位0,全,四層,透天厝,住家用,鋼筋混凝土造,0960808,189.21,5,2,4,有,無,9250000,48887,,0.0,0,,RPXNMLPKKIPFFKD17DA,151.06,0.0,38.15,無,0584
永康區,房地(土地+建物),勝利里勝利街１１６巷１２弄２８號,69.8,都市：其他:住宅區,,,1091127,土地1建物1車位0,全,四層,透天厝,見其他登記事項,鋼筋混凝土造,0750628,128.54,4,2,2,有,無,7850000,61070,,0.0,0,陽台外推；頂樓加蓋；,RPPPMLTLKIPFFKD07DA,120.31,0.0,8.23,無,
永康區,房地(土地+建物),中華路３４９號六樓之３,4.72,都市：其他:住宅區,,,1091216,土地1建物1車位0,六層,十七層,住宅大樓(11層含以上有電梯),見其他登記事項,鋼筋混凝土造,0850129,49.410000000000004,1,1,1,有,有,2600000,52621,,0.0,0,,RPRPMLKMKIPFFKD09DA,36.07,0.0,5.03,有,
永康區,房地(土地+建物)+車位,大灣東路６１１號三樓之５,42.64,都市：其他:住宅區,,,1080908,土地1建物1車位1,三層,五層,華廈(10層含以下有電梯),見其他登記事項,見其他登記事項,1090819,134.39,3,2,2,有,有,6800000,50599,一樓平面,0.0,1000000,預售屋、或土地及建物分次登記案件；,RPXNMLLMKIPFFKD96DA,71.54,0.0,11.42,有,
永康區,房地(土地+建物),王行路９１６號,74.06,都市：其他:住宅區,,,1091210,土地1建物1車位0,全,四層,透天厝,住家用,鋼筋混凝土構造,1081016,182.89,5,2,3,有,無,13160000,71956,,0.0,0,,RPVNMLLMKIPFFKD76DA,162.12,20.77,0.0,無,
永康區,土地,西勢段1500-1地號,475.0,都市：其他:道路用地,,,1091203,土地2建物0車位0,,,其他,,,,0.0,0,0,0,有,無,6000000,12632,,0.0,0,包含公共設施保留地用地；,RPOOMLKMKIPFFKD68DA,0.0,0.0,0.0,無,
永康區,房地(土地+建物),復國里復國一路１５０巷５號,83.38,都市：其他:住宅區,,,1091126,土地2建物1車位0,全,二層,透天厝,住家用,鋼筋混凝土造,0781109,132.5,5,2,2,有,無,8500000,64151,,0.0,0,其他增建；,RPQQMLTLKIPFFKD27DA,99.18,21.66,11.66,無,0585
永康區,房地(土地+建物),三合里南工街２６７巷６６號十樓之６,9.19,都市：其他:住宅區,,,1091205,土地3建物1車位0,十層,十一層,住宅大樓(11層含以上有電梯),住家用,鋼筋混凝土造,0860926,82.50999999999999,3,2,2,有,有,3300000,39995,,0.0,0,陽台外推；,RPPNMLPJKIPFFKD88DA,49.27,5.91,5.69,有,
永康區,土地,兵北段591地號,204.09,都市：其他:計畫道路用地,,,1091028,土地1建物0車位0,,,其他,,,,0.0,0,0,0,有,無,1070000,5243,,0.0,0,包含公共設施保留地用地；,RPTNMLNJKIPFFKD09DA,0.0,0.0,0.0,無,0586
永康區,房地(土地+建物)+車位,大灣東路６１３號四樓之１,42.52,都市：其他:住宅區,,,1080526,土地1建物1車位1,四層,五層,華廈(10層含以下有電梯),見其他登記事項,見其他登記事項,1090819,134.39,3,2,2,有,有,6800000,50435,一樓平面,19.39,1000000,預售屋、或土地及建物分次登記案件；,RPTNMLLKKIPFFKD98DA,71.54,0.0,11.42,有,
永康區,房地(土地+建物)+車位,中山南路２６０號六樓之７,5.75,都市：其他:住宅區,,,1090708,土地5建物1車位3,六層,十五層,住宅大樓(11層含以上有電梯),見其他登記事項,鋼筋混凝土造,0841204,127.83,2,1,2,有,有,1545941,12094,升降機械,0.0,0,,RPSOMLOJJHGGFKD18DA,28.72,15.75,6.92,有,
永康區,房地(土地+建物)+車位,中山南路２６０號六樓之６,6.47,都市：其他:住宅區,,,1090708,土地5建物1車位3,六層,十五層,住宅大樓(11層含以上有電梯),見其他登記事項,鋼筋混凝土造,0841204,133.94,2,1,2,有,有,1666183,12440,升降機械,0.0,0,,RPTOMLOJJHGGFKD28DA,32.95,17.76,3.73,有,
永康區,房地(土地+建物)+車位,中山南路２６０號六樓之８,12.58,都市：其他:住宅區,,,1090708,土地5建物1車位3,六層,十五層,住宅大樓(11層含以上有電梯),見其他登記事項,鋼筋混凝土造,0841204,204.20999999999998,2,1,2,有,有,2832246,13869,升降機械,0.0,0,,RPUOMLOJJHGGFKD38DA,62.57,20.07,11.5,有,
永康區,房地(土地+建物),南工街２４７巷３５弄８３號,98.27,都市：其他:住宅區,,,1091204,土地1建物1車位0,全,二層,透天厝,住家用,加強磚造,0781023,133.62,5,2,3,有,無,7650000,57252,,0.0,0,頂樓加蓋；其他增建；,RPXOMLOJJHGGFKD68DA,114.76,15.21,3.65,無,
永康區,房地(土地+建物),西灣里永華路２３３巷２８號三樓之４,15.04,都市：其他:住宅區,,,1091212,土地1建物1車位0,三層,九層,華廈(10層含以下有電梯),住家用,鋼筋混凝土造,0811130,88.2,3,1,1,有,有,3300000,37415,,0.0,0,其他增建；,RPQPMLOJJHGGFKD08DA,54.63,0.0,7.2,有,
永康區,房地(土地+建物),東橋三路７７巷３５號,71.83,都市：其他:住宅區,,,1091124,土地2建物1車位0,全,四層,透天厝,住家用,鋼筋混凝土造,0960803,184.94,4,3,4,有,無,14100000,76241,,0.0,0,陽台外推；頂樓加蓋；其他增建；,RPRPMLOJJHGGFKD18DA,168.41,0.0,16.53,無,
永康區,房地(土地+建物)+車位,國華街６１號六樓之１,13.81,都市：其他:商業區,,,1091129,土地1建物1車位1,六層,十五層,住宅大樓(11層含以上有電梯),住家用,鋼筋混凝土造,0841009,126.33,4,2,2,有,有,6150000,48682,坡道平面,0.0,0,,RPUNMLOJJHGGFKD28DA,80.98,0.0,8.13,有,
永康區,房地(土地+建物),小東路６８９號之７,24.23,都市：其他:住宅區,,,1091117,土地1建物1車位0,四層,二十二層,住宅大樓(11層含以上有電梯),見其他登記事項,鋼筋混凝土造,0810519,287.58,0,0,0,無,有,7600000,26427,,0.0,0,,RPUPMLOJJHGGFKD48DA,203.03,0.0,5.76,有,
永康區,房地(土地+建物),大灣路２４０巷５弄３號,99.97,都市：其他:商業區,,,1091128,土地2建物1車位0,全,四層,透天厝,見其他登記事項,見其他登記事項,1090311,229.43,5,2,4,有,無,12450000,54265,,0.0,0,陽台外推；,RPVPMLOJJHGGFKD58DA,207.27,0.0,22.16,無,0587
永康區,土地,鹽西段150-1地號,43.91,都市：其他:工業區,,,1091218,土地2建物0車位0,,,其他,,,,0.0,0,0,0,有,無,3744550,85278,,0.0,0,政府機關標讓售；,RPSNMLPJJHGGFKD18DA,0.0,0.0,0.0,無,
仁德區,房地(土地+建物),大甲村中正西路４０２號二樓之１,4.99,都市：其他:住宅區,,,1091201,土地2建物1車位0,二層,四層,公寓(5樓含以下無電梯),見其他登記事項,鋼筋混凝土造,0960920,13.87,1,1,1,有,無,470000,33886,,0.0,0,,RPROMLKMKIPFFID78DA,7.38,0.9,0.0,無,
歸仁區,土地,八甲西段970-4地號,78.01,都市：其他:住宅區,,,1090206,土地1建物0車位0,,,其他,,,,0.0,0,0,0,有,無,5800000,74349,,0.0,0,尚有未完工建物  完工後辦理移轉登記預售屋、或土地及建物分次登記案件；,RPSOMLKMKIPFFID88DA,0.0,0.0,0.0,無,
歸仁區,土地,歸仁北段750地號,576.5,都市：其他:農業區,,,1091215,土地1建物0車位0,,,其他,,,,0.0,0,0,0,有,無,7516800,13039,,0.0,0,,RPPNMLNJJHGGFID47DA,0.0,0.0,0.0,無,0588
關廟區,土地,北花段1128-6地號,23.0,都市：其他:住宅區,,,1091221,土地1建物0車位0,,,其他,,,,0.0,0,0,0,有,無,869688,37813,,0.0,0,原因：畸零地買賣。,RPRNMLOJJHGGFID77DA,0.0,0.0,0.0,無,
仁德區,土地,中洲東段623地號,267.11,,鄉村區,乙種建築用地,1091220,土地1建物0車位0,,,其他,,,,0.0,0,0,0,有,無,5252014,19662,,0.0,0,原因：持分土地買賣。,RPXNMLKMKIPFFID66DA,0.0,0.0,0.0,無,
歸仁區,土地,昭德段383地號,408.31,,鄉村區,乙種建築用地,1091203,土地1建物0車位0,,,其他,,,,0.0,0,0,0,有,無,24702000,60498,,0.0,0,,RPQOMLOLKIPFFID98DA,0.0,0.0,0.0,無,0589
仁德區,土地,上崙段25地號,674.26,,一般農業區,農牧用地,1091112,土地1建物0車位0,,,其他,,,,0.0,0,0,0,有,無,2020000,2996,,0.0,0,,RPVNMLOLKIPFFID76DA,0.0,0.0,0.0,無,
歸仁區,土地,昭德段383地號,408.31,,鄉村區,乙種建築用地,1091203,土地1建物0車位0,,,其他,,,,0.0,0,0,0,有,無,24702000,60498,,0.0,0,,RPXNMLOLKIPFFID96DA,0.0,0.0,0.0,無,0589
仁德區,土地,德南段110-1地號,59.12,都市：其他:住宅區,,,1091017,土地2建物0車位0,,,其他,,,,0.0,0,0,0,有,無,2004725,33909,,0.0,0,,RPQNMLPJKIPFFID78DA,0.0,0.0,0.0,無,
新市區,房地(土地+建物),大洲４３之２５號,163.98,,鄉村區,乙種建築用地,1091216,土地3建物1車位0,全,四層,透天厝,見其他登記事項,鋼筋混凝土造,1090522,211.1,4,2,3,有,無,11880000,56277,,0.0,0,陽台外推；,RPVOMLQKKIPFFHD86DA,189.4,0.0,21.7,無,
新市區,房地(土地+建物)+車位,信義街１８０號四樓之５,34.29,都市：其他:住宅區,,,1091117,土地1建物1車位1,四層,十一層,住宅大樓(11層含以上有電梯),住家用,鋼筋混凝土造,0840727,240.59000000000003,3,2,2,有,有,6000000,24939,坡道機械,0.0,0,陽台外推；,RPOQMLRLJIPFFHD09DA,74.03,101.05,0.0,有,
善化區,房地(土地+建物),善新西路６６０巷１８號,87.86,都市：其他:生活服務區(第三-一種住宅區),,,1091022,土地2建物1車位0,全,四層,透天厝,見其他登記事項,鋼筋混凝土造,1030225,197.17999999999998,7,0,7,有,有,13500000,68465,,0.0,0,,RPVPMLQKJIPFFHD86DA,179.02,0.0,17.77,無,
善化區,房地(土地+建物),茄拔２８９之８號,129.0,,鄉村區,乙種建築用地,1080416,土地2建物1車位0,全,三層,透天厝,住家用,鋼筋混凝土造,1090925,228.64,4,2,4,有,無,11500000,50297,,0.0,0,,RPTNNLNJKIPFFHD88DA,217.93,0.0,10.71,無,
新市區,房地(土地+建物),民權路３５號,89.81,都市：其他:住宅區,,,1091121,土地1建物1車位0,全,三層,透天厝,見其他登記事項,鋼筋混凝土造,0940909,183.37,10,1,10,有,無,13800000,75258,,0.0,0,,RPUNMLRJKIPFFHD66DA,183.37,0.0,0.0,無,
安定區,土地,港口段3042-1地號,423.07,,鄉村區,乙種建築用地,1091109,土地4建物0車位0,,,其他,,,,0.0,0,0,0,有,無,11000000,26000,,0.0,0,,RPOTMLPJJHGGFHD08DA,0.0,0.0,0.0,無,
新市區,房地(土地+建物)+車位,富林路１０８號六樓之１,24.8,都市：其他:住宅區,,,1091211,土地2建物1車位1,六層,七層,華廈(10層含以下有電梯),見其他登記事項,鋼筋混凝土造,1060505,108.75999999999999,2,2,2,有,有,7200000,66201,坡道平面,19.19,0,,RPVPMLPJJHGGFHD38DA,52.47,2.37,7.84,有,0591
善化區,房地(土地+建物),北子店１６７號,112.0,,特定農業區,甲種建築用地,1091203,土地1建物1車位0,全,四層,透天厝,見其他登記事項,鋼筋混凝土造,1080820,295.71,6,3,6,有,無,18300000,61885,,0.0,0,陽台外推；,RPVRMLPJJHGGFHD58DA,273.32,0.0,22.39,有,
山上區,土地,媽祖段281地號,1010.03,都市：其他:零售市場用地,,,1091130,土地3建物0車位0,,,其他,,,,0.0,0,0,0,有,無,20229661,20029,,0.0,0,包含公共設施保留地用地；,RPTNMLOLKIPFFHD09DA,0.0,0.0,0.0,無,
新市區,土地,信義段110地號,248.37,都市：其他:住宅區,,,1091028,土地1建物0車位0,,,其他,,,,0.0,0,0,0,有,無,16529024,66550,,0.0,0,,RPPNMLLMKIPFFHD48DA,0.0,0.0,0.0,無,
安定區,土地,新吉工段78地號,4094.58,,工業區,丁種建築用地,1091203,土地1建物0車位0,,,其他,,,,0.0,0,0,0,有,無,76960703,18796,,0.0,0,政府機關標讓售；,RPXOMLOJJHGGFHD38DA,0.0,0.0,0.0,無,
善化區,土地,善成段270地號,65.93,都市：其他:商業區,,,1091223,土地2建物0車位0,,,其他,,,,0.0,1,1,1,有,無,3300000,50053,,0.0,0,含土地增值稅或其他稅費781元；含地政士服務費9875元；未登記建物；,RPPQMLOJJHGGFHD77DA,0.0,0.0,0.0,無,
善化區,房地(土地+建物),光華路７４巷６號,67.66,都市：其他:住宅區,,,1091126,土地1建物1車位0,全,二層,透天厝,住家用,加強磚造,0730124,91.82,4,2,4,有,無,7600000,82771,,0.0,0,頂樓加蓋；其他增建；,RPQNMLNJJHGGFHD47DA,86.02,0.0,5.8,無,0592
善化區,房地(土地+建物),小新營１３號之６５,79.88,都市：其他:住宅區,,,1091117,土地3建物1車位0,全,四層,透天厝,見其他登記事項,鋼筋混凝土造,0951116,217.4,8,0,8,有,無,8700000,40018,,0.0,0,陽台外推；,RPVQMLOJJHGGFHD38DA,186.96,0.0,30.44,無,0593
新市區,房地(土地+建物),信義街１７８號二樓之９,24.71,都市：其他:住宅區,,,1091114,土地1建物1車位0,二層,八層,華廈(10層含以下有電梯),住家用,鋼筋混凝土造,1040427,84.19,2,0,2,有,有,4900000,58202,,0.0,0,,RPORMLOJJHGGFHD77DA,50.82,0.0,5.6,有,
新化區,土地,唪口段1279-5地號,1304.0,,特定農業區,農牧用地,1091030,土地1建物0車位0,,,其他,,,,0.0,0,0,0,有,無,8000000,6135,,0.0,0,,RPRNMLTLKIPFFHD76DA,0.0,0.0,0.0,無,
北門區,房地(土地+建物),北門村１１鄰北門２８８號　,29.08,,鄉村區,乙種建築用地,1091114,土地1建物1車位0,全,三層,透天厝,住商用,鋼筋混凝土造,0750722,114.37,2,2,2,有,無,2500000,21859,,0.0,0,其他增建；,RPPOMLNLKIPFFGD58DA,97.54,9.4,0.0,無,
西港區,房地(土地+建物),新興街８之１８５號七樓之５,7.55,都市：其他:住宅區,,,1091220,土地1建物1車位0,七層,八層,華廈(10層含以下有電梯),住家用,鋼筋混凝土造,0841223,83.75,1,1,1,有,有,1200000,14328,,0.0,0,,RPSOMLNLKIPFFGD88DA,29.11,0.0,4.81,有,
將軍區,土地,山子段2608地號,999.0,,一般農業區,農牧用地,1091217,土地1建物0車位0,,,其他,,,,0.0,0,0,0,有,無,777777,779,,0.0,0,,RPTOMLNLKIPFFGD98DA,0.0,0.0,0.0,無,0032
學甲區,土地,仁得段1027地號,327.28,都市：其他:住宅區,,,1091218,土地1建物0車位0,,,其他,,,,0.0,0,0,0,有,無,7500000,22916,,0.0,0,,RPPNMLRLKIPFFGD88DA,0.0,0.0,0.0,無,
學甲區,土地,宅子港段165-321地號,39.72,,特定農業區,交通用地,1091218,土地1建物0車位0,,,其他,,,,0.0,0,0,0,有,無,67528,1700,,0.0,0,協議價購；,RPQNMLTLKIPFFGD56DA,0.0,0.0,0.0,無,0595
學甲區,土地,宅子港段165-321地號,6.62,,特定農業區,交通用地,1091218,土地1建物0車位0,,,其他,,,,0.0,0,0,0,有,無,11255,1700,,0.0,0,協議價購；,RPUNMLTLKIPFFGD96DA,0.0,0.0,0.0,無,0595
學甲區,土地,宅子港段165-321地號,6.62,,特定農業區,交通用地,1091218,土地1建物0車位0,,,其他,,,,0.0,0,0,0,有,無,11255,1700,,0.0,0,協議價購；,RPVNMLTLKIPFFGD07DA,0.0,0.0,0.0,無,0595
佳里區,房地(土地+建物),六安街２３巷１０號,101.4,都市：其他:住宅區,,,1091122,土地1建物1車位0,全,三層,透天厝,見其他登記事項,鋼筋混凝土造,1090605,189.62,4,2,3,有,無,8380000,44194,,0.0,0,,RPWNMLOJJHGGFGD08DA,166.35,0.0,23.27,無,
佳里區,房地(土地+建物),六安街２３巷２號,115.48,都市：其他:住宅區,,,1091124,土地1建物1車位0,全,三層,透天厝,見其他登記事項,鋼筋混凝土造,1090605,189.39,4,2,3,有,無,8700000,45937,,0.0,0,,RPXNMLOJJHGGFGD18DA,166.43,0.0,22.96,無,
將軍區,房地(土地+建物),昌平６９之５３號,122.15,都市：其他:住宅區,,,1091109,土地1建物1車位0,全,三層,透天厝,住家用,鋼筋混凝土造,1090317,168.23,4,2,4,有,無,6700000,39826,,0.0,0,,RPQNMLOJJHGGFGD47DA,153.24,0.0,14.99,無,
將軍區,房地(土地+建物),昌平６９之５８號,115.09,都市：其他:住宅區,,,1091129,土地1建物1車位0,全,三層,透天厝,住家用,鋼筋混凝土造,1090317,168.23,4,2,4,有,無,6500000,38638,,0.0,0,,RPRNMLOJJHGGFGD57DA,153.24,0.0,14.99,無,
將軍區,土地,保源段1445地號,1794.0,,特定農業區,農牧用地,1091216,土地1建物0車位0,,,其他,,,,0.0,0,0,0,有,無,2726880,1520,,0.0,0,,RPQNMLPJJHGGFGD57DA,0.0,0.0,0.0,無,
佳里區,房地(土地+建物),佳東路３９３巷２號,66.33,都市：其他:住宅區,,,1091203,土地1建物1車位0,全,二層,透天厝,住家用,加強磚造,0740903,91.52,3,1,4,有,無,1037323,11334,,0.0,0,親友、員工、共有人或其他特殊關係間之交易；,RPXNMLPJJHGGFGD28DA,82.79,0.0,8.73,無,
將軍區,土地,保源段1647-1地號,1000.0,,特定農業區,農牧用地,1091221,土地1建物0車位0,,,其他,,,,0.0,0,0,0,有,無,1300000,1300,,0.0,0,,RPSNMLPJJHGGFGD77DA,0.0,0.0,0.0,無,
西港區,房地(土地+建物),子林３６之１號,113.5,,鄉村區,乙種建築用地,1091208,土地3建物1車位0,全,四層,透天厝,見其他登記事項,鋼筋混凝土造,1090823,182.95,4,2,4,有,無,7800000,42635,,0.0,0,,RPXNMLLMKIPFFGD56DA,167.42,0.0,15.53,無,
佳里區,房地(土地+建物),南勢街３６９號,87.85,都市：其他:住宅區,,,1091125,土地2建物1車位0,全,三層,透天厝,見其他登記事項,鋼筋混凝土造,1081112,190.26,4,2,5,有,無,8500000,44676,,0.0,0,,RPROMLLMKIPFFGD68DA,178.4,0.0,11.86,無,
學甲區,土地,東陽段1492地號,2116.12,都市：其他:計畫道路用地,,,1091026,土地2建物0車位0,,,其他,,,,0.0,0,0,0,有,無,30590600,14456,,0.0,0,,RPVNMLMJJIPFFGD68DA,0.0,0.0,0.0,無,
西港區,房地(土地+建物),西港里２２鄰中山路２３２之１號,108.84,都市：其他:住宅區,,,1091129,土地1建物1車位0,全,三層,透天厝,住家用,鋼筋混凝土造,0990406,196.55,3,3,4,有,無,7300000,37141,,0.0,0,頂樓加蓋；其他增建；,RPXNMLSJKIPFFGD96DA,176.18,0.0,20.4,無,
六甲區,房地(土地+建物),甲東里裕農街８９巷６弄１３號,293.25,都市：其他:農業區,,,1091112,土地1建物1車位0,全,二層,透天厝,農舍,加強磚造,0761015,142.79,4,1,2,有,無,3500000,24512,,0.0,0,親友、員工、共有人或其他特殊關係間之交易；,RPWOMLTLKIPFFFD17DA,139.47,0.0,3.32,無,
官田區,土地,二鎮段二鎮小段92地號,84.0,都市：其他:住宅區,,,1091221,土地1建物0車位0,,,其他,,,,0.0,0,0,0,有,無,1016400,12100,,0.0,0,,RPUNMLLMKIPFFFD78DA,0.0,0.0,0.0,無,
六甲區,土地,港子頭段289-83地號,410.0,,鄉村區,乙種建築用地,1090914,土地1建物0車位0,,,其他,,,,0.0,0,0,0,有,無,4712950,11495,,0.0,0,,RPQNMLNJJHGGFFD27DA,0.0,0.0,0.0,無,
六甲區,土地,港子頭段289-82地號,236.0,,鄉村區,乙種建築用地,1090914,土地1建物0車位0,,,其他,,,,0.0,0,0,0,有,無,2712820,11495,,0.0,0,,RPRNMLNJJHGGFFD37DA,0.0,0.0,0.0,無,
六甲區,土地,港子頭段289-23地號,278.0,,鄉村區,乙種建築用地,1090914,土地1建物0車位0,,,其他,,,,0.0,0,0,0,有,無,3195610,11495,,0.0,0,,RPSNMLNJJHGGFFD47DA,0.0,0.0,0.0,無,
官田區,土地,二鎮段二鎮小段367地號,317.0,都市：其他:住宅區,,,1091104,土地2建物0車位0,,,其他,,,,0.0,0,0,0,有,無,8100000,25552,,0.0,0,未登記建物；,RPSOMLKMKIPFFFD58DA,0.0,0.0,0.0,無,0598
麻豆區,土地,前後班段581地號,3.92,都市：其他:甲種工業區,,,1091228,土地2建物0車位0,,,其他,,,,0.0,0,0,0,有,無,64900,16556,,0.0,0,,RPUNMLOJJHGGFFD77DA,0.0,0.0,0.0,無,
六甲區,土地,七甲段182-3地號,336.0,都市：其他:道路用地,,,1091230,土地1建物0車位0,,,其他,,,,0.0,0,0,0,有,無,571200,1700,,0.0,0,協議價購；,RPQNMLPJJHGGFFD47DA,0.0,0.0,0.0,無,
六甲區,土地,中社段157-4地號,283.5,,鄉村區,乙種建築用地,1091224,土地5建物0車位0,,,其他,,,,0.0,0,0,0,有,無,520000,1834,,0.0,0,受民情風俗因素影響；,RPQPMLSLKIPFFFD56DA,0.0,0.0,0.0,無,
官田區,土地,隆本段635地號,100.17,都市：其他:道路用地,,,1091123,土地1建物0車位0,,,其他,,,,0.0,0,0,0,有,無,5250000,52411,,0.0,0,,RPRPMLSLKIPFFFD66DA,0.0,0.0,0.0,無,
大內區,土地,大內段1171-17地號,59.33,,一般農業區,甲種建築用地,1091217,土地1建物0車位0,,,其他,,,,0.0,0,0,0,有,無,400000,6742,,0.0,0,親友、員工、共有人或其他特殊關係間之交易；,RPSNMLRKKIPFFFD98DA,0.0,0.0,0.0,無,
官田區,土地,隆東段509地號,226.12,都市：其他:農業區,,,1091217,土地1建物0車位0,,,其他,,,,0.0,0,0,0,有,無,525000,2322,,0.0,0,,RPWNMLNLKIPFFFD09DA,0.0,0.0,0.0,無,
東山區,房地(土地+建物),東中里信義街６巷１６號,104.88,都市：其他:住宅區,,,1091206,土地2建物1車位0,全,四層,透天厝,見其他登記事項,鋼筋混凝土造,0961022,189.22,4,3,3,有,無,6300000,33295,,0.0,0,,RPQNMLKKKIPFFED97DA,161.37,0.0,27.85,無,
後壁區,土地,安溪寮段下寮小段1010地號,235.0,,特定農業區,農牧用地,1091218,土地1建物0車位0,,,其他,,,,0.0,0,0,0,有,無,188000,800,,0.0,0,親友、員工、共有人或其他特殊關係間之交易；,RPVNMLOJJHGGFED77DA,0.0,0.0,0.0,無,0599
東區,房地(土地+建物),裕忠路１６０之２號,155.3,都市：其他:虎尾寮第二種住宅區,,,1091015,土地1建物1車位0,全,四層,透天厝,見其他登記事項,見其他登記事項,1080919,363.95,5,1,6,有,無,42000000,115400,,0.0,0,,RPVNMLOJJHGGFCD57DA,341.97,0.0,21.99,有,
東區,房地(土地+建物),中華東路二段１６７號十一樓之１３,2.77,都市：其他:第五種住宅區,,,1091209,土地2建物1車位0,十一層,十四層,住宅大樓(11層含以上有電梯),住家用,鋼筋混凝土造,0970229,31.759999999999998,1,0,1,有,有,1960000,61713,,0.0,0,,RPOOMLOJJHGGFCD96DA,17.11,0.0,3.03,有,
東區,房地(土地+建物),崇德路３３３巷２３弄１號,85.0,都市：其他:第五種住宅區,,,1091225,土地1建物1車位0,全,二層,透天厝,住家用,鋼筋混凝土造,0741104,136.41,5,2,2,有,無,8700000,63778,,0.0,0,頂樓加蓋；,RPSNMLOJJHGGFCD27DA,125.42,0.0,10.99,無,0600
東區,房地(土地+建物)+車位,崇德十九街６２號七樓之１,15.24,都市：其他:鄰里商業區,,,1091127,土地1建物1車位1,七層,八層,華廈(10層含以下有電梯),住家用,鋼筋混凝土造,0841221,117.72,3,2,2,有,有,5500000,46721,坡道機械,0.0,0,,RPPNMLPJJHGGFCD07DA,84.05,1.29,3.38,有,
南區,房地(土地+建物),明興路８８２號,90.0,都市：其他:住宅區,,,1091027,土地1建物1車位0,全,三層,透天厝,見其他登記事項,見其他登記事項,1071115,226.98,5,2,5,有,無,14280000,62913,,0.0,0,含裝潢費；含傢俱設備費；其他增建；,RPSNMLLMKIPFFCD28DA,209.37,0.0,17.61,無,
南區,土地,興農段664-1地號,103.11,都市：其他:保護區,,,1091211,土地3建物0車位0,,,其他,,,,0.0,0,0,0,有,無,1072343,10400,,0.0,0,包含公共設施保留地用地；協議價購；,RPROMLNLKIPFFCD38DA,0.0,0.0,0.0,無,0601
南區,土地,興農段664-1地號,103.11,都市：其他:保護區,,,1091211,土地3建物0車位0,,,其他,,,,0.0,0,0,0,有,無,1072343,10400,,0.0,0,包含公共設施保留地用地；協議價購；,RPSOMLNLKIPFFCD48DA,0.0,0.0,0.0,無,0601
南區,土地,興農段664-1地號,206.22,都市：其他:保護區,,,1091211,土地3建物0車位0,,,其他,,,,0.0,0,0,0,有,無,2144689,10400,,0.0,0,包含公共設施保留地用地；協議價購；,RPTOMLNLKIPFFCD58DA,0.0,0.0,0.0,無,0601
鹽水區,土地,頭港段1043地號,1000.0,,特定農業區,農牧用地,1091205,土地1建物0車位0,,,其他,,,,0.0,0,0,0,有,無,1000000,1000,,0.0,0,,RPPNMLPJKIPFFDD18DA,0.0,0.0,0.0,無,
新營區,土地,新秀才段864地號,1005.54,,河川區,農牧用地,1091225,土地1建物0車位0,,,其他,,,,0.0,0,0,0,有,無,350000,348,,0.0,0,,RPQNMLSLKIPFFDD78DA,0.0,0.0,0.0,無,
安南區,土地,新順段460-6地號,74.2,都市：其他:細部計畫道路用地,,,1091007,土地2建物0車位0,,,其他,,,,0.0,0,0,0,有,無,535500,7217,,0.0,0,,RPPSMLRKJIPFFBD68DA,0.0,0.0,0.0,無,
安南區,房地(土地+建物),安西二街８３號,96.78,都市：其他:住宅區,,,1091115,土地1建物1車位0,全,四層,透天厝,住家用,鋼筋混凝土造,0970502,193.08,5,2,4,有,無,13600000,70437,,0.0,0,陽台外推；其他增建；,RPSONLPKJIPFFBD48DA,178.56,0.0,14.52,無,
安南區,土地,安慶段1443地號,32.02,都市：其他:主要計畫道路用地,,,1091123,土地2建物0車位0,,,其他,,,,0.0,0,0,0,有,無,240000,7495,,0.0,0,包含公共設施保留地用地；,RPRNMLNJJHGGFBD96DA,0.0,0.0,0.0,無,
安南區,房地(土地+建物),公學路七段１１３巷１７號,89.23,都市：其他:住宅區,,,1091101,土地1建物1車位0,全,三層,透天厝,住家用,鋼筋混凝土造,1090916,136.33,5,2,3,有,無,7200000,52813,,0.0,0,,RPSNMLLMKIPFFBD18DA,121.21,0.0,15.12,無,
安南區,土地,神榕段710地號,1022.72,都市：其他:細部計畫道路用地,,,1091123,土地2建物0車位0,,,其他,,,,0.0,0,0,0,有,無,4900000,4791,,0.0,0,包含公共設施保留地用地；,RPSOMLKMKIPFFBD18DA,0.0,0.0,0.0,無,
安南區,土地,佃北段453地號,4049.41,都市：其他:農業區,,,1091211,土地2建物0車位0,,,其他,,,,0.0,0,0,0,有,無,21000000,5186,,0.0,0,,RPQNMLPJJHGGFBD07DA,0.0,0.0,0.0,無,
安南區,房地(土地+建物),海環街３１１號,85.95,都市：其他:住宅區,,,1091108,土地1建物1車位0,全,三層,透天厝,住家用,鋼筋混凝土造,1090610,170.6,5,2,3,有,無,13250000,77667,,0.0,0,,RPSNMLOJJHGGFBD17DA,140.39,0.0,30.21,無,
安南區,房地(土地+建物),尊安街７７號,100.06,都市：其他:住宅區,,,1091127,土地1建物1車位0,全,四層,透天厝,見其他登記事項,鋼筋混凝土造,1081111,235.55,5,2,5,有,無,13000000,55190,,0.0,0,,RPTNMLOJJHGGFBD27DA,211.99,0.0,23.56,無,
安南區,房地(土地+建物),郡安路四段２７８巷２６號,90.11,都市：其他:住宅區,,,1091106,土地1建物1車位0,全,三層,透天厝,住家用,鋼筋混凝土造,0870514,181.23,4,3,3,有,無,8500000,46902,,0.0,0,親友、員工、共有人或其他特殊關係間之交易；,RPPNMLTLKIPFFBD58DA,158.97,0.0,21.31,無,
安南區,房地(土地+建物),公學路七段１１３巷１５號,87.78,都市：其他:住宅區,,,1091204,土地1建物1車位0,全,三層,透天厝,住家用,鋼筋混凝土造,1090916,136.33,5,2,3,有,無,7500000,55014,,0.0,0,,RPUNMLTLKIPFFBD09DA,121.21,0.0,15.12,無,
安南區,土地,國安段1514地號,525.75,都市：其他:住宅區,,,1091125,土地1建物0車位0,,,其他,,,,0.0,0,0,0,有,無,40550000,77128,,0.0,0,,RPVNMLNLKIPFFBD58DA,0.0,0.0,0.0,無,
安南區,房地(土地+建物),安中路一段７０２巷１０之３號,71.69,都市：其他:住宅區,,,1091211,土地14建物1車位0,四層,四層,公寓(5樓含以下無電梯),見其他登記事項,鋼筋混凝土造,0700907,104.69,3,2,2,有,無,1700000,16238,,0.0,0,,RPXNMLLLKIPFFBD58DA,82.13,0.0,11.43,無,
安南區,房地(土地+建物)+車位,安中路一段８３６號十樓,14.83,都市：其他:住宅區,,,1091129,土地1建物1車位1,十層，十一層,十七層,住宅大樓(11層含以上有電梯),住家用,鋼筋混凝土造,0850816,146.0,3,2,2,有,有,5200000,35616,坡道機械,0.0,0,,RPQNMLTKKIPFFBD58DA,96.26,0.0,10.69,有,
安南區,房地(土地+建物),州南一街１４０號,135.01,都市：其他:住宅區,,,1091106,土地1建物1車位0,全,四層,透天厝,住家用,鋼筋混凝土造,1090810,248.57,4,2,5,有,無,21500000,86495,,0.0,0,建商與地主合建案；,RPUNMLLLKIPFFBD28DA,227.05,0.0,21.52,無,
安南區,房地(土地+建物),新宅一街１８號,94.54,都市：其他:住宅區,,,1091206,土地1建物1車位0,全,三層,透天厝,住家用,鋼筋混凝土造,1090727,208.86,4,2,3,有,無,16000000,76606,,0.0,0,,RPUNMLSLKIPFFBD98DA,194.22,0.0,14.64,無,
安南區,土地,學北段1237-14地號,189.71,都市：其他:農業區,,,1091029,土地3建物0車位0,,,其他,,,,0.0,0,0,0,有,無,2400000,12651,,0.0,0,農地單坪1萬、建地單坪42477元,RPQPMLPJJHGGFBD27DA,0.0,0.0,0.0,無,
南區,土地,興農段666-1地號,10.6,都市：其他:保護區,,,1091211,土地1建物0車位0,,,其他,,,,0.0,0,0,0,有,無,115502,10896,,0.0,0,包含公共設施保留地用地；協議價購；,RPWOMLNLKIPFFCD88DA,0.0,0.0,0.0,無,0604
南區,土地,興農段632-1地號,10.69,都市：其他:河川區,,,1091211,土地1建物0車位0,,,其他,,,,0.0,0,0,0,有,無,119707,11198,,0.0,0,包含公共設施保留地用地；協議價購；,RPXOMLNLKIPFFCD98DA,0.0,0.0,0.0,無,0605
南區,土地,興農段651-1地號,177.5,都市：其他:保護區,,,1091211,土地1建物0車位0,,,其他,,,,0.0,0,0,0,有,無,1810449,10200,,0.0,0,包含公共設施保留地用地；協議價購；,RPOPMLNLKIPFFCD18DA,0.0,0.0,0.0,無,0606
南區,土地,興農段651-1地號,177.5,都市：其他:保護區,,,1091211,土地1建物0車位0,,,其他,,,,0.0,0,0,0,有,無,1810449,10200,,0.0,0,包含公共設施保留地用地；協議價購；,RPPPMLNLKIPFFCD28DA,0.0,0.0,0.0,無,0606
南區,土地,興農段666-1地號,10.6,都市：其他:保護區,,,1091211,土地1建物0車位0,,,其他,,,,0.0,0,0,0,有,無,115502,10896,,0.0,0,包含公共設施保留地用地；協議價購；,RPQPMLNLKIPFFCD38DA,0.0,0.0,0.0,無,0604
南區,土地,興農段568-3地號,81.23,都市：其他:河川區,,,1091211,土地2建物0車位0,,,其他,,,,0.0,0,0,0,有,無,820390,10100,,0.0,0,包含公共設施保留地用地；協議價購；,RPRPMLNLKIPFFCD48DA,0.0,0.0,0.0,無,0609
南區,土地,興農段632-1地號,10.69,都市：其他:河川區,,,1091211,土地1建物0車位0,,,其他,,,,0.0,0,0,0,有,無,119707,11198,,0.0,0,包含公共設施保留地用地；協議價購；,RPUPMLNLKIPFFCD78DA,0.0,0.0,0.0,無,0605
南區,土地,興農段632-1地號,21.38,都市：其他:河川區,,,1091211,土地1建物0車位0,,,其他,,,,0.0,0,0,0,有,無,239413,11198,,0.0,0,包含公共設施保留地用地；協議價購；,RPVPMLNLKIPFFCD88DA,0.0,0.0,0.0,無,0605
南區,土地,興農段666-1地號,10.6,都市：其他:保護區,,,1091211,土地1建物0車位0,,,其他,,,,0.0,0,0,0,有,無,115502,10896,,0.0,0,包含公共設施保留地用地；協議價購；,RPXPMLNLKIPFFCD09DA,0.0,0.0,0.0,無,0604
南區,土地,鹽埕段3-193地號,52.0,都市：其他:住宅區,,,1091127,土地1建物0車位0,,,其他,,,,0.0,0,0,0,有,無,3200000,61538,,0.0,0,未登記建物；,RPSOMLTJKIPFFCD88DA,0.0,0.0,0.0,無,
南區,房地(土地+建物)+車位,水交社路６號,41.1,都市：其他:住宅區,,,1091130,土地3建物1車位1,一層，二層,七層,公寓(5樓含以下無電梯),見其他登記事項,鋼筋混凝土造,1051201,197.73000000000002,0,4,4,有,有,15000000,75861,坡道平面,25.33,0,,RPPOMLOKKIPFFCD18DA,118.25,0.0,8.5,無,0613
東區,房地(土地+建物)+車位,崇賢三路３０號十二樓之１,21.36,都市：其他:第五種住宅區,,,1091109,土地1建物1車位1,十二層,十五層,住宅大樓(11層含以上有電梯),見其他登記事項,鋼筋混凝土造,1061031,127.5,2,1,1,有,有,7760000,60863,坡道平面,29.01,0,含地政士服務費；,RPRQMLRKJIPFFCD78DA,64.44,0.0,4.41,有,0614
東區,房地(土地+建物)+車位,崇賢三路３０號十一樓之１,21.36,都市：其他:第五種住宅區,,,1091112,土地1建物1車位1,十一層,十五層,住宅大樓(11層含以上有電梯),見其他登記事項,鋼筋混凝土造,1061031,127.5,2,1,1,有,有,7760000,60863,坡道平面,29.01,0,含地政士服務費；,RPTQMLRKJIPFFCD98DA,64.44,0.0,4.41,有,0615
東區,房地(土地+建物)+車位,崇賢三路３０號七樓之２,22.88,都市：其他:第五種住宅區,,,1091116,土地1建物1車位1,七層,十五層,住宅大樓(11層含以上有電梯),見其他登記事項,鋼筋混凝土造,1061031,135.14,2,1,2,有,有,7460000,55202,坡道平面,29.01,0,含地政士服務費；,RPOQMLRKJIPFFCD48DA,67.33,0.0,6.94,有,0616
東區,土地,東光段472-2地號,22.44,都市：其他:市場用地,,,1091008,土地2建物0車位0,,,其他,,,,0.0,0,0,0,有,無,1038000,46257,,0.0,0,包含公共設施保留地用地；,RPVPMLPJIIPFFCD68DA,0.0,0.0,0.0,無,0617
南區,房地(土地+建物),大同路二段６５６巷１１號,68.71,都市：其他:住宅區,,,1091110,土地1建物1車位0,全,二層,透天厝,住家用,加強磚造,0670608,98.0,3,2,2,有,無,5500000,56122,,0.0,0,,RPOOMLNKJIPFFCD87DA,98.0,0.0,0.0,無,
安平區,車位,文平路,1.04,都市：其他:商業區,,,1091023,土地1建物1車位2,,,其他,,,,48.45,0,0,0,有,有,2000000,,坡道平面,48.44,2000000,僅車位交易；,RPRPMLOLJIPFFAD28DA,0.0,0.0,0.0,有,0618
北區,房地(土地+建物)+車位,中華北路一段７８巷５１號十五樓,20.51,都市：其他:商業區,,,1090522,土地1建物1車位2,十五層,二十二層,住宅大樓(11層含以上有電梯),見其他登記事項,見其他登記事項,1090109,264.51,3,2,2,有,有,18600000,82602,坡道平面,72.02,2700000,,RPVNMLKMIIPFFAD08DA,104.11,8.32,15.93,有,
北區,房地(土地+建物),公園南路２３３巷８號七樓之２,17.11,都市：其他:商業區,,,1091115,土地1建物1車位0,七層,九層,華廈(10層含以下有電梯),見其他登記事項,見其他登記事項,1040126,94.09,2,2,1,有,有,7200000,76522,,0.0,0,陽台外推；,RPPNMLPKJIPFFAD87DA,41.43,0.0,18.8,有,0619
北區,房地(土地+建物)+車位,中華北路一段７８巷５７號十六樓,18.29,都市：其他:商業區,,,1091031,土地1建物1車位1,十六層,二十二層,住宅大樓(11層含以上有電梯),見其他登記事項,見其他登記事項,1090109,208.06,3,2,2,有,有,15600000,81662,坡道平面,36.01,1550000,,RPVPMLSJKIPFFAD98DA,93.38,8.56,12.81,有,
安平區,房地(土地+建物)+車位,永華六街２７９巷１８之２４號,64.84,都市：其他:住宅區,,,1091121,土地2建物1車位1,全,四層,透天厝,住家用,鋼筋混凝土造,0870901,235.07,4,3,4,有,有,9000000,38286,坡道平面,1.46,0,,RPPNMLTJKIPFFAD28DA,155.72,0.0,3.89,無,0620
安平區,房地(土地+建物),平通路３５６號,8.45,都市：其他:商業區,,,1091127,土地1建物1車位0,一層,十層,華廈(10層含以下有電梯),商業用,鋼筋混凝土造,0820701,77.19999999999999,3,1,1,有,有,3700000,47927,,0.0,0,其他增建；,RPPQMLPKKIPFFAD28DA,62.16,0.0,0.0,有,0621
安平區,房地(土地+建物)+車位,育平路６８號四樓之２,14.03,都市：其他:住宅區,,,1091124,土地1建物1車位1,四層,十四層,住宅大樓(11層含以上有電梯),見其他登記事項,見其他登記事項,1021125,123.55,3,2,1,有,有,5800000,46945,坡道平面,0.0,0,夾層；,RPPPMLOJJHGGFAD96DA,54.67,0.0,7.84,有,0622
安平區,房地(土地+建物)+車位,國平北路６０號九樓,25.17,都市：其他:商業區,,,1091115,土地1建物1車位1,九層,二十四層,住宅大樓(11層含以上有電梯),見其他登記事項,見其他登記事項,1070214,313.48,4,2,3,有,有,19800000,63969,坡道平面,25.06,1350000,,RPVOMLOJJHGGFAD47DA,161.22,4.04,21.48,有,
中西區,建物,金華路三段７０號,0.0,,,,1091015,土地0建物1車位0,全,二層,透天厝,住家用,加強磚造,0620630,102.69,3,0,3,有,無,9000000,87642,,0.0,0,土地所有權人為仁愛之家,RPSPMLPJJHGGFAD37DA,102.69,0.0,0.0,無,
安平區,房地(土地+建物)+車位,國平北路６６號十六樓,23.31,都市：其他:商業區,,,1090927,土地1建物1車位1,十六層,二十四層,住宅大樓(11層含以上有電梯),見其他登記事項,見其他登記事項,1070214,287.88,3,2,2,有,有,21580000,76973,坡道平面,25.06,1350000,,RPVNMLOJJHGGFAD37DA,149.1,3.89,16.93,有,
安平區,房地(土地+建物)+車位,國平北路６０號二十一樓,27.97,都市：其他:商業區,,,1091016,土地1建物1車位2,二十一層,二十四層,住宅大樓(11層含以上有電梯),見其他登記事項,見其他登記事項,1070214,337.11,0,0,0,無,有,25800000,80089,坡道平面,48.68,2700000,毛胚屋；,RPXNMLOJJHGGFAD57DA,161.21,4.04,21.49,有,
北區,房地(土地+建物)+車位,北門路二段６１５號九樓之１、之２,57.12,都市：其他:住宅區,,,1091207,土地1建物2車位2,九層,十二層,住宅大樓(11層含以上有電梯),集合住宅,鋼筋混凝土造,0911115,261.44,7,7,7,有,有,8800000,33660,坡道平面,0.0,0,,RPPOMLOJJHGGFAD86DA,160.99,0.0,15.88,有,
安平區,房地(土地+建物)+車位,國平北路６０號十五樓,28.28,都市：其他:商業區,,,1091106,土地1建物1車位2,十五層,二十四層,住宅大樓(11層含以上有電梯),見其他登記事項,見其他登記事項,1070214,338.55,3,2,3,有,有,24280000,75512,坡道平面,50.12,2500000,,RPSOMLOJJHGGFAD17DA,161.21,4.04,21.49,有,
中西區,房地(土地+建物)+車位,中華西路二段４１２號五樓之５,27.22,都市：其他:住宅區,,,1091212,土地1建物1車位1,五層,二十五層,住宅大樓(11層含以上有電梯),集合住宅,鋼筋混凝土構造,1060817,282.65,3,2,3,有,有,16810000,63532,坡道平面,33.8,1000000,,RPSNMLOJJHGGFAD07DA,161.85,0.0,13.71,有,
中西區,房地(土地+建物)+車位,中華西路二段４１６號十四樓之３,27.67,都市：其他:住宅區,,,1091222,土地1建物1車位1,十四層,二十五層,住宅大樓(11層含以上有電梯),集合住宅,鋼筋混凝土構造,1060817,287.02,3,2,3,有,有,21010000,79022,坡道平面,33.8,1000000,,RPQNMLOJJHGGFAD86DA,165.26,0.0,13.38,有,
中西區,房地(土地+建物),萬昌街１３３號四樓之１６,8.68,都市：其他:商業區,,,1091219,土地3建物1車位0,四層,十一層,住宅大樓(11層含以上有電梯),見其他登記事項,見其他登記事項,0950713,43.13,1,0,1,有,有,3300000,76513,,0.0,0,,RPXNMLLMKIPFFAD58DA,26.46,0.0,3.73,有,
中西區,房地(土地+建物),健康路一段３９０巷１６號,31.63,都市：其他:住宅區,,,1091124,土地3建物1車位0,一層，二層，三層，地下層,七層,公寓(5樓含以下無電梯),住商用,鋼筋混凝土造,0721210,159.36,3,2,3,有,有,5600000,35141,,0.0,0,陽台外推；其他增建；,RPUNMLLMKIPFFAD28DA,144.48,0.0,14.88,無,
中西區,房地(土地+建物)+車位,民生路二段４２２號十一樓之３,24.42,都市：其他:商業區,,,1090707,土地1建物1車位1,十一層,二十七層,住宅大樓(11層含以上有電梯),見其他登記事項,見其他登記事項,1091029,263.77,3,2,3,有,有,18050000,69701,坡道平面,25.61,1450000,預售屋、或土地及建物分次登記案件；,RPXOMLKMKIPFFAD58DA,146.46,0.0,16.55,有,
安平區,房地(土地+建物)+車位,建平十街３７號八樓之１０,45.17,都市：其他:住宅區,,,1091207,土地1建物1車位2,八層,八層,華廈(10層含以下有電梯),住家用,鋼筋混凝土造,0881207,294.12,5,2,3,有,有,12000000,40800,坡道平面,0.0,0,,RPQNMLLMKIPFFAD87DA,160.17,0.0,16.62,有,
中西區,土地,頂美段1277地號,1317.36,都市：其他:細部計畫道路用地,,,1091210,土地2建物0車位0,,,其他,,,,0.0,0,0,0,有,無,30000000,22773,,0.0,0,包含公共設施保留地用地；,RPUOMLSLKIPFFAD98DA,0.0,0.0,0.0,無,
北區,房地(土地+建物),文賢路３１３巷５６弄１８號,103.51,都市：其他:住宅區,,,1091216,土地1建物1車位0,全,三層,透天厝,住商用,鋼筋混凝土造,0690711,217.87,4,1,3,有,無,3650000,16753,,0.0,0,親友、員工、共有人或其他特殊關係間之交易；,RPOPMLOLKIPFFAD08DA,217.87,0.0,0.0,無,
中西區,房地(土地+建物)+車位,中華西路二段１６８號三樓之３,27.67,都市：其他:住宅區,,,1091207,土地1建物1車位2,三層,二十六層,住宅大樓(11層含以上有電梯),見其他登記事項,見其他登記事項,1061011,296.41999999999996,3,2,3,有,有,17660000,59578,坡道平面,49.6,0,,RPXOMLPLKIPFFAD98DA,148.64,0.0,18.58,有,0623
中西區,房地(土地+建物),中成路１８號九樓之７,6.16,都市：其他:商業區,,,1091106,土地1建物1車位0,九層,二十層,住宅大樓(11層含以上有電梯),住家用,鋼筋混凝土造,0860127,38.010000000000005,1,0,1,有,有,2450000,64457,,0.0,0,,RPOOMLTLKIPFFAD48DA,21.39,0.0,5.39,有,0624
北區,房地(土地+建物)+車位,中華北路一段７８巷５３號四樓,19.56,都市：其他:商業區,,,1091206,土地1建物1車位1,四層,二十二層,住宅大樓(11層含以上有電梯),見其他登記事項,見其他登記事項,1090109,220.07,3,2,2,有,有,14460000,72313,坡道平面,36.01,1150000,,RPVOMLTLKIPFFAD56DA,101.32,7.38,14.03,有,
中西區,房地(土地+建物)+車位,民生路二段４２２號八樓之３,24.42,都市：其他:商業區,,,1090712,土地1建物1車位1,八層,二十七層,住宅大樓(11層含以上有電梯),見其他登記事項,見其他登記事項,1091029,263.77,3,2,3,有,有,16700000,64243,坡道平面,25.61,1400000,預售屋、或土地及建物分次登記案件；,RPVOMLKMKIPFFAD38DA,146.46,0.0,16.55,有,
中西區,房地(土地+建物)+車位,民生路二段４２２號十二樓之３,24.48,都市：其他:商業區,,,1080602,土地1建物1車位2,十二層,二十七層,住宅大樓(11層含以上有電梯),見其他登記事項,見其他登記事項,1091029,289.38,3,2,3,有,有,18000000,67182,坡道平面,51.22,2000000,預售屋、或土地及建物分次登記案件；,RPSPMLKMKIPFFAD18DA,146.46,0.0,16.55,有,
中西區,房地(土地+建物)+車位,中華西路二段１６８號七樓之２,31.7,都市：其他:住宅區,,,1091120,土地1建物1車位2,七層,二十六層,住宅大樓(11層含以上有電梯),見其他登記事項,見其他登記事項,1061011,347.24,3,2,3,有,有,21800000,62781,坡道平面,49.6,0,,RPPNMLOLKIPFFAD97DA,179.72,0.0,21.36,有,
安平區,房地(土地+建物),平通路１４６號,97.68,都市：其他:住宅區,,,1091203,土地3建物1車位0,全,四層,透天厝,見其他登記事項,鋼筋混凝土造,0930113,267.59,6,1,3,有,無,18437500,68902,,0.0,0,,RPUNMLOLKIPFFAD48DA,243.4,0.0,24.19,無,
北區,房地(土地+建物),西門路三段４７巷２之１號,37.0,都市：其他:商業區,,,1090801,土地1建物1車位0,全,五層,透天厝,見其他登記事項,鋼筋混凝土造,0850601,158.69,4,1,5,有,無,6500000,40960,,0.0,0,,RPWNMLMLKIPFFAD48DA,158.69,0.0,0.0,無,
中西區,房地(土地+建物)+車位,民生路二段４２２號十二樓之５,25.6,都市：其他:商業區,,,1081006,土地1建物1車位2,十二層,二十七層,住宅大樓(11層含以上有電梯),見其他登記事項,見其他登記事項,1091029,300.26,3,2,3,有,有,22650000,80509,坡道平面,51.22,2600000,預售屋、或土地及建物分次登記案件；,RPUPMLKMKIPFFAD38DA,150.7,0.0,19.8,有,
中西區,房地(土地+建物)+車位,民生路二段４２０號二十樓之３,24.48,都市：其他:商業區,,,1090318,土地1建物1車位2,二十層,二十七層,住宅大樓(11層含以上有電梯),見其他登記事項,見其他登記事項,1091029,289.39,3,2,3,有,有,21200000,78935,坡道平面,51.22,2400000,預售屋、或土地及建物分次登記案件；,RPXPMLKMKIPFFAD68DA,146.46,0.0,16.55,有,
安平區,房地(土地+建物),健康四街８５號,90.33,都市：其他:住宅區,,,1091201,土地1建物1車位0,全,四層,透天厝,住家用,鋼筋混凝土造,0960214,190.66,5,2,3,有,無,14500000,76052,,0.0,0,,RPQNMLKMKIPFFAD77DA,160.12,1.56,28.98,無,0625
中西區,建物,南門路９７巷１２號四樓之１,0.0,,,,1091210,土地0建物2車位2,四層,四層,華廈(10層含以下有電梯),見其他登記事項,見其他登記事項,1081122,216.13,1,2,1,有,無,27000000,124925,一樓平面,0.0,0,本案土地系向仁愛之家承租其他增建；,RPSNMLLMKIPFFAD08DA,109.85,0.0,17.27,有,
中西區,房地(土地+建物)+車位,民生路二段４２０號九樓之３,24.48,都市：其他:商業區,,,1080828,土地1建物1車位2,九層,二十七層,住宅大樓(11層含以上有電梯),見其他登記事項,見其他登記事項,1091029,289.39,3,2,3,有,有,18450000,68439,坡道平面,51.22,2150000,預售屋、或土地及建物分次登記案件；,RPRQMLKMKIPFFAD18DA,146.46,0.0,16.55,有,
中西區,房地(土地+建物)+車位,民生路二段４２０號十三樓之５,25.6,都市：其他:商業區,,,1090524,土地1建物1車位2,十三層,二十七層,住宅大樓(11層含以上有電梯),見其他登記事項,見其他登記事項,1091029,300.31,3,2,3,有,有,22000000,78285,坡道平面,51.22,2500000,預售屋、或土地及建物分次登記案件；,RPSQMLKMKIPFFAD28DA,150.7,0.0,19.8,有,
中西區,房地(土地+建物)+車位,民生路二段４２０號十四樓之２,25.55,都市：其他:商業區,,,1080803,土地1建物1車位2,十四層,二十七層,住宅大樓(11層含以上有電梯),見其他登記事項,見其他登記事項,1091029,299.65,3,2,3,有,有,21880000,77607,坡道平面,51.22,2600000,預售屋、或土地及建物分次登記案件；,RPUQMLKMKIPFFAD48DA,151.76,0.0,18.21,有,
北區,房地(土地+建物),東豐路３０５巷５４號,89.0,都市：其他:細部計畫道路用地,,,1090520,土地2建物1車位0,全,三層,透天厝,住商用,鋼筋混凝土造,0700309,165.62,5,2,3,有,無,8700000,52530,,0.0,0,,RPROMLPJJHGGFAD17DA,165.62,0.0,0.0,無,
安平區,房地(土地+建物)+車位,永華路二段５０３號六樓之３,24.26,都市：其他:住宅區,,,1091026,土地1建物1車位1,六層,二十三層,住宅大樓(11層含以上有電梯),見其他登記事項,見其他登記事項,1070202,243.34000000000003,4,2,2,有,有,15980000,69264,坡道平面,26.49,960000,,RPTNMLPJJHGGFAD27DA,122.34,5.7,13.29,有,
安平區,房地(土地+建物)+車位,永華路二段５０１號二十一樓之２,28.12,都市：其他:住宅區,,,1091111,土地1建物1車位2,二十一層,二十三層,住宅大樓(11層含以上有電梯),集合住宅,鋼筋混凝土構造,1070202,303.68,0,0,0,無,有,20420000,74083,坡道平面,57.74,2200000,毛胚屋；,RPVNMLPJJHGGFAD47DA,142.29,0.0,17.98,有,
安平區,房地(土地+建物)+車位,永華路二段５０３號,155.71,都市：其他:住宅區,,,1091111,土地1建物1車位3,一層，見其他登記事項,二十三層,住宅大樓(11層含以上有電梯),見其他登記事項,見其他登記事項,1070202,593.84,0,0,0,無,有,88460000,168764,坡道平面,89.94,3420000,,RPWNMLPJJHGGFAD57DA,356.11,0.0,20.71,有,
中西區,土地,星鑽段1304地號,98.42,都市：其他:商業區,,,1091230,土地1建物0車位0,,,其他,,,,0.0,0,0,0,有,無,25589200,260000,,0.0,0,政府機關標讓售；,RPOQMLOJJHGGFAD96DA,0.0,0.0,0.0,無,
北區,房地(土地+建物)+車位,育賢街８８號三樓之２,61.05,都市：其他:商業區,,,1091123,土地1建物1車位2,三層,二十一層,住宅大樓(11層含以上有電梯),見其他登記事項,見其他登記事項,1060706,358.26,3,2,3,有,有,24500000,68386,坡道平面,75.46,0,契稅、土地增值稅、登記規費、印花稅、代書費、貸款費用、塗銷費用，合計20萬元內買方負擔，超過部分賣方負擔。,RPPQMLOJJHGGFAD07DA,173.07,0.0,25.73,有,0626
安平區,房地(土地+建物),平生路４０號四樓之３,31.25,都市：其他:特定住宅專用區,,,1091202,土地1建物1車位0,四層,七層,華廈(10層含以下有電梯),住家用,鋼筋混凝土造,0841102,157.57,4,2,2,有,有,5000000,31732,,0.0,0,,RPVQMLOJJHGGFAD67DA,110.65,0.0,8.92,有,0627
安平區,房地(土地+建物)+車位,永華八街２號十二樓之５,6.99,都市：其他:社區商業區,,,1091126,土地1建物1車位1,十二層,十四層,住宅大樓(11層含以上有電梯),見其他登記事項,鋼筋混凝土造,0960719,102.24000000000001,2,1,1,有,有,5550000,54284,坡道平面,0.0,0,,RPXOMLOJJHGGFAD67DA,47.86,0.65,2.67,有,
安平區,土地,金城段20-32地號,261.0,都市：其他:商業區,,,1091027,土地2建物0車位0,,,其他,,,,0.0,0,0,0,有,無,24850000,95211,,0.0,0,,RPRPMLOJJHGGFAD17DA,0.0,0.0,0.0,無,0628
安平區,房地(土地+建物)+車位,永華路二段８２９號十五樓,8.52,都市：其他:住宅區,,,1091210,土地1建物1車位1,十五層,二十三層,住宅大樓(11層含以上有電梯),見其他登記事項,見其他登記事項,1081217,99.85,2,1,2,有,有,6760000,67702,坡道機械,28.37,0,,RPSQMLPJJHGGFAD47DA,40.99,3.31,3.61,有,0629
北區,房地(土地+建物)+車位,開元路５１９號十二樓之１,11.83,都市：其他:住宅區,,,1091108,土地3建物1車位1,十二層,二十四層,住宅大樓(11層含以上有電梯),見其他登記事項,見其他登記事項,1041105,159.98000000000002,3,2,2,有,有,7560000,47256,坡道平面,32.55,0,親友、員工、共有人或其他特殊關係間之交易；,RPVQMLPJJHGGFAD77DA,77.88,1.7,9.87,有,0630
中西區,房地(土地+建物),武聖路２５１號,127.86,都市：其他:住宅區,,,1091209,土地2建物1車位0,全,四層,透天厝,住商用,鋼筋混凝土造,0791113,341.47,6,3,3,有,無,19000000,55642,,0.0,0,其他增建；,RPUPMLPKKIPFFAD68DA,319.31,0.0,22.16,無,
中西區,房地(土地+建物),西和路１１２號四樓之１０,14.35,都市：其他:住宅區,,,1091212,土地3建物1車位0,四層,十四層,住宅大樓(11層含以上有電梯),見其他登記事項,鋼筋混凝土造,0880223,116.78999999999999,3,2,2,有,有,5900000,50518,,0.0,0,,RPTNMLPKKIPFFAD38DA,72.17,3.44,12.49,有,0631
中西區,土地,銀同段62地號,13.46,都市：其他:主要計畫道路用地,,,1090930,土地1建物0車位0,,,其他,,,,0.0,0,0,0,有,無,600000,44577,,0.0,0,包含公共設施保留地用地；,RPROMLSJKIPFFAD48DA,0.0,0.0,0.0,無,
東區,房地(土地+建物)+車位,中華東路二段１６７號五樓之９,4.7,都市：其他:第五種住宅區,,,1091201,土地2建物1車位1,五層,十四層,住宅大樓(11層含以上有電梯),住家用,鋼筋混凝土造,0970229,77.0,1,1,1,有,有,4150000,53896,坡道平面,25.79,0,,RPOPMLOKKIPFFCD18DA,28.6,0.0,3.95,有,
南區,房地(土地+建物),永華路一段１７９號,169.36,都市：其他:住宅區,,,1091014,土地3建物1車位0,全,三層,透天厝,住商用,加強磚造,0631112,451.74,6,4,3,有,無,65000000,143888,,0.0,0,頂樓加蓋；,RPSOMLRJKIPFFCD68DA,451.74,0.0,0.0,無,
南區,土地,興農段666-1地號,10.6,都市：其他:保護區,,,1091211,土地1建物0車位0,,,其他,,,,0.0,0,0,0,有,無,115502,10896,,0.0,0,包含公共設施保留地用地；協議價購；,RPOQMLNLKIPFFCD28DA,0.0,0.0,0.0,無,0604
南區,土地,興農段568-3地號,40.61,都市：其他:河川區,,,1091211,土地2建物0車位0,,,其他,,,,0.0,0,0,0,有,無,410194,10101,,0.0,0,包含公共設施保留地用地；協議價購；,RPPQMLNLKIPFFCD38DA,0.0,0.0,0.0,無,0609
南區,土地,興農段568-3地號,40.61,都市：其他:河川區,,,1091211,土地2建物0車位0,,,其他,,,,0.0,0,0,0,有,無,410194,10101,,0.0,0,包含公共設施保留地用地；協議價購；,RPRQMLNLKIPFFCD58DA,0.0,0.0,0.0,無,0609
南區,土地,興農段664-1地號,206.22,都市：其他:保護區,,,1091211,土地3建物0車位0,,,其他,,,,0.0,0,0,0,有,無,2144688,10400,,0.0,0,包含公共設施保留地用地；協議價購；,RPSQMLNLKIPFFCD68DA,0.0,0.0,0.0,無,0601
南區,土地,興農段648-1地號,275.72,都市：其他:保護區,,,1091211,土地1建物0車位0,,,其他,,,,0.0,0,0,0,有,無,2812344,10200,,0.0,0,包含公共設施保留地用地；協議價購；,RPTQMLNLKIPFFCD78DA,0.0,0.0,0.0,無,
南區,土地,興農段640-1地號,184.26,都市：其他:保護區,,,1091211,土地1建物0車位0,,,其他,,,,0.0,0,0,0,有,無,1879452,10200,,0.0,0,包含公共設施保留地用地；協議價購；,RPUQMLNLKIPFFCD88DA,0.0,0.0,0.0,無,
南區,土地,興農段639-1地號,113.34,都市：其他:保護區,,,1091211,土地1建物0車位0,,,其他,,,,0.0,0,0,0,有,無,1235370,10900,,0.0,0,包含公共設施保留地用地；協議價購；,RPVQMLNLKIPFFCD98DA,0.0,0.0,0.0,無,0636
南區,土地,興農段633地號,36.58,都市：其他:河川區,,,1091211,土地1建物0車位0,,,其他,,,,0.0,0,0,0,有,無,409696,11200,,0.0,0,包含公共設施保留地用地；協議價購；,RPWQMLNLKIPFFCD09DA,0.0,0.0,0.0,無,
南區,土地,興農段638地號,282.58,都市：其他:河川區,,,1091211,土地1建物0車位0,,,其他,,,,0.0,0,0,0,有,無,3080122,10900,,0.0,0,包含公共設施保留地用地；協議價購；,RPXQMLNLKIPFFCD56DA,0.0,0.0,0.0,無,
南區,土地,興農段673-1地號,20.81,都市：其他:保護區,,,1091211,土地1建物0車位0,,,其他,,,,0.0,0,0,0,有,無,212262,10200,,0.0,0,包含公共設施保留地用地；協議價購；,RPORMLNLKIPFFCD38DA,0.0,0.0,0.0,無,
安南區,土地,砂崙段322-16地號,531.24,都市：其他:農業區,,,1091127,土地2建物0車位0,,,其他,,,,0.0,0,0,0,有,無,3100000,5835,,0.0,0,,RPQNMLNLKIPFFBD08DA,0.0,0.0,0.0,無,0154
安南區,房地(土地+建物),安中路四段２９０巷３５１弄１８之７號,110.56,都市：其他:住宅區,,,1091214,土地1建物1車位0,全,四層,透天厝,見其他登記事項,鋼筋混凝土造,1090715,232.95,5,2,6,有,無,13600000,58382,,0.0,0,,RPWNMLMLKIPFFBD58DA,207.47,0.0,25.48,無,
安南區,土地,溪心段20-1地號,522.95,都市：其他:細部計畫道路用地,,,1091224,土地1建物0車位0,,,其他,,,,0.0,0,0,0,有,無,4246400,8120,,0.0,0,包含公共設施保留地用地；,RPWNMLOLKIPFFBD78DA,0.0,0.0,0.0,無,
安南區,房地(土地+建物),國安街157號,16.93,都市：其他:細部計畫道路用地,,,1091210,土地2建物1車位0,一層，屋頂突出物，地下一層,一層,其他,見其他登記事項,鋼筋混凝土造,0730717,20.84,0,0,0,無,無,500000,23992,,0.0,0,,RPRNMLPLKIPFFBD38DA,0.0,0.0,0.0,無,0638
安南區,房地(土地+建物),樂活十街１５號,86.8,都市：其他:住宅區,,,1081123,土地1建物1車位0,全,四層,透天厝,住家用,鋼筋混凝土造,1090907,222.59,4,2,5,有,無,12500000,56157,,0.0,0,,RPUOMLPJJHGGFBD57DA,191.62,0.0,30.97,無,
安南區,土地,科工段868-1地號,7500.02,都市：其他:工業區,,,1091207,土地1建物0車位0,,,其他,,,,0.0,0,0,0,有,無,123750330,16500,,0.0,0,,RPTNMLPJJHGGFBD37DA,0.0,0.0,0.0,無,
安南區,土地,溪心段1208地號,1538.92,都市：其他:農業區,,,1091202,土地1建物0車位0,,,其他,,,,0.0,0,0,0,有,無,7000000,4549,,0.0,0,農作物；,RPUNMLPJJHGGFBD47DA,0.0,0.0,0.0,無,
安南區,房地(土地+建物),北安路三段１４５巷２６弄２號,98.24,都市：其他:住宅區,,,1091120,土地2建物1車位0,全,四層,透天厝,見其他登記事項,鋼筋混凝土造,0930423,209.04,5,2,4,有,無,11500000,55013,,0.0,0,含裝潢費；含傢俱設備費；陽台外推；其他增建；,RPOOMLPJJHGGFBD96DA,182.99,0.0,26.05,無,
安南區,房地(土地+建物),義安街１６０號,92.7,都市：其他:細部計畫道路用地,,,1091128,土地4建物1車位0,全,二層,透天厝,住商用,加強磚造,0700822,108.86,5,2,3,有,無,8800000,80838,,0.0,0,陽台外推；頂樓加蓋；其他增建；包含公共設施保留地用地；,RPPOMLPJJHGGFBD07DA,102.07,0.0,6.79,無,
安南區,土地,砂崙段299地號,2941.73,都市：其他:農業區,,,1091007,土地3建物0車位0,,,其他,,,,0.0,0,0,0,有,無,7500000,2550,,0.0,0,,RPPNMLLMKIPFFBD87DA,0.0,0.0,0.0,無,
安南區,土地,城中段36-4地號,108.28,都市：其他:低密度住宅區,,,1090914,土地1建物0車位0,,,其他,,,,0.0,0,0,0,有,無,3450000,31862,,0.0,0,,RPQOMLOJJHGGFBD07DA,0.0,0.0,0.0,無,
安南區,土地,城中段36-5地號,92.55,都市：其他:低密度住宅區,,,1090914,土地1建物0車位0,,,其他,,,,0.0,0,0,0,有,無,3350000,36197,,0.0,0,,RPROMLOJJHGGFBD17DA,0.0,0.0,0.0,無,
安南區,土地,城中段36-6地號,90.78,都市：其他:低密度住宅區,,,1090914,土地1建物0車位0,,,其他,,,,0.0,0,0,0,有,無,3240000,35691,,0.0,0,,RPSOMLOJJHGGFBD27DA,0.0,0.0,0.0,無,
安南區,房地(土地+建物),公學路四段１２２巷９６弄４７號,46.17,都市：其他:住宅區,,,1091214,土地1建物1車位0,全,二層,透天厝,住家用,加強磚造,0750424,63.2,3,1,2,有,無,600000,9494,,0.0,0,親友、員工、共有人或其他特殊關係間之交易；,RPTOMLOJJHGGFBD37DA,59.12,0.0,4.08,無,
安南區,土地,怡中段970地號,165.96,都市：其他:細部計畫道路用地,,,1091027,土地1建物0車位0,,,其他,,,,0.0,0,0,0,有,無,1750000,10545,,0.0,0,包含公共設施保留地用地；,RPSNMLRKKIPFFBD58DA,0.0,0.0,0.0,無,
新營區,房地(土地+建物)+車位,隋唐街７號五樓之一,33.36,都市：其他:住宅區,,,1090812,土地1建物1車位1,五層,十五層,住宅大樓(11層含以上有電梯),見其他登記事項,鋼筋混凝土造,1090331,203.15,4,2,2,有,有,9600000,47060,坡道平面,22.53,1100000,房地總價含管理費預售屋、或土地及建物分次登記案件；,RPTNMLTLKIPFFDD56DA,110.45,0.0,11.61,有,
新營區,房地(土地+建物),東興四街３５號,192.91,都市：其他:住宅區,,,1091028,土地1建物1車位0,全,五層,透天厝,住家用,鋼筋混凝土造,1090727,420.34,5,3,6,有,無,25800000,61379,,0.0,0,土地價款新台幣1806萬元整房屋價款新台幣774萬元整,RPRNMLPKKIPFFDD48DA,380.57,0.0,39.77,無,
新營區,房地(土地+建物)+車位,隋唐街７號七樓之三,26.57,都市：其他:住宅區,,,1090917,土地1建物1車位1,七層,十五層,住宅大樓(11層含以上有電梯),見其他登記事項,鋼筋混凝土造,1090331,171.61,3,2,2,有,有,8130000,46485,坡道平面,22.53,1200000,房地總價含管理費,RPOPMLTLKIPFFDD88DA,89.75,0.0,11.2,有,
新營區,土地,王公段729地號,13.35,都市：其他:住宅區,,,1091203,土地1建物0車位0,,,其他,,,,0.0,0,0,0,有,無,605000,45318,,0.0,0,,RPSNMLKMKIPFFDD28DA,0.0,0.0,0.0,無,
鹽水區,土地,飯店段2242地號,1992.0,,特定農業區,農牧用地,1091208,土地1建物0車位0,,,其他,,,,0.0,0,0,0,有,無,1680000,843,,0.0,0,,RPPNMLPJJHGGFDD17DA,0.0,0.0,0.0,無,0639
鹽水區,土地,後厝段358地號,607.1,都市：其他:住宅區,,,1091228,土地2建物0車位0,,,其他,,,,0.0,0,0,0,有,無,19800000,32614,,0.0,0,親友、員工、共有人或其他特殊關係間之交易；,RPTNMLPJJHGGFDD57DA,0.0,0.0,0.0,無,
柳營區,房地(土地+建物),果毅後３５０號之３１,2645.0,,特定農業區,農牧用地,1091028,土地2建物1車位0,全,三層,透天厝,見其他登記事項,鋼筋混凝土造,0861021,340.5,7,2,4,有,無,12000000,35242,,0.0,0,,RPQNMLRJJHGGFDD47DA,335.06,0.0,5.44,無,
南區,土地,興農段605-1地號,41.24,都市：其他:河川區,,,1091211,土地1建物0車位0,,,其他,,,,0.0,0,0,0,有,無,449478,10899,,0.0,0,包含公共設施保留地用地；協議價購；,RPPOMLNLKIPFFCD18DA,0.0,0.0,0.0,無,0640
南區,土地,興農段605-1地號,41.24,都市：其他:河川區,,,1091211,土地1建物0車位0,,,其他,,,,0.0,0,0,0,有,無,449478,10899,,0.0,0,包含公共設施保留地用地；協議價購；,RPOUMLNLKIPFFCD68DA,0.0,0.0,0.0,無,0640
東區,房地(土地+建物)+車位,德昌路６９號二樓之５,26.77,都市：其他:第五種住宅區,,,1091108,土地1建物1車位2,二層,六層,華廈(10層含以下有電梯),見其他登記事項,見其他登記事項,1080807,113.32,2,2,2,有,有,6800000,61527,一樓平面,33.68,1900000,陽台外推；其他增建；,RPTNMLKMKIPFFCD28DA,51.51,0.0,6.15,有,0642
東區,房地(土地+建物),中華東路三段５２８號四樓,26.1,都市：其他:住宅區,,,1091204,土地1建物1車位0,四層,五層,公寓(5樓含以下無電梯),住家用,鋼筋混凝土造,0720909,99.69,3,1,2,有,無,2500000,25078,,0.0,0,,RPPPMLOJJHGGFCD17DA,62.23,0.0,12.37,無,
東區,房地(土地+建物),大學路１２巷２號六樓之２,28.54,都市：其他:第五種住宅區,,,1091221,土地3建物1車位0,六層,七層,華廈(10層含以下有電梯),住家用,鋼筋混凝土造,0721219,160.07,3,2,2,有,有,8500000,53102,,0.0,0,,RPXNMLPJJHGGFCD87DA,118.3,0.0,21.1,有,
東區,房地(土地+建物),中華東路三段４４巷８２號二樓,23.49,都市：其他:第五種住宅區,,,1091203,土地1建物1車位0,二層,五層,公寓(5樓含以下無電梯),住家用,鋼筋混凝土造,0710722,89.28,2,2,1,有,無,3600000,40323,,0.0,0,陽台外推；,RPOOMLPJJHGGFCD07DA,61.14,0.0,14.08,無,
東區,土地,德高段1335-1地號,2.0,都市：其他:第五種住宅區,,,1091229,土地1建物0車位0,,,其他,,,,0.0,0,0,0,有,無,250000,125000,,0.0,0,,RPUNMLOJJHGGFCD47DA,0.0,0.0,0.0,無,
南區,房地(土地+建物),大同路二段７５０巷１３４弄１２號,56.73,都市：其他:住宅區,,,1091130,土地1建物1車位0,全,二層,透天厝,住家用,加強磚造,0701002,79.72,4,2,3,有,無,6000000,75263,,0.0,0,,RPRNMLNJJHGGFCD07DA,72.5,0.0,7.22,無,
東區,房地(土地+建物),崇明路９１６號,102.06,都市：其他:第五種住宅區,,,1091201,土地2建物1車位0,全,四層,透天厝,見其他登記事項,鋼筋混凝土造,0960626,251.89,4,2,3,有,有,18030000,71579,,0.0,0,頂樓加蓋；其他增建；,RPRNMLOJJHGGFCD17DA,231.92,6.31,13.66,無,
東山區,土地,二重溪段188地號,3149.0,,一般農業區,農牧用地,1091121,土地1建物0車位0,,,其他,,,,0.0,0,0,0,有,無,1280000,406,,0.0,0,,RPSNMLKMKIPFFED38DA,0.0,0.0,0.0,無,0643
白河區,土地,草店段530地號,443.0,,特定農業區,甲種建築用地,1091204,土地1建物0車位0,,,其他,,,,0.0,0,0,0,有,無,2800000,6321,,0.0,0,,RPPNMLPJJHGGFED27DA,0.0,0.0,0.0,無,
東山區,土地,大客段枋子林小段58-38地號,3731.0,,山坡地保育區,農牧用地,1091230,土地2建物0車位0,,,其他,,,,0.0,0,0,0,有,無,3000000,804,,0.0,0,,RPSNMLQJJHGGFED67DA,0.0,0.0,0.0,無,
麻豆區,土地,北勢寮段3008地號,1500.0,,一般農業區,農牧用地,1091207,土地1建物0車位0,,,其他,,,,0.0,0,0,0,有,無,1500000,1000,,0.0,0,,RPQNMLPKKIPFFFD58DA,0.0,0.0,0.0,無,
六甲區,房地(土地+建物),中華路１８６巷１８弄１２號,90.0,都市：其他:住宅區,,,1091128,土地1建物1車位0,全,三層,透天厝,住家用,鋼筋混凝土造,0810714,162.32,5,2,3,有,無,3620000,22302,,0.0,0,,RPWNMLPJJHGGFFD08DA,147.84,6.16,8.34,無,
大內區,土地,嗚頭段220-4地號,1473.0,,山坡地保育區,農牧用地,1091215,土地5建物0車位0,,,其他,,,,0.0,0,0,0,有,無,1100000,747,,0.0,0,農作物；,RPTOMLKMKIPFFFD68DA,0.0,0.0,0.0,無,
麻豆區,房地(土地+建物),麻豆區寮里寮子２之７６號,67.0,,鄉村區,乙種建築用地,1091114,土地1建物1車位0,全,四層,透天厝,見其他登記事項,見其他登記事項,1081022,178.3,4,2,3,有,無,7300000,40942,,0.0,0,,RPPNMLOJJHGGFFD27DA,147.33,0.0,30.97,無,
麻豆區,房地(土地+建物),巷口里新生南路６４１號,122.82,都市：其他:第三種住宅區。,,,1091116,土地1建物1車位0,全,四層,透天厝,住商用,見其他登記事項,1041016,262.45,4,2,6,有,無,15000000,57154,,0.0,0,,RPPNMLQJJHGGFFD47DA,243.39,0.0,19.06,無,
麻豆區,土地,南寮段426地號,1318.0,,特定農業區,農牧用地,1091130,土地1建物0車位0,,,其他,,,,0.0,0,0,0,有,無,1790000,1358,,0.0,0,,RPTNMLQJJHGGFFD87DA,0.0,0.0,0.0,無,
麻豆區,土地,港埔段1418地號,1104.0,,鄉村區,乙種建築用地,1091222,土地1建物0車位0,,,其他,,,,0.0,0,0,0,有,無,10680000,9674,,0.0,0,,RPUNMLQJJHGGFFD97DA,0.0,0.0,0.0,無,0644
七股區,土地,竹子港段1706地號,600.0,,特定農業區,農牧用地,1091209,土地1建物0車位0,,,其他,,,,0.0,0,0,0,有,無,700000,1167,,0.0,0,農作物；,RPSOMLLMKIPFFGD78DA,0.0,0.0,0.0,無,
佳里區,土地,育善段850-1地號,6.37,都市：其他:住宅區,,,1091225,土地1建物0車位0,,,其他,,,,0.0,0,0,0,有,無,223500,35086,,0.0,0,畸零地買賣,RPTOMLPJJHGGFGD97DA,0.0,0.0,0.0,無,
北門區,土地,保安段409地號,39.46,都市：其他:住宅區,,,1091029,土地1建物0車位0,,,其他,,,,0.0,0,0,0,有,無,186660,4730,,0.0,0,地清或未辦繼承標售；,RPPOMLPJJHGGFGD57DA,0.0,0.0,0.0,無,
將軍區,土地,保源段408地號,3118.0,,特定農業區,農牧用地,1091218,土地1建物0車位0,,,其他,,,,0.0,0,0,0,有,無,4334020,1390,,0.0,0,,RPRNMLPJJHGGFGD67DA,0.0,0.0,0.0,無,
佳里區,土地,仁愛段618地號,54.92,都市：其他:住宅區,,,1091206,土地1建物0車位0,,,其他,,,,0.0,0,0,0,有,無,498300,9073,,0.0,0,畸零地或有合併使用效益；,RPQOMLOJJHGGFGD57DA,0.0,0.0,0.0,無,
北門區,土地,保吉段405地號,115.41,都市：其他:住宅區,,,1091029,土地1建物0車位0,,,其他,,,,0.0,0,0,0,有,無,580050,5026,,0.0,0,地清或未辦繼承標售；,RPPNMLQJJHGGFGD57DA,0.0,0.0,0.0,無,
西港區,土地,金砂段142地號,1754.0,,特定農業區,農牧用地,1091225,土地1建物0車位0,,,其他,,,,0.0,0,0,0,有,無,3000000,1710,,0.0,0,,RPPNMLLJJHGGFGD07DA,0.0,0.0,0.0,無,0645
學甲區,土地,宅子港段165-321地號,6.62,,特定農業區,交通用地,1091218,土地1建物0車位0,,,其他,,,,0.0,0,0,0,有,無,11255,1700,,0.0,0,協議價購；,RPOOMLTLKIPFFGD09DA,0.0,0.0,0.0,無,0595
學甲區,土地,宅子港段165-321地號,13.24,,特定農業區,交通用地,1091218,土地1建物0車位0,,,其他,,,,0.0,0,0,0,有,無,11255,850,,0.0,0,協議價購；,RPTNMLTLKIPFFGD86DA,0.0,0.0,0.0,無,0595
新市區,房地(土地+建物),光華街５之３３號,359.97,都市：其他:乙種工業區,,,1091118,土地4建物1車位0,全,一層,透天厝,見其他登記事項,見其他登記事項,1040903,177.33,0,0,0,無,無,16900000,95303,,0.0,0,其他增建；,RPXOMLKMKIPFFHD66DA,177.33,0.0,0.0,無,
善化區,土地,曾文段1916地號,3832.0,,特定農業區,農牧用地,1091210,土地1建物0車位0,,,其他,,,,0.0,0,0,0,有,無,10000000,2610,,0.0,0,,RPPNMLPJJHGGFHD57DA,0.0,0.0,0.0,無,0648
善化區,房地(土地+建物),小新營３７７號,73.14,都市：其他:計畫道路用地,,,1091214,土地2建物1車位0,全,四層,透天厝,見其他登記事項,鋼筋混凝土造,0930116,120.78,5,2,3,有,無,8500000,70376,,0.0,0,未登記建物；,RPTOMLPJJHGGFHD08DA,120.78,0.0,0.0,無,
新市區,房地(土地+建物),中山路７８巷２５之１１號,92.55,都市：其他:住宅區,,,1091105,土地3建物1車位0,全,三層,透天厝,住家用,鋼筋混凝土造,1030915,163.76,7,3,7,有,無,11700000,71446,,0.0,0,,RPQNMLPLKIPFFHD88DA,148.64,0.0,15.12,無,
新市區,土地,大洲段755-7地號,158.0,都市：其他:農業區,,,1091214,土地1建物0車位0,,,其他,,,,0.0,0,0,0,有,無,932200,5900,,0.0,0,協議價購；,RPQPMLSLKIPFFHD76DA,0.0,0.0,0.0,無,
新市區,土地,大洲段625-4地號,98.0,都市：其他:計畫道路用地,,,1091214,土地2建物0車位0,,,其他,,,,0.0,0,0,0,有,無,578200,5900,,0.0,0,協議價購；,RPROMLSLKIPFFHD76DA,0.0,0.0,0.0,無,
新市區,土地,大洲段746-13地號,508.0,都市：其他:部分農業區部分計畫道路用地,,,1091214,土地1建物0車位0,,,其他,,,,0.0,0,0,0,有,無,2997199,5900,,0.0,0,協議價購；,RPSOMLSLKIPFFHD86DA,0.0,0.0,0.0,無,
新市區,土地,大洲段746-14地號,73.0,都市：其他:農業區,,,1091214,土地1建物0車位0,,,其他,,,,0.0,0,0,0,有,無,430700,5900,,0.0,0,協議價購；,RPTOMLSLKIPFFHD96DA,0.0,0.0,0.0,無,
新化區,房地(土地+建物),中山路６１５號八樓之１,4.97,都市：其他:商業區,,,1091201,土地1建物1車位0,八層,十二層,住宅大樓(11層含以上有電梯),見其他登記事項,鋼筋混凝土造,0850202,54.209999999999994,2,0,0,有,有,1000000,18447,,0.0,0,,RPPQMLPJJHGGFHD87DA,35.58,0.0,0.0,有,
善化區,房地(土地+建物),牛庄１６之３２號,89.48,,特定農業區,甲種建築用地,1091117,土地2建物1車位0,全,四層,透天厝,住家用,鋼筋混凝土造,1070820,168.58,4,2,5,有,無,8800000,52201,,0.0,0,其他增建；,RPSSMLPJJHGGFHD38DA,132.94,0.0,35.64,無,
新化區,土地,新化段太子廟小段1115地號,2787.0,,特定農業區,農牧用地,1091221,土地1建物0車位0,,,其他,,,,0.0,0,0,0,有,無,16260000,5834,,0.0,0,,RPPNMLQJJHGGFHD67DA,0.0,0.0,0.0,無,0649
善化區,房地(土地+建物),民生路４２９號,134.94,都市：其他:住宅區,,,1091216,土地3建物1車位0,全,二層,透天厝,見其他登記事項,見其他登記事項,0910506,138.9,2,2,2,有,無,12800000,92153,,0.0,0,,RPTTMLPJJHGGFHD58DA,138.9,0.0,0.0,無,0650
善化區,房地(土地+建物)+車位,小新里成功新村３４號四樓,24.37,都市：其他:國宅專用區,,,1091127,土地3建物1車位1,四層,八層,華廈(10層含以下有電梯),見其他登記事項,鋼筋混凝土造,0830923,125.12,3,2,2,有,有,3650000,29172,坡道平面,0.0,0,,RPQNMLTKKIPFFHD56DA,76.38,0.0,10.04,有,
仁德區,房地(土地+建物),保安里保學一街６２號,115.01,都市：其他:住宅區,,,1091110,土地1建物1車位0,全,三層,透天厝,住家用,鋼筋混凝土造,0990114,184.41,8,0,8,有,無,8880000,48154,,0.0,0,頂樓加蓋；,RPWNMLOJKIPFFID66DA,161.41,0.0,23.0,無,
仁德區,房地(土地+建物)+車位,德善路３０５巷１３弄７９號三樓,23.92,都市：其他:住宅區,,,1091127,土地1建物1車位1,三層,六層,華廈(10層含以下有電梯),住家用,鋼筋混凝土造,0840815,95.24000000000001,4,2,2,有,有,3900000,40949,其他,0.0,600000,夾層；,RPPNMLRLJIPFFID98DA,65.05,0.0,7.68,有,
關廟區,房地(土地+建物),大仁街２３５巷２７之３號,87.8,都市：其他:住宅區,,,1091128,土地2建物1車位0,全,四層,透天厝,見其他登記事項,見其他登記事項,1090721,195.37,4,2,4,有,無,8900000,45555,,0.0,0,未登記建物；,RPVNMLLKKIPFFID98DA,179.51,0.0,15.86,無,
歸仁區,土地,昭德段382地號,1590.65,,鄉村區,乙種建築用地,1091203,土地5建物0車位0,,,其他,,,,0.0,0,0,0,有,無,96234000,60500,,0.0,0,,RPOOMLOLKIPFFID78DA,0.0,0.0,0.0,無,
歸仁區,土地,昭德段387地號,1240.12,,鄉村區,乙種建築用地,1091203,土地2建物0車位0,,,其他,,,,0.0,0,0,0,有,無,75026000,60499,,0.0,0,,RPPOMLOLKIPFFID88DA,0.0,0.0,0.0,無,
歸仁區,房地(土地+建物)+車位,辜厝里大順一街３號九樓之２,12.87,都市：其他:住宅區,,,1091120,土地1建物1車位1,九層,十四層,住宅大樓(11層含以上有電梯),住家用,鋼筋混凝土造,0870421,116.41,3,2,2,有,有,4500000,38656,坡道平面,25.14,0,,RPUNMLSLKIPFFID07DA,58.29,0.0,13.09,有,
仁德區,房地(土地+建物),二行里二仁路一段６７號,104.88,都市：其他:住宅區,,,1091224,土地1建物1車位0,全,三層,透天厝,住商用,鋼筋混凝土造,0731228,213.2,13,0,11,有,無,8300000,38931,,0.0,0,其他增建；,RPSOMLPLKIPFFID66DA,200.26,0.0,12.94,無,
仁德區,房地(土地+建物),保安里保學一街４９號,77.97,都市：其他:住宅區,,,1091224,土地1建物1車位0,全,三層,透天厝,住家用,鋼筋混凝土造,0950929,151.88,8,0,8,有,無,9080000,59784,,0.0,0,其他增建；,RPTOMLPLKIPFFID76DA,145.37,2.83,3.68,無,
仁德區,土地,新工段838-3地號,35.92,都市：其他:住宅區,,,1091223,土地1建物0車位0,,,其他,,,,0.0,0,0,0,有,無,868800,24187,,0.0,0,,RPWNMLPLKIPFFID96DA,0.0,0.0,0.0,無,
仁德區,土地,中清段1019地號,68.18,都市：其他:計畫道路用地,,,1091222,土地2建物0車位0,,,其他,,,,0.0,0,0,0,有,無,1450000,21267,,0.0,0,,RPUNMLMLKIPFFID09DA,0.0,0.0,0.0,無,
仁德區,房地(土地+建物),保安里保學一街４５巷２１號,119.59,都市：其他:住宅區,,,1091119,土地4建物1車位0,全,三層,透天厝,住家用,鋼筋混凝土造,0950929,166.77,7,0,7,有,無,7300000,43773,,0.0,0,其他增建；,RPVNMLMLKIPFFID56DA,154.55,1.26,10.96,無,
仁德區,房地(土地+建物),義林南路９８８巷２６號,283.07,都市：其他:甲種工業區,,,1091122,土地3建物1車位0,全,三層,透天厝,工商用,見其他登記事項,0820522,259.93,4,2,3,有,無,14000000,53861,,0.0,0,其他增建；,RPQNMLPJJHGGFID77DA,256.06,0.0,3.87,無,
仁德區,土地,清王段832-4地號,43.78,都市：其他:住宅區,,,1091215,土地1建物0車位0,,,其他,,,,0.0,0,0,0,有,無,1825626,41700,,0.0,0,政府機關標讓售；,RPUNMLPJJHGGFID18DA,0.0,0.0,0.0,無,
仁德區,土地,清王段832-5地號,30.62,都市：其他:住宅區,,,1091215,土地1建物0車位0,,,其他,,,,0.0,0,0,0,有,無,1276854,41700,,0.0,0,政府機關標讓售；,RPVNMLPJJHGGFID28DA,0.0,0.0,0.0,無,
仁德區,土地,清王段832-7地號,26.38,都市：其他:住宅區,,,1091215,土地1建物0車位0,,,其他,,,,0.0,0,0,0,有,無,1100046,41700,,0.0,0,政府機關標讓售；,RPWNMLPJJHGGFID38DA,0.0,0.0,0.0,無,
仁德區,土地,清王段832-8地號,30.77,都市：其他:住宅區,,,1091215,土地1建物0車位0,,,其他,,,,0.0,0,0,0,有,無,1283109,41700,,0.0,0,政府機關標讓售；,RPXNMLPJJHGGFID48DA,0.0,0.0,0.0,無,
仁德區,土地,清王段832-6地號,23.56,都市：其他:住宅區,,,1091215,土地1建物0車位0,,,其他,,,,0.0,0,0,0,有,無,982452,41700,,0.0,0,政府機關標讓售；,RPOOMLPJJHGGFID67DA,0.0,0.0,0.0,無,
仁德區,土地,大宅段184地號,2454.04,都市：其他:農業區,,,1091111,土地1建物0車位0,,,其他,,,,0.0,0,0,0,有,無,16000000,6520,,0.0,0,,RPSOMLPJJHGGFID08DA,0.0,0.0,0.0,無,
仁德區,房地(土地+建物),太乙七街３０號,658.5,都市：其他:甲種工業區,,,1091107,土地2建物1車位0,全,一層,透天厝,工業用,鋼造,0780131,337.76,0,0,0,無,無,25000000,74017,,0.0,0,夾層；其他增建；,RPRNMLQJJHGGFID97DA,337.76,0.0,0.0,無,
歸仁區,土地,大同段663地號,7.31,都市：其他:住宅區,,,1091221,土地1建物0車位0,,,其他,,,,0.0,0,0,0,有,無,265200,36279,,0.0,0,,RPOPMLKMKIPFFID58DA,0.0,0.0,0.0,無,0072
永康區,房地(土地+建物),南工街２１２巷１３弄２４號,70.41,都市：其他:住宅區,,,1091202,土地1建物1車位0,全,二層,透天厝,住家用,加強磚造,0740117,101.76,4,2,2,有,無,2293741,22541,,0.0,0,,RPTNMLPJJHGGFKD28DA,96.24,0.0,5.52,無,
永康區,土地,鹽西段915-12地號,736.77,都市：其他:工業區,,,1091208,土地4建物0車位0,,,其他,,,,0.0,0,0,0,有,無,17314095,23500,,0.0,0,,RPVNMLPJJHGGFKD48DA,0.0,0.0,0.0,無,
永康區,房地(土地+建物),網寮里永大一路２０９號,83.0,都市：其他:住宅區,,,1091201,土地1建物1車位0,全,四層,透天厝,住商用,鋼筋混凝土造,0840222,200.39,5,2,6,有,無,11800000,58885,,0.0,0,其他增建；,RPWNMLPJJHGGFKD58DA,190.6,9.79,0.0,無,
永康區,房地(土地+建物),大橋里大橋一街３０號四樓,29.41,都市：其他:住宅區,,,1091215,土地2建物1車位0,四層,六層,華廈(10層含以下有電梯),住家用,鋼筋混凝土造,0791107,134.73,3,2,2,有,有,4500000,33400,,0.0,0,含土地增值稅或其他稅費；含地政士服務費；,RPSOMLPJJHGGFKD28DA,83.45,0.0,23.21,有,
永康區,房地(土地+建物),鹽洲里鹽行路１４６巷２１弄３３號,74.23,都市：其他:住宅區,,,1091205,土地1建物1車位0,全,三層,透天厝,住家用,鋼筋混凝土造,0810608,151.73,4,2,3,有,無,8300000,54702,,0.0,0,頂樓加蓋；其他增建；,RPSNMLOJJHGGFKD08DA,134.22,8.25,9.26,無,
永康區,房地(土地+建物),鹽行里正南五街２８９巷８３號三樓,6.86,都市：其他:住宅區,,,1091206,土地1建物1車位0,三層,七層,華廈(10層含以下有電梯),住家用,鋼筋混凝土造,0821228,33.92,1,0,1,有,有,1080000,31840,,0.0,0,,RPTNMLOJJHGGFKD18DA,20.84,0.0,3.34,有,
永康區,房地(土地+建物)+車位,中山南路２６０號六樓之９,12.94,都市：其他:住宅區,,,1090708,土地5建物1車位3,六層,十五層,住宅大樓(11層含以上有電梯),見其他登記事項,鋼筋混凝土造,0841204,183.05,2,1,2,有,有,2667367,14572,升降機械,0.0,0,,RPVOMLOJJHGGFKD48DA,63.82,0.0,7.63,有,
永康區,房地(土地+建物)+車位,中山南路２６０號六樓之１０,12.58,都市：其他:住宅區,,,1090708,土地5建物1車位3,六層,十五層,住宅大樓(11層含以上有電梯),見其他登記事項,鋼筋混凝土造,0841204,187.33999999999997,2,1,2,有,有,2672246,14264,升降機械,0.0,0,,RPWOMLOJJHGGFKD58DA,62.41,3.35,11.51,有,
永康區,土地,蜈蜞潭段2097-2地號,26.0,都市：其他:道路用地,,,1091201,土地1建物0車位0,,,其他,,,,0.0,0,0,0,有,無,280000,10769,,0.0,0,包含公共設施保留地用地；,RPPNMLQJJHGGFKD97DA,0.0,0.0,0.0,無,
永康區,房地(土地+建物),東橋五路１１７號八樓,9.68,都市：其他:商業區,,,1091129,土地1建物1車位0,八層,二十三層,住宅大樓(11層含以上有電梯),住家用,見其他登記事項,1051026,93.50999999999999,2,1,1,有,有,6750000,72185,,0.0,0,,RPQNMLQJJHGGFKD08DA,49.46,5.13,4.55,有,
永康區,房地(土地+建物),永康里永大一路６２之２號,22.74,都市：其他:商業區,,,1091128,土地1建物1車位0,一層，二層，三層，四層，騎樓,十二層,住宅大樓(11層含以上有電梯),住商用,鋼筋混凝土造,0820820,274.84000000000003,5,2,4,有,有,9080000,33037,,0.0,0,,RPVOMLPJJHGGFKD58DA,201.0,3.12,17.81,有,
永康區,房地(土地+建物),新興街３５巷２３弄５號,85.7,都市：其他:住宅區,,,1091029,土地4建物1車位0,全,四層,透天厝,住家用,見其他登記事項,1011206,220.72,9,0,9,有,有,16000000,72490,,0.0,0,陽台外推；頂樓加蓋；其他增建；含租約；,RPXTMLTJKIPFFKD08DA,187.5,10.17,22.68,無,
永康區,房地(土地+建物)+車位,安康里大橋一街５３之１號十樓之５,12.32,都市：其他:住宅區,,,1091031,土地1建物1車位1,十層,十四層,住宅大樓(11層含以上有電梯),住家用,鋼筋混凝土造,0880824,127.43,3,2,2,有,有,5700000,44730,坡道機械,13.14,0,,RPPOMLOJKIPFFKD88DA,80.33,0.0,9.53,有,
玉井區,房地(土地+建物),望明８９之２１號,84.0,,一般農業區,甲種建築用地,1091111,土地1建物1車位0,全,二層,透天厝,住家用,加強磚造,0850110,114.75,4,2,2,有,無,2100000,18301,,0.0,0,頂樓加蓋；,RPSNMLRJKIPFFJD66DA,86.4,22.14,6.21,無,
玉井區,土地,口宵里段212-53地號,2681.0,,一般農業區,農牧用地,1091209,土地1建物0車位0,,,其他,,,,0.0,0,0,0,有,無,7000000,2611,,0.0,0,,RPQNMLOKKIPFFJD88DA,0.0,0.0,0.0,無,
永康區,土地,蜈蜞潭段2187-2地號,92.0,都市：其他:道路用地,,,1090727,土地2建物0車位0,,,其他,,,,0.0,0,0,0,有,無,690000,7500,,0.0,0,包含公共設施保留地用地；,RPPOMLLLIIPFFKD58DA,0.0,0.0,0.0,無,
永康區,房地(土地+建物)+車位,大灣東路６１１號二樓之５,42.52,都市：其他:住宅區,,,1080821,土地1建物1車位1,二層,五層,華廈(10層含以下有電梯),見其他登記事項,見其他登記事項,1090819,134.39,3,2,2,有,有,6620000,48870,一樓平面,19.39,1000000,預售屋、或土地及建物分次登記案件；,RPPOMLKMKIPFFKD78DA,71.54,0.0,11.42,有,
永康區,房地(土地+建物)+車位,大灣東路６１３號五樓之２,29.11,都市：其他:住宅區,,,1080115,土地1建物1車位1,五層,五層,華廈(10層含以下有電梯),見其他登記事項,見其他登記事項,1090819,96.55,2,2,2,有,有,4830000,50217,一樓平面,18.29,900000,預售屋、或土地及建物分次登記案件；,RPXNMLKMKIPFFKD86DA,48.17,0.0,8.27,有,
永康區,房地(土地+建物)+車位,大灣東路６１１號四樓之２,29.11,都市：其他:住宅區,,,1080429,土地1建物1車位1,四層,五層,華廈(10層含以下有電梯),見其他登記事項,見其他登記事項,1090819,97.64,2,2,1,有,有,4880000,49585,一樓平面,19.39,1000000,預售屋、或土地及建物分次登記案件；,RPROMLKMKIPFFKD98DA,48.17,0.0,8.27,有,
永康區,房地(土地+建物),大灣路４４巷２０弄５號,79.89,都市：其他:住宅區,,,1081116,土地2建物1車位0,全,四層,透天厝,見其他登記事項,見其他登記事項,1091110,157.99,5,2,5,有,無,10950000,69308,,0.0,0,預售屋、或土地及建物分次登記案件；,RPTPMLOLKIPFFKD96DA,139.44,0.0,18.55,無,0652
永康區,房地(土地+建物),大勇路１５６之８號,105.0,都市：其他:住宅區,,,1091127,土地1建物1車位0,全,四層,透天厝,見其他登記事項,見其他登記事項,1080226,230.51,6,2,5,有,無,19500000,84595,,0.0,0,,RPWOMLMLKIPFFKD96DA,209.68,0.0,20.83,無,
安南區,土地,淵北段873地號,1341.05,都市：其他:住宅區,,,1091021,土地1建物0車位0,,,其他,,,,0.0,0,0,0,有,無,64244300,47906,,0.0,0,,RPVNMLPJJHGGFBD67EA,0.0,0.0,0.0,無,
安南區,房地(土地+建物),安中路一段９２６號,134.23,都市：其他:主要計畫道路用地,,,1091216,土地2建物1車位0,全,二層,透天厝,住商用,加強磚造,0770919,147.34,5,2,3,有,無,13800000,93661,,0.0,0,,RPSOMLPJJHGGFBD47EA,141.13,0.0,6.21,無,
中西區,土地,郡王祠段1911地號,20.86,都市：其他:住宅區,,,1091229,土地1建物0車位0,,,其他,,,,0.0,0,0,0,有,無,2503200,120000,,0.0,0,政府機關標讓售；,RPPOMLQJJHGGFAD17EA,0.0,0.0,0.0,無,
東區,土地,虎尾寮段495-84地號,97.0,都市：其他:第五種住宅區,,,1091109,土地1建物0車位0,,,其他,,,,0.0,0,0,0,有,無,3171900,32700,,0.0,0,親友、員工、共有人或其他特殊關係間之交易；,RPTNMLPJJHGGFCD57EA,0.0,0.0,0.0,無,
東區,房地(土地+建物)+車位,崇善十一街５０號十四樓之３,14.62,都市：其他:第五種住宅區,,,1091207,土地1建物1車位1,十四層,十四層,住宅大樓(11層含以上有電梯),住家用,鋼筋混凝土造,0880802,99.09,4,2,2,有,有,7800000,78716,升降平面,11.24,0,,RPPOMLPJJHGGFCD27EA,56.3,0.0,8.39,有,
新營區,土地,周武段991地號,154.59,都市：其他:都市計畫道路用地,,,1091218,土地6建物0車位0,,,其他,,,,0.0,0,0,0,有,無,325000,2102,,0.0,0,餘路地以公告現值百分之十買賣.,RPRNMLQJJHGGFDD57EA,0.0,0.0,0.0,無,
新營區,房地(土地+建物),太子宮２９７之３３號,83.0,都市：其他:住宅區,,,1091114,土地1建物1車位0,全,三層,透天厝,住家用,鋼筋混凝土造,1090830,157.6,4,2,3,有,無,7200000,45685,,0.0,0,,RPSNMLQJJHGGFDD67EA,147.48,0.0,10.08,無,
新營區,房地(土地+建物)+車位,富強街１８號五樓,19.25,都市：其他:住宅區,,,1091215,土地1建物1車位1,五層,八層,華廈(10層含以下有電梯),住家用,鋼筋混凝土造,0830204,128.92000000000002,3,1,2,有,有,4380000,33975,坡道平面,0.0,0,,RPTNMLQJJHGGFDD77EA,76.93,0.52,8.67,有,
新營區,房地(土地+建物),民榮里復興路５１１巷３９號,90.57,都市：其他:住宅區,,,1091212,土地1建物1車位0,全,二層,透天厝,住家用,加強磚造,0731006,114.19,3,2,2,有,無,2500000,21893,,0.0,0,親友、員工、共有人或其他特殊關係間之交易；頂樓加蓋；其他增建；,RPSNMLOJJHGGFDD47EA,110.86,0.0,3.33,無,
新市區,土地,華美段471地號,104.17,都市：其他:計畫道路用地,,,1091230,土地1建物0車位0,,,其他,,,,0.0,0,0,0,有,無,1000000,9600,,0.0,0,包含公共設施保留地用地；,RPUNMLQJJHGGFHD28EA,0.0,0.0,0.0,無,0653
善化區,土地,善進段83地號,378.51,都市：其他:住宅區,,,1091117,土地1建物0車位0,,,其他,,,,0.0,0,0,0,有,無,30430000,80394,,0.0,0,,RPPNMLRJJHGGFHD87EA,0.0,0.0,0.0,無,
新化區,土地,知母義段513-56地號,1090.0,,一般農業區,農牧用地,1090924,土地3建物0車位0,,,其他,,,,0.0,0,0,0,有,無,2834000,2600,,0.0,0,協議價購；,RPSNMLRJJHGGFHD18EA,0.0,0.0,0.0,無,
新化區,土地,新化段王公廟小段2337-2地號,44.0,,特定農業區,農牧用地,1090924,土地1建物0車位0,,,其他,,,,0.0,0,0,0,有,無,114400,2600,,0.0,0,協議價購；,RPTNMLRJJHGGFHD28EA,0.0,0.0,0.0,無,
新化區,土地,知母義段511-134地號,457.0,,一般農業區,農牧用地,1090904,土地1建物0車位0,,,其他,,,,0.0,0,0,0,有,無,1051100,2300,,0.0,0,協議價購；,RPUNMLRJJHGGFHD38EA,0.0,0.0,0.0,無,
龍崎區,土地,中坑子段693-4地號,1018.38,,山坡地保育區,農牧用地,1091229,土地1建物0車位0,,,其他,,,,0.0,0,0,0,有,無,320000,314,,0.0,0,,RPXOMLQLJIPFFID27EA,0.0,0.0,0.0,無,
關廟區,土地,新埔段612地號,2793.0,,山坡地保育區,農牧用地,1091229,土地1建物0車位0,,,其他,,,,0.0,0,0,0,有,無,2150000,770,,0.0,0,,RPVNMLQLJIPFFID96EA,0.0,0.0,0.0,無,
永康區,房地(土地+建物),東橋十二街１７２號十一樓之６,12.71,都市：其他:住宅區,,,1091031,土地1建物1車位0,十一層,十五層,住宅大樓(11層含以上有電梯),住家用,見其他登記事項,1080315,82.19,2,2,2,有,有,7300000,88819,,0.0,0,,RPQOMLPJJHGGFKD18EA,51.46,0.0,5.86,有,
永康區,土地,文化段1363-2地號,793.44,都市：其他:高速公路用地,,,1091210,土地5建物0車位0,,,其他,,,,0.0,0,0,0,有,無,3694256,4656,,0.0,0,包含公共設施保留地用地；,RPRNMLQJJHGGFKD28EA,0.0,0.0,0.0,無,
善化區,土地,善成段1051地號,36.6,都市：其他:計畫道路用地,,,1091218,土地1建物0車位0,,,其他,,,,0.0,0,0,0,有,無,600000,16393,,0.0,0,包含公共設施保留地用地；,RPUTMLPJJHGGFHD78EA,0.0,0.0,0.0,無,
北門區,土地,保安段844地號,44.87,都市：其他:住宅區,,,1091225,土地1建物0車位0,,,其他,,,,0.0,0,0,0,有,無,197428,4400,,0.0,0,地清或未辦繼承標售；,RPUNMLQJJHGGFGD18EA,0.0,0.0,0.0,無,
後壁區,土地,白沙屯段1309-12地號,25.0,,特定農業區,農牧用地,1091225,土地1建物0車位0,,,其他,,,,0.0,0,0,0,有,無,10000,400,,0.0,0,,RPPNMLQJJHGGFED47EA,0.0,0.0,0.0,無,
東山區,土地,頂窩段411地號,3707.0,,特定農業區,甲種建築用地,1091104,土地2建物0車位0,,,其他,,,,0.0,0,0,0,有,無,8050000,2172,,0.0,0,,RPQNMLQJJHGGFED57EA,0.0,0.0,0.0,無,
下營區,土地,大屯寮段3241地號,1088.0,,特定農業區,農牧用地,1091229,土地1建物0車位0,,,其他,,,,0.0,0,0,0,有,無,900000,827,,0.0,0,,RPVNMLPJJHGGFFD08EA,0.0,0.0,0.0,無,
官田區,土地,福安段1080地號,93.5,都市：其他:第一種住宅區,,,1091221,土地1建物0車位0,,,其他,,,,0.0,0,0,0,有,無,1900000,20321,,0.0,0,,RPQNMLQJJHGGFFD67EA,0.0,0.0,0.0,無,
六甲區,土地,港子頭段98地號,137.0,,特定農業區,甲種建築用地,1091201,土地1建物0車位0,,,其他,,,,0.0,0,0,0,有,無,1200000,8759,,0.0,0,未登記建物；,RPRNMLQJJHGGFFD77EA,0.0,0.0,0.0,無,
官田區,土地,湖山段586地號,79.89,都市：其他:道路用地,,,1091218,土地3建物0車位0,,,其他,,,,0.0,0,0,0,有,無,480000,6008,,0.0,0,親友、員工、共有人或其他特殊關係間之交易；,RPSNMLQJJHGGFFD87EA,0.0,0.0,0.0,無,
麻豆區,土地,保安段348地號,18.04,都市：其他:市場用地,,,1091027,土地1建物0車位0,,,其他,,,,0.0,0,0,0,有,無,682000,37805,,0.0,0,,RPPNMLNJKIPFFFD28EA,0.0,0.0,0.0,無,
麻豆區,土地,保安段349地號,17.98,都市：其他:市場用地,,,1091027,土地1建物0車位0,,,其他,,,,0.0,0,0,0,有,無,680000,37820,,0.0,0,,RPQNMLNJKIPFFFD38EA,0.0,0.0,0.0,無,
官田區,房地(土地+建物),官田村官田２３６之１號,326.0,,一般農業區,甲種建築用地,1091229,土地1建物1車位0,全,一層,透天厝,住家用,磚造,0690511,45.01,0,0,0,無,無,1300000,28882,,0.0,0,,RPWNMLQJJHGGFFD28EA,45.01,0.0,0.0,無,
永康區,房地(土地+建物),龍中街６５１巷５６號,95.0,都市：其他:住宅區,,,1091203,土地1建物1車位0,全,四層,透天厝,住家用,見其他登記事項,1080603,191.17,4,2,2,有,無,16880000,88298,,0.0,0,,RPQNMLRJJHGGFKD28EA,176.1,0.0,15.07,無,
永康區,房地(土地+建物),大橋里大橋一街３０８之６號,80.0,都市：其他:住宅區,,,1091214,土地1建物1車位0,全,二層,透天厝,住家用,鋼筋混凝土造,0770726,133.11,3,2,2,有,無,8990000,67538,,0.0,0,未登記建物；,RPRNMLRJJHGGFKD38EA,110.62,19.11,3.38,無,
玉井區,土地,玉中段274地號,11.55,都市：其他:商業區,,,1091229,土地1建物0車位0,,,其他,,,,0.0,0,0,0,有,無,196350,17000,,0.0,0,政府機關標讓售；,RPPNMLRJJHGGFJD08EA,0.0,0.0,0.0,無,
永康區,房地(土地+建物)+車位,東橋五路１１５號十五樓,15.75,都市：其他:商業區,,,1091120,土地1建物1車位1,十五層,二十三層,住宅大樓(11層含以上有電梯),住家用,見其他登記事項,1051026,136.35,2,1,2,有,有,8500000,62340,坡道平面,26.25,0,,RPPOMLPJJHGGFKD08EA,62.6,4.46,3.15,有,
永康區,房地(土地+建物)+車位,中山路３５６號五樓之３,13.76,都市：其他:道路用地,,,1090909,土地2建物1車位1,五層，六層,二十六層,住宅大樓(11層含以上有電梯),見其他登記事項,鋼筋混凝土造,0851106,160.84,4,2,2,有,有,5300000,32952,坡道機械,0.0,600000,,RPTOMLRJJHGGFKD68EA,99.36,0.0,10.13,有,
關廟區,房地(土地+建物),五甲里大順路１５１號,3654.0,都市：其他:農業區,,,1091104,土地4建物1車位0,全,一層,透天厝,工業用,鋼筋混凝土造,0731130,194.71,1,0,1,有,無,88426800,454146,,0.0,0,未登記建物；,RPQNMLQJJHGGFID97EA,189.31,5.4,0.0,無,
關廟區,土地,松腳段209地號,150.75,都市：其他:住宅區,,,1091225,土地1建物0車位0,,,其他,,,,0.0,0,0,0,有,無,3876000,25711,,0.0,0,,RPTNMLQLJIPFFID76EA,0.0,0.0,0.0,無,
關廟區,土地,松腳段228地號,84.0,都市：其他:住宅區,,,1091225,土地1建物0車位0,,,其他,,,,0.0,0,0,0,有,無,4396880,52344,,0.0,0,,RPUNMLQLJIPFFID86EA,0.0,0.0,0.0,無,
善化區,土地,北小新段190地號,43.03,都市：其他:機關用地,,,1091222,土地1建物0車位0,,,其他,,,,0.0,0,0,0,有,無,1171404,27223,,0.0,0,包含公共設施保留地用地；,RPVNMLQJJHGGFHD38EA,0.0,0.0,0.0,無,
善化區,房地(土地+建物),民權路１４２號,248.1,都市：其他:住宅區,,,1090924,土地2建物1車位0,全,三層,透天厝,住商用,加強磚造,0661000,271.35,4,2,4,有,無,12766260,47047,,0.0,0,親友、員工、共有人或其他特殊關係間之交易；,RPWOMLRJJHGGFHD68EA,271.35,0.0,0.0,無,
善化區,房地(土地+建物),溪尾３６號之２,119.09,,鄉村區,乙種建築用地,1091207,土地1建物1車位0,全,三層,透天厝,住家用,鋼筋混凝土造,0840128,160.35,7,2,3,有,無,6500000,40536,,0.0,0,,RPOPMLRJJHGGFHD97EA,149.03,0.0,11.32,無,
善化區,土地,圳西段673-1地號,131.9,,特定農業區,交通用地,1091218,土地1建物0車位0,,,其他,,,,0.0,0,0,0,有,無,510453,3870,,0.0,0,政府機關標讓售；,RPPPMLRJJHGGFHD08EA,0.0,0.0,0.0,無,
安定區,土地,港子尾段1490地號,2779.0,,特定農業區,農牧用地,1091215,土地1建物0車位0,,,其他,,,,0.0,0,0,0,有,無,17646650,6350,,0.0,0,,RPRPMLRJJHGGFHD28EA,0.0,0.0,0.0,無,0654
南區,房地(土地+建物),新慶街４６號五樓之１,11.87,都市：其他:住宅區,,,1091222,土地3建物1車位0,五層,十層,華廈(10層含以下有電梯),住家用,鋼筋混凝土造,0850930,111.75,3,2,2,有,有,5150000,46085,,0.0,0,其他增建；,RPPNMLRJJHGGFCD37EA,65.72,0.0,8.58,有,0655
永康區,房地(土地+建物),永大路二段２７５號,206.0,都市：其他:住宅區,,,1091203,土地1建物1車位0,全,四層,透天厝,見其他登記事項,鋼筋混凝土造,0860904,541.25,14,1,15,有,無,31953000,59036,,0.0,0,,RPSOMLOLKIPFFKD76DA,514.01,0.0,27.24,無,
永康區,土地,永和段48地號,1033.87,都市：其他:住宅區,,,1091017,土地1建物0車位0,,,其他,,,,0.0,0,0,0,有,無,50000000,48362,,0.0,0,,RPOOMLPLKIPFFKD09DA,0.0,0.0,0.0,無,
永康區,房地(土地+建物)+車位,大灣東路６１１號四樓之３,36.84,都市：其他:住宅區,,,1080713,土地1建物1車位1,四層,五層,華廈(10層含以下有電梯),見其他登記事項,見其他登記事項,1090819,118.66,3,2,2,有,有,6000000,50368,一樓平面,19.39,1000000,預售屋、或土地及建物分次登記案件；,RPWNMLKMKIPFFKD76DA,62.15,0.0,9.28,有,
永康區,土地,大灣段1548-4地號,214.5,都市：其他:工業區,,,1091209,土地2建物0車位0,,,其他,,,,0.0,0,0,0,有,無,2400000,11189,,0.0,0,包含公共設施保留地用地；,RPQPMLQKKIPFFKD76DA,0.0,0.0,0.0,無,0656
玉井區,土地,玉南段778-1地號,3154.32,都市：其他:農業區,,,1091204,土地1建物0車位0,,,其他,,,,0.0,0,0,0,有,無,3050000,967,,0.0,0,,RPPNMLQJJHGGFJD87DA,0.0,0.0,0.0,無,
南化區,土地,菁埔寮段704-32地號,3084.0,,山坡地保育區,農牧用地,1091213,土地1建物0車位0,,,其他,,,,0.0,0,0,0,有,無,1788700,580,,0.0,0,,RPPNMLLMKIPFFJD68DA,0.0,0.0,0.0,無,
南化區,土地,菁埔寮段696地號,1018.0,,山坡地保育區,農牧用地,1091213,土地1建物0車位0,,,其他,,,,0.0,0,0,0,有,無,570000,560,,0.0,0,,RPQNMLLMKIPFFJD78DA,0.0,0.0,0.0,無,
永康區,房地(土地+建物),崑山里大灣路９７０巷２６號,70.52,都市：其他:住宅區,,,1091129,土地1建物1車位0,全,二層,透天厝,住家用,加強磚造,,91.24,3,1,2,有,無,4000000,43840,,0.0,0,其他增建；,RPPNMLTLJIPFFKD76DA,91.24,0.0,0.0,無,
永康區,房地(土地+建物)+車位,東橋七路１９９號五樓之６,23.11,都市：其他:住宅區,,,1091208,土地1建物1車位1,五層,十六層,住宅大樓(11層含以上有電梯),住家用,見其他登記事項,1061114,146.9,3,2,2,有,有,9280000,63172,坡道平面,20.49,0,,RPWNMLQJJHGGFKD68DA,74.27,5.63,4.0,有,0657
永康區,房地(土地+建物),成功里中華路１５４巷１８弄２號八樓之１,10.65,都市：其他:住宅區,,,1091218,土地1建物1車位0,八層,十一層,住宅大樓(11層含以上有電梯),住家用,鋼筋混凝土造,0820310,58.82,1,1,1,有,有,2400000,40802,,0.0,0,,RPXNMLQJJHGGFKD78DA,35.16,0.0,6.84,有,
永康區,房地(土地+建物),北興路８８巷６６號,95.0,都市：其他:住宅區,,,1091120,土地1建物1車位0,全,四層,透天厝,住家用,見其他登記事項,1020318,179.93,5,2,3,有,無,10000000,55577,,0.0,0,親姊妹親友、員工、共有人或其他特殊關係間之交易；,RPVNMLRJJHGGFKD68DA,155.38,0.0,24.55,無,
永康區,房地(土地+建物),永大路二段８３１巷１０２號,108.0,都市：其他:住宅區,,,1091202,土地1建物1車位0,全,二層,透天厝,住家用,加強磚造,0700100,132.5,4,2,2,有,無,10300000,77736,,0.0,0,,RPSOMLQJJHGGFKD38DA,132.5,0.0,0.0,無,
永康區,房地(土地+建物),鹽行里中正北路１９巷１號十四樓之３,12.07,都市：其他:住宅區,,,1091122,土地1建物1車位0,十四層,十四層,住宅大樓(11層含以上有電梯),住家用,鋼筋混凝土造,0830922,112.58000000000001,3,2,2,有,有,3600000,31977,,0.0,0,,RPQNMLNJJHGGFKD77DA,75.34,0.0,7.06,有,
永康區,房地(土地+建物),安康里中華路７２７巷９６號二樓之５,8.47,都市：其他:住宅區,,,1091129,土地1建物1車位0,二層,十四層,住宅大樓(11層含以上有電梯),住家用,鋼筋混凝土造,0880824,82.75,3,2,1,有,有,3770000,45559,,0.0,0,,RPROMLPJJHGGFKD18DA,57.36,0.0,8.42,有,
永康區,房地(土地+建物),龍國街２１８巷１９號,130.0,都市：其他:住宅區,,,1091117,土地1建物1車位0,全,四層,透天厝,住家用,見其他登記事項,1041126,276.83,4,2,4,有,無,22800000,82361,,0.0,0,頂樓加蓋；其他增建；,RPPNMLPJJHGGFKD87DA,253.2,0.0,23.63,無,0658
永康區,房地(土地+建物)+車位,大灣東路６１１號五樓之３,36.84,都市：其他:住宅區,,,1080120,土地1建物1車位1,五層,五層,華廈(10層含以下有電梯),見其他登記事項,見其他登記事項,1090819,118.66,3,2,2,有,有,6000000,50368,一樓平面,19.39,1000000,預售屋、或土地及建物分次登記案件；,RPXNMLOJJHGGFKD58DA,62.15,0.0,9.28,有,
永康區,房地(土地+建物),大灣路２４０巷５弄５號,99.88,都市：其他:商業區,,,1091205,土地2建物1車位0,全,四層,透天厝,見其他登記事項,見其他登記事項,1090311,229.43,5,2,4,有,無,12420000,54134,,0.0,0,陽台外推；,RPUOMLPJJHGGFKD48DA,207.27,0.0,22.16,無,0659
歸仁區,土地,武東段427-3地號,210.27,都市：其他:住宅區,,,1091213,土地2建物0車位0,,,其他,,,,0.0,0,0,0,有,無,16210000,77091,,0.0,0,,RPROMLPJJHGGFID97DA,0.0,0.0,0.0,無,
仁德區,土地,興安段1070地號,259.31,都市：其他:乙種工業區,,,1091210,土地1建物0車位0,,,其他,,,,0.0,0,0,0,有,無,14500000,55918,,0.0,0,交易含其地上未登記建物未登記建物；,RPPNMLQJJHGGFID77DA,0.0,0.0,0.0,無,
歸仁區,土地,八甲段3249-1地號,500.0,,特定農業區,農牧用地,1091112,土地1建物0車位0,,,其他,,,,0.0,0,0,0,有,無,1000000,2000,,0.0,0,,RPOOMLQJJHGGFID77DA,0.0,0.0,0.0,無,
關廟區,土地,東勢段55地號,48.0,都市：其他:計畫道路用地,,,1091126,土地1建物0車位0,,,其他,,,,0.0,0,0,0,有,無,1452000,30250,,0.0,0,,RPSOMLOJJHGGFID97DA,0.0,0.0,0.0,無,
關廟區,土地,東勢段247地號,50.0,都市：其他:住宅區,,,1091126,土地1建物0車位0,,,其他,,,,0.0,0,0,0,有,無,2042550,40851,,0.0,0,,RPUOMLOJJHGGFID18DA,0.0,0.0,0.0,無,
仁德區,房地(土地+建物),仁愛里大同路三段４５６巷２１號,105.83,都市：其他:住宅區,,,1091215,土地1建物1車位0,全,二層,透天厝,住商用,加強磚造,0660228,107.23,5,5,5,有,無,9500000,88595,,0.0,0,頂樓加蓋；其他增建；,RPRPMLQJJHGGFID18DA,107.23,0.0,0.0,無,0660
善化區,土地,善昌段904-3地號,38.4,都市：其他:住宅區,,,1091220,土地1建物0車位0,,,其他,,,,0.0,0,0,0,有,無,1755511,45716,,0.0,0,親友、員工、共有人或其他特殊關係間之交易；,RPSVMLOJJHGGFHD58DA,0.0,0.0,0.0,無,
安定區,土地,蘇厝段1306-2地號,1110.0,都市：其他:農業區(申請變更產業支援區),,,1091127,土地1建物0車位0,,,其他,,,,0.0,0,0,0,有,無,24000000,21622,,0.0,0,,RPTUMLPJJHGGFHD68DA,0.0,0.0,0.0,無,0661
善化區,土地,什美段1170地號,425.22,,特定農業區,甲種建築用地,1090929,土地3建物0車位0,,,其他,,,,0.0,0,0,0,有,無,7717500,18149,,0.0,0,,RPTNMLQJJHGGFHD08DA,0.0,0.0,0.0,無,
新市區,房地(土地+建物)+車位,復興路１０５號十四樓之２,20.96,都市：其他:住宅區,,,1080710,土地1建物1車位1,十四層,十四層,住宅大樓(11層含以上有電梯),見其他登記事項,鋼筋混凝土造,1091021,133.91,3,2,2,有,有,6180000,50110,坡道平面,29.54,950000,預售屋、或土地及建物分次登記案件；,RPTSMLPJJHGGFHD48DA,65.6,0.0,3.22,有,
新市區,房地(土地+建物)+車位,復興路１０７號四樓之５,20.96,都市：其他:住宅區,,,1080127,土地1建物1車位1,四層,十四層,住宅大樓(11層含以上有電梯),見其他登記事項,鋼筋混凝土造,1091021,136.66,3,2,2,有,有,5420000,43225,坡道平面,32.09,900000,預售屋、或土地及建物分次登記案件；,RPUSMLPJJHGGFHD58DA,65.68,0.0,3.29,有,
新市區,房地(土地+建物)+車位,復興路１０７號四樓之２,20.96,都市：其他:住宅區,,,1070228,土地1建物1車位1,四層,十四層,住宅大樓(11層含以上有電梯),見其他登記事項,鋼筋混凝土造,1091021,133.93,3,2,2,有,有,5300000,41671,坡道平面,29.54,950000,預售屋、或土地及建物分次登記案件；,RPVSMLPJJHGGFHD68DA,65.6,0.0,3.22,有,
新市區,房地(土地+建物)+車位,復興路１０７號五樓之３,15.57,都市：其他:住宅區,,,1070303,土地1建物1車位1,五層,十四層,住宅大樓(11層含以上有電梯),見其他登記事項,鋼筋混凝土造,1091021,105.72,1,2,1,有,有,4380000,45025,坡道平面,29.54,950000,預售屋、或土地及建物分次登記案件；,RPWSMLPJJHGGFHD78DA,47.29,0.0,3.37,有,
新市區,房地(土地+建物)+車位,復興路１０７號六樓之３,15.57,都市：其他:住宅區,,,1070101,土地1建物1車位1,六層,十四層,住宅大樓(11層含以上有電梯),見其他登記事項,鋼筋混凝土造,1091021,105.72,2,2,1,有,有,4400000,45944,坡道平面,29.54,900000,預售屋、或土地及建物分次登記案件；,RPXSMLPJJHGGFHD88DA,47.29,0.0,3.37,有,
新市區,房地(土地+建物)+車位,復興路１０７號十樓之５,20.96,都市：其他:住宅區,,,1070127,土地1建物1車位1,十層,十四層,住宅大樓(11層含以上有電梯),見其他登記事項,鋼筋混凝土造,1091021,136.63,3,2,2,有,有,6110000,48881,坡道平面,32.09,1000000,權利買賣契約價格656萬元整含車位價款100萬元預售屋、或土地及建物分次登記案件；,RPPTMLPJJHGGFHD18DA,65.68,0.0,3.29,有,
新市區,房地(土地+建物)+車位,復興路１０７號十樓之７,15.57,都市：其他:住宅區,,,1070228,土地1建物1車位1,十層,十四層,住宅大樓(11層含以上有電梯),見其他登記事項,鋼筋混凝土造,1091021,105.63,2,2,1,有,有,4600000,47970,坡道平面,29.54,950000,預售屋、或土地及建物分次登記案件；,RPQTMLPJJHGGFHD28DA,47.22,0.0,3.37,有,
新市區,房地(土地+建物)+車位,復興路１０７號十四樓之６,20.96,都市：其他:住宅區,,,1091012,土地1建物1車位1,十四層,十四層,住宅大樓(11層含以上有電梯),見其他登記事項,鋼筋混凝土造,1091021,136.56,3,2,2,有,有,6650000,54083,坡道平面,32.09,1000000,預售屋、或土地及建物分次登記案件；,RPRTMLPJJHGGFHD38DA,65.68,0.0,3.22,有,
新市區,房地(土地+建物)+車位,復興路１０５號十四樓之６,20.96,都市：其他:住宅區,,,1080310,土地1建物1車位1,十四層,十四層,住宅大樓(11層含以上有電梯),見其他登記事項,鋼筋混凝土造,1091021,136.64,3,2,2,有,有,6520000,53276,坡道平面,32.09,950000,預售屋、或土地及建物分次登記案件；,RPSTMLPJJHGGFHD48DA,65.68,0.0,3.22,有,
新市區,房地(土地+建物)+車位,復興路１０５號三樓之６,21.26,都市：其他:住宅區,,,1070822,土地1建物1車位1,三層,十四層,住宅大樓(11層含以上有電梯),見其他登記事項,鋼筋混凝土造,1091021,137.32999999999998,2,2,2,有,有,5710000,45705,坡道平面,32.09,900000,權利買賣契約價格610萬元整含車位價款90萬元預售屋、或土地及建物分次登記案件；,RPQQMLPJJHGGFHD97DA,65.68,0.0,3.89,有,
新市區,房地(土地+建物)+車位,復興路１０５號四樓之１,20.96,都市：其他:住宅區,,,1070303,土地1建物1車位1,四層,十四層,住宅大樓(11層含以上有電梯),見其他登記事項,鋼筋混凝土造,1091021,133.93,3,2,2,有,有,5330000,41958,坡道平面,29.54,950000,預售屋、或土地及建物分次登記案件；,RPSQMLPJJHGGFHD18DA,65.6,0.0,3.22,有,
新市區,房地(土地+建物)+車位,復興路１０５號八樓之２,20.96,都市：其他:住宅區,,,1070201,土地1建物1車位1,八層,十四層,住宅大樓(11層含以上有電梯),見其他登記事項,鋼筋混凝土造,1091021,136.45999999999998,3,2,2,有,有,6020000,48098,坡道平面,32.09,1000000,預售屋、或土地及建物分次登記案件；,RPTQMLPJJHGGFHD28DA,65.6,0.0,3.22,有,
新市區,房地(土地+建物)+車位,復興路１０７號三樓之１,20.96,都市：其他:住宅區,,,1061012,土地1建物1車位1,三層,十四層,住宅大樓(11層含以上有電梯),見其他登記事項,鋼筋混凝土造,1091021,136.48,3,2,2,有,有,5670000,45215,坡道平面,32.09,950000,權利買賣契約價格640萬元整含車位價款95萬元預售屋、或土地及建物分次登記案件；,RPUQMLPJJHGGFHD38DA,65.6,0.0,3.22,有,
新市區,房地(土地+建物)+車位,復興路１０７號六樓之５,20.96,都市：其他:住宅區,,,1061115,土地1建物1車位1,六層,十四層,住宅大樓(11層含以上有電梯),見其他登記事項,鋼筋混凝土造,1091021,134.07999999999998,3,2,2,有,有,5760000,46011,坡道平面,29.54,950000,預售屋、或土地及建物分次登記案件；,RPVQMLPJJHGGFHD48DA,65.68,0.0,3.29,有,
新市區,房地(土地+建物)+車位,復興路１０５號七樓之２,20.96,都市：其他:住宅區,,,1070331,土地1建物1車位1,七層,十四層,住宅大樓(11層含以上有電梯),見其他登記事項,鋼筋混凝土造,1091021,133.91,3,2,2,有,有,5860000,47523,坡道平面,29.54,900000,預售屋、或土地及建物分次登記案件；,RPWQMLPJJHGGFHD58DA,65.6,0.0,3.22,有,
新市區,房地(土地+建物)+車位,復興路１０７號九樓之２,20.96,都市：其他:住宅區,,,1070114,土地1建物1車位1,九層,十四層,住宅大樓(11層含以上有電梯),見其他登記事項,鋼筋混凝土造,1091021,136.45999999999998,3,2,2,有,有,5830000,46757,坡道平面,32.09,950000,預售屋、或土地及建物分次登記案件；,RPXQMLPJJHGGFHD68DA,65.6,0.0,3.22,有,
新市區,房地(土地+建物)+車位,復興路１０７號十四樓之７,15.57,都市：其他:住宅區,,,1070114,土地1建物1車位1,十四層,十四層,住宅大樓(11層含以上有電梯),見其他登記事項,鋼筋混凝土造,1091021,108.18,2,2,1,有,有,4790000,51124,坡道平面,32.09,900000,預售屋、或土地及建物分次登記案件；,SPXQMLPJJHGGFHD78DA,47.22,0.0,3.37,有,
新市區,房地(土地+建物)+車位,復興路１０５號八樓之６,21.56,都市：其他:住宅區,,,1060930,土地1建物1車位2,八層,十四層,住宅大樓(11層含以上有電梯),見其他登記事項,鋼筋混凝土造,1091021,163.63,3,2,2,有,有,6790000,48685,坡道平面,59.08,1700000,預售屋、或土地及建物分次登記案件；,RPORMLPJJHGGFHD87DA,65.68,0.0,3.22,有,
新市區,房地(土地+建物)+車位,復興路１０７號八樓之７,15.57,都市：其他:住宅區,,,1061223,土地1建物1車位1,八層,十四層,住宅大樓(11層含以上有電梯),見其他登記事項,鋼筋混凝土造,1091021,105.63,2,2,1,有,有,4400000,46655,坡道平面,29.54,850000,預售屋、或土地及建物分次登記案件；,RPQRMLPJJHGGFHD08DA,47.22,0.0,3.37,有,
新市區,房地(土地+建物)+車位,復興路１０７號九樓之７,15.57,都市：其他:住宅區,,,1061223,土地1建物1車位1,九層,十四層,住宅大樓(11層含以上有電梯),見其他登記事項,鋼筋混凝土造,1091021,108.18,2,2,1,有,有,4500000,47312,坡道平面,32.09,900000,預售屋、或土地及建物分次登記案件；,SPQRMLPJJHGGFHD18DA,47.22,0.0,3.37,有,
新市區,房地(土地+建物)+車位,復興路１０７號九樓之６,20.96,都市：其他:住宅區,,,1070203,土地1建物1車位1,九層,十四層,住宅大樓(11層含以上有電梯),見其他登記事項,鋼筋混凝土造,1091021,136.56,3,2,2,有,有,5930000,47669,坡道平面,32.09,950000,權利買賣契約價格660萬元整含車位價款95萬元預售屋、或土地及建物分次登記案件；,RPRRMLPJJHGGFHD18DA,65.68,0.0,3.22,有,
新市區,房地(土地+建物)+車位,復興路１０５號十樓之５,20.96,都市：其他:住宅區,,,1061125,土地1建物1車位1,十層,十四層,住宅大樓(11層含以上有電梯),見其他登記事項,鋼筋混凝土造,1091021,134.16,3,2,2,有,有,6250000,50660,坡道平面,29.54,950000,權利買賣契約價格670萬元整含車位價款95萬元預售屋、或土地及建物分次登記案件；,RPWRMLPJJHGGFHD68DA,65.68,0.0,3.29,有,
新市區,房地(土地+建物)+車位,復興路１０７號十一樓之３,15.57,都市：其他:住宅區,,,1070518,土地1建物1車位1,十一層,十四層,住宅大樓(11層含以上有電梯),見其他登記事項,鋼筋混凝土造,1091021,105.72,2,2,1,有,有,4680000,49619,坡道平面,29.54,900000,預售屋、或土地及建物分次登記案件；,RPXRMLPJJHGGFHD78DA,47.29,0.0,3.37,有,
新市區,房地(土地+建物)+車位,復興路１０５號十一樓之７,15.57,都市：其他:住宅區,,,1070310,土地1建物1車位1,十一層,十四層,住宅大樓(11層含以上有電梯),見其他登記事項,鋼筋混凝土造,1091021,108.18,2,2,1,有,有,4650000,47970,坡道平面,32.09,1000000,預售屋、或土地及建物分次登記案件；,RPOSMLPJJHGGFHD97DA,47.22,0.0,3.37,有,
新市區,房地(土地+建物)+車位,復興路１０７號十二樓之５,20.96,都市：其他:住宅區,,,1071231,土地1建物1車位1,十二層,十四層,住宅大樓(11層含以上有電梯),見其他登記事項,鋼筋混凝土造,1091021,134.07999999999998,3,2,2,有,有,6170000,50411,坡道平面,29.54,900000,權利買賣契約價格648萬元整含車位價款90萬元預售屋、或土地及建物分次登記案件；,RPPSMLPJJHGGFHD08DA,65.68,0.0,3.29,有,
新市區,房地(土地+建物)+車位,復興路１０７號十二樓之２,20.96,都市：其他:住宅區,,,1070623,土地1建物1車位1,十二層,十四層,住宅大樓(11層含以上有電梯),見其他登記事項,鋼筋混凝土造,1091021,136.45999999999998,3,2,2,有,有,6060000,48960,坡道平面,32.09,950000,預售屋、或土地及建物分次登記案件；,RPQSMLPJJHGGFHD18DA,65.6,0.0,3.22,有,
新市區,房地(土地+建物)+車位,復興路１０７號十四樓之２,20.96,都市：其他:住宅區,,,1080120,土地1建物1車位1,十四層,十四層,住宅大樓(11層含以上有電梯),見其他登記事項,鋼筋混凝土造,1091021,136.45999999999998,2,2,2,有,有,6200000,50302,坡道平面,32.09,950000,預售屋、或土地及建物分次登記案件；,RPRSMLPJJHGGFHD28DA,65.6,0.0,3.22,有,
新市區,房地(土地+建物)+車位,復興路１０５號十一樓之１,22.16,都市：其他:住宅區,,,1071115,土地1建物1車位3,十一層,十四層,住宅大樓(11層含以上有電梯),見其他登記事項,鋼筋混凝土造,1091021,198.09,3,2,2,有,有,7930000,48673,坡道平面,93.72,2850000,權利買賣契約價格629萬元整含車位清冊序號01車位價款90萬元預售屋、或土地及建物分次登記案件；,RPWPMLPJJHGGFHD48DA,65.6,0.0,3.22,有,
新市區,房地(土地+建物)+車位,復興路１０７號十四樓之３,15.57,都市：其他:住宅區,,,1080119,土地1建物1車位1,十四層,十四層,住宅大樓(11層含以上有電梯),見其他登記事項,鋼筋混凝土造,1091021,108.28,2,2,1,有,有,4950000,51844,坡道平面,32.09,1000000,預售屋、或土地及建物分次登記案件；,RPOQMLPJJHGGFHD77DA,47.29,0.0,3.37,有,
新市區,房地(土地+建物)+車位,復興路１０５號二樓之２,20.96,都市：其他:住宅區,,,1090924,土地1建物1車位1,二層,十四層,住宅大樓(11層含以上有電梯),見其他登記事項,鋼筋混凝土造,1091021,136.45999999999998,3,2,2,有,有,5600000,44553,坡道平面,32.09,950000,預售屋、或土地及建物分次登記案件；,RPOSMLOJJHGGFHD87DA,65.6,0.0,3.22,有,
善化區,房地(土地+建物)+車位,文化路１２號十二樓之１,28.74,都市：其他:住宅區,,,1091129,土地1建物1車位1,十二層,十二層,住宅大樓(11層含以上有電梯),住家用,鋼筋混凝土造,0960927,149.37,3,2,2,有,有,8600000,57575,坡道平面,19.78,0,,RPUOMLRJJHGGFHD38DA,86.9,0.0,12.01,有,
新市區,土地,新北段162地號,4728.17,都市：其他:住宅區,,,1090923,土地1建物0車位0,,,其他,,,,0.0,0,0,0,有,無,401285600,84871,,0.0,0,,RPSNMLSJJHGGFHD18DA,0.0,0.0,0.0,無,
新市區,土地,新北段237地號,2078.86,都市：其他:住宅區,,,1090923,土地4建物0車位0,,,其他,,,,0.0,0,0,0,有,無,176428000,84868,,0.0,0,,RPTNMLSJJHGGFHD28DA,0.0,0.0,0.0,無,
新市區,土地,新北段10地號,6314.84,都市：其他:住宅區,,,1090923,土地1建物0車位0,,,其他,,,,0.0,0,0,0,有,無,480970000,76165,,0.0,0,,RPUNMLSJJHGGFHD38DA,0.0,0.0,0.0,無,
新市區,土地,新北段157地號,23758.31,都市：其他:商業區,,,1090923,土地4建物0車位0,,,其他,,,,0.0,0,0,0,有,無,3079571000,129621,,0.0,0,,RPVNMLSJJHGGFHD48DA,0.0,0.0,0.0,無,
新市區,土地,大洲段755-8地號,0.5,都市：其他:農業區,,,1091214,土地1建物0車位0,,,其他,,,,0.0,0,0,0,有,無,2950,0,,0.0,0,協議價購；,RPRPMLSLKIPFFHD86DA,0.0,0.0,0.0,無,
新市區,土地,大洲段755-9地號,8.0,都市：其他:農業區,,,1091214,土地1建物0車位0,,,其他,,,,0.0,0,0,0,有,無,47200,5900,,0.0,0,協議價購；,RPSPMLSLKIPFFHD96DA,0.0,0.0,0.0,無,
新市區,房地(土地+建物),西拉雅大道２８０號,179.76,都市：其他:生活服務區(產業服務專用),,,1091128,土地5建物1車位0,全,四層,透天厝,見其他登記事項,鋼筋混凝土造,1060505,305.58,6,2,8,有,無,23600000,77230,,0.0,0,,RPVNMLQLKIPFFHD86DA,290.43,0.0,15.15,無,
新市區,土地,大洲段961-2地號,274.0,都市：其他:農業區,,,1091214,土地2建物0車位0,,,其他,,,,0.0,0,0,0,有,無,1616600,5900,,0.0,0,協議價購；,RPOOMLSLKIPFFHD09DA,0.0,0.0,0.0,無,0662
新市區,土地,大洲段1001-3地號,31.0,都市：其他:計畫道路用地,,,1091214,土地1建物0車位0,,,其他,,,,0.0,0,0,0,有,無,182900,5900,,0.0,0,協議價購；,RPPOMLSLKIPFFHD56DA,0.0,0.0,0.0,無,
新市區,土地,大洲段674-2地號,9441.0,都市：其他:計畫道路用地,,,1091214,土地3建物0車位0,,,其他,,,,0.0,0,0,0,有,無,55701900,5900,,0.0,0,協議價購；,RPQOMLSLKIPFFHD66DA,0.0,0.0,0.0,無,
新市區,土地,看西段1214-1地號,873.1,都市：其他:計畫道路用地,,,1091214,土地3建物0車位0,,,其他,,,,0.0,0,0,0,有,無,5151300,5900,,0.0,0,協議價購；,RPRNMLSLKIPFFHD66DA,0.0,0.0,0.0,無,
新市區,土地,大洲段919地號,28.0,都市：其他:農業區,,,1091214,土地3建物0車位0,,,其他,,,,0.0,0,0,0,有,無,165200,5900,,0.0,0,協議價購；,RPTNMLSLKIPFFHD86DA,0.0,0.0,0.0,無,
新市區,土地,大洲段922-1地號,728.0,都市：其他:計畫道路用地,,,1091214,土地1建物0車位0,,,其他,,,,0.0,0,0,0,有,無,4295200,5900,,0.0,0,協議價購；,RPUNMLSLKIPFFHD96DA,0.0,0.0,0.0,無,
新市區,房地(土地+建物)+車位,復興路１０７號二樓之５,20.96,都市：其他:住宅區,,,1080510,土地1建物1車位1,二層,十四層,住宅大樓(11層含以上有電梯),見其他登記事項,鋼筋混凝土造,1091021,137.26,3,2,2,有,有,5550000,43263,坡道平面,32.09,1000000,權利買賣契約價格588萬元整含車位價款100萬元預售屋、或土地及建物分次登記案件；,RPUOMLPJJHGGFHD18DA,65.68,0.0,3.89,有,
新市區,房地(土地+建物)+車位,復興路１０７號二樓之２,15.27,都市：其他:住宅區,,,1061014,土地1建物1車位1,二層,十四層,住宅大樓(11層含以上有電梯),見其他登記事項,鋼筋混凝土造,1091021,108.75,2,2,1,有,有,4280000,43439,坡道平面,32.09,950000,權利買賣契約價格472萬元整含車位價款95萬元整預售屋、或土地及建物分次登記案件；,RPVOMLPJJHGGFHD28DA,47.69,0.0,3.37,有,
新市區,房地(土地+建物)+車位,復興路１０７號三樓之３,15.27,都市：其他:住宅區,,,1070308,土地1建物1車位1,三層,十四層,住宅大樓(11層含以上有電梯),見其他登記事項,鋼筋混凝土造,1091021,105.66999999999999,2,2,1,有,有,4230000,44398,坡道平面,29.54,850000,預售屋、或土地及建物分次登記案件；,RPWOMLPJJHGGFHD38DA,47.29,0.0,3.22,有,
新市區,房地(土地+建物)+車位,復興路１０５號三樓之１,20.96,都市：其他:住宅區,,,1070922,土地1建物1車位1,三層,十四層,住宅大樓(11層含以上有電梯),見其他登記事項,鋼筋混凝土造,1091021,136.48,3,2,2,有,有,5490000,43491,坡道平面,32.09,950000,預售屋、或土地及建物分次登記案件；,RPXOMLPJJHGGFHD48DA,65.6,0.0,3.22,有,
新市區,房地(土地+建物)+車位,復興路１０７號五樓之１,20.96,都市：其他:住宅區,,,1060924,土地1建物1車位1,五層,十四層,住宅大樓(11層含以上有電梯),見其他登記事項,鋼筋混凝土造,1091021,133.91,3,2,2,有,有,5700000,45990,坡道平面,29.54,900000,預售屋、或土地及建物分次登記案件；,RPOPMLPJJHGGFHD67DA,65.6,0.0,3.22,有,
新市區,房地(土地+建物)+車位,復興路１０５號五樓之６,20.96,都市：其他:住宅區,,,1061111,土地1建物1車位1,五層,十四層,住宅大樓(11層含以上有電梯),見其他登記事項,鋼筋混凝土造,1091021,134.09,2,2,2,有,有,5750000,46389,坡道平面,29.54,900000,預售屋、或土地及建物分次登記案件；,RPPPMLPJJHGGFHD77DA,65.68,0.0,3.22,有,
新市區,房地(土地+建物)+車位,復興路１０７號七樓之６,20.96,都市：其他:住宅區,,,1070610,土地1建物1車位1,七層,十四層,住宅大樓(11層含以上有電梯),見其他登記事項,鋼筋混凝土造,1091021,136.56,3,2,2,有,有,5840000,46329,坡道平面,32.09,1000000,權利買賣契約價格597萬元整含車位價款100萬元預售屋、或土地及建物分次登記案件；,RPQPMLPJJHGGFHD87DA,65.68,0.0,3.22,有,
新市區,房地(土地+建物)+車位,復興路１０５號八樓之７,15.57,都市：其他:住宅區,,,1061005,土地1建物1車位1,八層,十四層,住宅大樓(11層含以上有電梯),見其他登記事項,鋼筋混凝土造,1091021,108.18,2,2,1,有,有,4480000,45735,坡道平面,32.09,1000000,預售屋、或土地及建物分次登記案件；,RPRPMLPJJHGGFHD97DA,47.22,0.0,3.37,有,
新市區,房地(土地+建物)+車位,復興路１０７號九樓之３,15.57,都市：其他:住宅區,,,1070209,土地1建物1車位1,九層,十四層,住宅大樓(11層含以上有電梯),見其他登記事項,鋼筋混凝土造,1091021,108.28,2,2,1,有,有,4620000,48169,坡道平面,32.09,950000,預售屋、或土地及建物分次登記案件；,RPSPMLPJJHGGFHD08DA,47.29,0.0,3.37,有,
新市區,房地(土地+建物)+車位,復興路１０５號十樓之７,15.57,都市：其他:住宅區,,,1070307,土地1建物1車位1,十層,十四層,住宅大樓(11層含以上有電梯),見其他登記事項,鋼筋混凝土造,1091021,105.63,2,2,1,有,有,4450000,47312,坡道平面,29.54,850000,預售屋、或土地及建物分次登記案件；,RPTPMLPJJHGGFHD18DA,47.22,0.0,3.37,有,
新市區,房地(土地+建物)+車位,復興路１０５號十二樓之５,20.96,都市：其他:住宅區,,,1061203,土地1建物1車位1,十二層,十四層,住宅大樓(11層含以上有電梯),見其他登記事項,鋼筋混凝土造,1091021,136.70999999999998,3,2,2,有,有,6370000,52284,坡道平面,32.09,900000,預售屋、或土地及建物分次登記案件；,RPUPMLPJJHGGFHD28DA,65.68,0.0,3.29,有,
新市區,房地(土地+建物)+車位,復興路１０７號十三樓之２,20.96,都市：其他:住宅區,,,1070610,土地1建物1車位1,十三層,十四層,住宅大樓(11層含以上有電梯),見其他登記事項,鋼筋混凝土造,1091021,133.91,3,2,2,有,有,6020000,49535,坡道平面,29.54,850000,預售屋、或土地及建物分次登記案件；,RPRNMLPJJHGGFHD77DA,65.6,0.0,3.22,有,
新市區,房地(土地+建物)+車位,復興路１０７號三樓之６,20.96,都市：其他:住宅區,,,1080413,土地1建物1車位1,三層,十四層,住宅大樓(11層含以上有電梯),見其他登記事項,鋼筋混凝土造,1091021,136.59,3,2,2,有,有,5480000,43828,坡道平面,32.09,900000,預售屋、或土地及建物分次登記案件；,RPSNMLPJJHGGFHD87DA,65.68,0.0,3.22,有,
新市區,房地(土地+建物)+車位,復興路１０７號七樓之３,15.57,都市：其他:住宅區,,,1061222,土地1建物1車位1,七層,十四層,住宅大樓(11層含以上有電梯),見其他登記事項,鋼筋混凝土造,1091021,108.28,2,2,1,有,有,4510000,46725,坡道平面,32.09,950000,權利買賣契約價格506萬元整含車位價款95萬元預售屋、或土地及建物分次登記案件；,RPTNMLPJJHGGFHD97DA,47.29,0.0,3.37,有,
新市區,房地(土地+建物)+車位,復興路１０７號十三樓之７,15.57,都市：其他:住宅區,,,1070803,土地1建物1車位1,十三層,十四層,住宅大樓(11層含以上有電梯),見其他登記事項,鋼筋混凝土造,1091021,108.18,2,2,1,有,有,4730000,49678,坡道平面,32.09,950000,預售屋、或土地及建物分次登記案件；,RPVNMLPJJHGGFHD18DA,47.22,0.0,3.37,有,
新市區,房地(土地+建物)+車位,復興路１０７號三樓之５,20.96,都市：其他:住宅區,,,1080224,土地1建物1車位1,三層,十四層,住宅大樓(11層含以上有電梯),見其他登記事項,鋼筋混凝土造,1091021,134.1,3,2,2,有,有,5560000,44568,坡道平面,29.54,900000,預售屋、或土地及建物分次登記案件；,RPXNMLPJJHGGFHD38DA,65.68,0.0,3.29,有,
新市區,房地(土地+建物)+車位,復興路１０７號七樓之２,20.96,都市：其他:住宅區,,,1061001,土地1建物1車位1,七層,十四層,住宅大樓(11層含以上有電梯),見其他登記事項,鋼筋混凝土造,1091021,133.91,3,2,2,有,有,5590000,44936,坡道平面,29.54,900000,預售屋、或土地及建物分次登記案件；,RPOOMLPJJHGGFHD57DA,65.6,0.0,3.22,有,
新市區,房地(土地+建物)+車位,復興路１０７號六樓之６,20.96,都市：其他:住宅區,,,1070419,土地1建物1車位1,六層,十四層,住宅大樓(11層含以上有電梯),見其他登記事項,鋼筋混凝土造,1091021,134.01,2,2,1,有,有,5710000,45563,坡道平面,29.54,950000,權利買賣契約價格622萬元整含車位價款95萬元預售屋、或土地及建物分次登記案件；,RPPOMLPJJHGGFHD67DA,65.68,0.0,3.22,有,
新市區,房地(土地+建物)+車位,復興路１０７號三樓之２,20.96,都市：其他:住宅區,,,1061018,土地1建物1車位1,三層,十四層,住宅大樓(11層含以上有電梯),見其他登記事項,鋼筋混凝土造,1091021,134.6,3,2,2,有,有,5350000,42833,坡道平面,29.54,850000,權利買賣契約價格635萬元整含車位價款85萬元預售屋、或土地及建物分次登記案件；,RPQOMLPJJHGGFHD77DA,65.6,0.0,3.89,有,
新市區,房地(土地+建物)+車位,復興路１０５號九樓之７,15.57,都市：其他:住宅區,,,1070310,土地1建物1車位1,九層,十四層,住宅大樓(11層含以上有電梯),見其他登記事項,鋼筋混凝土造,1091021,105.63,2,2,1,有,有,4400000,46655,坡道平面,29.54,850000,預售屋、或土地及建物分次登記案件；,RPSOMLPJJHGGFHD97DA,47.22,0.0,3.37,有,
學甲區,土地,宅子港段165-321地號,6.62,,特定農業區,交通用地,1091218,土地1建物0車位0,,,其他,,,,0.0,0,0,0,有,無,11255,1700,,0.0,0,協議價購；,RPPOMLTLKIPFFGD56DA,0.0,0.0,0.0,無,0595
學甲區,土地,宅子港段165-321地號,3.31,,特定農業區,交通用地,1091218,土地1建物0車位0,,,其他,,,,0.0,0,0,0,有,無,5627,1700,,0.0,0,協議價購；,RPQOMLTLKIPFFGD66DA,0.0,0.0,0.0,無,0595
西港區,土地,營段939地號,209.44,,鄉村區,乙種建築用地,1091212,土地1建物0車位0,,,其他,,,,0.0,0,0,0,有,無,3294492,15730,,0.0,0,畸零地或有合併使用效益；,RPXPMLTLKIPFFGD47DA,0.0,0.0,0.0,無,0665
西港區,土地,營段940地號,13.48,,鄉村區,乙種建築用地,1091212,土地1建物0車位0,,,其他,,,,0.0,0,0,0,有,無,40789,3026,,0.0,0,畸零地或有合併使用效益；,SPXPMLTLKIPFFGD57DA,0.0,0.0,0.0,無,0666
將軍區,土地,角帶圍段1257-1地號,1376.0,,特定農業區,農牧用地,1091224,土地1建物0車位0,,,其他,,,,0.0,0,0,0,有,無,1265920,920,,0.0,0,,RPOQMLTLKIPFFGD66DA,0.0,0.0,0.0,無,
將軍區,土地,角帶圍段1306地號,106.0,,特定農業區,農牧用地,1091030,土地1建物0車位0,,,其他,,,,0.0,0,0,0,有,無,233200,2200,,0.0,0,農地重劃區抵費地、零星集中土地標售,RPXOMLMKJHGGFGD18DA,0.0,0.0,0.0,無,
北門區,土地,渡子頭段533-180地號,5269.0,,一般農業區,養殖用地,1091202,土地1建物0車位0,,,其他,,,,0.0,0,0,0,有,無,2500000,474,,0.0,0,,RPWNMLRJJHGGFGD38DA,0.0,0.0,0.0,無,
七股區,土地,下山子寮段70-7地號,18829.37,,一般農業區,養殖用地,1091130,土地3建物0車位0,,,其他,,,,0.0,0,0,0,有,無,8661500,460,,0.0,0,,RPRNMLRJJHGGFGD87DA,0.0,0.0,0.0,無,
北門區,土地,永隆段873地號,954.97,,一般農業區,甲種建築用地,1091029,土地1建物0車位0,,,其他,,,,0.0,0,0,0,有,無,3218900,3371,,0.0,0,地清或未辦繼承標售；,RPSNMLRJJHGGFGD97DA,0.0,0.0,0.0,無,
北門區,土地,溪底寮段三寮灣小段1182地號,172.0,,一般農業區,農牧用地,1091029,土地1建物0車位0,,,其他,,,,0.0,0,0,0,有,無,137600,800,,0.0,0,地清或未辦繼承標售；,RPTNMLRJJHGGFGD08DA,0.0,0.0,0.0,無,
佳里區,房地(土地+建物)+車位,光明街１００號五樓之２,37.07,都市：其他:住宅區,,,1090227,土地1建物1車位1,五層,五層,華廈(10層含以下有電梯),見其他登記事項,鋼筋混凝土造,1090914,107.75,2,2,2,有,有,4080000,37865,一樓平面,0.0,500000,預售屋、或土地及建物分次登記案件；,RPQOMLPJJHGGFGD67DA,59.23,0.0,4.67,有,
七股區,土地,竹橋段2328地號,3547.0,,特定農業區,農牧用地,1091202,土地1建物0車位0,,,其他,,,,0.0,0,0,0,有,無,5675200,1600,,0.0,0,,RPQOMLSJKIPFFGD98DA,0.0,0.0,0.0,無,
七股區,房地(土地+建物),樹林１００之２０號,118.71,,鄉村區,乙種建築用地,1090309,土地3建物1車位0,全,三層,透天厝,住家用,鋼筋混凝土造,1090910,157.2,4,2,3,有,無,6450000,41031,,0.0,0,,RPUOMLMJKIPFFGD78DA,145.53,0.0,11.67,無,
七股區,房地(土地+建物),樹林１００之１５號,152.75,,鄉村區,乙種建築用地,1090919,土地2建物1車位0,全,三層,透天厝,住家用,鋼筋混凝土造,1090910,159.52,4,2,3,有,無,7280000,45637,,0.0,0,,RPXNMLMJKIPFFGD98DA,147.67,0.0,11.85,無,
麻豆區,土地,文正段556-2地號,340.11,都市：其他:農業區,,,1091224,土地1建物0車位0,,,其他,,,,0.0,0,0,0,有,無,6790000,19964,,0.0,0,,RPQNMLRJJHGGFFD67DA,0.0,0.0,0.0,無,
下營區,土地,茅港尾段167-4地號,130.33,,鄉村區,乙種建築用地,1091201,土地1建物0車位0,,,其他,,,,0.0,0,0,0,有,無,550000,4220,,0.0,0,親友、員工、共有人或其他特殊關係間之交易；,RPRNMLRJJHGGFFD77DA,0.0,0.0,0.0,無,
官田區,土地,隆東段161地號,108.53,都市：其他:住宅區,,,1091201,土地1建物0車位0,,,其他,,,,0.0,0,0,0,有,無,1550000,14282,,0.0,0,親友、員工、共有人或其他特殊關係間之交易；,SPRNMLRJJHGGFFD87DA,0.0,0.0,0.0,無,
六甲區,房地(土地+建物),龜子港８０巷２號,78.97,,鄉村區,乙種建築用地,1091124,土地1建物1車位0,全,三層,透天厝,住家用,見其他登記事項,1070907,163.3,5,2,3,有,無,7000000,42866,,0.0,0,,RPUNMLPJJHGGFFD87DA,147.1,0.0,16.22,無,
麻豆區,土地,南寮段195地號,2164.0,,特定農業區,農牧用地,1091113,土地1建物0車位0,,,其他,,,,0.0,0,0,0,有,無,4436200,2050,,0.0,0,,RPUNMLRJJHGGFFD08DA,0.0,0.0,0.0,無,
官田區,土地,嘉南段433地號,560.0,都市：其他:農業區,,,1091228,土地1建物0車位0,,,其他,,,,0.0,0,0,0,有,無,800000,1429,,0.0,0,,RPRNMLLMKIPFFFD48DA,0.0,0.0,0.0,無,
大內區,土地,頭社段15-58地號,2699.11,,山坡地保育區,農牧用地,1091210,土地2建物0車位0,,,其他,,,,0.0,0,0,0,有,無,5880000,2178,,0.0,0,,RPVNMLOJJHGGFFD87DA,0.0,0.0,0.0,無,0667
六甲區,土地,菁埔段1874地號,6076.0,,特定農業區,農牧用地,1091226,土地5建物0車位0,,,其他,,,,0.0,0,0,0,有,無,5954480,980,,0.0,0,,RPQNMLRLKIPFFFD88DA,0.0,0.0,0.0,無,
麻豆區,房地(土地+建物),大山７１之１５號,121.52,都市：其他:第三種住宅區。,,,1091201,土地5建物1車位0,全,三層,透天厝,住家用,見其他登記事項,1090728,161.78,4,2,4,有,無,6800000,42032,,0.0,0,,RPRNMLOJJHGGFFD47DA,148.0,0.0,13.78,無,
麻豆區,土地,海埤段1186地號,150.55,都市：其他:農業區,,,1091125,土地5建物0車位0,,,其他,,,,0.0,0,0,0,有,無,210000,1395,,0.0,0,,RPSOMLPJJHGGFFD77DA,0.0,0.0,0.0,無,
麻豆區,土地,大山段750-1地號,516.06,都市：其他:農業區,,,1091125,土地1建物0車位0,,,其他,,,,0.0,0,0,0,有,無,1648500,3194,,0.0,0,,RPTOMLPJJHGGFFD87DA,0.0,0.0,0.0,無,
麻豆區,房地(土地+建物),苓子林８之２８號,636.57,都市：其他:甲種工業區,,,1091104,土地3建物1車位0,全,一層,透天厝,見其他登記事項,見其他登記事項,1071026,181.24,0,0,0,無,無,15780000,87067,,0.0,0,,RPTNMLNJJHGGFFD57DA,181.24,0.0,0.0,無,
麻豆區,房地(土地+建物),苓子林８之２３號,356.45,都市：其他:甲種工業區,,,1091112,土地3建物1車位0,全,一層,透天厝,見其他登記事項,見其他登記事項,1071026,188.07,0,0,0,無,無,12260000,65188,,0.0,0,,RPUNMLNJJHGGFFD67DA,188.07,0.0,0.0,無,
麻豆區,房地(土地+建物),新生北路４２０巷９號,74.08,都市：其他:第三種住宅區。,,,1091125,土地1建物1車位0,全,二層,透天厝,住商用,加強磚造,0700123,93.48,3,2,2,有,無,3500000,37441,,0.0,0,頂樓加蓋；其他增建；,RPROMLKMKIPFFFD48DA,93.48,0.0,0.0,無,
官田區,土地,拔子林段16地號,1610.0,,一般農業區,農牧用地,1091107,土地1建物0車位0,,,其他,,,,0.0,0,0,0,有,無,1529000,950,,0.0,0,,RPRNMLNLKIPFFFD58DA,0.0,0.0,0.0,無,
麻豆區,土地,前後班段934地號,2362.51,都市：其他:農業區,,,1091015,土地3建物0車位0,,,其他,,,,0.0,0,0,0,有,無,3990000,1689,,0.0,0,,RPPNMLMKKIPFFFD18DA,0.0,0.0,0.0,無,
後壁區,土地,菁寮段3200地號,2900.0,,特定農業區,農牧用地,1091209,土地2建物0車位0,,,其他,,,,0.0,0,0,0,有,無,5600000,1931,,0.0,0,,RPPNMLRJJHGGFED47DA,0.0,0.0,0.0,無,
白河區,土地,糞箕湖段木屐寮小段632-13地號,620.0,,鄉村區,乙種建築用地,1091225,土地1建物0車位0,,,其他,,,,0.0,0,0,0,有,無,6060000,9774,,0.0,0,,RPQNMLRJJHGGFED57DA,0.0,0.0,0.0,無,
東山區,土地,東山段751-2地號,91.05,,鄉村區,乙種建築用地,1091210,土地2建物0車位0,,,其他,,,,0.0,0,0,0,有,無,275429,3025,,0.0,0,親友、員工、共有人或其他特殊關係間之交易；,RPTNMLRJJHGGFED87DA,0.0,0.0,0.0,無,
後壁區,房地(土地+建物),竹新里竹圍後７４之２號,813.03,,鄉村區,乙種建築用地,1091212,土地2建物1車位0,全,一層,透天厝,住家用,加強磚造,0670902,92.0,4,1,1,有,無,5000000,54348,,0.0,0,,RPUNMLPJJHGGFED77DA,92.0,0.0,0.0,無,
白河區,房地(土地+建物),永安里１３鄰民安路５６號,111.0,都市：其他:住宅區,,,1091221,土地1建物1車位0,全,三層,透天厝,見其他登記事項,見其他登記事項,1090122,235.83,4,3,5,有,無,12510000,53047,,0.0,0,本件買賣土地價款3502800元建物價款9007200元，合計12510000元。,RPRNMLQJJHGGFED57DA,225.48,0.0,10.35,有,
白河區,房地(土地+建物),庄內里７鄰中山路４４９巷１０５弄２２號,168.1,都市：其他:農業區,,,1091130,土地5建物1車位0,全,三層,透天厝,見其他登記事項,見其他登記事項,1090214,159.06,4,2,3,有,無,8300000,52182,,0.0,0,土地價金新台幣373萬，房屋價金新台幣457萬,RPPNMLNJJHGGFED07DA,151.78,0.0,7.3,無,
白河區,房地(土地+建物),庄內里７鄰中山路４４９巷１０５弄２號,168.1,都市：其他:農業區,,,1091130,土地5建物1車位0,全,三層,透天厝,見其他登記事項,見其他登記事項,1090214,166.77,4,2,3,有,無,8350000,50069,,0.0,0,土地價金新台幣375萬，房屋價金新台幣460萬,RPQNMLNJJHGGFED17DA,159.47,0.0,7.3,無,
東區,房地(土地+建物)+車位,崇德三街１０號十樓之５,15.71,都市：其他:第五種住宅區,,,1091222,土地1建物1車位1,十層,十六層,住宅大樓(11層含以上有電梯),住家用,鋼筋混凝土造,0860508,180.74,2,2,2,有,有,10500000,58095,坡道平面,0.0,1200000,陽台外推；其他增建；,RPPPMLKMKIPFFCD08DA,98.5,4.33,12.38,有,
南區,房地(土地+建物),新興路２０５號,130.0,都市：其他:住宅區,,,1091202,土地1建物1車位0,全,四層,透天厝,住商用,鋼筋混凝土造,0680604,346.78,8,3,6,有,無,10550000,30423,,0.0,0,其他增建；含租約；,RPQOMLPJJHGGFCD27DA,346.78,0.0,0.0,無,
東區,房地(土地+建物),文化三街２之５號,99.96,都市：其他:第五種住宅區,,,1091118,土地2建物1車位0,全,四層,透天厝,見其他登記事項,鋼筋混凝土造,0990104,233.26,5,2,4,有,無,16160000,69279,,0.0,0,其他增建；,RPPNMLQJJHGGFCD17DA,211.94,0.0,21.32,無,
東區,房地(土地+建物),文化路３１號四樓之２,21.77,都市：其他:第五種住宅區,,,1091210,土地1建物1車位0,四層,十四層,住宅大樓(11層含以上有電梯),住家用,鋼筋混凝土造,0990203,81.36,2,1,1,有,有,5800000,71288,,0.0,0,,RPSNMLPJJHGGFCD37DA,52.0,0.0,6.65,有,
東區,房地(土地+建物),裕文路６號,62.0,都市：其他:第五種住宅區,,,1091124,土地1建物1車位0,全,三層,透天厝,住家用,鋼筋混凝土造,0700924,141.19,4,2,3,有,無,15550000,110135,,0.0,0,,RPQOMLQJJHGGFCD37DA,138.4,0.0,2.78,無,
南區,土地,大山段2地號,1158.55,都市：其他:住宅區,,,1091007,土地1建物0車位0,,,其他,,,,0.0,0,0,0,有,無,63080000,54447,,0.0,0,,RPXOMLQJJHGGFCD08DA,0.0,0.0,0.0,無,
東區,土地,東光段211-5地號,37.48,都市：其他:第五種住宅區,,,1091125,土地5建物0車位0,,,其他,,,,0.0,0,0,0,有,無,580000,15475,,0.0,0,包含公共設施保留地用地；,RPOQMLQJJHGGFCD37DA,0.0,0.0,0.0,無,0668
東區,土地,富農段1862地號,298.09,都市：其他:道路用地,,,1091113,土地3建物0車位0,,,其他,,,,0.0,0,0,0,有,無,4500000,15096,,0.0,0,包含公共設施保留地用地；,RPVOMLKMKIPFFCD58DA,0.0,0.0,0.0,無,
南區,土地,興農段632-1地號,10.69,都市：其他:河川區,,,1091211,土地1建物0車位0,,,其他,,,,0.0,0,0,0,有,無,119707,11198,,0.0,0,包含公共設施保留地用地；協議價購；,RPQRMLNLKIPFFCD58DA,0.0,0.0,0.0,無,0605
南區,土地,興農段639-1地號,113.34,都市：其他:保護區,,,1091211,土地1建物0車位0,,,其他,,,,0.0,0,0,0,有,無,1235370,10900,,0.0,0,包含公共設施保留地用地；協議價購；,RPRRMLNLKIPFFCD68DA,0.0,0.0,0.0,無,0636
南區,土地,興農段592-1地號,217.2,都市：其他:河川區,,,1091211,土地1建物0車位0,,,其他,,,,0.0,0,0,0,有,無,2367480,10900,,0.0,0,包含公共設施保留地用地；協議價購；,RPSRMLNLKIPFFCD78DA,0.0,0.0,0.0,無,
南區,土地,興農段652地號,235.85,都市：其他:河川區,,,1091211,土地1建物0車位0,,,其他,,,,0.0,0,0,0,有,無,2570765,10900,,0.0,0,包含公共設施保留地用地；協議價購；,RPTRMLNLKIPFFCD88DA,0.0,0.0,0.0,無,
南區,土地,興農段595-1地號,279.31,都市：其他:河川區,,,1091211,土地1建物0車位0,,,其他,,,,0.0,0,0,0,有,無,3044479,10900,,0.0,0,包含公共設施保留地用地；協議價購；,RPURMLNLKIPFFCD98DA,0.0,0.0,0.0,無,
南區,土地,興農段632-1地號,10.69,都市：其他:河川區,,,1091211,土地1建物0車位0,,,其他,,,,0.0,0,0,0,有,無,119707,11198,,0.0,0,包含公共設施保留地用地；協議價購；,RPVRMLNLKIPFFCD09DA,0.0,0.0,0.0,無,0605
南區,土地,同安段12-8地號,32.99,都市：其他:農業區,,,1091211,土地3建物0車位0,,,其他,,,,0.0,0,0,0,有,無,686192,20800,,0.0,0,包含公共設施保留地用地；協議價購；,RPXRMLNLKIPFFCD66DA,0.0,0.0,0.0,無,0672
南區,土地,同安段12-8地號,107.89,都市：其他:農業區,,,1091211,土地4建物0車位0,,,其他,,,,0.0,0,0,0,有,無,2244112,20800,,0.0,0,包含公共設施保留地用地；協議價購；,RPOSMLNLKIPFFCD48DA,0.0,0.0,0.0,無,0672
南區,土地,興農段556-1地號,30.79,都市：其他:河川區,,,1091211,土地1建物0車位0,,,其他,,,,0.0,0,0,0,有,無,310993,10100,,0.0,0,包含公共設施保留地用地；協議價購；,RPPSMLNLKIPFFCD58DA,0.0,0.0,0.0,無,0674
南區,土地,興農段556-1地號,3.6,都市：其他:河川區,,,1091211,土地1建物0車位0,,,其他,,,,0.0,0,0,0,有,無,36367,10102,,0.0,0,包含公共設施保留地用地；協議價購；,RPQSMLNLKIPFFCD68DA,0.0,0.0,0.0,無,0674
新營區,土地,後鎮段2062地號,1621.0,,特定農業區,農牧用地,1091031,土地1建物0車位0,,,其他,,,,0.0,0,0,0,有,無,2500000,1542,,0.0,0,,RPUNMLRJJHGGFDD87DA,0.0,0.0,0.0,無,0676
新營區,房地(土地+建物)+車位,隋唐街７號五樓之二,38.92,都市：其他:住宅區,,,1090805,土地1建物1車位1,五層,十五層,住宅大樓(11層含以上有電梯),見其他登記事項,鋼筋混凝土造,1090331,232.38,4,2,2,有,有,11480000,48987,坡道平面,22.53,1200000,房地總價含管理費、契代書費預售屋、或土地及建物分次登記案件；,RPQOMLTLKIPFFDD98DA,128.77,0.0,13.02,有,
新營區,房地(土地+建物)+車位,隋唐街１１號十一樓之一,26.57,都市：其他:住宅區,,,1091105,土地1建物1車位1,十一層,十五層,住宅大樓(11層含以上有電梯),見其他登記事項,鋼筋混凝土造,1090331,168.47,3,2,2,有,有,9050000,54474,坡道平面,22.53,1100000,房地總價含管理費，商品提貨單預售屋、或土地及建物分次登記案件；,RPSOMLTLKIPFFDD56DA,87.41,0.0,11.32,有,
新營區,房地(土地+建物)+車位,隋唐街１１號十三樓之二,26.57,都市：其他:住宅區,,,1091102,土地1建物1車位1,十三層,十五層,住宅大樓(11層含以上有電梯),見其他登記事項,鋼筋混凝土造,1090331,168.28,3,2,2,有,有,9100000,54202,坡道平面,22.53,1200000,房地總價含管理費預售屋、或土地及建物分次登記案件；,RPUOMLTLKIPFFDD76DA,87.96,0.0,10.73,有,
鹽水區,房地(土地+建物),土庫６８之２９號,91.58,都市：其他:農業區,,,1091205,土地2建物1車位0,全,三層,透天厝,住家用,鋼筋混凝土造,1081210,154.44,5,2,3,有,無,7060000,45714,,0.0,0,,RPROMLOKKIPFFDD48DA,141.25,0.0,13.19,無,
新營區,房地(土地+建物)+車位,隋唐街７號十樓之一,33.36,都市：其他:住宅區,,,1090918,土地1建物1車位1,十層,十五層,住宅大樓(11層含以上有電梯),見其他登記事項,鋼筋混凝土造,1090331,203.15,4,2,2,有,有,10500000,52043,坡道平面,22.53,1100000,房地總價含管理費預售屋、或土地及建物分次登記案件；,RPUNMLTLKIPFFDD66DA,110.45,0.0,11.61,有,
新營區,房地(土地+建物)+車位,隋唐街１１號十三樓之一,26.57,都市：其他:住宅區,,,1090628,土地1建物1車位1,十三層,十五層,住宅大樓(11層含以上有電梯),見其他登記事項,鋼筋混凝土造,1090331,168.47,3,2,2,有,有,9200000,54817,坡道平面,22.53,1200000,房地總價含管理費，商品提貨券預售屋、或土地及建物分次登記案件；,RPVNMLTLKIPFFDD76DA,87.41,0.0,11.32,有,
新營區,房地(土地+建物)+車位,民治路３１８號,28.42,都市：其他:住宅區,,,1090901,土地1建物1車位1,一層，見其他登記事項,十五層,住宅大樓(11層含以上有電梯),見其他登記事項,鋼筋混凝土造,1090331,152.25,0,0,2,有,有,17980000,130126,坡道平面,22.53,1100000,房地總價含管理費預售屋、或土地及建物分次登記案件；,RPXNMLTLKIPFFDD96DA,95.78,0.0,7.73,有,
新營區,房地(土地+建物)+車位,隋唐街１３號三樓之三,26.57,都市：其他:住宅區,,,1091019,土地1建物1車位1,三層,十五層,住宅大樓(11層含以上有電梯),見其他登記事項,鋼筋混凝土造,1090331,169.45,3,2,2,有,有,8000000,46964,坡道平面,22.53,1100000,房地總價含管理費預售屋、或土地及建物分次登記案件；,RPOOMLTLKIPFFDD78DA,87.36,0.0,12.04,有,
新營區,房地(土地+建物)+車位,隋唐街７號三樓之五,26.57,都市：其他:住宅區,,,1091012,土地1建物1車位1,三層,十五層,住宅大樓(11層含以上有電梯),見其他登記事項,鋼筋混凝土造,1090331,169.59,3,2,2,有,有,7800000,45560,坡道平面,22.53,1100000,房地總價含管理費，商品提貨單,RPRNMLSLKIPFFDD88DA,87.36,0.0,12.18,有,
安南區,土地,鹽田段973-3地號,0.83,都市：其他:住宅區,,,1091225,土地1建物0車位0,,,其他,,,,0.0,0,0,0,有,無,16567,0,,0.0,0,畸零地或有合併使用效益；政府機關標讓售；,RPPNMLOJJHGGFBD86DA,0.0,0.0,0.0,無,
安南區,房地(土地+建物),安通路四段１１９巷６２號,111.38,都市：其他:住宅區,,,1091122,土地1建物1車位0,全,三層,透天厝,見其他登記事項,鋼筋混凝土造,1050414,204.28,4,3,5,有,無,14560000,71275,,0.0,0,,RPPNMLNJJHGGFBD76DA,189.62,0.0,14.66,無,
安南區,房地(土地+建物),郡安路五段１６４巷１４弄１號,78.3,都市：其他:住宅區,,,1091107,土地2建物1車位0,全,二層,透天厝,住家用,加強磚造,0720221,89.23,3,1,2,有,無,6000000,67242,,0.0,0,,RPROMLPJJHGGFBD27DA,82.6,0.0,6.63,無,
安南區,房地(土地+建物),安富街１８８號,77.11,都市：其他:住宅區,,,1091212,土地1建物1車位0,全,三層,透天厝,住商用,鋼筋混凝土造,0800513,211.98,4,2,3,有,無,6000000,28305,,0.0,0,親友、員工、共有人或其他特殊關係間之交易；,RPTOMLPJJHGGFBD47DA,201.94,0.0,10.04,無,
安南區,土地,溪東段731地號,170.23,都市：其他:住宅區,,,1091205,土地2建物0車位0,,,其他,,,,0.0,0,0,0,有,無,6600000,38771,,0.0,0,,RPXNMLPJJHGGFBD77DA,0.0,0.0,0.0,無,
安南區,房地(土地+建物),安和路一段５２巷２１弄４０號,120.16,都市：其他:住宅區,,,1091111,土地1建物1車位0,全,三層,透天厝,住家用,鋼筋混凝土造,1090319,197.26,5,2,5,有,無,16300000,82632,,0.0,0,,RPVOMLPJJHGGFBD67DA,185.83,0.0,11.43,無,
安南區,土地,農場段443-1地號,84.68,都市：其他:住宅區,,,1091112,土地1建物0車位0,,,其他,,,,0.0,0,0,0,有,無,843159,9957,,0.0,0,,RPSNMLNLKIPFFBD28DA,0.0,0.0,0.0,無,0677
安南區,土地,農場段447地號,4.74,都市：其他:住宅區,,,1091112,土地1建物0車位0,,,其他,,,,0.0,0,0,0,有,無,63042,13300,,0.0,0,,SPSNMLNLKIPFFBD38DA,0.0,0.0,0.0,無,0678
安南區,土地,農場段448地號,10.87,都市：其他:住宅區,,,1091112,土地1建物0車位0,,,其他,,,,0.0,0,0,0,有,無,144571,13300,,0.0,0,,TPSNMLNLKIPFFBD48DA,0.0,0.0,0.0,無,0679
安南區,土地,農場段457地號,16.06,都市：其他:住宅區,,,1091112,土地1建物0車位0,,,其他,,,,0.0,0,0,0,有,無,213598,13300,,0.0,0,,UPSNMLNLKIPFFBD58DA,0.0,0.0,0.0,無,0680
安南區,土地,農場段465地號,52.52,都市：其他:住宅區,,,1091112,土地1建物0車位0,,,其他,,,,0.0,0,0,0,有,無,441168,8400,,0.0,0,,VPSNMLNLKIPFFBD68DA,0.0,0.0,0.0,無,0681
安南區,土地,農場段475地號,3.53,都市：其他:住宅區,,,1091112,土地1建物0車位0,,,其他,,,,0.0,0,0,0,有,無,29652,8400,,0.0,0,,WPSNMLNLKIPFFBD78DA,0.0,0.0,0.0,無,0682
安南區,土地,農場段465-2地號,160.95,都市：其他:住宅區,,,1091112,土地1建物0車位0,,,其他,,,,0.0,0,0,0,有,無,1351980,8400,,0.0,0,,XPSNMLNLKIPFFBD88DA,0.0,0.0,0.0,無,0683
安南區,土地,農場段467-3地號,57.49,都市：其他:住宅區,,,1091112,土地1建物0車位0,,,其他,,,,0.0,0,0,0,有,無,634057,11029,,0.0,0,,YPSNMLNLKIPFFBD98DA,0.0,0.0,0.0,無,0684
安南區,土地,農場段443-1地號,84.68,都市：其他:住宅區,,,1091112,土地1建物0車位0,,,其他,,,,0.0,0,0,0,有,無,843159,9957,,0.0,0,,RPWNMLNLKIPFFBD68DA,0.0,0.0,0.0,無,0677
安南區,土地,農場段447地號,4.74,都市：其他:住宅區,,,1091112,土地1建物0車位0,,,其他,,,,0.0,0,0,0,有,無,63042,13300,,0.0,0,,SPWNMLNLKIPFFBD78DA,0.0,0.0,0.0,無,0678
安南區,土地,農場段448地號,10.87,都市：其他:住宅區,,,1091112,土地1建物0車位0,,,其他,,,,0.0,0,0,0,有,無,144571,13300,,0.0,0,,TPWNMLNLKIPFFBD88DA,0.0,0.0,0.0,無,0679
安南區,土地,農場段457地號,16.06,都市：其他:住宅區,,,1091112,土地1建物0車位0,,,其他,,,,0.0,0,0,0,有,無,213598,13300,,0.0,0,,UPWNMLNLKIPFFBD98DA,0.0,0.0,0.0,無,0680
安南區,土地,農場段465地號,52.52,都市：其他:住宅區,,,1091112,土地1建物0車位0,,,其他,,,,0.0,0,0,0,有,無,441168,8400,,0.0,0,,VPWNMLNLKIPFFBD09DA,0.0,0.0,0.0,無,0681
安南區,土地,農場段475地號,3.53,都市：其他:住宅區,,,1091112,土地1建物0車位0,,,其他,,,,0.0,0,0,0,有,無,29652,8400,,0.0,0,,WPWNMLNLKIPFFBD56DA,0.0,0.0,0.0,無,0682
安南區,土地,農場段465-2地號,160.95,都市：其他:住宅區,,,1091112,土地1建物0車位0,,,其他,,,,0.0,0,0,0,有,無,634057,3939,,0.0,0,,XPWNMLNLKIPFFBD66DA,0.0,0.0,0.0,無,0683
安南區,土地,農場段467-3地號,57.49,都市：其他:住宅區,,,1091112,土地1建物0車位0,,,其他,,,,0.0,0,0,0,有,無,634057,11029,,0.0,0,,YPWNMLNLKIPFFBD76DA,0.0,0.0,0.0,無,0684
安南區,土地,農場段443-1地號,84.68,都市：其他:住宅區,,,1091112,土地1建物0車位0,,,其他,,,,0.0,0,0,0,有,無,843159,9957,,0.0,0,,RPXNMLNLKIPFFBD78DA,0.0,0.0,0.0,無,0677
安南區,土地,農場段447地號,4.74,都市：其他:住宅區,,,1091112,土地1建物0車位0,,,其他,,,,0.0,0,0,0,有,無,63042,13300,,0.0,0,,SPXNMLNLKIPFFBD88DA,0.0,0.0,0.0,無,0678
安南區,土地,農場段448地號,10.87,都市：其他:住宅區,,,1091112,土地1建物0車位0,,,其他,,,,0.0,0,0,0,有,無,144571,13300,,0.0,0,,TPXNMLNLKIPFFBD98DA,0.0,0.0,0.0,無,0679
安南區,土地,農場段457地號,16.06,都市：其他:住宅區,,,1091112,土地1建物0車位0,,,其他,,,,0.0,0,0,0,有,無,213598,13300,,0.0,0,,UPXNMLNLKIPFFBD09DA,0.0,0.0,0.0,無,0680
安南區,土地,農場段465地號,52.52,都市：其他:住宅區,,,1091112,土地1建物0車位0,,,其他,,,,0.0,0,0,0,有,無,441168,8400,,0.0,0,,VPXNMLNLKIPFFBD56DA,0.0,0.0,0.0,無,0681
安南區,土地,農場段475地號,3.53,都市：其他:住宅區,,,1091112,土地1建物0車位0,,,其他,,,,0.0,0,0,0,有,無,29652,8400,,0.0,0,,WPXNMLNLKIPFFBD66DA,0.0,0.0,0.0,無,0682
安南區,土地,農場段465-2地號,160.95,都市：其他:住宅區,,,1091112,土地1建物0車位0,,,其他,,,,0.0,0,0,0,有,無,1351980,8400,,0.0,0,,XPXNMLNLKIPFFBD76DA,0.0,0.0,0.0,無,0683
安南區,土地,農場段467-3地號,57.49,都市：其他:住宅區,,,1091112,土地1建物0車位0,,,其他,,,,0.0,0,0,0,有,無,634057,11029,,0.0,0,,YPXNMLNLKIPFFBD86DA,0.0,0.0,0.0,無,0684
安南區,房地(土地+建物),館安路７３巷２號,221.75,都市：其他:住宅區,,,1091121,土地2建物1車位0,全,四層,透天厝,見其他登記事項,鋼筋混凝土造,1041102,259.56,4,2,5,有,有,15200000,58561,,0.0,0,,RPRPMLPJJHGGFBD37DA,240.03,0.0,19.51,無,
安南區,房地(土地+建物),館安路８１號,305.78,都市：其他:住宅區,,,1091103,土地2建物1車位0,全,五層,透天厝,見其他登記事項,鋼筋混凝土造,1041102,443.40999999999997,5,2,6,有,有,27000000,60892,,0.0,0,,RPOPMLPJJHGGFBD07DA,424.73,0.0,18.66,有,
東區,房地(土地+建物),立德八路３巷６６之４號,22.81,都市：其他:鄰里商業區,,,1091214,土地1建物1車位0,五層,五層,公寓(5樓含以下無電梯),住家用,鋼筋混凝土造,0730927,102.44999999999999,3,2,2,有,無,3500000,34166,,0.0,0,,RPVNMLLLKIPFFCD48DA,80.12,0.0,8.65,無,0701
東區,房地(土地+建物)+車位,崇賢三路２６號五樓之３,32.23,都市：其他:第五種住宅區,,,1091214,土地1建物1車位1,五層,十五層,住宅大樓(11層含以上有電梯),見其他登記事項,鋼筋混凝土造,1061031,187.2,3,2,2,有,有,5558100,31153,坡道平面,29.01,630000,照顧住宅,RPSNMLKLKIPFFCD08DA,97.91,0.0,12.59,有,0702
東區,房地(土地+建物)+車位,崇賢三路３２號十樓之３,32.23,都市：其他:第五種住宅區,,,1091214,土地1建物1車位1,十層,十五層,住宅大樓(11層含以上有電梯),見其他登記事項,鋼筋混凝土造,1061031,187.2,3,2,2,有,有,5677700,31909,坡道平面,29.01,630000,照顧住宅,RPUNMLKLKIPFFCD28DA,97.91,0.0,12.59,有,0703
東區,房地(土地+建物)+車位,崇賢三路２８號十二樓之１,21.36,都市：其他:第五種住宅區,,,1091116,土地1建物1車位1,十二層,十五層,住宅大樓(11層含以上有電梯),見其他登記事項,鋼筋混凝土造,1061031,127.5,2,1,1,有,有,7660000,60078,坡道平面,29.01,0,含地政士服務費；,RPVQMLRKJIPFFCD56DA,64.44,0.0,4.41,有,0704
安平區,房地(土地+建物)+車位,永華路二段８０２號十二樓,24.93,都市：其他:住宅區,,,1091018,土地1建物1車位2,十二層,二十九層,住宅大樓(11層含以上有電梯),見其他登記事項,見其他登記事項,1070125,276.63,3,2,3,有,有,15650000,55273,坡道平面,42.34,2700000,,RPSNMLRJKIPFFAD38DA,130.2,10.24,16.8,有,
中西區,房地(土地+建物)+車位,頂美三街１６６號八樓之３,16.25,都市：其他:住宅區,,,1091126,土地1建物1車位1,八層,十八層,住宅大樓(11層含以上有電梯),見其他登記事項,見其他登記事項,1051026,160.7,3,2,2,有,有,11000000,68451,坡道機械,23.12,0,,RPXNMLOJKIPFFAD58DA,85.95,0.0,10.79,有,0705
北區,房地(土地+建物),開元路５１７號二十四樓之２,5.75,都市：其他:住宅區,,,1091206,土地3建物1車位0,二十四層,二十四層,住宅大樓(11層含以上有電梯),見其他登記事項,見其他登記事項,1041105,78.53,2,2,1,有,有,5350000,68127,,0.0,0,含租約；,RPQNMLQJKIPFFAD08DA,47.76,0.0,7.26,有,0706
北區,房地(土地+建物)+車位,北成路８０巷２２弄２２號二樓,32.8,都市：其他:住宅區,,,1091130,土地1建物1車位1,二層，夾層,九層,華廈(10層含以下有電梯),集合住宅,鋼筋混凝土造,0840913,139.87,4,2,2,有,有,6200000,44330,坡道平面,0.0,800000,夾層；,RPPOMLKMJIPFFAD67DA,83.83,0.0,9.46,有,0707
安平區,房地(土地+建物)+車位,永華路二段８００號十九樓,25.16,都市：其他:住宅區,,,1091108,土地1建物1車位2,十九層,二十九層,住宅大樓(11層含以上有電梯),見其他登記事項,見其他登記事項,1070125,278.95,3,2,3,有,有,16050000,55999,坡道平面,42.34,2800000,,RPTOMLRLJIPFFAD68DA,131.12,10.61,17.01,有,
北區,房地(土地+建物),公園北路１５２號九樓之７,3.2,都市：其他:商業區,,,1091214,土地1建物1車位0,九層,十二層,住宅大樓(11層含以上有電梯),住家用,鋼筋混凝土造,0801130,32.17,1,0,1,有,無,1450000,45073,,0.0,0,,RPXOMLPKKIPFFAD88DA,18.92,0.0,5.52,有,0708
中西區,房地(土地+建物)+車位,民生路二段１３２號三樓之２,27.47,都市：其他:商業區,,,1091207,土地1建物1車位1,三層,十三層,住宅大樓(11層含以上有電梯),見其他登記事項,見其他登記事項,1051108,178.45999999999998,3,2,2,有,有,11280000,68002,坡道平面,30.23,1200000,其他增建；,RPRPMLPJJHGGFAD27DA,86.72,10.22,3.94,有,0709
中西區,房地(土地+建物),康樂街１５６號四樓之１２,8.85,都市：其他:商業區,,,1091128,土地1建物2車位0,四層,十二層,住宅大樓(11層含以上有電梯),住家用,鋼筋混凝土造,0781002,74.52,2,1,1,有,有,2600000,34890,,0.0,0,,RPUQMLPJJHGGFAD67DA,52.98,0.0,7.45,有,
安平區,房地(土地+建物),永華八街２１１號三樓之１,3.44,都市：其他:住宅區,,,1091014,土地1建物1車位0,三層,九層,華廈(10層含以下有電梯),住家用,鋼筋混凝土造,0831107,27.28,1,0,1,有,有,1580000,57918,,0.0,0,,RPPQMLPJJHGGFAD17DA,17.14,0.63,2.94,有,0710
中西區,土地,中正段583地號,84.01,都市：其他:商業區,,,1091028,土地1建物0車位0,,,其他,,,,0.0,0,0,0,有,無,16520000,196643,,0.0,0,買賣雙方協議無償贈與地上未保存建物未登記建物；,RPXQMLPJJHGGFAD97DA,0.0,0.0,0.0,無,
北區,房地(土地+建物),勝利路３７７巷２號二樓之６,8.94,都市：其他:住宅區,,,1091227,土地2建物1車位0,二層,五層,華廈(10層含以下有電梯),住家用,鋼筋混凝土造,0840613,29.52,1,0,1,有,有,1200000,40650,,0.0,0,,RPOOMLQJJHGGFAD96DA,20.1,0.0,2.44,有,
中西區,房地(土地+建物),康樂街１０２號五樓之１,4.43,都市：其他:商業區,,,1091218,土地2建物1車位0,五層,十層,華廈(10層含以下有電梯),商業用,鋼筋混凝土造,0711015,43.03,1,1,1,有,有,1800000,41831,,0.0,0,,RPQNMLRJJHGGFAD17DA,29.3,0.0,2.68,有,0711
安平區,房地(土地+建物),育平九街３７２巷３３弄２７號,178.0,都市：其他:住宅區,,,1091123,土地2建物2車位0,全,三層,透天厝,住家用,鋼筋混凝土造,0781207,342.41,6,2,4,有,無,18200000,53153,,0.0,0,頂樓加蓋；,RPRQMLOJJHGGFAD27DA,331.01,0.0,11.4,無,0712
安平區,房地(土地+建物),建平一街１９０巷３７號,82.0,都市：其他:住宅區,,,1091030,土地1建物1車位0,全,四層,透天厝,住商用,鋼筋混凝土造,0800223,225.78,4,2,4,有,無,9000000,39862,,0.0,0,,RPXNMLPJJHGGFAD67DA,214.21,0.0,11.57,無,
北區,房地(土地+建物),海安路三段７８１巷２１６弄１６號,110.05,都市：其他:住宅區,,,1091219,土地3建物1車位0,全,四層,透天厝,見其他登記事項,鋼筋混凝土造,0880531,234.79,4,2,6,有,無,13000000,55369,,0.0,0,,RPRNMLPJJHGGFAD07DA,217.39,0.0,17.4,無,
北區,房地(土地+建物),公園路５８７之８號,87.0,都市：其他:住宅區,,,1091006,土地1建物1車位0,全,四層,透天厝,住商用,鋼筋混凝土造,0690114,208.67,5,2,4,有,無,7300000,34983,,0.0,0,頂樓加蓋；其他增建；,RPPOMLPJJHGGFAD96DA,208.67,0.0,0.0,無,
安平區,房地(土地+建物),健康三街１２巷１號四樓之３,13.33,都市：其他:住宅區,,,1091114,土地1建物1車位0,四層,十四層,住宅大樓(11層含以上有電梯),見其他登記事項,鋼筋混凝土造,0890822,72.1,2,2,1,有,有,3700000,51318,,0.0,0,,RPTPMLPJJHGGFAD47DA,49.35,0.55,6.97,有,
中西區,房地(土地+建物),忠義路二段１７８號,62.18,都市：其他:商業區,,,1091201,土地1建物1車位0,全,四層,透天厝,住商用,磚造,0520000,172.07,4,3,3,有,無,15000000,87174,,0.0,0,其他增建；,RPVOMLPJJHGGFAD57DA,172.07,0.0,0.0,無,
北區,房地(土地+建物)+車位,北成路１８３號十樓之１０,13.74,都市：其他:商業區,,,1091120,土地1建物1車位1,十層,十四層,住宅大樓(11層含以上有電梯),見其他登記事項,見其他登記事項,1060119,106.41,2,2,1,有,有,6980000,65595,坡道平面,0.0,0,,RPXOMLPJJHGGFAD77DA,50.28,0.0,5.82,有,0713
中西區,房地(土地+建物)+車位,民生路二段４２０號十一樓之３,24.42,都市：其他:商業區,,,1081109,土地1建物1車位1,十一層,二十七層,住宅大樓(11層含以上有電梯),見其他登記事項,見其他登記事項,1091029,263.78999999999996,3,2,3,有,有,18000000,71375,坡道平面,25.61,1000000,預售屋、或土地及建物分次登記案件；,RPOQMLKMKIPFFAD87DA,146.46,0.0,16.55,有,
中西區,房地(土地+建物)+車位,民生路二段４２２號九樓之３,24.42,都市：其他:商業區,,,1081119,土地1建物1車位1,九層,二十七層,住宅大樓(11層含以上有電梯),見其他登記事項,見其他登記事項,1091029,263.77,3,2,3,有,有,18000000,70121,坡道平面,25.61,1300000,預售屋、或土地及建物分次登記案件；,RPWOMLKMKIPFFAD48DA,146.46,0.0,16.55,有,
中西區,房地(土地+建物)+車位,民生路二段４２０號十五樓之２,25.55,都市：其他:商業區,,,1091107,土地1建物1車位2,十五層,二十七層,住宅大樓(11層含以上有電梯),見其他登記事項,見其他登記事項,1091029,299.65,3,2,3,有,有,23230000,81834,坡道平面,51.22,2900000,預售屋、或土地及建物分次登記案件；,RPPPMLKMKIPFFAD87DA,151.76,0.0,18.21,有,
安平區,房地(土地+建物)+車位,永華路二段７９６號十九樓,21.16,都市：其他:住宅區,,,1091214,土地1建物1車位1,十九層,二十九層,住宅大樓(11層含以上有電梯),見其他登記事項,見其他登記事項,1070125,233.7,3,2,2,有,有,14350000,60594,坡道平面,24.11,1650000,,RPROMLKMKIPFFAD97DA,120.22,8.71,11.49,有,
安平區,房地(土地+建物)+車位,永華路二段８００號十七樓,27.34,都市：其他:住宅區,,,1091206,土地1建物1車位3,十七層,二十九層,住宅大樓(11層含以上有電梯),見其他登記事項,見其他登記事項,1070125,303.07000000000005,3,2,3,有,有,17480000,55490,坡道平面,66.45,4350000,,RPTOMLKMKIPFFAD18DA,131.12,10.61,17.01,有,
中西區,房地(土地+建物)+車位,民生路二段４２０號二十一樓之３,24.42,都市：其他:商業區,,,1090717,土地1建物1車位1,二十一層,二十七層,住宅大樓(11層含以上有電梯),見其他登記事項,見其他登記事項,1091029,263.78999999999996,3,2,3,有,有,20000000,78512,坡道平面,25.61,1300000,預售屋、或土地及建物分次登記案件；,RPQPMLKMKIPFFAD97DA,146.46,0.0,16.55,有,
安平區,房地(土地+建物),育平九街３７２巷１８９弄１８號,204.5,都市：其他:商業區,,,1091129,土地1建物1車位0,全,五層,透天厝,住家用,見其他登記事項,1050401,551.08,5,3,6,有,無,38000000,68956,,0.0,0,,RPPOMLKMKIPFFAD77DA,487.95,0.0,63.13,有,
安平區,房地(土地+建物)+車位,健康路三段３３５號七樓之８,8.99,都市：其他:商業區,,,1091211,土地1建物1車位1,七層,二十層,住宅大樓(11層含以上有電梯),見其他登記事項,見其他登記事項,1060124,120.72,2,1,1,有,有,6100000,50530,坡道平面,30.66,0,,RPQPMLOLKIPFFAD28DA,50.9,1.04,8.26,有,0714
北區,房地(土地+建物)+車位,北門路二段５７６巷１５號十樓之２,31.23,都市：其他:住宅區,,,1091018,土地1建物1車位1,十層,十層,華廈(10層含以下有電梯),見其他登記事項,鋼筋混凝土造,0930330,140.41,3,2,2,有,有,6760000,48145,坡道平面,0.0,0,,RPOPMLPJJHGGFAD96DA,86.23,0.0,8.22,有,0715
安平區,房地(土地+建物)+車位,永華五街１０號七樓,8.63,都市：其他:商業區,,,1091206,土地1建物1車位1,七層,二十九層,住宅大樓(11層含以上有電梯),見其他登記事項,見其他登記事項,1070921,148.81,2,2,2,有,有,14180000,103866,坡道機械,23.36,1150000,,RPSNMLPJJHGGFAD17DA,92.77,2.89,6.97,有,
北區,房地(土地+建物),公園路１０６２巷８號,63.46,都市：其他:住宅區,,,1091206,土地1建物1車位0,全,二層,透天厝,住家用,加強磚造,0610710,74.49,6,0,6,有,無,5850000,78534,,0.0,0,陽台外推；頂樓加蓋；,RPWQMLKMKIPFFAD68DA,74.49,0.0,0.0,無,0716
中西區,房地(土地+建物)+車位,民生路二段４２０號六樓之３,24.48,都市：其他:商業區,,,1081228,土地1建物1車位2,六層,二十七層,住宅大樓(11層含以上有電梯),見其他登記事項,見其他登記事項,1091029,289.39,3,2,3,有,有,18450000,66969,坡道平面,51.22,2500000,預售屋、或土地及建物分次登記案件；,RPQQMLKMKIPFFAD08DA,146.46,0.0,16.55,有,
安平區,房地(土地+建物)+車位,永華路二段８６９號三樓,61.58,都市：其他:住宅區,,,1091117,土地1建物1車位2,三層,二十三層,住宅大樓(11層含以上有電梯),見其他登記事項,見其他登記事項,1050411,449.75,4,2,3,有,有,28880000,69963,坡道平面,66.26,2050000,,RPTNMLRJJHGGFAD47DA,254.63,0.0,19.54,有,
中西區,房地(土地+建物),金華路三段９號,82.0,都市：其他:住宅區,,,1091218,土地1建物1車位0,全,三層,透天厝,住家用,加強磚造,0570800,210.48,4,2,3,有,無,10000000,47510,,0.0,0,親友、員工、共有人或其他特殊關係間之交易；,RPROMLRJJHGGFAD37DA,210.48,0.0,0.0,無,
中西區,房地(土地+建物),青年路２２６巷５７之２號,27.26,都市：其他:商業區,,,1091221,土地1建物1車位0,三層,三層,公寓(5樓含以下無電梯),住家用,磚造,0490000,64.98,3,1,1,有,無,1660000,25546,,0.0,0,,RPSOMLRJJHGGFAD47DA,64.98,0.0,0.0,無,0717
北區,房地(土地+建物),和緯路四段９５巷３４號五樓,27.89,都市：其他:住宅區,,,1091220,土地2建物1車位0,五層,五層,公寓(5樓含以下無電梯),住家用,鋼筋混凝土造,0701017,78.7,1,1,1,有,無,1680000,21347,,0.0,0,,RPXOMLRJJHGGFAD97DA,43.62,0.0,22.63,無,0718
中西區,房地(土地+建物),民權路一段１７９號五樓之６,4.17,都市：其他:商業區,,,1091222,土地1建物1車位0,五層,九層,華廈(10層含以下有電梯),住家用,鋼筋混凝土造,0691125,26.810000000000002,1,0,1,有,有,1700000,63409,,0.0,0,,RPOPMLRJJHGGFAD17DA,18.55,0.0,0.0,有,0719
安平區,房地(土地+建物)+車位,育平路２１２號九樓之３,17.53,都市：其他:住宅區,,,1091217,土地1建物1車位1,九層,十七層,住宅大樓(11層含以上有電梯),住家用,鋼筋混凝土造,0840729,187.82999999999998,4,2,2,有,有,8000000,42589,坡道平面,0.0,0,,RPSPMLRJJHGGFAD57DA,106.84,2.31,13.42,有,0720
北區,房地(土地+建物)+車位,長榮路五段４１巷７２號六樓之３,28.21,都市：其他:住宅區,,,1091031,土地2建物1車位1,六層,十四層,住宅大樓(11層含以上有電梯),集合住宅,鋼筋混凝土造,0920916,149.3,3,2,2,有,有,7200000,48225,坡道平面,0.0,0,,RPUPMLRJJHGGFAD77DA,88.37,0.0,9.36,有,
安平區,車位,國平南路,1.38,都市：其他:商業區,,,1091229,土地2建物1車位1,,,其他,,,,21.93,0,0,0,有,有,1080000,,坡道平面,21.93,1080000,僅車位交易；,RPROMLQJJHGGFAD27DA,0.0,0.0,0.0,有,0721
中西區,土地,五條港段1129地號,9.68,都市：其他:細部計畫道路用地,,,1091228,土地2建物0車位0,,,其他,,,,0.0,0,0,0,有,無,750000,77479,,0.0,0,親友、員工、共有人或其他特殊關係間之交易；,RPTNMLQJJHGGFAD37DA,0.0,0.0,0.0,無,0722
北區,房地(土地+建物),北成路１０７號,72.0,都市：其他:住宅區,,,1091214,土地1建物1車位0,全,二層,透天厝,住商用,加強磚造,0641006,102.72,4,2,2,有,無,5000000,48676,,0.0,0,親友、員工、共有人或其他特殊關係間之交易；,RPSNMLOKKIPFFAD18DA,102.72,0.0,0.0,無,
東區,房地(土地+建物),仁和路６９巷３５號,84.35,都市：其他:第五種住宅區,,,1091103,土地3建物1車位0,全,五層,透天厝,見其他登記事項,鋼筋混凝土造,0941014,249.27,5,2,5,有,無,15950000,63987,,0.0,0,陽台外推；其他增建；,RPRPMLNJJIPFFCD18DA,216.69,0.0,32.58,無,
東區,房地(土地+建物)+車位,崇賢三路３０號十五樓之２,22.88,都市：其他:第五種住宅區,,,1091214,土地1建物1車位1,十五層,十五層,住宅大樓(11層含以上有電梯),見其他登記事項,鋼筋混凝土造,1061031,135.14,3,2,2,有,有,4016600,31910,坡道平面,29.01,630000,照顧住宅,RPVNMLKLKIPFFCD38DA,67.33,0.0,6.94,有,0723
東區,房地(土地+建物),林森路二段２２２號之１１,20.34,都市：其他:第五種住宅區,,,1091118,土地23建物1車位0,十二層,十二層,住宅大樓(11層含以上有電梯),住家用,鋼筋混凝土造,0730118,93.0,3,2,2,有,有,5000000,53763,,0.0,0,親友、員工、共有人或其他特殊關係間之交易；,RPXNMLLLKIPFFCD68DA,73.28,0.0,7.67,有,
東區,房地(土地+建物)+車位,崇賢三路３２號七樓之３,32.23,都市：其他:第五種住宅區,,,1091214,土地1建物1車位1,七層,十五層,住宅大樓(11層含以上有電梯),見其他登記事項,鋼筋混凝土造,1061031,187.2,3,2,2,有,有,5606000,31456,坡道平面,29.01,630000,照顧住宅,RPXNMLKLKIPFFCD58DA,97.9,0.0,12.58,有,0724
南區,土地,鹽埕段260-34地號,347.0,都市：其他:都市計畫道路,,,1091106,土地1建物0車位0,,,其他,,,,0.0,0,0,0,有,無,10236500,29500,,0.0,0,協議價購；,RPTNMLLLKIPFFCD28DA,0.0,0.0,0.0,無,
南區,土地,鹽埕段260-34地號,352.0,都市：其他:細部計畫道路用地,,,1091106,土地2建物0車位0,,,其他,,,,0.0,0,0,0,有,無,235000,668,,0.0,0,協議價購；,RPUNMLLLKIPFFCD38DA,0.0,0.0,0.0,無,
東區,房地(土地+建物)+車位,東門路三段２００號,59.38,都市：其他:第五種住宅區,,,1091202,土地1建物1車位1,一層，二層，三層，屋頂突出物，夾層,十二層,住宅大樓(11層含以上有電梯),見其他登記事項,鋼筋混凝土造,1021023,260.8,4,2,5,有,有,23800000,91258,坡道平面,32.15,0,,RPQQMLOKKIPFFCD48DA,163.47,0.0,18.77,有,
東區,房地(土地+建物)+車位,崇明十三街１０巷６號三樓之２,23.76,都市：其他:第五種住宅區,,,1091122,土地2建物1車位1,三層,七層,華廈(10層含以下有電梯),住家用,鋼筋混凝土造,0830316,130.03,3,2,2,有,有,7000000,53834,坡道平面,0.0,0,,RPQNMLMKKIPFFCD97DA,78.82,1.4,6.72,有,0725
安南區,房地(土地+建物),安中路一段７００巷１０７之２號,65.37,都市：其他:住宅區,,,1091205,土地14建物1車位0,三層,四層,公寓(5樓含以下無電梯),見其他登記事項,鋼筋混凝土造,0700907,100.92,2,2,2,有,無,2950000,29231,,0.0,0,陽台外推；,RPQNMLQJJHGGFBD17DA,79.86,0.0,9.81,無,
安南區,土地,新順段1135地號,274.52,都市：其他:住宅區,,,1091117,土地1建物0車位0,,,其他,,,,0.0,0,0,0,有,無,11880000,43276,,0.0,0,,RPWOMLPJJHGGFBD77DA,0.0,0.0,0.0,無,0726
柳營區,房地(土地+建物),果毅里１鄰果毅後３號之１８,140.0,,鄉村區,乙種建築用地,1091216,土地2建物1車位0,全,三層,透天厝,住家用,鋼筋混凝土造,1021203,150.85,5,2,3,有,無,6580000,43619,,0.0,0,,RPRNMLPJJHGGFDD37DA,150.85,0.0,0.0,無,
新營區,房地(土地+建物),府西路２３０巷２４號,24.56,都市：其他:住宅區,,,1091218,土地1建物1車位0,一層,六層,華廈(10層含以下有電梯),商業用,鋼筋混凝土造,0820914,119.48,1,2,1,有,有,2430000,20338,,0.0,0,,RPTNMLQJJHGGFDD67DA,69.62,0.0,0.0,有,0727
新營區,土地,下角帶圍段579地號,1699.0,,特定農業區,農牧用地,1091120,土地1建物0車位0,,,其他,,,,0.0,0,0,0,有,無,2500000,1471,,0.0,0,,RPTNMLRJJHGGFDD77DA,0.0,0.0,0.0,無,0728
新營區,房地(土地+建物),富昌街３８號,133.85,都市：其他:住宅區,,,1081006,土地1建物1車位0,全,四層,透天厝,住家用,鋼筋混凝土造,1091007,303.19,5,3,6,有,無,15600000,51453,,0.0,0,土地價款780萬元整房屋價款780萬元整其他增建；未登記建物；,RPPNMLKKKIPFFDD77DA,271.54,0.0,31.65,無,
南區,土地,興農段556-1地號,14.4,都市：其他:河川區,,,1091211,土地1建物0車位0,,,其他,,,,0.0,0,0,0,有,無,145419,10099,,0.0,0,包含公共設施保留地用地；協議價購；,RPRSMLNLKIPFFCD78DA,0.0,0.0,0.0,無,0674
東區,房地(土地+建物),仁和路１１１巷１９號,43.0,都市：其他:第五種住宅區,,,1091216,土地1建物1車位0,全,二層,透天厝,住家用,加強磚造,0600423,49.01,2,2,2,有,無,3000000,61212,,0.0,0,親友、員工、共有人或其他特殊關係間之交易；未登記建物；,RPUSMLNLKIPFFCD09DA,49.01,0.0,0.0,無,
南區,土地,興農段569-2地號,390.8,都市：其他:河川區,,,1091211,土地2建物0車位0,,,其他,,,,0.0,0,0,0,有,無,4259720,10900,,0.0,0,包含公共設施保留地用地；協議價購；,RPWSMLNLKIPFFCD66DA,0.0,0.0,0.0,無,
南區,土地,興農段568-3地號,40.61,都市：其他:河川區,,,1091211,土地2建物0車位0,,,其他,,,,0.0,0,0,0,有,無,410194,10101,,0.0,0,包含公共設施保留地用地；協議價購；,RPXSMLNLKIPFFCD76DA,0.0,0.0,0.0,無,0609
南區,土地,興農段568-3地號,40.61,都市：其他:河川區,,,1091211,土地2建物0車位0,,,其他,,,,0.0,0,0,0,有,無,410194,10101,,0.0,0,包含公共設施保留地用地；協議價購；,RPOTMLNLKIPFFCD58DA,0.0,0.0,0.0,無,0609
南區,土地,興農段610-1地號,561.07,都市：其他:河川區,,,1091211,土地2建物0車位0,,,其他,,,,0.0,0,0,0,有,無,6283984,11200,,0.0,0,包含公共設施保留地用地；協議價購；,RPPTMLNLKIPFFCD68DA,0.0,0.0,0.0,無,
南區,土地,興農段639-1地號,113.34,都市：其他:保護區,,,1091211,土地1建物0車位0,,,其他,,,,0.0,0,0,0,有,無,1235370,10900,,0.0,0,包含公共設施保留地用地；協議價購；,RPQTMLNLKIPFFCD78DA,0.0,0.0,0.0,無,0636
南區,土地,興農段649-1地號,408.39,都市：其他:河川區,,,1091211,土地1建物0車位0,,,其他,,,,0.0,0,0,0,有,無,4451451,10900,,0.0,0,包含公共設施保留地用地；協議價購；,RPRTMLNLKIPFFCD88DA,0.0,0.0,0.0,無,
南區,土地,興農段666-1地號,21.19,都市：其他:保護區,,,1091211,土地1建物0車位0,,,其他,,,,0.0,0,0,0,有,無,231004,10902,,0.0,0,包含公共設施保留地用地；協議價購；,RPSTMLNLKIPFFCD98DA,0.0,0.0,0.0,無,0604
南區,土地,興農段666-1地號,42.39,都市：其他:保護區,,,1091211,土地1建物0車位0,,,其他,,,,0.0,0,0,0,有,無,462007,10899,,0.0,0,包含公共設施保留地用地；協議價購；,RPTTMLNLKIPFFCD09DA,0.0,0.0,0.0,無,0604
南區,土地,興農段559-1地號,72.76,都市：其他:河川區,,,1091211,土地1建物0車位0,,,其他,,,,0.0,0,0,0,有,無,734876,10100,,0.0,0,包含公共設施保留地用地；協議價購；,RPPUMLNLKIPFFCD78DA,0.0,0.0,0.0,無,
南區,土地,興農段569-3地號,243.66,都市：其他:河川區,,,1091211,土地2建物0車位0,,,其他,,,,0.0,0,0,0,有,無,2655894,10900,,0.0,0,包含公共設施保留地用地；協議價購；,RPQUMLNLKIPFFCD88DA,0.0,0.0,0.0,無,
南區,土地,興農段564地號,505.57,都市：其他:河川區,,,1091211,土地1建物0車位0,,,其他,,,,0.0,0,0,0,有,無,5510713,10900,,0.0,0,包含公共設施保留地用地；協議價購；,RPXTMLNLKIPFFCD86DA,0.0,0.0,0.0,無,
東區,房地(土地+建物),裕忠路１５８號,299.14,都市：其他:虎尾寮第二種住宅區,,,1091126,土地1建物1車位0,全,五層,透天厝,見其他登記事項,鋼筋混凝土造,1041030,632.53,6,2,6,有,無,78000000,123314,,0.0,0,其他增建；,RPROMLKMKIPFFCD18DA,607.98,0.0,24.55,有,
東區,房地(土地+建物)+車位,自由路三段２２７號六樓,26.5,都市：其他:第五種住宅區,,,1091128,土地3建物1車位1,六層,七層,華廈(10層含以下有電梯),住家用,鋼筋混凝土造,0810416,148.52,2,1,2,有,有,6750000,45448,坡道平面,0.0,0,,RPSOMLKMKIPFFCD28DA,89.72,0.0,11.31,有,
東區,房地(土地+建物)+車位,長榮路一段１７９號七樓之２,15.21,都市：其他:第五種住宅區,,,1091216,土地3建物1車位1,七層,二十五層,住宅大樓(11層含以上有電梯),住家用,鋼筋混凝土造,0860919,223.46999999999997,4,2,2,有,有,11500000,51461,坡道平面,39.09,0,,RPUNMLKMKIPFFCD38DA,123.68,0.0,16.08,有,
東區,房地(土地+建物)+車位,大同路一段１４１巷５５號之５七樓之１,1.28,都市：其他:細部計畫道路用地,,,1091223,土地5建物1車位1,七層,七層,華廈(10層含以下有電梯),住家用,鋼筋混凝土造,0831214,100.25999999999999,3,2,2,有,有,6250000,62338,坡道機械,0.0,0,,RPQNMLRJJHGGFCD37DA,22.79,56.03,3.78,有,
東區,房地(土地+建物),中華東路二段１９７號八樓之１０,7.4,都市：其他:道路用地,,,1091202,土地3建物1車位0,八層,二十層,住宅大樓(11層含以上有電梯),住家用,鋼筋混凝土造,0841106,97.63,2,2,1,有,有,4500000,46092,,0.0,0,親友、員工、共有人或其他特殊關係間之交易；,RPRNMLRJJHGGFCD47DA,56.74,0.0,8.52,有,
東區,房地(土地+建物),裕忠路９７號,85.7,都市：其他:虎尾寮第三種住宅區,,,1091113,土地3建物1車位0,全,五層,透天厝,見其他登記事項,鋼筋混凝土造,0930211,236.18,4,2,3,有,有,16560000,70116,,0.0,0,陽台外推；,RPUPMLQJJHGGFCD87DA,193.46,0.0,42.72,無,
東區,房地(土地+建物),中華東路二段７３巷９號三樓,6.77,都市：其他:第五種住宅區,,,1091214,土地1建物1車位0,三層,六層,華廈(10層含以下有電梯),住家用,鋼筋混凝土造,0790821,34.589999999999996,1,1,1,有,無,1700000,49147,,0.0,0,,RPWNMLQJJHGGFCD87DA,20.16,0.0,3.99,有,
東區,房地(土地+建物)+車位,東門路三段１７９巷１０３號二樓之２,24.91,都市：其他:第五種住宅區,,,1091129,土地4建物1車位1,二層,五層,華廈(10層含以下有電梯),住家用,鋼筋混凝土造,0820424,116.75,3,2,2,有,無,4780000,40942,升降機械,0.0,0,,RPOOMLQJJHGGFCD17DA,64.06,0.0,7.08,有,0735
東區,房地(土地+建物)+車位,中華東路三段３９９巷２０弄２０號,96.19,都市：其他:第五種住宅區,,,1091123,土地1建物1車位1,全,四層,透天厝,見其他登記事項,鋼筋混凝土造,0870520,333.19,5,2,4,有,有,17500000,52523,坡道平面,15.22,0,頂樓加蓋；其他增建；,RPWNMLRJJHGGFCD97DA,262.48,10.09,8.35,無,
東區,房地(土地+建物),富農街一段６３號,89.48,都市：其他:第五種住宅區,,,1091211,土地1建物1車位0,全,三層,透天厝,住商用,鋼筋混凝土造,0690730,160.67,4,2,3,有,無,11000000,68463,,0.0,0,其他增建；,RPOOMLRJJHGGFCD27DA,160.67,0.0,0.0,無,
東區,房地(土地+建物),中華東路二段１９７號十九樓,6.22,都市：其他:道路用地,,,1091123,土地3建物1車位0,十九層,二十層,住宅大樓(11層含以上有電梯),住家用,鋼筋混凝土造,0841106,78.99,2,2,1,有,有,4100000,51905,,0.0,0,,RPTNMLPJJHGGFCD47DA,46.1,0.74,5.53,有,
南區,房地(土地+建物)+車位,大成路一段９６號七樓之５,26.49,都市：其他:住宅區,,,1091215,土地3建物1車位1,七層,七層,華廈(10層含以下有電梯),見其他登記事項,鋼筋混凝土造,1051201,155.36,2,2,2,有,有,8500000,54712,坡道平面,25.33,0,,RPVOMLOJJHGGFCD67DA,71.32,1.67,10.61,有,0736
東區,房地(土地+建物)+車位,崇德二十五街１２號四樓,20.08,都市：其他:第五種住宅區,,,1091203,土地1建物1車位1,四層,十二層,住宅大樓(11層含以上有電梯),住家用,鋼筋混凝土造,0890621,161.36,3,2,2,有,有,8680000,53793,坡道平面,35.85,0,,RPPPMLRJJHGGFCD47DA,89.01,0.0,11.75,有,
東區,房地(土地+建物),東成街５６巷６號,61.99,都市：其他:道路用地,,,1091031,土地3建物1車位0,全,二層,透天厝,住家用,加強磚造,0640318,72.26,3,2,2,有,無,6800000,94105,,0.0,0,,RPWNMLSJJHGGFCD08DA,72.26,0.0,0.0,無,
白河區,房地(土地+建物),庄內里７鄰中山路４４９巷１０５弄３０號,167.1,都市：其他:農業區,,,1091218,土地6建物1車位0,全,三層,透天厝,見其他登記事項,見其他登記事項,1090214,143.09,4,2,3,有,無,8000000,55909,,0.0,0,土地價金新台幣360萬房屋價金新台幣440萬,RPRNMLNJJHGGFED27DA,135.79,0.0,7.3,無,
白河區,房地(土地+建物),庄內里７鄰中山路４４９巷１０５弄２６號,161.1,都市：其他:農業區,,,1091221,土地5建物1車位0,全,三層,透天厝,見其他登記事項,見其他登記事項,1090214,156.98,4,2,3,有,無,8000000,50962,,0.0,0,土地價金新台幣360萬，房屋價金新台幣440萬,RPSNMLNJJHGGFED37DA,149.68,0.0,7.3,無,
東山區,土地,三榮段431地號,222.02,,鄉村區,乙種建築用地,1091228,土地1建物0車位0,,,其他,,,,0.0,0,0,0,有,無,1141738,5143,,0.0,0,本買賣包含未保存木石磚造房屋一棟權利範圍1/3,RPVNMLRJJHGGFED08DA,0.0,0.0,0.0,無,
白河區,房地(土地+建物),白河里新富街３０之３號,108.0,都市：其他:商業區,,,1091116,土地1建物1車位0,全,五層,透天厝,住商用,鋼筋混凝土造,0830517,461.37,7,2,5,有,無,7200000,15606,,0.0,0,,RPSNMLRJJHGGFED77DA,424.87,0.0,36.5,無,
麻豆區,房地(土地+建物),南勢２４之５８號,110.4,都市：其他:農業區,,,1080509,土地4建物1車位0,全,四層,透天厝,見其他登記事項,見其他登記事項,1090507,250.66,4,2,5,有,有,11380000,45400,,0.0,0,預售屋、或土地及建物分次登記案件；,RPXNMLTLKIPFFFD17DA,224.34,26.32,0.0,無,
麻豆區,房地(土地+建物),南勢２４之６５號,114.63,都市：其他:農業區,,,1090815,土地4建物1車位0,全,四層,透天厝,見其他登記事項,見其他登記事項,1090507,225.18,4,2,5,有,有,10880000,48317,,0.0,0,預售屋、或土地及建物分次登記案件；,RPOOMLTLKIPFFFD98DA,199.89,25.29,0.0,無,
六甲區,土地,忠孝段691地號,84.55,都市：其他:計畫道路用地,,,1091127,土地4建物0車位0,,,其他,,,,0.0,0,0,0,有,無,444870,5262,,0.0,0,親友、員工、共有人或其他特殊關係間之交易；,RPVNMLRJJHGGFFD18DA,0.0,0.0,0.0,無,
麻豆區,土地,南寮段428地號,1508.0,,特定農業區,農牧用地,1091202,土地1建物0車位0,,,其他,,,,0.0,0,0,0,有,無,2035800,1350,,0.0,0,,RPTNMLRJJHGGFFD97DA,0.0,0.0,0.0,無,
麻豆區,房地(土地+建物),麻豆區寮里寮子２之７５號,67.0,,鄉村區,乙種建築用地,1090912,土地1建物1車位0,全,四層,透天厝,見其他登記事項,見其他登記事項,1081022,175.0,4,2,3,有,無,7250000,41429,,0.0,0,,RPPNMLRJJHGGFFD57DA,144.91,0.0,30.09,無,
學甲區,土地,大灣段521地號,2620.0,,特定農業區,農牧用地,1091222,土地1建物0車位0,,,其他,,,,0.0,0,0,0,有,無,3580000,1366,,0.0,0,,RPPNMLSJJHGGFGD77DA,0.0,0.0,0.0,無,
西港區,房地(土地+建物),慶安路１７１巷１０８號,119.87,都市：其他:住宅區,,,1071108,土地5建物1車位0,全,四層,透天厝,見其他登記事項,鋼筋混凝土造,1090416,192.16,5,2,5,有,無,9250000,48137,,0.0,0,預售屋、或土地及建物分次登記案件；,RPVNMLQJJHGGFGD18DA,172.35,0.0,19.81,無,
佳里區,土地,延平段220地號,1838.67,,一般農業區,農牧用地,1091111,土地1建物0車位0,,,其他,,,,0.0,0,0,0,有,無,4171500,2269,,0.0,0,協議價購；,RPWOMLPJJHGGFGD28DA,0.0,0.0,0.0,無,
西港區,土地,營段615地號,260.74,,鄉村區,乙種建築用地,1091229,土地3建物0車位0,,,其他,,,,0.0,0,0,0,有,無,1578000,6052,,0.0,0,親友、員工、共有人或其他特殊關係間之交易；,RPWQMLTLKIPFFGD47DA,0.0,0.0,0.0,無,0737
佳里區,房地(土地+建物),安西路２０１巷３３弄３號,83.58,都市：其他:住宅區,,,1090725,土地4建物1車位0,全,三層,透天厝,住家用,見其他登記事項,0670410,136.1,4,3,3,有,無,2750000,20206,,0.0,0,,RPWNMLSJJHGGFGD48DA,136.1,0.0,0.0,無,
學甲區,土地,宅子港段165-321地號,19.86,,特定農業區,交通用地,1091218,土地1建物0車位0,,,其他,,,,0.0,0,0,0,有,無,33764,1700,,0.0,0,協議價購；,RPTOMLTLKIPFFGD96DA,0.0,0.0,0.0,無,0595
學甲區,土地,宅子港段165-321地號,9.93,,特定農業區,交通用地,1091218,土地1建物0車位0,,,其他,,,,0.0,0,0,0,有,無,16882,1700,,0.0,0,協議價購；,RPUOMLTLKIPFFGD07DA,0.0,0.0,0.0,無,0595
學甲區,土地,宅子港段165-321地號,3.31,,特定農業區,交通用地,1091218,土地1建物0車位0,,,其他,,,,0.0,0,0,0,有,無,5627,1700,,0.0,0,協議價購；,RPROMLTLKIPFFGD76DA,0.0,0.0,0.0,無,0595
佳里區,土地,北文段674地號,658.54,都市：其他:住宅區,,,1090930,土地3建物0車位0,,,其他,,,,0.0,0,0,0,有,無,28000000,42518,,0.0,0,親友、員工、共有人或其他特殊關係間之交易；未登記建物；,RPPNMLRKKIPFFGD78DA,0.0,0.0,0.0,無,
安定區,房地(土地+建物),許中營６５之１號,84.49,,鄉村區,乙種建築用地,1091129,土地1建物1車位0,全,三層,透天厝,住家用,鋼筋混凝土造,1090210,174.35,4,2,3,有,無,10580000,60683,,0.0,0,,RPPNMLLJJHGGFHD17DA,160.44,0.0,13.91,無,
新市區,土地,大洲段958-1地號,125.64,都市：其他:計畫道路用地,,,1091214,土地1建物0車位0,,,其他,,,,0.0,0,0,0,有,無,741285,5900,,0.0,0,協議價購；,RPVNMLSLKIPFFHD07DA,0.0,0.0,0.0,無,0741
新市區,土地,大洲段958-1地號,145.87,都市：其他:計畫道路用地,,,1091214,土地1建物0車位0,,,其他,,,,0.0,0,0,0,有,無,860632,5900,,0.0,0,協議價購；,RPWNMLSLKIPFFHD17DA,0.0,0.0,0.0,無,0741
新市區,土地,大洲段958-1地號,565.39,都市：其他:計畫道路用地,,,1091214,土地1建物0車位0,,,其他,,,,0.0,0,0,0,有,無,3335783,5900,,0.0,0,協議價購；,RPXNMLSLKIPFFHD27DA,0.0,0.0,0.0,無,0741
善化區,房地(土地+建物)+車位,小新營３３號五樓之１,17.08,都市：其他:商業區,,,1091206,土地2建物1車位1,五層,七層,華廈(10層含以下有電梯),見其他登記事項,鋼筋混凝土造,1050511,83.2,2,2,2,有,有,5200000,62500,坡道平面,5.61,0,,RPUNMLOLKIPFFHD56DA,51.62,0.0,2.71,有,
新市區,房地(土地+建物),大洲６３之１０號,77.56,,鄉村區,乙種建築用地,1091218,土地3建物1車位0,全,四層,透天厝,見其他登記事項,鋼筋混凝土造,1090328,186.48,4,2,5,有,無,10600000,56843,,0.0,0,,RPXOMLRJJHGGFHD68DA,173.17,0.0,13.31,無,
善化區,土地,茄拔段一小段819-5地號,184.75,,特定農業區,農牧用地,1091112,土地3建物0車位0,,,其他,,,,0.0,0,0,0,有,無,255000,1380,,0.0,0,親友、員工、共有人或其他特殊關係間之交易；,RPTOMLSJJHGGFHD38DA,0.0,0.0,0.0,無,
善化區,房地(土地+建物),光華路３５巷２２號,83.82,都市：其他:住宅區,,,1091212,土地1建物1車位0,全,二層,透天厝,住商用,加強磚造,0730124,109.43,5,2,2,有,無,6800000,62140,,0.0,0,頂樓加蓋；其他增建；,RPRSMLOJJHGGFHD18DA,107.34,0.0,2.09,無,
善化區,房地(土地+建物),小新營１０之２２號二樓之２,18.85,都市：其他:商業區,,,1091214,土地1建物1車位0,二層,六層,華廈(10層含以下有電梯),見其他登記事項,鋼筋混凝土造,1090213,86.03999999999999,2,1,1,有,有,4600000,53464,,0.0,0,,RPQNMLRJJHGGFHD87DA,53.23,0.0,7.53,有,
新市區,房地(土地+建物),三舍路１０２之７號,183.0,,鄉村區,乙種建築用地,1091021,土地2建物1車位0,全,三層,透天厝,住家用,鋼筋混凝土造,0810915,187.96,7,0,7,有,無,10000000,53203,,0.0,0,未登記建物；,RPRNMLRJJHGGFHD97DA,184.76,0.0,3.2,無,
山上區,土地,牛稠埔段81-5地號,328.0,,鄉村區,乙種建築用地,1091117,土地4建物0車位0,,,其他,,,,0.0,0,0,0,有,無,1030000,3140,,0.0,0,,RPRNMLQJJHGGFHD87DA,0.0,0.0,0.0,無,
新化區,房地(土地+建物),信義路３１０之２號,88.68,都市：其他:住宅區,,,1091107,土地1建物1車位0,全,二層,透天厝,住家用,加強磚造,0640200,102.4,5,2,3,有,無,5500000,53711,,0.0,0,,RPOUMLPJJHGGFHD18DA,102.4,0.0,0.0,無,
善化區,房地(土地+建物),小新營３１８之１０號,618.27,都市：其他:乙種工業區,,,1091115,土地4建物1車位0,全,一層,透天厝,見其他登記事項,見其他登記事項,1071122,160.55,0,0,0,無,無,15000000,93429,,0.0,0,其他增建；,RPOOMLLLKIPFFHD38DA,160.55,0.0,0.0,無,0744
新市區,土地,新晶段64-1地號,30608.47,都市：其他:工業區(供生產事業使用),,,1070814,土地1建物0車位0,,,其他,,,,0.0,0,0,0,有,無,569432324,18604,,0.0,0,,RPWNMLLJKIPFFHD88DA,0.0,0.0,0.0,無,
學甲區,土地,草段1274地號,1000.22,,一般農業區,農牧用地,1090724,土地1建物0車位0,,,其他,,,,0.0,0,0,0,有,無,850000,850,,0.0,0,,RPRNMLKLJHGGFGD37DA,0.0,0.0,0.0,無,
仁德區,房地(土地+建物),中山路６０６巷１弄５７號,92.84,都市：其他:住宅區,,,1091129,土地1建物1車位0,全,三層,透天厝,住家用,鋼筋混凝土造,0790713,188.68,4,2,4,有,無,6500000,34450,,0.0,0,頂樓加蓋；其他增建；,RPSPMLQJJHGGFID28DA,164.85,10.75,13.08,無,0745
歸仁區,土地,媽祖廟段三小段937地號,567.19,,特定農業區,甲種建築用地,1091115,土地3建物0車位0,,,其他,,,,0.0,0,0,0,有,無,20000000,35262,,0.0,0,,RPVNMLQJJHGGFID38DA,0.0,0.0,0.0,無,0746
關廟區,土地,北花段210地號,1516.0,都市：其他:住宅區,,,1090915,土地1建物0車位0,,,其他,,,,0.0,0,0,0,有,無,41273400,27225,,0.0,0,,RPQPMLQJJHGGFID08DA,0.0,0.0,0.0,無,
關廟區,土地,埤子頭段1216-1地號,260.0,,一般農業區,農牧用地,1091215,土地1建物0車位0,,,其他,,,,0.0,0,0,0,有,無,3146000,12100,,0.0,0,親友、員工、共有人或其他特殊關係間之交易；農作物；,RPPNMLSJJHGGFID97DA,0.0,0.0,0.0,無,
龍崎區,土地,崎頂段1319-1地號,3555.0,,山坡地保育區,農牧用地,1091205,土地1建物0車位0,,,其他,,,,0.0,0,0,0,有,無,1700000,478,,0.0,0,,RPQNMLSJJHGGFID08DA,0.0,0.0,0.0,無,
仁德區,房地(土地+建物),仁義里中山路５３９巷２弄１２號,109.69,都市：其他:商業區,,,1090711,土地1建物1車位0,全,五層,透天厝,住家用,見其他登記事項,1060526,510.36,13,0,14,有,無,25000000,48985,,0.0,0,頂樓加蓋；,RPSNMLSJJHGGFID28DA,479.04,0.0,31.32,有,0747
仁德區,土地,正義段969地號,85.73,都市：其他:計畫道路用地,,,1091117,土地1建物0車位0,,,其他,,,,0.0,0,0,0,有,無,900000,10498,,0.0,0,包含公共設施保留地用地；,RPSNMLRJJHGGFID18DA,0.0,0.0,0.0,無,
關廟區,土地,新埔段232地號,1760.0,,一般農業區,農牧用地,1100102,土地1建物0車位0,,,其他,,,,0.0,0,0,0,有,無,2000000,1136,,0.0,0,,RPOOMLSJJHGGFID97DA,0.0,0.0,0.0,無,
歸仁區,房地(土地+建物)+車位,南興里文化街三段３５６號四樓之５,43.74,都市：其他:住宅區,,,1091111,土地1建物1車位1,四層,五層,華廈(10層含以下有電梯),見其他登記事項,見其他登記事項,1050613,132.09,3,1,2,有,有,6500000,49209,一樓平面,13.76,0,,RPQOMLQJJHGGFID97DA,85.45,0.0,7.13,有,
仁德區,房地(土地+建物),保華路１２９巷４１弄１號,79.15,都市：其他:住宅區,,,1091101,土地1建物1車位0,全,二層,透天厝,住家用,鋼筋混凝土造,0810511,83.89,4,2,3,有,無,7300000,87019,,0.0,0,頂樓加蓋；其他增建；,RPWNMLMLKIPFFID66DA,80.74,0.0,3.15,無,
仁德區,土地,太子段1001地號,9.0,都市：其他:住宅區,,,1091223,土地1建物0車位0,,,其他,,,,0.0,0,0,0,有,無,216000,24000,,0.0,0,,RPSNMLNLKIPFFID98DA,0.0,0.0,0.0,無,
仁德區,土地,太子段1003地號,4.8,都市：其他:住宅區,,,1091223,土地1建物0車位0,,,其他,,,,0.0,0,0,0,有,無,136320,28400,,0.0,0,,RPVNMLNLKIPFFID66DA,0.0,0.0,0.0,無,
仁德區,土地,忠義段1263地號,15.1,都市：其他:住宅區,,,1091204,土地1建物0車位0,,,其他,,,,0.0,0,0,0,有,無,400000,26490,,0.0,0,親友、員工、共有人或其他特殊關係間之交易；,RPPNMLLKKIPFFID38DA,0.0,0.0,0.0,無,0748
仁德區,土地,忠義段1263-1地號,284.86,都市：其他:住宅區,,,1091204,土地1建物0車位0,,,其他,,,,0.0,0,0,0,有,無,8000000,28084,,0.0,0,親友、員工、共有人或其他特殊關係間之交易；,RPQNMLLKKIPFFID48DA,0.0,0.0,0.0,無,
仁德區,土地,岳王段983地號,135.79,都市：其他:商業區,,,1091110,土地1建物0車位0,,,其他,,,,0.0,0,0,0,有,無,8010600,58993,,0.0,0,,RPSNMLMJKIPFFID68DA,0.0,0.0,0.0,無,
歸仁區,房地(土地+建物),高鐵五路２６巷３１號,104.99,都市：其他:住宅區,,,1091122,土地1建物1車位0,全,四層,透天厝,住家用,見其他登記事項,1080522,196.55,6,1,3,有,無,14000000,71229,,0.0,0,其他增建；,RPPNMLMLJIPFFID48DA,180.02,0.0,16.53,無,
永康區,土地,鹽西段915-11地號,671.64,都市：其他:工業區,,,1091023,土地4建物0車位0,,,其他,,,,0.0,0,0,0,有,無,15783540,23500,,0.0,0,親友、員工、共有人或其他特殊關係間之交易；,RPVNMLSJJHGGFKD78DA,0.0,0.0,0.0,無,
永康區,房地(土地+建物),正強街２９８號十三樓之１,17.26,都市：其他:住宅區,,,1091127,土地1建物1車位0,十三層,十四層,住宅大樓(11層含以上有電梯),住家用,鋼筋混凝土造,0830502,94.22,3,2,2,有,有,3550000,37678,,0.0,0,,RPWNMLSJJHGGFKD88DA,70.78,0.75,8.88,有,
永康區,房地(土地+建物),中山南路３１６巷６５號,6600.45,都市：其他:工業區,,,1091110,土地3建物5車位0,全,四層,透天厝,見其他登記事項,鋼筋混凝土造,0780803,3090.54,4,4,2,有,無,281260000,91007,,0.0,0,未登記建物；未登記建物；包含公共設施保留地用地；,RPRNMLPJJHGGFKD08DA,3052.83,15.11,22.6,無,
永康區,房地(土地+建物)+車位,東橋七路１９９號十三樓之９,21.76,都市：其他:住宅區,,,1091205,土地1建物1車位1,十三層,十六層,住宅大樓(11層含以上有電梯),住家用,見其他登記事項,1061114,141.45,3,2,2,有,有,9600000,67869,坡道平面,22.39,0,,RPTOMLQJJHGGFKD48DA,69.81,4.61,4.41,有,0749
永康區,房地(土地+建物),六合里中華二路２６６巷１６號八樓之２,5.84,都市：其他:住宅區,,,1091130,土地1建物1車位0,八層,十九層,住宅大樓(11層含以上有電梯),住家用,鋼筋混凝土造,0860128,74.03999999999999,2,2,1,有,有,2800000,37817,,0.0,0,,RPPOMLQJJHGGFKD08DA,47.73,0.72,9.09,有,
永康區,房地(土地+建物),鹽行里永安路１６５巷２４號四樓之１,18.24,都市：其他:住宅區,,,1091120,土地1建物1車位0,四層,七層,華廈(10層含以下有電梯),住家用,鋼筋混凝土造,0830122,101.65,3,2,1,有,有,3300000,32464,,0.0,0,,RPRNMLRJJHGGFKD28DA,64.82,0.0,8.1,有,
永康區,房地(土地+建物),中華路１之１８號,12.67,都市：其他:住宅區,,,1091218,土地1建物1車位0,七層,二十四層,住宅大樓(11層含以上有電梯),見其他登記事項,見其他登記事項,0791205,204.92999999999998,0,0,0,無,有,11000000,53677,,0.0,0,陽台外推；,RPWOMLPJJHGGFKD68DA,138.15,0.0,12.3,有,
玉井區,土地,玉田段973地號,50.65,都市：其他:商業區,,,1091203,土地1建物0車位0,,,其他,,,,0.0,0,0,0,有,無,2100000,41461,,0.0,0,買地送屋。未登記建物；,RPQNMLQJJHGGFJD97DA,0.0,0.0,0.0,無,
永康區,土地,永信段1045-1地號,6.84,都市：其他:道路用地,,,1091230,土地1建物0車位0,,,其他,,,,0.0,0,0,0,有,無,87200,12749,,0.0,0,包含公共設施保留地用地；,RPUPMLKMKIPFFKD76DA,0.0,0.0,0.0,無,
永康區,房地(土地+建物),中山南路２６２巷２號十五樓之６,20.49,都市：其他:住宅區,,,1091105,土地5建物1車位0,十五層,十五層,住宅大樓(11層含以上有電梯),見其他登記事項,鋼筋混凝土造,0841204,134.93,3,2,2,有,有,4720000,34981,,0.0,0,,RPQOMLSLKIPFFKD96DA,102.43,0.0,12.63,有,
南區,房地(土地+建物),萬年五街４０巷１１號,124.59,都市：其他:住宅區,,,1091215,土地1建物1車位0,全,四層,透天厝,住宅、停車空間,鋼筋混凝土構造,1090429,284.34,5,2,6,有,無,18150000,63832,,0.0,0,,RPVOMLQJJHGGFCD97EA,265.54,0.0,18.8,有,
新營區,土地,下角帶圍段742地號,1433.0,,特定農業區,農牧用地,1091127,土地1建物0車位0,,,其他,,,,0.0,0,0,0,有,無,2292800,1600,,0.0,0,,RPRNMLSJJHGGFDD77EA,0.0,0.0,0.0,無,
安南區,土地,怡北段635-15地號,18.16,都市：其他:住宅區,,,1091218,土地1建物0車位0,,,其他,,,,0.0,0,0,0,有,無,726582,40010,,0.0,0,畸零地或有合併使用效益；政府機關標讓售；,RPUNMLRJJHGGFBD77EA,0.0,0.0,0.0,無,
安南區,土地,淵南段792地號,248.8,都市：其他:農業區,,,1091223,土地4建物0車位0,,,其他,,,,0.0,0,0,0,有,無,1840000,7395,,0.0,0,親友、員工、共有人或其他特殊關係間之交易；,RPVNMLRJJHGGFBD87EA,0.0,0.0,0.0,無,
善化區,房地(土地+建物),茄拔３８之２０號,76.0,,鄉村區,乙種建築用地,1091123,土地2建物1車位0,全,二層,透天厝,住商用,加強磚造,0700417,94.08,5,2,2,有,無,4200000,44643,,0.0,0,,RPVOMLRJJHGGFHD58EA,86.52,0.0,7.56,無,0750
關廟區,土地,松腳段573地號,119.0,都市：其他:住宅區,,,1091223,土地1建物0車位0,,,其他,,,,0.0,0,0,0,有,無,4319700,36300,,0.0,0,,RPOOMLLLKIPFFID58EA,0.0,0.0,0.0,無,
關廟區,房地(土地+建物),長文街１３５巷３６號,92.0,,一般農業區,甲種建築用地,1091214,土地1建物1車位0,全,二層,透天厝,住家用,見其他登記事項,1090721,104.05,3,2,2,有,無,5500000,52859,,0.0,0,,RPPOMLSJKIPFFID56EA,97.58,0.0,6.47,無,
永康區,土地,大灣段8220-1地號,200.0,都市：其他:住宅區,,,1091207,土地1建物0車位0,,,其他,,,,0.0,0,0,0,有,無,8000000,40000,,0.0,0,親友、員工、共有人或其他特殊關係間之交易；,RPTNMLRJJHGGFKD58EA,0.0,0.0,0.0,無,
下營區,土地,十六甲段1034地號,315.54,,特定農業區,農牧用地,1091222,土地2建物0車位0,,,其他,,,,0.0,0,0,0,有,無,250000,792,,0.0,0,受債權債務關係影響或債務抵償；,RPRNMLSJJHGGFFD97EA,0.0,0.0,0.0,無,
六甲區,土地,水林段376地號,149.57,都市：其他:住宅區,,,1091230,土地2建物0車位0,,,其他,,,,0.0,0,0,0,有,無,2036250,13614,,0.0,0,,RPQNMLLKJHGGFFD27EA,0.0,0.0,0.0,無,
麻豆區,土地,祖廟段1197地號,36.18,都市：其他:農業區,,,1091211,土地1建物0車位0,,,其他,,,,0.0,0,0,0,有,無,296314,8190,,0.0,0,政府機關標讓售；,RPVNMLLKJHGGFFD77EA,0.0,0.0,0.0,無,
白河區,土地,海豐厝段1305地號,1350.0,,特定農業區,農牧用地,1091212,土地1建物0車位0,,,其他,,,,0.0,0,0,0,有,無,1625000,1204,,0.0,0,,RPQNMLLKJHGGFED17EA,0.0,0.0,0.0,無,0751
永康區,土地,三民段1587地號,144.85,都市：其他:住宅區,,,1091201,土地1建物0車位0,,,其他,,,,0.0,0,0,0,有,無,2700000,18640,,0.0,0,親友、員工、共有人或其他特殊關係間之交易；,RPQOMLSJJHGGFKD48EA,0.0,0.0,0.0,無,
善化區,土地,茄拔段一小段969-1地號,1095.0,,特定農業區,農牧用地,1091030,土地2建物0車位0,,,其他,,,,0.0,0,0,0,有,無,1541555,1408,,0.0,0,政府機關標讓售；,RPVOMLLKJHGGFHD08EA,0.0,0.0,0.0,無,
安南區,土地,佃西段682地號,5.48,都市：其他:細部計畫道路用地,,,1091212,土地1建物0車位0,,,其他,,,,0.0,0,0,0,有,無,80078,14613,,0.0,0,,RPPOMLRJJHGGFBD37EA,0.0,0.0,0.0,無,
安南區,土地,東和段527地號,82.69,都市：其他:住宅區,,,1100107,土地4建物0車位0,,,其他,,,,0.0,0,0,0,有,無,1500000,18140,,0.0,0,增值稅由買方負擔,RPSNMLSJJHGGFBD67EA,0.0,0.0,0.0,無,0752
柳營區,房地(土地+建物),十美街１８６巷１２弄６號,72.0,都市：其他:住宅區,,,1080518,土地1建物1車位0,全,三層,透天厝,住家用,鋼筋混凝土造,1090907,143.82,4,2,4,有,無,6700000,46586,,0.0,0,,RPPNMLLKJHGGFDD96EA,121.27,0.0,22.55,無,
柳營區,房地(土地+建物),十美街１８６巷１２弄１０號,74.0,都市：其他:住宅區,,,1080519,土地1建物1車位0,全,三層,透天厝,住家用,鋼筋混凝土造,1090907,146.49,4,2,4,有,無,6680000,45600,,0.0,0,,RPQNMLLKJHGGFDD07EA,123.57,0.0,22.92,無,
柳營區,房地(土地+建物),十美街１８６巷１２弄１號,113.6,都市：其他:住宅區,,,1080606,土地2建物1車位0,全,三層,透天厝,住家用,鋼筋混凝土造,1090907,166.88,4,2,4,有,無,7500000,44942,,0.0,0,,RPSNMLLKJHGGFDD27EA,144.54,0.0,22.34,無,
新營區,房地(土地+建物),東明街２巷２１號,124.06,都市：其他:住宅區,,,1081030,土地1建物1車位0,全,三層,透天厝,住家用,鋼筋混凝土造,1090706,241.21,4,3,5,有,無,13880000,57543,,0.0,0,,RPTNMLLKJHGGFDD37EA,229.02,0.0,12.19,無,
柳營區,土地,柳中段86地號,43.6,都市：其他:計畫道路用地,,,1091228,土地2建物0車位0,,,其他,,,,0.0,0,0,0,有,無,370000,8488,,0.0,0,,RPWNMLLKJHGGFDD67EA,0.0,0.0,0.0,無,
新營區,土地,延平段678地號,18.43,都市：其他:主要計畫道路用地,,,1091229,土地6建物0車位0,,,其他,,,,0.0,0,0,0,有,無,270000,14650,,0.0,0,,RPXNMLLKJHGGFDD77EA,0.0,0.0,0.0,無,
新營區,房地(土地+建物),民生路３３６巷１１之１號,39.56,都市：其他:住宅區,,,1091127,土地1建物1車位0,一層，四層，五層，屋頂突出物，夾層,五層,華廈(10層含以下有電梯),住家用,鋼筋混凝土造,0820916,146.48000000000002,2,1,3,有,無,2230000,15224,,0.0,0,賣方不負物之瑕疵擔保責任.,RPPOMLLKJHGGFDD07EA,126.66,0.0,2.46,有,
永康區,房地(土地+建物)+車位,中華路５７８巷１５之７１號,14.41,都市：其他:住宅區,,,1091125,土地1建物1車位1,十三層,十七層,住宅大樓(11層含以上有電梯),住家用,鋼筋混凝土造,0810723,148.63,3,2,2,有,有,6800000,45751,坡道平面,0.0,0,,RPVNMLMLKIPFFKD76DA,81.99,0.0,8.8,有,
楠西區,房地(土地+建物),密枝７１號三樓之十六,21.78,都市：其他:住宅區,,,1100103,土地1建物1車位0,三層,十層,華廈(10層含以下有電梯),住家用,鋼筋混凝土造,0850902,59.339999999999996,1,1,1,有,有,2150000,36232,,0.0,0,,RPPNMLLKJHGGFJD47DA,24.22,12.33,0.0,有,
永康區,房地(土地+建物),正南五街２８９巷５３號六樓,8.24,都市：其他:住宅區,,,1091204,土地1建物1車位0,六層,七層,華廈(10層含以下有電梯),住家用,鋼筋混凝土造,0821228,40.17,1,0,1,有,有,1270000,31616,,0.0,0,,RPOOMLQJJHGGFKD97DA,24.96,0.0,3.56,有,
永康區,房地(土地+建物)+車位,復華一街１８０號十四樓之３,30.5,都市：其他:住宅區,,,1080630,土地1建物1車位1,十四層,十四層,住宅大樓(11層含以上有電梯),見其他登記事項,見其他登記事項,1090909,157.39,3,1,2,有,有,8100000,53410,坡道平面,28.2,1200000,預售屋、或土地及建物分次登記案件；,RPUNMLRJJHGGFKD58DA,79.19,0.0,8.1,有,
永康區,房地(土地+建物),南工街１０３巷５號,61.45,都市：其他:住宅區,,,1091224,土地1建物1車位0,全,二層,透天厝,住家用,鋼筋混凝土造,0691106,73.08,2,2,1,有,無,2400000,32841,,0.0,0,,RPXNMLRJJHGGFKD88DA,73.08,0.0,0.0,無,
永康區,房地(土地+建物),中山南路６５３巷６號,140.55,都市：其他:住宅區,,,1091113,土地1建物1車位0,全,二層,透天厝,住家用,加強磚造,0670500,123.7,4,2,6,有,無,10000000,80841,,0.0,0,,RPQOMLRJJHGGFKD28DA,123.7,0.0,0.0,無,
永康區,房地(土地+建物),中華路１之６號,9.05,都市：其他:住宅區,,,1091120,土地1建物1車位0,六層,二十四層,住宅大樓(11層含以上有電梯),見其他登記事項,見其他登記事項,0791205,149.26,0,0,0,無,有,8200000,54938,,0.0,0,陽台外推；,RPXOMLRJJHGGFKD98DA,96.78,0.0,13.13,有,
永康區,房地(土地+建物)+車位,復華一街１７２號,47.8,都市：其他:住宅區,,,1070411,土地1建物1車位1,一層，二層,十四層,住宅大樓(11層含以上有電梯),見其他登記事項,見其他登記事項,1090909,190.41000000000003,0,0,0,無,有,17110000,98699,坡道平面,28.2,1100000,預售屋、或土地及建物分次登記案件；,RPUOMLQJJHGGFKD58DA,132.72,0.0,3.55,有,
永康區,房地(土地+建物),復華一街１７８號三樓之７,20.71,都市：其他:住宅區,,,1070329,土地1建物1車位0,三層,十四層,住宅大樓(11層含以上有電梯),見其他登記事項,見其他登記事項,1090909,90.59,2,1,1,有,有,4230000,46694,,0.0,0,預售屋、或土地及建物分次登記案件；,RPVOMLQJJHGGFKD68DA,56.76,0.0,4.46,有,
永康區,房地(土地+建物)+車位,復華一街１７８號十一樓之３,31.04,都市：其他:住宅區,,,1070426,土地1建物1車位1,十一層,十四層,住宅大樓(11層含以上有電梯),見其他登記事項,見其他登記事項,1090909,159.57999999999998,3,1,2,有,有,7880000,51606,坡道平面,28.2,1100000,預售屋、或土地及建物分次登記案件；,RPWOMLQJJHGGFKD78DA,80.81,0.0,7.99,有,
永康區,房地(土地+建物)+車位,復華一街１７８號五樓之２,30.73,都市：其他:住宅區,,,1070519,土地1建物1車位1,五層,十四層,住宅大樓(11層含以上有電梯),見其他登記事項,見其他登記事項,1090909,158.29000000000002,3,1,2,有,有,7370000,48197,坡道平面,28.2,1100000,預售屋、或土地及建物分次登記案件；,RPXOMLQJJHGGFKD88DA,78.91,0.0,8.99,有,
永康區,房地(土地+建物)+車位,復華一街１７８號七樓之３,31.04,都市：其他:住宅區,,,1070402,土地1建物1車位1,七層,十四層,住宅大樓(11層含以上有電梯),見其他登記事項,見其他登記事項,1090909,159.57999999999998,3,1,2,有,有,7390000,47876,坡道平面,28.2,1100000,預售屋、或土地及建物分次登記案件；,RPOPMLQJJHGGFKD08DA,80.81,0.0,7.99,有,
永康區,房地(土地+建物)+車位,復華一街１７８號十一樓之７,21.16,都市：其他:住宅區,,,1070831,土地1建物1車位1,十一層,十四層,住宅大樓(11層含以上有電梯),見其他登記事項,見其他登記事項,1090909,111.64,2,1,1,有,有,5300000,52434,坡道機械,21.05,550000,預售屋、或土地及建物分次登記案件；,RPPPMLQJJHGGFKD18DA,56.76,0.0,4.46,有,
永康區,房地(土地+建物)+車位,復華一街１８０號九樓之２,29.2,都市：其他:住宅區,,,1070915,土地1建物1車位1,九層,十四層,住宅大樓(11層含以上有電梯),見其他登記事項,見其他登記事項,1090909,152.14,3,1,2,有,有,7270000,49782,坡道平面,28.2,1100000,權利買賣契約價格817萬元整含車位價款110萬元整預售屋、或土地及建物分次登記案件；,RPRPMLQJJHGGFKD38DA,75.88,0.0,7.83,有,
永康區,房地(土地+建物)+車位,復華一街１８０號十三樓之５,30.41,都市：其他:住宅區,,,1080427,土地1建物1車位1,十三層,十四層,住宅大樓(11層含以上有電梯),見其他登記事項,見其他登記事項,1090909,156.87,3,1,2,有,有,7990000,53548,坡道平面,28.2,1100000,預售屋、或土地及建物分次登記案件；,RPSPMLQJJHGGFKD48DA,78.89,0.0,8.08,有,
永康區,房地(土地+建物)+車位,復華一街１７８號八樓之７,21.16,都市：其他:住宅區,,,1070526,土地1建物1車位1,八層,十四層,住宅大樓(11層含以上有電梯),見其他登記事項,見其他登記事項,1090909,111.64,2,1,1,有,有,4960000,48681,坡道機械,21.05,550000,權利買賣契約價格513萬元整含車位價款55萬元整預售屋、或土地及建物分次登記案件；,RPTPMLQJJHGGFKD58DA,56.76,0.0,4.46,有,
永康區,房地(土地+建物)+車位,復華一街１８０號四樓之５,29.96,都市：其他:住宅區,,,1070405,土地1建物1車位1,四層,十四層,住宅大樓(11層含以上有電梯),見其他登記事項,見其他登記事項,1090909,149.86,3,1,2,有,有,6080000,42155,坡道機械,21.05,650000,預售屋、或土地及建物分次登記案件；,RPVPMLQJJHGGFKD78DA,78.89,0.0,8.12,有,
永康區,房地(土地+建物),復華一街１８０號五樓之６,20.57,都市：其他:住宅區,,,1070415,土地1建物1車位0,五層,十四層,住宅大樓(11層含以上有電梯),見其他登記事項,見其他登記事項,1090909,91.09,2,1,1,有,有,4270000,46877,,0.0,0,預售屋、或土地及建物分次登記案件；,RPWPMLQJJHGGFKD88DA,56.78,0.0,4.74,有,
永康區,房地(土地+建物)+車位,復華一街１８０號十二樓之６,21.34,都市：其他:住宅區,,,1070415,土地1建物1車位1,十二層,十四層,住宅大樓(11層含以上有電梯),見其他登記事項,見其他登記事項,1090909,113.63,2,1,1,有,有,5320000,51523,坡道機械,21.05,550000,權利買賣契約價格588萬元整含車位價款55萬元整預售屋、或土地及建物分次登記案件；,RPXPMLQJJHGGFKD98DA,57.78,0.0,4.74,有,
永康區,土地,永保段106地號,3.24,都市：其他:住宅區,,,1091027,土地1建物0車位0,,,其他,,,,0.0,0,0,0,有,無,111100,34290,,0.0,0,地清或未辦繼承標售；,RPTPMLOJJHGGFKD38DA,0.0,0.0,0.0,無,
永康區,土地,永康段1459-20地號,651.0,都市：其他:住宅區,,,1091116,土地3建物0車位0,,,其他,,,,0.0,0,0,0,有,無,53168400,81672,,0.0,0,,RPROMLSJJHGGFKD48DA,0.0,0.0,0.0,無,
永康區,房地(土地+建物),網寮里永春街２５巷６之１號,98.0,都市：其他:住宅區,,,1090826,土地1建物1車位0,全,四層,透天厝,住家用,鋼筋混凝土造,0940707,234.72,5,2,4,有,無,11000000,46864,,0.0,0,,RPSOMLSJJHGGFKD58DA,206.63,0.0,28.09,無,
永康區,土地,二王段133地號,193.92,都市：其他:道路用地,,,1091229,土地1建物0車位0,,,其他,,,,0.0,0,0,0,有,無,3260000,16811,,0.0,0,本案買賣移轉之印花稅、登記費、代書費等費用，皆由買方負擔。包含公共設施保留地用地；,RPTOMLSJJHGGFKD68DA,0.0,0.0,0.0,無,0753
永康區,土地,大灣段4748-3地號,187.0,都市：其他:住宅區,,,1091127,土地1建物0車位0,,,其他,,,,0.0,0,0,0,有,無,6152300,32900,,0.0,0,土地上有被社區住戶侵占種植大樹木,RPPNMLSJJHGGFKD18DA,0.0,0.0,0.0,無,
永康區,土地,大灣段4147-1地號,330.0,都市：其他:住宅區,,,1091203,土地1建物0車位0,,,其他,,,,0.0,0,0,0,有,無,8910000,27000,,0.0,0,本土地被住戶占用做道路使用,RPQNMLSJJHGGFKD28DA,0.0,0.0,0.0,無,
永康區,房地(土地+建物),大灣路４０巷２０２號,91.0,都市：其他:住宅區,,,1091229,土地1建物1車位0,全,四層,透天厝,住家用,鋼筋混凝土構造,1091014,223.68,5,2,5,有,無,16500000,73766,,0.0,0,,RPRNMLSJJHGGFKD38DA,205.62,0.0,18.06,無,
永康區,房地(土地+建物),大灣路４０巷１９８號,87.0,都市：其他:住宅區,,,1091229,土地1建物1車位0,全,三層,透天厝,住家用,鋼筋混凝土構造,1091014,185.82,5,2,5,有,無,15880000,85459,,0.0,0,,RPTNMLSJJHGGFKD58DA,176.02,0.0,9.8,無,
永康區,房地(土地+建物),大灣路４０巷２０８弄３０號,84.25,都市：其他:住宅區,,,1091229,土地2建物1車位0,全,四層,透天厝,住家用,鋼筋混凝土構造,1091014,181.73,5,2,5,有,無,13000000,71535,,0.0,0,,RPUNMLSJJHGGFKD68DA,174.39,0.0,7.34,無,
仁德區,房地(土地+建物)+車位,保生東路７０號十一樓之２,49.71,都市：其他:住宅區,,,1091216,土地1建物1車位1,十一層,十四層,住宅大樓(11層含以上有電梯),見其他登記事項,見其他登記事項,1090218,259.64,3,2,2,有,有,24850000,103529,坡道平面,32.65,1350000,預售屋、或土地及建物分次登記案件；,RPOPMLOLKIPFFID88DA,136.85,0.0,15.48,有,
仁德區,房地(土地+建物),保安里保學路３７巷４０號,108.06,都市：其他:住宅區,,,1091208,土地3建物1車位0,全,三層,透天厝,住家用,鋼筋混凝土造,0970310,159.14,8,0,8,有,無,7300000,45872,,0.0,0,頂樓加蓋；其他增建；,RPTOMLQJJHGGFID28DA,146.7,4.13,8.31,無,
歸仁區,房地(土地+建物),中正一街１５號,53.0,都市：其他:商業區,,,1091220,土地1建物1車位0,全,三層,透天厝,住商用,鋼筋混凝土造,0700727,133.6,4,1,2,有,無,6880000,51497,,0.0,0,頂樓加蓋；其他增建；,RPTOMLOJJHGGFID08DA,131.1,0.0,2.5,無,
仁德區,土地,太子段563地號,85.39,都市：其他:台糖鐵路用地,,,1091216,土地1建物0車位0,,,其他,,,,0.0,0,0,0,有,無,6800000,79635,,0.0,0,,RPPNMLPJJHGGFID67DA,0.0,0.0,0.0,無,0754
仁德區,房地(土地+建物),大甲里中正西路３６０巷２０弄４１號二樓之１８,5.02,都市：其他:住宅區,,,1091229,土地2建物1車位0,二層,四層,公寓(5樓含以下無電梯),見其他登記事項,鋼筋混凝土造,0960920,14.149999999999999,1,1,1,有,有,450000,31802,,0.0,0,,RPPOMLKMKIPFFID58DA,7.14,0.9,0.0,無,
關廟區,房地(土地+建物),園中街５２巷２６號,101.7,都市：其他:住宅區,,,1091225,土地3建物1車位0,全,三層,透天厝,住家用,見其他登記事項,1090708,170.65,5,2,3,有,無,8450000,49517,,0.0,0,,RPTNMLSJJHGGFID38DA,160.69,0.0,9.96,無,
關廟區,房地(土地+建物),園中街５２巷７號,109.7,都市：其他:住宅區,,,1091224,土地3建物1車位0,全,三層,透天厝,住家用,見其他登記事項,1090708,174.5,5,2,3,有,無,8450000,48424,,0.0,0,,RPUNMLSJJHGGFID48DA,164.32,0.0,10.18,無,
關廟區,房地(土地+建物),園中街５２巷２３號,96.7,都市：其他:住宅區,,,1091214,土地3建物1車位0,全,三層,透天厝,住家用,見其他登記事項,1090708,167.77,5,2,3,有,無,8250000,49174,,0.0,0,,RPVNMLSJJHGGFID58DA,157.98,0.0,9.79,無,
歸仁區,土地,歸仁北段1312-31地號,458.0,都市：其他:廣場用地,,,1091207,土地3建物0車位0,,,其他,,,,0.0,0,0,0,有,無,19400000,42358,,0.0,0,,RPPNMLLKJHGGFID37DA,0.0,0.0,0.0,無,
安定區,房地(土地+建物),六塊寮１６０號,1470.0,,特定農業區,農牧用地,1091008,土地1建物1車位0,全,一層,透天厝,農舍,見其他登記事項,0850719,110.53,0,0,0,無,無,21500000,194517,,0.0,0,未登記建物；,RPPWMLNJKIPFFHD66DA,110.53,0.0,0.0,無,
善化區,房地(土地+建物),茄拔２８９之１１號,112.0,,鄉村區,乙種建築用地,1081228,土地2建物1車位0,全,三層,透天厝,住家用,鋼筋混凝土造,1090925,193.55,4,2,5,有,無,8500000,43916,,0.0,0,,RPWNNLNJKIPFFHD56DA,182.88,0.0,10.67,無,
新市區,土地,南港段158-1地號,379.69,都市：其他:住宅區,,,1091122,土地2建物0車位0,,,其他,,,,0.0,0,0,0,有,無,21010000,55335,,0.0,0,地上未保存建物拆除點交未登記建物；,RPQNMLSJKIPFFHD98DA,0.0,0.0,0.0,無,
新市區,土地,南港段173地號,15.52,都市：其他:計畫道路用地,,,1091122,土地1建物0車位0,,,其他,,,,0.0,0,0,0,有,無,490000,31572,,0.0,0,標的為公共設施保留地作道路使用包含公共設施保留地用地；,SPQNMLSJKIPFFHD09DA,0.0,0.0,0.0,無,
新化區,房地(土地+建物)+車位,永新路１９號,43.9,,特定專用區,甲種建築用地,1091130,土地1建物1車位1,一層,七層,華廈(10層含以下有電梯),住家用,鋼筋混凝土造,0860825,139.99,3,2,2,有,有,4520000,32288,坡道平面,0.0,0,,RPOPMLQKKIPFFHD88DA,79.57,0.0,12.44,有,
新化區,房地(土地+建物),北勢３５之１號,94.75,,鄉村區,乙種建築用地,1091122,土地2建物1車位0,全,四層,透天厝,見其他登記事項,鋼筋混凝土造,1080403,212.61,4,2,5,有,無,8800000,41390,,0.0,0,,RPWOMLSJJHGGFHD68DA,204.48,0.0,8.13,無,0755
善化區,房地(土地+建物)+車位,大信路５７號六樓之７,21.6,都市：其他:住宅區,,,1080503,土地1建物1車位1,六層,七層,華廈(10層含以下有電梯),見其他登記事項,鋼筋混凝土造,1090923,81.72,2,1,1,有,有,4850000,55220,升降機械,5.66,650000,預售屋、或土地及建物分次登記案件；,RPQNMLLKJHGGFHD37DA,47.16,3.04,6.13,有,
新化區,房地(土地+建物),大德路４６之１號,88.69,,特定農業區,甲種建築用地,1091106,土地4建物1車位0,全,四層,透天厝,住商用,鋼筋混凝土造,0821016,169.54,4,2,2,有,無,5500000,32441,,0.0,0,親友、員工、共有人或其他特殊關係間之交易；頂樓加蓋；,RPQOMLLKJHGGFHD47DA,161.27,0.0,8.27,無,
善化區,房地(土地+建物)+車位,陽光大道５９１號二樓之１,21.61,都市：其他:住宅生活服務區(第四種住宅區)區,,,1091127,土地1建物1車位1,二層,二十二層,住宅大樓(11層含以上有電梯),見其他登記事項,鋼筋混凝土造,1081120,132.8,3,2,2,有,有,9650000,72666,坡道平面,23.03,0,含裝潢費1000000元；,RPVOMLLKJHGGFHD97DA,59.23,5.91,5.48,有,
善化區,房地(土地+建物),建國路２５０號,90.41,都市：其他:住宅區,,,1091130,土地1建物1車位0,全,四層,透天厝,住商用,鋼筋混凝土造,1050121,216.33,7,2,8,有,無,17000000,78584,,0.0,0,,RPRPMLLKJHGGFHD67DA,193.85,0.0,22.48,無,
善化區,土地,北子店段1210地號,3782.0,,特定農業區,農牧用地,1091125,土地2建物0車位0,,,其他,,,,0.0,0,0,0,有,無,16800000,4442,,0.0,0,,RPQNMLSJJHGGFHD97DA,0.0,0.0,0.0,無,0756
善化區,房地(土地+建物),善新大道１０５巷８號,76.68,都市：其他:生活服務區(第三-一種住宅區),,,1090726,土地2建物1車位0,全,四層,透天厝,見其他登記事項,鋼筋混凝土造,1090214,196.33,5,2,6,有,無,11550000,58830,,0.0,0,,RPWNMLSJJHGGFHD58DA,168.68,0.0,27.65,無,
善化區,土地,善昌段441地號,177.99,都市：其他:住宅區,,,1090919,土地1建物0車位0,,,其他,,,,0.0,0,0,0,有,無,10500000,58992,,0.0,0,未登記建物；,RPOOMLSJJHGGFHD87DA,0.0,0.0,0.0,無,
新市區,土地,北社內段567地號,239.73,,鄉村區,乙種建築用地,1091219,土地4建物0車位0,,,其他,,,,0.0,0,0,0,有,無,6730000,28073,,0.0,0,,RPROMLSJJHGGFHD18DA,0.0,0.0,0.0,無,
善化區,房地(土地+建物),蓮潭南街２７２巷２２號,301.18,都市：其他:生活服務區(第一種住宅區),,,1091128,土地4建物1車位0,全,三層,透天厝,見其他登記事項,鋼筋混凝土造,1060525,283.76,4,2,5,有,有,32880000,115873,,0.0,0,,RPSOMLSJJHGGFHD28DA,1.56,0.0,0.11,有,
安定區,土地,保安段195地號,500.39,都市：其他:住宅區,,,1091006,土地1建物0車位0,,,其他,,,,0.0,0,0,0,有,無,20700000,41368,,0.0,0,,RPWOMLOLKIPFFHD86DA,0.0,0.0,0.0,無,
安定區,土地,保安段196地號,501.15,都市：其他:住宅區,,,1091027,土地1建物0車位0,,,其他,,,,0.0,0,0,0,有,無,20720000,41345,,0.0,0,,RPXOMLOLKIPFFHD96DA,0.0,0.0,0.0,無,
新市區,土地,大洲段604地號,3091.0,,一般農業區,農牧用地,1091120,土地1建物0車位0,,,其他,,,,0.0,0,0,0,有,無,18300000,5920,,0.0,0,農作物；,RPQQMLOJJHGGFHD87DA,0.0,0.0,0.0,無,
善化區,房地(土地+建物),陽光北一路１９２巷７號,148.88,都市：其他:生活服務區(第二種住宅區),,,1091222,土地2建物1車位0,全,四層,透天厝,見其他登記事項,鋼筋混凝土造,1051109,315.13,4,2,4,有,有,18500000,58706,,0.0,0,,RPTNMLTLKIPFFHD96DA,286.62,0.0,28.25,有,
學甲區,土地,宅子港段165-321地號,9.93,,特定農業區,交通用地,1091218,土地1建物0車位0,,,其他,,,,0.0,0,0,0,有,無,16882,1700,,0.0,0,協議價購；,RPVOMLTLKIPFFGD17DA,0.0,0.0,0.0,無,0595
學甲區,土地,宅子港段165-321地號,7.94,,特定農業區,交通用地,1091218,土地1建物0車位0,,,其他,,,,0.0,0,0,0,有,無,13506,1701,,0.0,0,協議價購；,RPWOMLTLKIPFFGD27DA,0.0,0.0,0.0,無,0595
佳里區,房地(土地+建物),新生路４４１巷３３號,101.0,都市：其他:住宅區,,,1091204,土地1建物1車位0,全,三層,透天厝,見其他登記事項,鋼筋混凝土造,1090430,217.84,4,2,3,有,無,11380000,52240,,0.0,0,親友、員工、共有人或其他特殊關係間之交易；,RPSNMLKKJHGGFGD37DA,208.2,0.0,9.64,無,
學甲區,土地,宅子港段74地號,272.0,,鄉村區,乙種建築用地,1091029,土地1建物0車位0,,,其他,,,,0.0,0,0,0,有,無,690333,2538,,0.0,0,地清或未辦繼承標售；,RPPNMLLKJHGGFGD17DA,0.0,0.0,0.0,無,
佳里區,房地(土地+建物),安西里４７鄰義民街３３３之１號十樓之２,14.65,都市：其他:住宅區,,,1091214,土地1建物1車位0,十層,十層,華廈(10層含以下有電梯),住家用,鋼筋混凝土造,0850821,103.78,3,2,2,有,有,2650000,25535,,0.0,0,,RPVNMLSJJHGGFGD38DA,64.67,0.0,13.43,有,
學甲區,土地,學甲寮段163-4地號,771.0,,鄉村區,乙種建築用地,1091207,土地2建物0車位0,,,其他,,,,0.0,0,0,0,有,無,5000000,6485,,0.0,0,,RPQOMLSJJHGGFGD97DA,0.0,0.0,0.0,無,
佳里區,土地,唐盟段1362地號,2289.19,都市：其他:農業區,,,1091214,土地1建物0車位0,,,其他,,,,0.0,0,0,0,有,無,4000000,1747,,0.0,0,親友、員工、共有人或其他特殊關係間之交易；,RPUNMLRJJHGGFGD18DA,0.0,0.0,0.0,無,0759
官田區,土地,二鎮段二鎮小段141地號,83.0,都市：其他:住宅區,,,1091204,土地1建物0車位0,,,其他,,,,0.0,0,0,0,有,無,1220000,14699,,0.0,0,,RPTNMLSJJHGGFFD08DA,0.0,0.0,0.0,無,
官田區,土地,社子段243-2地號,1008.8,,山坡地保育區,農牧用地,1100105,土地1建物0車位0,,,其他,,,,0.0,0,0,0,有,無,800000,793,,0.0,0,,RPUNMLSJJHGGFFD18DA,0.0,0.0,0.0,無,0760
麻豆區,土地,溝子墘段144-1地號,3.0,,特定農業區,農牧用地,1091215,土地2建物0車位0,,,其他,,,,0.0,0,0,0,有,無,11000,3667,,0.0,0,,RPPNMLNKJHGGFFD27DA,0.0,0.0,0.0,無,
大內區,土地,二重溪段693地號,320.0,,山坡地保育區,農牧用地,1091225,土地1建物0車位0,,,其他,,,,0.0,0,0,0,有,無,192000,600,,0.0,0,,RPUNMLKMKIPFFFD68DA,0.0,0.0,0.0,無,
東山區,土地,大客北一段79地號,4402.33,,一般農業區,農牧用地,1091207,土地1建物0車位0,,,其他,,,,0.0,0,0,0,有,無,1800000,409,,0.0,0,,RPRNMLLKJHGGFED17DA,0.0,0.0,0.0,無,
東山區,土地,崎子頭段1227地號,2190.0,,山坡地保育區,農牧用地,1091230,土地2建物0車位0,,,其他,,,,0.0,0,0,0,有,無,650000,297,,0.0,0,,RPSNMLLKJHGGFED27DA,0.0,0.0,0.0,無,
白河區,土地,崁子頭段662-2地號,77363.49,,一般農業區,農牧用地,1091221,土地17建物0車位0,,,其他,,,,0.0,0,0,0,有,無,20000000,259,,0.0,0,,RPQNMLKMKIPFFED18DA,0.0,0.0,0.0,無,
白河區,房地(土地+建物),關嶺里關子嶺４５８號,137.7,都市：其他:住宅區,,,1091128,土地1建物1車位0,一層，地下層,二層,公寓(5樓含以下無電梯),住家用,鋼筋混凝土造,0810504,108.49000000000001,2,1,2,有,有,3500000,32261,,0.0,0,,RPTNMLNJKIPFFED48DA,93.12,0.0,4.58,無,
南區,房地(土地+建物),水交社路１號十樓之６,10.19,都市：其他:住宅區,,,1091208,土地3建物1車位0,十層,十四層,住宅大樓(11層含以上有電梯),見其他登記事項,鋼筋混凝土造,1061101,76.72,3,2,2,有,無,4600000,59958,,0.0,0,,RPRNMLSJJHGGFCD57DA,44.06,0.0,5.82,有,0761
東區,房地(土地+建物)+車位,崇善十一街５０號六樓之８,7.83,都市：其他:第五種住宅區,,,1091221,土地1建物1車位1,六層,十四層,住宅大樓(11層含以上有電梯),住家用,鋼筋混凝土造,0880802,47.97,2,2,1,有,有,1900000,39608,坡道機械,5.62,0,親友、員工、共有人或其他特殊關係間之交易；,RPOOMLSJJHGGFCD37DA,30.19,0.0,3.82,有,
東區,土地,府連段805地號,237.83,都市：其他:中心商業區,,,1091217,土地1建物0車位0,,,其他,,,,0.0,0,0,0,有,無,30000000,126141,,0.0,0,買方負擔增值稅806419元及印花稅、規費、地政士費用等稅費。,RPXPMLRJJHGGFCD28DA,0.0,0.0,0.0,無,
東區,房地(土地+建物)+車位,富農街二段４３巷２２號五樓,17.67,都市：其他:道路用地,,,1091126,土地3建物1車位1,五層,五層,公寓(5樓含以下無電梯),住家用,鋼筋混凝土造,0781114,93.17999999999999,2,2,1,有,無,3400000,36489,坡道平面,0.0,0,,RPTOMLOJJHGGFCD47DA,64.25,3.42,5.88,無,
南區,土地,龍崗段732地號,42.46,都市：其他:住宅區,,,1100104,土地1建物0車位0,,,其他,,,,0.0,0,0,0,有,無,577800,13608,,0.0,0,,RPUOMLOJJHGGFCD57DA,0.0,0.0,0.0,無,
東區,房地(土地+建物),長東街１０３巷４９號,109.5,都市：其他:細部計畫道路用地,,,1091120,土地2建物1車位0,全,二層,透天厝,住家用,加強磚造,0580830,71.77,3,2,1,有,無,7250000,101017,,0.0,0,其他增建；未登記建物；包含公共設施保留地用地；,RPSNMLMJJHGGFCD07DA,71.77,0.0,0.0,無,0762
南區,土地,南山段965-188地號,234.0,都市：其他:乙種工業區,,,1091221,土地1建物0車位0,,,其他,,,,0.0,0,0,0,有,無,2550600,10900,,0.0,0,親友、員工、共有人或其他特殊關係間之交易；,RPROMLQJJHGGFCD47DA,0.0,0.0,0.0,無,
南區,土地,南山段965-234地號,234.0,都市：其他:乙種工業區,,,1091221,土地1建物0車位0,,,其他,,,,0.0,0,0,0,有,無,2550600,10900,,0.0,0,親友、員工、共有人或其他特殊關係間之交易；,RPSOMLQJJHGGFCD57DA,0.0,0.0,0.0,無,
南區,土地,南山段965-235地號,234.0,都市：其他:乙種工業區,,,1091221,土地1建物0車位0,,,其他,,,,0.0,0,0,0,有,無,2550600,10900,,0.0,0,親友、員工、共有人或其他特殊關係間之交易；,RPUOMLQJJHGGFCD77DA,0.0,0.0,0.0,無,
東區,房地(土地+建物)+車位,小東路２４６號四樓之５,7.32,都市：其他:住宅區,,,1091212,土地1建物1車位1,四層,二十五層,住宅大樓(11層含以上有電梯),住家用,鋼筋混凝土造,0840106,134.2,3,2,2,有,有,6600000,49180,坡道機械,0.0,0,陽台外推；,RPXPMLQJJHGGFCD18DA,70.6,1.62,15.56,有,
南區,房地(土地+建物),健康路二段４２９號,101.0,都市：其他:住宅區,,,1091221,土地1建物1車位0,全,四層,透天厝,住商用,鋼筋混凝土造,0700715,264.15,5,3,4,有,無,24000000,90857,,0.0,0,,RPOPMLQJJHGGFCD27DA,264.15,0.0,0.0,無,
東區,房地(土地+建物),中華東路二段１６９號二樓之６,4.06,都市：其他:第五種住宅區,,,1091121,土地2建物1車位0,二層,十四層,住宅大樓(11層含以上有電梯),住家用,鋼筋混凝土造,0970229,46.05,1,1,1,有,有,2500000,54289,,0.0,0,,RPSNMLPLKIPFFCD58DA,26.74,0.0,3.03,有,
南區,房地(土地+建物),夏林路２２２巷１２之２號,84.8,都市：其他:住宅區,,,1091217,土地2建物3車位0,三層，電梯樓梯間,五層,公寓(5樓含以下無電梯),住家用,鋼筋混凝土造,0700303,259.63,6,4,4,有,有,7000000,26961,,0.0,0,,RPXOMLOLKIPFFCD09DA,232.94,0.0,0.0,無,
南區,土地,興農段666-1地號,21.19,都市：其他:保護區,,,1091211,土地1建物0車位0,,,其他,,,,0.0,0,0,0,有,無,231004,10902,,0.0,0,包含公共設施保留地用地；協議價購；,RPUTMLNLKIPFFCD56DA,0.0,0.0,0.0,無,0604
南區,土地,興農段666-1地號,21.19,都市：其他:保護區,,,1091211,土地1建物0車位0,,,其他,,,,0.0,0,0,0,有,無,231004,10902,,0.0,0,包含公共設施保留地用地；協議價購；,RPVTMLNLKIPFFCD66DA,0.0,0.0,0.0,無,0604
新營區,房地(土地+建物)+車位,隋唐街１１號六樓之一,26.57,都市：其他:住宅區,,,1091214,土地1建物1車位1,六層,十五層,住宅大樓(11層含以上有電梯),見其他登記事項,鋼筋混凝土造,1090331,168.47,3,2,2,有,有,8150000,47622,坡道平面,22.53,1200000,房地總價含管理費預售屋、或土地及建物分次登記案件；,RPPNMLSJJHGGFDD47DA,87.41,0.0,11.32,有,
新營區,房地(土地+建物)+車位,隋唐街１１號七樓之三,27.18,都市：其他:住宅區,,,1091112,土地1建物1車位1,七層,十五層,住宅大樓(11層含以上有電梯),見其他登記事項,鋼筋混凝土造,1090331,170.86,3,2,2,有,有,8280000,48406,坡道平面,22.53,1100000,房地總價含管理費預售屋、或土地及建物分次登記案件；,RPQNMLSJJHGGFDD57DA,90.1,0.0,10.25,有,
鹽水區,土地,岸南段721地號,954.0,,特定農業區,農牧用地,1090914,土地1建物0車位0,,,其他,,,,0.0,0,0,0,有,無,1980000,2075,,0.0,0,,RPPNMLTJJHGGFDD57DA,0.0,0.0,0.0,無,
新營區,房地(土地+建物),忠政里府西路２３１巷１３號,87.97,都市：其他:住宅區,,,1091216,土地1建物1車位0,全,二層,透天厝,住商用,加強磚造,0671128,112.2,5,3,3,有,無,4450000,39661,,0.0,0,頂樓加蓋；其他增建；,RPVNMLLKJHGGFDD47DA,112.2,0.0,0.0,無,
新營區,房地(土地+建物)+車位,隋唐街７號五樓之三,26.57,都市：其他:住宅區,,,1091209,土地1建物1車位1,五層,十五層,住宅大樓(11層含以上有電梯),見其他登記事項,鋼筋混凝土造,1090331,171.61,3,2,2,有,有,8200000,47625,坡道平面,22.53,1100000,房地總價含管理費，商品提貨單預售屋、或土地及建物分次登記案件；,RPUNMLQJJHGGFDD77DA,89.75,0.0,11.2,有,
新營區,房地(土地+建物)+車位,隋唐街７號四樓之五,26.57,都市：其他:住宅區,,,1091026,土地1建物1車位1,四層,十五層,住宅大樓(11層含以上有電梯),見其他登記事項,鋼筋混凝土造,1090331,169.59,3,2,2,有,有,7700000,44880,坡道平面,22.53,1100000,房地總價含管理費預售屋、或土地及建物分次登記案件；,RPVNMLQJJHGGFDD87DA,87.36,0.0,12.18,有,
新營區,房地(土地+建物),隋唐街７號八樓之五,25.95,都市：其他:住宅區,,,1091125,土地1建物1車位0,八層,十五層,住宅大樓(11層含以上有電梯),見其他登記事項,鋼筋混凝土造,1090331,147.06,3,2,2,有,有,7000000,47600,,0.0,0,房地總價含管理費預售屋、或土地及建物分次登記案件；,RPWNMLQJJHGGFDD97DA,87.36,0.0,12.18,有,
新營區,房地(土地+建物)+車位,隋唐街１３號十三樓之三,26.57,都市：其他:住宅區,,,1091028,土地1建物1車位1,十三層,十五層,住宅大樓(11層含以上有電梯),見其他登記事項,鋼筋混凝土造,1090331,169.45,3,2,2,有,有,9000000,53771,坡道平面,22.53,1100000,房地總價含管理費預售屋、或土地及建物分次登記案件；,RPRPMLTLKIPFFDD56DA,87.36,0.0,12.04,有,
新營區,房地(土地+建物),民治路３３２號,22.24,都市：其他:住宅區,,,1090817,土地1建物1車位0,一層，見其他登記事項,十五層,住宅大樓(11層含以上有電梯),見其他登記事項,鋼筋混凝土造,1090331,96.3,0,0,2,有,有,12280000,127518,,0.0,0,房地總價含管理費預售屋、或土地及建物分次登記案件；,RPSPMLTLKIPFFDD66DA,76.83,0.0,0.0,有,
新營區,房地(土地+建物),隋唐街７號六樓之一,32.74,都市：其他:住宅區,,,1091020,土地1建物1車位0,六層,十五層,住宅大樓(11層含以上有電梯),見其他登記事項,鋼筋混凝土造,1090331,180.61,4,2,2,有,有,8900000,49277,,0.0,0,房地總價含管理費預售屋、或土地及建物分次登記案件；,RPTPMLTLKIPFFDD76DA,110.45,0.0,11.61,有,
新營區,房地(土地+建物)+車位,隋唐街９號十二樓之二,32.13,都市：其他:住宅區,,,1091118,土地1建物1車位1,十二層,十五層,住宅大樓(11層含以上有電梯),見其他登記事項,鋼筋混凝土造,1090331,195.87,4,2,2,有,有,10600000,54806,坡道平面,22.53,1100000,房地總價含管理費預售屋、或土地及建物分次登記案件；,RPUPMLTLKIPFFDD86DA,106.3,0.0,10.94,有,
新營區,房地(土地+建物),民榮里３１鄰太子路５３巷３９號,87.89,都市：其他:住宅區,,,1091202,土地1建物1車位0,全,三層,透天厝,住家用,鋼筋混凝土造,1060525,196.14,5,2,5,有,無,9680000,49353,,0.0,0,頂樓加蓋；其他增建；,RPOOMLNLKIPFFDD18DA,184.0,0.0,12.14,無,
新營區,房地(土地+建物),新南一路５１號,102.17,都市：其他:住宅區,,,1090306,土地1建物1車位0,全,四層,透天厝,住家用,鋼筋混凝土造,1090710,185.69,5,2,3,有,無,8860000,47714,,0.0,0,,RPPNMLMLKIPFFDD08DA,171.07,0.0,14.62,無,
新營區,房地(土地+建物),新南一路５３號,104.47,都市：其他:住宅區,,,1090322,土地1建物1車位0,全,四層,透天厝,住家用,鋼筋混凝土造,1090710,199.57,5,2,4,有,無,10800000,54116,,0.0,0,,RPRNMLMLKIPFFDD28DA,184.19,0.0,15.38,無,
新營區,房地(土地+建物),新南一路５５號,104.47,都市：其他:住宅區,,,1091104,土地1建物1車位0,全,四層,透天厝,住家用,鋼筋混凝土造,1090710,199.57,5,2,4,有,無,10680000,53515,,0.0,0,,RPSNMLMLKIPFFDD38DA,184.19,0.0,15.38,無,
新營區,房地(土地+建物),新南一路５７號,104.47,都市：其他:住宅區,,,1090613,土地1建物1車位0,全,四層,透天厝,住家用,鋼筋混凝土造,1090710,199.57,5,2,4,有,無,10700000,53615,,0.0,0,,RPTNMLMLKIPFFDD48DA,184.19,0.0,15.38,無,
新營區,房地(土地+建物),新南一路５９號,104.47,都市：其他:住宅區,,,1090406,土地1建物1車位0,全,四層,透天厝,住家用,鋼筋混凝土造,1090709,199.57,5,2,4,有,無,10700000,53615,,0.0,0,,RPUNMLMLKIPFFDD58DA,184.19,0.0,15.38,無,
新營區,房地(土地+建物),新南一路６１號,154.34,都市：其他:住宅區,,,1081118,土地1建物1車位0,全,四層,透天厝,住家用,鋼筋混凝土造,1090709,348.41,5,2,6,有,無,16300000,46784,,0.0,0,,RPVNMLMLKIPFFDD68DA,334.53,0.0,13.88,無,
新營區,房地(土地+建物),東興九街１２巷２９號,93.84,都市：其他:住宅區,,,1091205,土地1建物1車位0,全,四層,透天厝,住家用,鋼筋混凝土造,1090331,203.13,5,2,4,有,無,10000000,49230,,0.0,0,,RPWNMLMLKIPFFDD78DA,188.36,0.0,14.74,無,
安南區,土地,頂安段871-2地號,65.37,都市：其他:道路用地,,,1091230,土地1建物0車位0,,,其他,,,,0.0,0,0,0,有,無,1000000,15298,,0.0,0,本案移轉之登記費、印花稅、代辦代書費等皆由買方負擔。包含公共設施保留地用地；,RPPNMLQJJHGGFBD07DA,0.0,0.0,0.0,無,
安南區,房地(土地+建物),義安街１１４巷１３號,102.54,都市：其他:住宅區,,,1091217,土地1建物1車位0,全,二層,透天厝,住家用,加強磚造,0700910,114.03,4,1,2,有,無,4800000,42094,,0.0,0,賣方賣清，土增稅202526元由買方另外負擔，不動產登記所需各項稅費及地政士服務費全由買方負擔。未登記建物；,RPPOMLQJJHGGFBD17DA,105.19,0.0,8.84,無,
安南區,房地(土地+建物),安和路二段３１８巷３５弄１３號,69.2,都市：其他:工業區,,,1091202,土地1建物1車位0,全,二層,透天厝,住家用,加強磚造,0640210,97.44,6,1,2,有,無,3100000,31814,,0.0,0,頂樓加蓋；,RPSOMLRJJHGGFBD57DA,97.44,0.0,0.0,無,
安南區,土地,總安段989地號,407.54,都市：其他:住宅區,,,1091114,土地1建物0車位0,,,其他,,,,0.0,0,0,0,有,無,28240000,69294,,0.0,0,,RPTOMLRJJHGGFBD67DA,0.0,0.0,0.0,無,
安南區,房地(土地+建物)+車位,環福街１２號四樓之２,37.09,都市：其他:住宅區,,,1091126,土地2建物1車位1,四層,五層,華廈(10層含以下有電梯),集合住宅,鋼筋混凝土造,1070524,101.0,2,1,2,有,有,5750000,56931,一樓平面,0.0,0,,RPVOMLSJJHGGFBD97DA,61.29,0.0,3.8,有,0765
安南區,房地(土地+建物),永續路２３６巷２０號,108.75,都市：其他:住宅區,,,1091121,土地2建物1車位0,全,四層,透天厝,見其他登記事項,鋼筋混凝土造,1090304,236.19,4,2,5,有,無,16680000,70621,,0.0,0,,RPUOMLLKJHGGFBD27DA,222.03,0.0,14.14,無,
安南區,房地(土地+建物),永續路２３６巷２２號,108.75,都市：其他:住宅區,,,1091121,土地2建物1車位0,全,四層,透天厝,見其他登記事項,鋼筋混凝土造,1090304,236.19,4,2,5,有,無,16680000,70621,,0.0,0,,RPVOMLLKJHGGFBD37DA,222.03,0.0,14.14,無,
安南區,房地(土地+建物)+車位,同安路４２０號十樓之２,13.24,都市：其他:住宅區,,,1091204,土地1建物1車位1,十層,十七層,住宅大樓(11層含以上有電梯),見其他登記事項,鋼筋混凝土造,0851125,146.27,4,2,2,有,有,4800000,32816,坡道機械,0.0,0,,RPPQMLLKJHGGFBD96DA,91.58,0.0,7.98,有,
安南區,土地,學北段1227-1地號,3369.5,都市：其他:細部計畫道路用地,,,1090710,土地18建物0車位0,,,其他,,,,0.0,0,0,0,有,無,74959198,22246,,0.0,0,,RPRNMLRLJIPFFBD48DA,0.0,0.0,0.0,無,
東區,房地(土地+建物),裕和五街１３１號,144.46,都市：其他:虎尾寮第二種住宅區,,,1091013,土地1建物1車位0,全,四層,透天厝,見其他登記事項,見其他登記事項,1090709,328.64,5,2,6,有,無,31800000,96762,,0.0,0,陽台外推；其他增建；,RPTNMLMKJIPFFCD18DA,309.23,0.0,19.41,有,
中西區,房地(土地+建物)+車位,湖美街６０巷１號,320.86,都市：其他:市場用地,,,1091202,土地1建物3車位3,一層，二層,十四層,住宅大樓(11層含以上有電梯),見其他登記事項,鋼筋混凝土造,0871203,802.5300000000001,9,4,8,有,有,29500000,36759,坡道平面,64.65,0,,RPUOMLLLKIPFFAD28DA,589.58,0.0,50.86,有,
安平區,房地(土地+建物),健康路三段３０９號三樓之６,7.31,都市：其他:商業區,,,1091115,土地1建物1車位0,三層,二十七層,住宅大樓(11層含以上有電梯),見其他登記事項,見其他登記事項,1051109,85.30000000000001,2,2,1,有,有,4900000,57444,,0.0,0,,RPRNMLPKJIPFFAD08DA,50.11,2.5,4.91,有,0766
安平區,房地(土地+建物)+車位,郡平路１８１號九樓之２３,18.82,都市：其他:住宅區,,,1091201,土地1建物1車位1,九層,十四層,住宅大樓(11層含以上有電梯),見其他登記事項,鋼筋混凝土造,0880622,185.48000000000002,4,2,2,有,有,7780000,41945,坡道平面,0.0,341250,,RPWQMLPJJHGGFAD87DA,109.83,1.28,13.71,有,0767
中西區,土地,郡王祠段156地號,81.27,都市：其他:細部計畫道路用地,,,1091215,土地5建物0車位0,,,其他,,,,0.0,0,0,0,有,無,3144107,38687,,0.0,0,親友、員工、共有人或其他特殊關係間之交易；未登記建物；,RPOQMLPJJHGGFAD07DA,0.0,0.0,0.0,無,0768
安平區,房地(土地+建物),健康三街２２５號三樓之６,11.15,都市：其他:住宅區,,,1091129,土地1建物1車位0,三層,八層,華廈(10層含以下有電梯),住家用,鋼筋混凝土造,0830603,71.16,2,2,1,有,有,3100000,43564,,0.0,0,,RPRPMLQJJHGGFAD37DA,54.95,0.0,2.19,有,
中西區,土地,五條港段1943地號,15.41,都市：其他:主要計畫道路用地,,,1091231,土地3建物0車位0,,,其他,,,,0.0,0,0,0,有,無,1960000,127190,,0.0,0,買方知悉該土地上有未辦保存建物二棟本交易不含該建物親友、員工、共有人或其他特殊關係間之交易；,RPPNMLRJJHGGFAD07DA,0.0,0.0,0.0,無,
中西區,房地(土地+建物),府前一街１４７號四樓,20.84,都市：其他:住宅區,,,1091123,土地1建物1車位0,四層,五層,公寓(5樓含以下無電梯),住家用,鋼筋混凝土造,0780112,79.59,2,1,1,有,無,2950000,37065,,0.0,0,,RPQPMLRJJHGGFAD37DA,58.38,0.0,5.95,無,0769
安平區,房地(土地+建物)+車位,永華路二段８３９號二十一樓,12.97,都市：其他:住宅區,,,1091106,土地1建物1車位1,二十一層,二十三層,住宅大樓(11層含以上有電梯),見其他登記事項,見其他登記事項,1081217,151.29000000000002,3,2,2,有,有,10580000,69932,坡道機械,28.37,0,,RPRPMLRJJHGGFAD47DA,70.74,3.63,8.0,有,0770
北區,房地(土地+建物)+車位,開元路７３巷６６之３號五樓,38.29,都市：其他:住宅區,,,1091210,土地1建物1車位1,五層,五層,華廈(10層含以下有電梯),住家用,鋼筋混凝土造,0840328,175.45,4,2,2,有,無,6250000,35623,坡道平面,0.0,0,,RPSNMLSJJHGGFAD47DA,77.72,42.52,9.1,有,
中西區,房地(土地+建物),南寧街８３巷５號,57.05,都市：其他:住宅區,,,1091120,土地2建物1車位0,全,二層,透天厝,住家用,加強磚造,0540831,82.53,2,2,3,有,無,8050000,97540,,0.0,0,,RPTNMLSJJHGGFAD57DA,82.53,0.0,0.0,無,
北區,房地(土地+建物),成功路６１４巷２２號,79.0,都市：其他:細部計畫道路用地,,,1091212,土地2建物1車位0,全,三層,透天厝,住家用,鋼筋混凝土造,0681130,154.42,5,1,3,有,無,7000000,45331,,0.0,0,頂樓加蓋；其他增建；,RPWOMLSJJHGGFAD97DA,140.13,0.0,14.29,無,0771
北區,房地(土地+建物),西門路四段３４３號,147.72,都市：其他:商業區,,,1091026,土地1建物1車位0,全,四層,透天厝,商業用,鋼筋混凝土造,0771201,543.73,6,4,5,有,無,35880000,65989,,0.0,0,陽台外推；頂樓加蓋；其他增建；,RPXOMLSJJHGGFAD08DA,527.48,0.0,16.25,無,
北區,房地(土地+建物),北安路一段１７６巷１１弄１７號,81.94,都市：其他:商業區,,,1091218,土地7建物1車位0,全,三層,透天厝,住家用,見其他登記事項,0960323,231.60000000000002,4,2,3,有,有,14980000,64680,,0.0,0,,RPQOMLRJJHGGFAD27DA,152.0,1.95,3.2,無,
中西區,土地,頂美段339-1地號,85.29,都市：其他:住宅區,,,1091218,土地2建物0車位0,,,其他,,,,0.0,0,0,0,有,無,5000000,58624,,0.0,0,,RPTOMLRJJHGGFAD57DA,0.0,0.0,0.0,無,
中西區,房地(土地+建物),北門路一段５１巷１３號五樓之１,5.46,都市：其他:商業區,,,1091223,土地1建物1車位0,五層,六層,華廈(10層含以下有電梯),住家用,鋼筋混凝土造,0790917,31.44,1,0,1,有,有,1800000,57252,,0.0,0,,RPWNMLRJJHGGFAD77DA,20.93,0.0,2.51,有,0772
中西區,房地(土地+建物),協和街２０７號,88.06,都市：其他:細部計畫道路,,,1091215,土地2建物1車位0,全,一層,透天厝,住家用,加強磚造,0570109,43.93,3,2,2,有,無,4350000,99021,,0.0,0,,RPTNMLLMKIPFFAD18DA,43.93,0.0,0.0,無,0773
北區,房地(土地+建物),北門路三段４３號,91.13,都市：其他:住宅區,,,1091124,土地1建物1車位0,全,二層,透天厝,住家用,加強磚造,0550000,84.78,3,2,2,有,無,9000000,106157,,0.0,0,,RPPNMLNJJHGGFAD66DA,84.78,0.0,0.0,無,
安平區,房地(土地+建物)+車位,永華五街１０號二十七樓,8.63,都市：其他:商業區,,,1090808,土地1建物1車位1,二十七層,二十九層,住宅大樓(11層含以上有電梯),見其他登記事項,見其他登記事項,1070921,172.17000000000002,2,2,2,有,有,15520000,96566,坡道機械,23.36,1150000,,RPQNMLPJJHGGFAD96DA,92.77,2.89,6.97,有,
北區,房地(土地+建物)+車位,西門路四段２００巷１７號七樓,34.13,都市：其他:住宅區,,,1091201,土地1建物1車位1,七層,九層,華廈(10層含以下有電梯),見其他登記事項,鋼筋混凝土造,0851009,138.32999999999998,3,2,2,有,有,6960000,50314,坡道平面,0.0,0,,RPUOMLPJJHGGFAD47DA,82.58,0.0,11.89,有,
中西區,房地(土地+建物)+車位,國華街二段４５號七樓之２,19.58,都市：其他:商業區,,,1091206,土地1建物1車位1,七層,七層,華廈(10層含以下有電梯),住家用,鋼筋混凝土造,0880423,135.62,2,2,2,有,有,6200000,45716,升降機械,15.5,0,,RPOPMLTLKIPFFAD58DA,82.94,0.0,3.97,有,0774
北區,房地(土地+建物),文賢路１１２２巷５０弄７號,80.26,都市：其他:住宅區,,,1091207,土地1建物1車位0,全,二層,透天厝,住家用,加強磚造,0750311,129.81,4,2,2,有,無,8200000,63169,,0.0,0,,RPPNMLLKJHGGFAD56DA,117.49,0.0,12.32,無,0775
中西區,房地(土地+建物)+車位,中華西路二段４１６號十一樓之１,34.99,都市：其他:住宅區,,,1091218,土地1建物1車位2,十一層,二十五層,住宅大樓(11層含以上有電梯),集合住宅,鋼筋混凝土構造,1060817,386.42,4,2,4,有,有,26680000,77410,坡道平面,67.6,2000000,,RPSNMLLKJHGGFAD86DA,204.35,0.0,21.74,有,
北區,房地(土地+建物),北園街８巷２６號十八樓之６,6.64,都市：其他:商業區,,,1091212,土地1建物1車位0,十八層,十九層,住宅大樓(11層含以上有電梯),見其他登記事項,鋼筋混凝土造,0961227,84.69,2,1,1,有,有,4380000,51718,,0.0,0,,RPWOMLRJJHGGFAD87DA,50.47,4.95,4.7,有,
安平區,土地,漁光段210地號,550.94,都市：其他:公園用地,,,1091219,土地3建物0車位0,,,其他,,,,0.0,0,0,0,有,無,13332800,24200,,0.0,0,具重建或重劃、都更等效益；包含公共設施保留地用地；,RPTOMLSJJHGGFAD67DA,0.0,0.0,0.0,無,
安平區,房地(土地+建物),育平九街１９２巷７１號四樓之２０,8.91,都市：其他:商業區,,,1091225,土地1建物1車位0,四層,十一層,住宅大樓(11層含以上有電梯),住家用,鋼筋混凝土造,0830512,98.31,3,2,2,有,有,4800000,48825,,0.0,0,,RPUOMLSJJHGGFAD77DA,66.09,3.71,4.72,有,0776
北區,房地(土地+建物),公園路９９４巷２２弄２９之１號,171.01,都市：其他:細部計畫道路用地,,,1091123,土地2建物1車位0,全,四層,透天厝,見其他登記事項,鋼筋混凝土造,0730524,343.6,7,2,6,有,無,13000000,37835,,0.0,0,,RPSNMLTJJHGGFAD57DA,325.35,0.0,18.25,無,
中西區,房地(土地+建物),西賢一街１１６號,137.72,都市：其他:住宅區,,,1091106,土地1建物1車位0,全,二層,透天厝,住商用,鋼筋混凝土造,0770623,166.14,5,2,3,有,無,18000000,108342,,0.0,0,,RPQNMLKKJHGGFAD56DA,154.35,0.0,11.79,無,
安平區,土地,海興段24-38地號,95.21,都市：其他:特定住宅專用區,,,1091216,土地1建物0車位0,,,其他,,,,0.0,0,0,0,有,無,4032000,42348,,0.0,0,買方負擔一半土增稅親友、員工、共有人或其他特殊關係間之交易；,RPPOMLLKJHGGFAD66DA,0.0,0.0,0.0,無,0777
安平區,房地(土地+建物)+車位,永華路二段９３０號三樓,33.07,都市：其他:商業區,,,1091128,土地1建物1車位2,三層,二十六層,住宅大樓(11層含以上有電梯),見其他登記事項,見其他登記事項,1030116,451.84000000000003,3,2,4,有,有,28000000,61969,坡道平面,55.12,0,,RPPNMLMKJHGGFAD66DA,234.76,5.64,36.53,有,0778
北區,土地,華興段565-1地號,2.0,都市：其他:細部計畫道路用地,,,1091221,土地1建物0車位0,,,其他,,,,0.0,0,0,0,有,無,60400,30200,,0.0,0,包含公共設施保留地用地；,RPWOMLOLKIPFFAD78DA,0.0,0.0,0.0,無,
安平區,房地(土地+建物)+車位,永華路二段２８８號四樓,9.32,都市：其他:商業區,,,1090802,土地1建物1車位1,四層,二十九層,住宅大樓(11層含以上有電梯),見其他登記事項,見其他登記事項,1070921,185.37,3,2,2,有,有,14250000,80859,坡道機械,23.36,1150000,,RPPNMLPJJHGGFAD86DA,100.35,0.77,10.53,有,
安平區,房地(土地+建物),育平五街６８號十一樓之７,9.64,都市：其他:住宅區,,,1091212,土地1建物1車位0,十一層,二十層,住宅大樓(11層含以上有電梯),住家用,鋼筋混凝土造,0871121,116.38,3,2,2,有,有,5400000,46400,,0.0,0,,RPXPMLOJJHGGFAD77DA,77.25,0.0,13.86,有,0779
北區,房地(土地+建物),成功路１２０號十一樓之１、之２、之３、之４,25.51,都市：其他:商業區,,,1091208,土地1建物4車位0,十一層,十二層,住宅大樓(11層含以上有電梯),住家用,鋼筋混凝土造,0730921,333.14,8,0,8,有,有,11650000,34970,,0.0,0,,RPOPMLOJJHGGFAD86DA,275.75,0.0,5.87,有,0780
中西區,房地(土地+建物),湖美街６３號,102.64,都市：其他:住宅區,,,1091126,土地1建物1車位0,全,五層,透天厝,住家用,鋼筋混凝土造,0830307,265.94,5,3,6,有,無,13850000,52079,,0.0,0,,RPUOMLRJJHGGFAD67DA,241.03,5.51,19.4,無,
中西區,房地(土地+建物),公園路２５號三樓之１,85.27,都市：其他:商業區,,,1091209,土地2建物1車位0,三層,九層,華廈(10層含以下有電梯),商業用,鋼筋混凝土造,0711207,695.04,0,0,3,有,有,15750000,22661,,0.0,0,,RPVNMLSJJHGGFAD77DA,563.68,45.55,0.0,有,0781
北區,房地(土地+建物)+車位,開元路４８５巷２９號二樓之６,13.33,都市：其他:商業區,,,1091213,土地1建物1車位1,二層,十四層,住宅大樓(11層含以上有電梯),住家用,鋼筋混凝土造,0880401,123.09,3,2,2,有,有,6800000,55244,坡道機械,13.17,0,,RPWNMLSJJHGGFAD87DA,80.65,0.0,9.44,有,
北區,房地(土地+建物),開元路５２３號十一樓之９,5.86,都市：其他:住宅區,,,1091205,土地3建物1車位0,十一層,二十四層,住宅大樓(11層含以上有電梯),見其他登記事項,見其他登記事項,1041105,83.19,2,1,1,有,有,4500000,54093,,0.0,0,,RPOOMLSJJHGGFAD17DA,49.47,2.14,6.86,有,0782
北區,車位,臨安路二段,0.08,都市：其他:住宅區,,,1091221,土地1建物1車位1,,,其他,,,,45.61,0,0,0,有,無,430000,,坡道平面,45.61,430000,僅車位交易；,RPQNMLSJJHGGFAD27DA,0.0,0.0,0.0,無,0783
北區,房地(土地+建物),公園南路３６０號六樓之３,7.11,都市：其他:住宅區,,,1091218,土地1建物1車位0,六層,二十五層,住宅大樓(11層含以上有電梯),住家用,鋼筋混凝土造,0840104,78.37,3,2,1,有,有,4280000,54613,,0.0,0,,RPSNMLQJJHGGFAD27DA,56.16,0.0,3.81,有,
中西區,房地(土地+建物),西門路一段４６６號三樓之１１,11.13,都市：其他:住宅區,,,1091224,土地5建物1車位0,三層,七層,華廈(10層含以下有電梯),住家用,鋼筋混凝土造,0700605,54.68,2,1,1,有,有,2000000,36576,,0.0,0,,RPVOMLQJJHGGFAD67DA,43.6,0.0,0.0,有,
北區,房地(土地+建物),公園南路１５９巷２號十樓之３,18.87,都市：其他:商業區,,,1080716,土地2建物1車位0,十層,十一層,住宅大樓(11層含以上有電梯),見其他登記事項,見其他登記事項,1091027,86.23,2,1,2,有,有,6200000,71901,,0.0,0,本案有轉讓，權利買賣契約價格635萬元整預售屋、或土地及建物分次登記案件；,RPXOMLQJJHGGFAD87DA,51.63,0.0,5.59,有,
北區,房地(土地+建物)+車位,公園南路１５９巷２號二樓之２,21.85,都市：其他:商業區,,,1081015,土地2建物1車位1,二層,十一層,住宅大樓(11層含以上有電梯),見其他登記事項,見其他登記事項,1091027,111.65,2,1,2,有,有,7600000,69309,塔式車位,14.26,850000,預售屋、或土地及建物分次登記案件；,RPOPMLQJJHGGFAD07DA,55.43,0.0,9.02,有,
中西區,房地(土地+建物),友愛街３６３號五樓之５,0.17,都市：其他:商業區,,,1091212,土地1建物1車位0,五層,十一層,住宅大樓(11層含以上有電梯),住家用,鋼筋混凝土造,0851127,28.41,1,0,1,有,有,1000000,35199,,0.0,0,,RPPPMLQJJHGGFAD17DA,15.34,0.0,5.23,有,
北區,房地(土地+建物)+車位,公園南路１５９巷２號三樓之１,20.89,都市：其他:商業區,,,1080903,土地2建物1車位1,三層,十一層,住宅大樓(11層含以上有電梯),見其他登記事項,見其他登記事項,1091027,106.97999999999999,2,1,2,有,有,7050000,66868,塔式車位,14.26,850000,預售屋、或土地及建物分次登記案件；,RPQPMLQJJHGGFAD27DA,55.0,0.0,6.37,有,
北區,房地(土地+建物),成功路６８巷６１號三樓之１７,5.23,都市：其他:商業區,,,1091222,土地1建物1車位0,三層,五層,公寓(5樓含以下無電梯),住家用,鋼筋混凝土造,0791201,26.84,1,1,1,有,無,1100000,40984,,0.0,0,,RPUNMLQJJHGGFAD47DA,19.06,1.22,0.0,無,
安平區,房地(土地+建物),世平四街７０號,103.5,都市：其他:特定住宅專用區,,,1091211,土地1建物1車位0,全,四層,透天厝,見其他登記事項,見其他登記事項,1070124,301.2,6,2,6,有,無,21000000,69721,,0.0,0,陽台外推；,RPXPMLQKKIPFFAD09DA,273.51,0.0,27.69,有,
南區,房地(土地+建物),中華南路二段４０號,155.0,都市：其他:住宅區,,,1091026,土地1建物1車位0,全,二層,透天厝,見其他登記事項,鋼筋混凝土造,0780412,226.17,4,2,3,有,無,24000000,106115,,0.0,0,其他增建；,RPOPMLLKJIPFFCD77DA,217.71,0.0,8.46,無,
南區,房地(土地+建物),永成路二段８６３巷１９號,89.0,都市：其他:住宅區,,,1091115,土地1建物1車位0,全,三層,透天厝,見其他登記事項,鋼筋混凝土造,0831001,175.04,3,2,3,有,無,8500000,48560,,0.0,0,,RPVNMLRLJIPFFCD98DA,162.12,0.0,12.92,無,
南區,房地(土地+建物),聖南街１０３號四樓之１,8.6,都市：其他:住宅區,,,1091215,土地1建物1車位0,四層,五層,公寓(5樓含以下無電梯),住家用,鋼筋混凝土造,0750516,32.93,1,1,1,有,無,1530000,46462,,0.0,0,,RPOPMLMLKIPFFCD08DA,24.26,0.0,4.2,無,0784
東區,土地,富農段1631地號,98.66,都市：其他:道路用地,,,1091102,土地1建物0車位0,,,其他,,,,0.0,0,0,0,有,無,1060000,10744,,0.0,0,包含公共設施保留地用地；,RPRPMLQKKIPFFCD68DA,0.0,0.0,0.0,無,
安南區,土地,十二佃段85地號,3758.77,都市：其他:工業區,,,1091228,土地1建物0車位0,,,其他,,,,0.0,0,0,0,有,無,66553159,17706,,0.0,0,政府機關標讓售；,RPVNMLLKJHGGFBD27DA,0.0,0.0,0.0,無,
安南區,土地,公塭段1070-4地號,676.59,都市：其他:公園兼兒童遊樂場用地,,,1091228,土地4建物0車位0,,,其他,,,,0.0,0,0,0,有,無,3342443,4940,,0.0,0,包含公共設施保留地用地；,RPOOMLLKJHGGFBD66DA,0.0,0.0,0.0,無,0785
安南區,土地,原西段927地號,45.32,都市：其他:細部計畫道路用地,,,1091228,土地3建物0車位0,,,其他,,,,0.0,0,0,0,有,無,174486,3850,,0.0,0,本案移轉之登記費、印花稅、代辦代書費等相關費用皆由買方負擔。包含公共設施保留地用地；,RPQOMLLKJHGGFBD86DA,0.0,0.0,0.0,無,
安南區,土地,安中段669-1地號,189.64,都市：其他:道路用地(兼供排水使用),,,1091123,土地10建物0車位0,,,其他,,,,0.0,0,0,0,有,無,5733000,30231,,0.0,0,包含公共設施保留地用地；,RPRPMLLKJHGGFBD07DA,0.0,0.0,0.0,無,0786
安南區,土地,海佃段1827-1地號,63.92,都市：其他:細部計畫道路用地,,,1091028,土地21建物0車位0,,,其他,,,,0.0,0,0,0,有,無,500000,7822,,0.0,0,包含公共設施保留地用地；,RPSPMLPJJHGGFBD47DA,0.0,0.0,0.0,無,0332
安南區,房地(土地+建物)+車位,安中路一段８２８號十五樓,15.56,都市：其他:住宅區,,,1091214,土地1建物1車位1,十五層，十六層,十七層,住宅大樓(11層含以上有電梯),住家用,鋼筋混凝土造,0850816,152.12,3,2,2,有,有,5300000,34841,坡道機械,0.0,0,,RPQOMLPLKIPFFBD38DA,99.67,0.0,13.4,有,0788
安南區,房地(土地+建物),培安路４０６巷２７號,81.02,都市：其他:住宅區,,,1091212,土地2建物1車位0,全,五層,透天厝,住家用,鋼筋混凝土造,0850117,192.34,5,2,3,有,無,7360000,38266,,0.0,0,其他增建；,RPVOMLLLKIPFFBD48DA,181.2,0.0,11.14,無,
新營區,房地(土地+建物),東仁街４３巷１６弄１號,68.77,都市：其他:住宅區,,,1091208,土地1建物1車位0,全,四層,透天厝,住家用,鋼筋混凝土造,0870414,154.1,5,3,3,有,無,6000000,38936,,0.0,0,未登記建物；,RPRNMLQKKIPFFDD58DA,154.1,0.0,0.0,無,0789
鹽水區,土地,歡雅段657地號,333.56,,鄉村區,乙種建築用地,1100105,土地2建物0車位0,,,其他,,,,0.0,0,0,0,有,無,1800000,5396,,0.0,0,,RPSNMLSJJHGGFDD77DA,0.0,0.0,0.0,無,0790
柳營區,土地,外環段696地號,3958.04,,一般農業區,農牧用地,1091216,土地1建物0車位0,,,其他,,,,0.0,0,0,0,有,無,13097040,3309,,0.0,0,親友、員工、共有人或其他特殊關係間之交易；,RPRNMLRJJHGGFDD57DA,0.0,0.0,0.0,無,
鹽水區,房地(土地+建物),新中路８２巷４６號四樓,29.0,都市：其他:住宅區,,,1091201,土地1建物1車位0,四層,五層,公寓(5樓含以下無電梯),住家用,鋼筋混凝土造,0820114,105.27000000000001,3,2,2,有,無,1580000,15009,,0.0,0,,RPTNMLNKJHGGFDD47DA,79.81,0.0,9.98,無,
新營區,土地,茄苳段1058-18地號,438.0,都市：其他:住宅區,,,1091228,土地4建物0車位0,,,其他,,,,0.0,0,0,0,有,無,20000000,45662,,0.0,0,,RPXNMLNKJHGGFDD87DA,0.0,0.0,0.0,無,0791
東區,房地(土地+建物),中華東路二段１９３號四樓之９,9.29,都市：其他:道路用地,,,1091120,土地3建物1車位0,四層,二十層,住宅大樓(11層含以上有電梯),住家用,鋼筋混凝土造,0841106,159.44,3,2,2,有,有,4350000,27283,,0.0,0,,RPVOMLNLKIPFFCD78DA,94.55,0.0,13.64,有,
東區,房地(土地+建物),中華東路一段１２號十二樓之９,6.26,都市：其他:鄰里商業區,,,1091127,土地1建物1車位0,十二層,十四層,住宅大樓(11層含以上有電梯),住家用,見其他登記事項,0930712,69.66,1,1,1,有,有,4760000,68332,,0.0,0,含租約；,RPWNMLSLKIPFFCD66DA,43.95,0.0,9.29,有,
南區,土地,喜北段487地號,1199.0,都市：其他:綠地,,,1091215,土地2建物0車位0,,,其他,,,,0.0,0,0,0,有,無,11023100,9194,,0.0,0,包含公共設施保留地用地；,RPSOMLTLKIPFFCD09DA,0.0,0.0,0.0,無,
東區,房地(土地+建物),長榮路二段７１巷３之２號,34.5,都市：其他:住宅區,,,1091204,土地1建物1車位0,三層,五層,公寓(5樓含以下無電梯),住家用,鋼筋混凝土造,0691106,106.05000000000001,3,2,2,有,無,3850000,36304,,0.0,0,其他增建；,RPWNMLPJJHGGFCD77DA,89.26,0.0,0.0,無,
東區,房地(土地+建物),東門路一段８４號之５二樓之３,3.91,都市：其他:第五種住宅區,,,1091225,土地2建物1車位0,二層,九層,華廈(10層含以下有電梯),住家用,鋼筋混凝土造,0800122,24.84,0,0,0,無,有,930000,37440,,0.0,0,陽台外推；,RPWOMLOJJHGGFCD77DA,12.33,0.55,3.71,有,
東區,土地,富農段1733地號,12.55,都市：其他:道路用地,,,1091112,土地1建物0車位0,,,其他,,,,0.0,0,0,0,有,無,250000,19920,,0.0,0,包含公共設施保留地用地；,RPRNMLLMKIPFFCD18DA,0.0,0.0,0.0,無,
東區,房地(土地+建物),林森路一段１４９號二樓之１,2.53,都市：其他:第五種住宅區,,,1091224,土地2建物1車位0,二層,二十二層,住宅大樓(11層含以上有電梯),住家用,鋼筋混凝土造,0800111,42.42,1,1,1,有,有,1160000,27346,,0.0,0,親友、員工、共有人或其他特殊關係間之交易；,RPQOMLSJJHGGFCD57DA,29.33,0.0,3.48,有,
南區,房地(土地+建物),聖南街９９號三樓之１,8.6,都市：其他:住宅區,,,1100104,土地1建物1車位0,三層,五層,公寓(5樓含以下無電梯),住家用,鋼筋混凝土造,0750516,33.07,1,1,1,有,無,900000,27215,,0.0,0,,RPPNMLLKJHGGFCD76DA,24.4,0.0,4.2,無,
南區,土地,華南段913地號,169.73,都市：其他:住宅區,,,1091218,土地1建物0車位0,,,其他,,,,0.0,0,0,0,有,無,2567000,15124,,0.0,0,親友、員工、共有人或其他特殊關係間之交易；,RPSNMLSJJHGGFCD67DA,0.0,0.0,0.0,無,
東區,房地(土地+建物),裕和路３３８號,87.36,都市：其他:虎尾寮第二種住宅區,,,1091118,土地1建物1車位0,全,五層,透天厝,見其他登記事項,鋼筋混凝土造,1000809,206.67,5,2,5,有,無,5500000,26612,,0.0,0,親友、員工、共有人或其他特殊關係間之交易；,RPUNMLSJJHGGFCD87DA,185.54,3.06,18.07,無,
東區,房地(土地+建物),裕豐街１４２巷９之２號,15.26,都市：其他:細部計畫道路用地,,,1091221,土地2建物1車位0,三層,五層,公寓(5樓含以下無電梯),住家用,鋼筋混凝土造,0710218,48.69,3,1,2,有,無,743388,15268,,0.0,0,親友、員工、共有人或其他特殊關係間之交易；,RPOOMLLKJHGGFCD76DA,39.19,0.0,4.17,無,
南區,房地(土地+建物)+車位,健康路二段４９９號七樓之１,13.47,都市：其他:住宅區,,,1091224,土地2建物1車位1,七層,七層,華廈(10層含以下有電梯),住家用,鋼筋混凝土造,0820208,77.32,1,1,1,有,有,2780000,35954,坡道平面,0.0,0,,RPQNMLMKJHGGFCD96DA,42.84,0.0,3.16,有,
麻豆區,土地,中興段760-1地號,3.81,都市：其他:第三種住宅區。,,,1091229,土地1建物0車位0,,,其他,,,,0.0,0,0,0,有,無,109200,28661,,0.0,0,,RPXOMLTLKIPFFFD27DA,0.0,0.0,0.0,無,0792
官田區,土地,拔子林段174-19地號,90.83,,鄉村區,乙種建築用地,1091230,土地2建物0車位0,,,其他,,,,0.0,0,0,0,有,無,10000,110,,0.0,0,受債權債務關係影響或債務抵償；,RPWNMLOJJHGGFFD97DA,0.0,0.0,0.0,無,
下營區,土地,大屯寮段1064-3地號,1429.0,都市：其他:住宅區,,,1091115,土地3建物0車位0,,,其他,,,,0.0,0,0,0,有,無,27958200,19565,,0.0,0,,RPRNMLKMKIPFFFD38DA,0.0,0.0,0.0,無,
下營區,土地,大屯寮段1064-2地號,371.0,都市：其他:計畫道路用地,,,1091115,土地1建物0車位0,,,其他,,,,0.0,0,0,0,有,無,296800,800,,0.0,0,包含公共設施保留地用地；,SPRNMLKMKIPFFFD48DA,0.0,0.0,0.0,無,
下營區,土地,大屯寮段1065-2地號,1457.0,都市：其他:住宅區,,,1091115,土地2建物0車位0,,,其他,,,,0.0,0,0,0,有,無,26451700,18155,,0.0,0,,RPSNMLKMKIPFFFD48DA,0.0,0.0,0.0,無,
下營區,土地,大屯寮段1065-1地號,93.0,都市：其他:計畫道路用地,,,1091115,土地1建物0車位0,,,其他,,,,0.0,0,0,0,有,無,74300,799,,0.0,0,包含公共設施保留地用地；,SPSNMLKMKIPFFFD58DA,0.0,0.0,0.0,無,
官田區,房地(土地+建物),二鎮８７之９４號,75.85,都市：其他:商業區,,,1091207,土地2建物1車位0,全,三層,透天厝,住家用,鋼筋混凝土造,0840123,170.56,4,1,3,有,無,2500000,14658,,0.0,0,,RPQNMLLLKIPFFFD28DA,156.32,6.04,8.2,無,
官田區,土地,三塊厝段32-16地號,39.0,,鄉村區,乙種建築用地,1091111,土地1建物0車位0,,,其他,,,,0.0,0,0,0,有,無,150000,3846,,0.0,0,,RPXNMLOLKIPFFFD66DA,0.0,0.0,0.0,無,
麻豆區,土地,前後班段1014-2地號,134.02,都市：其他:農業區,,,1091222,土地2建物0車位0,,,其他,,,,0.0,0,0,0,有,無,500000,3731,,0.0,0,,RPSPMLLKJHGGFFD57DA,0.0,0.0,0.0,無,
學甲區,土地,宅子港段165-321地號,5.67,,特定農業區,交通用地,1091218,土地1建物0車位0,,,其他,,,,0.0,0,0,0,有,無,9647,1701,,0.0,0,協議價購；,RPUQMLTLKIPFFGD27DA,0.0,0.0,0.0,無,0595
學甲區,土地,宅子港段165-321地號,5.67,,特定農業區,交通用地,1091218,土地1建物0車位0,,,其他,,,,0.0,0,0,0,有,無,9647,1701,,0.0,0,協議價購；,RPVQMLTLKIPFFGD37DA,0.0,0.0,0.0,無,0595
佳里區,房地(土地+建物),佳里興３６８之５號,107.55,,鄉村區,乙種建築用地,1091211,土地2建物1車位0,全,三層,透天厝,見其他登記事項,鋼筋混凝土造,1090721,178.56,5,2,5,有,無,7700000,43123,,0.0,0,,RPPNMLKKJHGGFGD07DA,159.8,0.0,18.76,無,
七股區,土地,竹橋段944地號,918.0,,鄉村區,乙種建築用地,1091005,土地2建物0車位0,,,其他,,,,0.0,0,0,0,有,無,10774760,11737,,0.0,0,,RPWNMLLKJHGGFGD87DA,0.0,0.0,0.0,無,
七股區,土地,竹橋段942地號,1818.0,,鄉村區,乙種建築用地,1091005,土地1建物0車位0,,,其他,,,,0.0,0,0,0,有,無,21338060,11737,,0.0,0,,RPXNMLLKJHGGFGD97DA,0.0,0.0,0.0,無,
西港區,房地(土地+建物),子林３６之８號,125.42,,鄉村區,乙種建築用地,1091228,土地3建物1車位0,全,四層,透天厝,見其他登記事項,鋼筋混凝土造,1090823,205.23,4,2,4,有,無,7900000,38493,,0.0,0,,RPRNMLMKJHGGFGD47DA,187.89,0.0,17.34,無,
將軍區,土地,將軍段3534地號,580.8,,鄉村區,乙種建築用地,1091226,土地4建物0車位0,,,其他,,,,0.0,0,0,0,有,無,1760000,3030,,0.0,0,親友、員工、共有人或其他特殊關係間之交易；畸零地或有合併使用效益；,RPTNMLMKJHGGFGD67DA,0.0,0.0,0.0,無,0198
學甲區,房地(土地+建物),中山路７６巷３之５號,48.73,都市：其他:商業區,,,1091206,土地1建物1車位0,全,二層,透天厝,住家用,加強磚造,0661007,80.58,2,2,2,有,無,1050000,13031,,0.0,0,頂樓加蓋；,RPTOMLMKJHGGFGD77DA,80.58,0.0,0.0,無,0796
學甲區,土地,宅子港段165-321地號,7.94,,特定農業區,交通用地,1091218,土地1建物0車位0,,,其他,,,,0.0,0,0,0,有,無,13506,1701,,0.0,0,協議價購；,RPXOMLTLKIPFFGD37DA,0.0,0.0,0.0,無,0595
學甲區,土地,宅子港段165-321地號,7.94,,特定農業區,交通用地,1091218,土地1建物0車位0,,,其他,,,,0.0,0,0,0,有,無,13506,1701,,0.0,0,協議價購；,RPOPMLTLKIPFFGD56DA,0.0,0.0,0.0,無,0595
學甲區,土地,宅子港段165-321地號,7.94,,特定農業區,交通用地,1091218,土地1建物0車位0,,,其他,,,,0.0,0,0,0,有,無,13506,1701,,0.0,0,協議價購；,RPVPMLTLKIPFFGD27DA,0.0,0.0,0.0,無,0595
學甲區,土地,宅子港段165-321地號,7.94,,特定農業區,交通用地,1091218,土地1建物0車位0,,,其他,,,,0.0,0,0,0,有,無,13506,1701,,0.0,0,協議價購；,RPWPMLTLKIPFFGD37DA,0.0,0.0,0.0,無,0595
學甲區,土地,宅子港段165-321地號,5.67,,特定農業區,交通用地,1091218,土地1建物0車位0,,,其他,,,,0.0,0,0,0,有,無,9647,1701,,0.0,0,協議價購；,RPPQMLTLKIPFFGD76DA,0.0,0.0,0.0,無,0595
學甲區,土地,宅子港段165-321地號,5.67,,特定農業區,交通用地,1091218,土地1建物0車位0,,,其他,,,,0.0,0,0,0,有,無,9647,1701,,0.0,0,協議價購；,RPQQMLTLKIPFFGD86DA,0.0,0.0,0.0,無,0595
學甲區,土地,宅子港段165-321地號,5.67,,特定農業區,交通用地,1091218,土地1建物0車位0,,,其他,,,,0.0,0,0,0,有,無,9647,1701,,0.0,0,協議價購；,RPRQMLTLKIPFFGD96DA,0.0,0.0,0.0,無,0595
佳里區,土地,鎮安段1000地號,69.95,,鄉村區,乙種建築用地,1091020,土地2建物0車位0,,,其他,,,,0.0,0,0,0,有,無,750000,10722,,0.0,0,親友、員工、共有人或其他特殊關係間之交易；,RPSQMLTLKIPFFGD07DA,0.0,0.0,0.0,無,0804
將軍區,房地(土地+建物),昌平５之１０號,74.4,都市：其他:住宅區,,,1091205,土地1建物1車位0,全,三層,透天厝,住商用,鋼筋混凝土造,0860321,198.45,4,2,3,有,無,4350000,21920,,0.0,0,未登記建物；,RPUNMLRJKIPFFGD56DA,188.19,0.0,10.26,無,
善化區,房地(土地+建物),善新大道１０５巷１６號,76.68,都市：其他:生活服務區(第三-一種住宅區),,,1080801,土地2建物1車位0,全,四層,透天厝,見其他登記事項,鋼筋混凝土造,1090214,196.33,5,2,6,有,無,11800000,60103,,0.0,0,,RPQOMLSJJHGGFHD08DA,168.68,0.0,27.65,無,
善化區,房地(土地+建物),善新大道１０５巷１０號,76.68,都市：其他:生活服務區(第三-一種住宅區),,,1090726,土地2建物1車位0,全,四層,透天厝,見其他登記事項,鋼筋混凝土造,1090214,196.33,5,2,6,有,無,11550000,58830,,0.0,0,,RPXNMLSJJHGGFHD68DA,168.68,0.0,27.65,無,
安定區,房地(土地+建物),許中營１之６８號,82.42,,鄉村區,乙種建築用地,1091206,土地1建物1車位0,全,四層,透天厝,住家用,鋼筋混凝土造,1090508,189.35,5,2,3,有,無,10680000,56403,,0.0,0,,RPWNMLLKJHGGFHD97DA,173.25,0.0,16.1,無,
善化區,房地(土地+建物)+車位,興農路３８１號四樓之３,29.29,都市：其他:住宅區,,,1091012,土地2建物1車位1,四層,七層,華廈(10層含以下有電梯),見其他登記事項,鋼筋混凝土造,1070628,105.22,2,2,2,有,有,4700000,44668,坡道平面,23.46,0,,RPTPMLMKJHGGFHD97DA,56.62,0.0,5.18,有,0805
新化區,土地,新化段王公廟小段1227地號,1261.5,都市：其他:農業區,,,1091229,土地1建物0車位0,,,其他,,,,0.0,0,0,0,有,無,5046000,4000,,0.0,0,親友、員工、共有人或其他特殊關係間之交易；,RPRNMLMKJHGGFHD57DA,0.0,0.0,0.0,無,
善化區,房地(土地+建物),成功路１６９巷９６弄１８８號,114.56,都市：其他:住宅區,,,1091202,土地2建物1車位0,全,四層,透天厝,住家用,鋼筋混凝土造,1010202,209.45,5,2,4,有,無,14680000,70088,,0.0,0,,RPQPMLLKJHGGFHD57DA,198.37,0.0,11.08,無,
新市區,房地(土地+建物),富中街８５巷１號,152.28,都市：其他:住宅區,,,1091210,土地3建物1車位0,全,四層,透天厝,住家用,鋼筋混凝土造,1040630,342.42,18,0,18,有,無,26000000,75930,,0.0,0,頂樓加蓋；,RPWNMLQJJHGGFHD38DA,329.98,0.0,12.44,無,
安定區,房地(土地+建物),安定２５６之４５號,102.77,都市：其他:住宅區,,,1091120,土地2建物1車位0,全,三層,透天厝,見其他登記事項,鋼筋混凝土造,0990310,210.84,5,2,5,有,無,10580000,50180,,0.0,0,,RPRQMLLKKIPFFHD78DA,186.89,8.58,15.37,無,
新市區,房地(土地+建物),永就３之６號,93.0,,鄉村區,乙種建築用地,1091105,土地1建物1車位0,全,三層,透天厝,住家用,鋼筋混凝土造,0811014,159.4,5,2,5,有,無,5600000,35132,,0.0,0,,RPOPMLRKKIPFFHD98DA,148.8,0.0,10.6,無,
歸仁區,土地,中山段506-2地號,0.29,都市：其他:住宅區,,,1091216,土地1建物0車位0,,,其他,,,,0.0,0,0,0,有,無,32434,0,,0.0,0,,RPSOMLSJJHGGFID38DA,0.0,0.0,0.0,無,
關廟區,土地,五甲段3330地號,3501.0,,一般農業區,農牧用地,1091214,土地2建物0車位0,,,其他,,,,0.0,0,0,0,有,無,4200000,1200,,0.0,0,,RPRNMLLKJHGGFID57DA,0.0,0.0,0.0,無,
關廟區,房地(土地+建物),中央路１９６巷１３號,65.0,都市：其他:商業區,,,1091113,土地1建物1車位0,全,四層,透天厝,住家用,見其他登記事項,1090310,183.78,5,2,3,有,無,10800000,58766,,0.0,0,,RPSNMLLKJHGGFID67DA,169.63,0.0,14.15,無,
歸仁區,房地(土地+建物),崙頂一街２３巷１５號,170.44,都市：其他:道路用地,,,1091208,土地3建物1車位0,全,二層,透天厝,住家用,加強磚造,0660200,103.93,3,1,2,有,無,3300000,31752,,0.0,0,親友、員工、共有人或其他特殊關係間之交易；,RPRNMLSJJHGGFID18DA,103.93,0.0,0.0,無,
關廟區,土地,文衡段1031地號,5.0,都市：其他:住宅區,,,1091221,土地1建物0車位0,,,其他,,,,0.0,0,0,0,有,無,300400,60080,,0.0,0,政府機關標讓售；,RPVNMLLKJHGGFID97DA,0.0,0.0,0.0,無,
龍崎區,土地,龍船段36-28地號,3000.0,,山坡地保育區,農牧用地,1091231,土地1建物0車位0,,,其他,,,,0.0,0,0,0,有,無,810000,270,,0.0,0,,RPWNMLLKJHGGFID08DA,0.0,0.0,0.0,無,
歸仁區,房地(土地+建物),忠孝南路９７號,25.8,都市：其他:住宅區,,,1091223,土地1建物1車位0,全,一層,透天厝,住家用,鐵造,0790525,90.22,2,1,1,有,無,2400000,26602,,0.0,0,親友、員工、共有人或其他特殊關係間之交易；未登記建物；,RPOOMLLKJHGGFID37DA,90.22,0.0,0.0,無,
歸仁區,房地(土地+建物),中正北路一段３５２號,104.86,都市：其他:住宅區,,,1091205,土地2建物1車位0,全,三層,透天厝,住家用,見其他登記事項,1090318,187.1,5,2,5,有,無,12390000,66221,,0.0,0,,RPVNMLKMKIPFFID09DA,155.7,0.0,31.4,無,0806
仁德區,房地(土地+建物),新田里義林南路1000號,135.31,都市：其他:甲種工業區,,,1091204,土地2建物1車位0,全,四層,透天厝,工業用,鋼筋混凝土造,0821222,65.6,5,1,3,有,無,2500000,38110,,0.0,0,親友、員工、共有人或其他特殊關係間之交易；,RPQOMLOJJHGGFID77DA,63.6,0.0,2.0,無,
仁德區,土地,如意段182地號,1611.99,,一般農業區,農牧用地,1091031,土地1建物0車位0,,,其他,,,,0.0,0,0,0,有,無,20200000,12531,,0.0,0,,RPWOMLOKKIPFFID86DA,0.0,0.0,0.0,無,
歸仁區,房地(土地+建物),七甲一街２號,61.52,,鄉村區,乙種建築用地,1091116,土地1建物1車位0,全,二層,透天厝,住家用,加強磚造,0651200,84.8,5,2,3,有,無,4150000,48939,,0.0,0,,RPPNMLPLJIPFFID78DA,84.8,0.0,0.0,無,
永康區,房地(土地+建物),鹽信街１４６巷３７號,580.17,都市：其他:工業區,,,1090722,土地1建物1車位0,全,一層,透天厝,見其他登記事項,鋼造,0780210,336.53,0,1,1,有,無,27700000,82311,,0.0,0,其他增建；,RPPPMLRJJHGGFKD28DA,336.53,0.0,0.0,無,
永康區,房地(土地+建物),大勇路１５６之２號,108.0,都市：其他:住宅區,,,1091213,土地1建物1車位0,全,四層,透天厝,見其他登記事項,見其他登記事項,1080226,231.85,6,2,5,有,無,19500000,84106,,0.0,0,,RPXNMLSJJHGGFKD98DA,209.68,0.0,22.17,無,
永康區,土地,市政段105-1地號,19.84,都市：其他:住宅區,,,1091225,土地1建物0車位0,,,其他,,,,0.0,0,0,0,有,無,2820000,142137,,0.0,0,畸零地或有合併使用效益；,RPVNMLLKJHGGFKD18DA,0.0,0.0,0.0,無,
永康區,房地(土地+建物),中正路１５５巷８弄４２號,73.02,都市：其他:住宅區,,,1091211,土地1建物1車位0,全,二層,透天厝,住家用,加強磚造,0740226,90.9,3,2,2,有,無,5500000,60506,,0.0,0,親友、員工、共有人或其他特殊關係間之交易；未登記建物；,RPWNMLLKJHGGFKD28DA,84.22,0.0,6.68,無,
永康區,房地(土地+建物)+車位,網寮里中山南路３１６巷１２號七樓之２,25.77,都市：其他:住宅區,,,1091125,土地1建物1車位1,七層,七層,華廈(10層含以下有電梯),住家用,鋼筋混凝土造,0830520,151.29,3,2,2,有,有,5230000,34569,坡道平面,0.0,0,,RPOOMLLKJHGGFKD57DA,80.29,1.5,10.27,有,
永康區,房地(土地+建物),文化路２６１巷６弄２０號,138.74,都市：其他:住宅區,,,1091203,土地3建物1車位0,全,四層,透天厝,住家用,見其他登記事項,1011228,232.79,5,2,5,有,無,12500000,53696,,0.0,0,,RPPOMLLKJHGGFKD67DA,213.41,0.0,19.38,無,
永康區,土地,三民段1218地號,8.65,都市：其他:住宅區,,,1091222,土地1建物0車位0,,,其他,,,,0.0,0,0,0,有,無,281731,32570,,0.0,0,,RPQOMLLKJHGGFKD77DA,0.0,0.0,0.0,無,
永康區,房地(土地+建物),勝利里勝華街３７巷５０號,25.32,都市：其他:住宅區,,,1091207,土地1建物1車位0,一層，二層，騎樓,十層,華廈(10層含以下有電梯),住商用,鋼筋混凝土造,0810106,155.19,3,2,2,有,有,8100000,52194,,0.0,0,,RPROMLLKJHGGFKD87DA,112.02,0.0,11.39,有,
永康區,房地(土地+建物),中正南路１６８巷３弄１０號,149.69,都市：其他:住宅區,,,1091119,土地1建物1車位0,全,二層,透天厝,住家用,鋼筋混凝土造,0640811,97.84,3,2,2,有,無,5680000,58054,,0.0,0,其他增建；,RPTOMLLKJHGGFKD08DA,97.84,0.0,0.0,無,
永康區,房地(土地+建物),崑山里國光五街２２巷６１號,95.0,都市：其他:住宅區,,,1091118,土地1建物1車位0,全,四層,透天厝,住家用,鋼筋混凝土造,0810110,231.18,5,2,4,有,無,10100000,43689,,0.0,0,,RPUOMLLKJHGGFKD18DA,213.18,0.0,18.0,無,
永康區,土地,三民段1510地號,80.67,都市：其他:道路用地,,,1091231,土地2建物0車位0,,,其他,,,,0.0,0,0,0,有,無,140000,1735,,0.0,0,,RPOPMLLKJHGGFKD67DA,0.0,0.0,0.0,無,0807
永康區,房地(土地+建物),富強路一段９３巷１９弄１１號,98.0,都市：其他:住宅區,,,1091017,土地1建物1車位0,全,四層,透天厝,住家用,見其他登記事項,1030909,235.39,5,2,4,有,無,14000000,59476,,0.0,0,其他增建；,RPUNMLPJJHGGFKD38DA,191.2,0.0,44.19,無,
永康區,土地,鹽新段339地號,143.09,都市：其他:道路用地,,,1091218,土地2建物0車位0,,,其他,,,,0.0,0,0,0,有,無,1200000,8386,,0.0,0,包含公共設施保留地用地；,RPPQMLQJJHGGFKD28DA,0.0,0.0,0.0,無,0135
永康區,房地(土地+建物)+車位,成功里中華路１２號十八樓之１,21.35,都市：其他:住宅區,,,1090830,土地1建物1車位1,十八層,十八層,住宅大樓(11層含以上有電梯),見其他登記事項,鋼筋混凝土造,0800812,257.85,0,3,0,有,有,9500000,36843,坡道平面,0.0,900000,,RPSNMLQJJHGGFKD28DA,174.12,0.0,0.0,有,
楠西區,土地,新鹿田段722地號,5300.0,,一般農業區,農牧用地,1100107,土地1建物0車位0,,,其他,,,,0.0,0,0,0,有,無,4500000,849,,0.0,0,農作物；,RPPNMLSJJHGGFJD08DA,0.0,0.0,0.0,無,
永康區,房地(土地+建物),永大路二段１３１０巷８號七樓之１,19.81,都市：其他:住宅區,,,1091208,土地1建物1車位0,七層,七層,公寓(5樓含以下無電梯),住家用,鋼筋混凝土造,0820630,117.72,3,2,2,有,有,4300000,36527,,0.0,0,陽台外推；,RPVOMLMLKIPFFKD86DA,77.75,0.0,10.94,無,0809
永康區,房地(土地+建物),正強里正強街３１３巷８號,76.32,都市：其他:住宅區,,,1091206,土地1建物1車位0,全,四層,透天厝,住家用,鋼筋混凝土造,0800128,183.77,3,2,3,有,無,8000000,43533,,0.0,0,,RPOPMLQKKIPFFKD56DA,142.89,23.09,17.79,無,
新營區,房地(土地+建物),忠政里１９鄰長榮路二段４３巷１８號,80.15,都市：其他:住宅區,,,1100106,土地2建物1車位0,全,二層,透天厝,住家用,加強磚造,0700317,103.32,4,2,3,有,無,3800000,36779,,0.0,0,,RPQNMLMKJHGGFDD17EA,103.32,0.0,0.0,無,
新營區,房地(土地+建物),東光街４０巷４１號六樓,30.02,都市：其他:住宅區,,,1091217,土地1建物1車位0,六層,六層,華廈(10層含以下有電梯),見其他登記事項,鋼筋混凝土造,0880317,143.27,3,2,2,有,有,3700000,25825,,0.0,0,其他增建；,RPSNMLMKJHGGFDD37EA,84.55,0.0,6.34,有,0810
鹽水區,土地,岸南段676地號,2239.0,,特定農業區,農牧用地,1091114,土地2建物0車位0,,,其他,,,,0.0,0,0,0,有,無,10000000,4466,,0.0,0,,RPWNMLMKJHGGFDD77EA,0.0,0.0,0.0,無,
鹽水區,土地,番子厝段1238地號,1002.0,,特定農業區,農牧用地,1091218,土地1建物0車位0,,,其他,,,,0.0,0,0,0,有,無,1250000,1248,,0.0,0,,RPXNMLMKJHGGFDD87EA,0.0,0.0,0.0,無,
柳營區,土地,外環段84地號,598.64,非都市：特定農業區 ; 非都市編定：農牧用地,,,1091228,土地4建物0車位0,,,其他,,,,0.0,0,0,0,有,無,1200000,2005,,0.0,0,,RPOOMLMKJHGGFDD07EA,0.0,0.0,0.0,無,
新營區,房地(土地+建物),太子路１２之１號,131.47,都市：其他:住宅區,,,1091228,土地1建物1車位0,全,四層,透天厝,住家用,鋼筋混凝土造,1070227,257.74,4,1,4,有,無,13500000,52378,,0.0,0,其他增建；,RPPNMLNKJHGGFDD17EA,234.61,0.0,23.13,無,
安南區,土地,州南段1078-18地號,260.85,都市：其他:農業區,,,1091201,土地1建物0車位0,,,其他,,,,0.0,0,0,0,有,無,2500000,9584,,0.0,0,親友、員工、共有人或其他特殊關係間之交易；,RPPNMLLKJHGGFBD76EA,0.0,0.0,0.0,無,
安南區,房地(土地+建物),安路３６７號,99.29,都市：其他:住宅區,,,1091207,土地1建物1車位0,全,四層,透天厝,住家用,鋼筋混凝土造,1090421,182.87,4,1,4,有,無,13800000,75463,,0.0,0,陽台外推；其他增建；,RPWNMLLKJHGGFBD47EA,178.77,0.0,4.1,無,
安南區,土地,總頭段715地號,232.11,都市：其他:住宅區,,,1091029,土地1建物0車位0,,,其他,,,,0.0,0,0,0,有,無,4282810,18452,,0.0,0,地清或未辦繼承標售；,RPXNMLNKJHGGFBD77EA,0.0,0.0,0.0,無,
安南區,房地(土地+建物),長溪路二段４８３巷２１弄４號,87.25,都市：其他:細部計畫道路用地,,,1091129,土地2建物1車位0,全,二層,透天厝,住家用,加強磚造,0691201,89.92,5,2,3,有,無,4800000,53381,,0.0,0,,RPVNMLSJJHGGFBD97EA,89.92,0.0,0.0,無,
北區,房地(土地+建物),開元路５２３號二十一樓之３,8.45,都市：其他:住宅區,,,1091219,土地3建物1車位0,二十一層,二十四層,住宅大樓(11層含以上有電梯),見其他登記事項,見其他登記事項,1041105,116.82,2,2,2,有,有,6500000,55641,,0.0,0,,RPXNMLLKJHGGFAD47EA,69.96,4.49,7.41,有,0811
善化區,土地,德興段174地號,104.33,,鄉村區,乙種建築用地,1091214,土地1建物0車位0,,,其他,,,,0.0,0,0,0,有,無,834640,8000,,0.0,0,親友、員工、共有人或其他特殊關係間之交易；,RPQNMLMKJHGGFHD57EA,0.0,0.0,0.0,無,
新市區,土地,東大社段1536地號,4872.0,,特定農業區,農牧用地,1091203,土地1建物1車位0,一層,一層,其他,見其他登記事項,見其他登記事項,1080919,3092.56,0,0,0,有,無,72000000,14778,,0.0,0,,RPPOMLMKJHGGFHD57EA,0.0,0.0,0.0,無,
關廟區,房地(土地+建物),埤頭里保東路２８８巷８０號,120.01,,一般農業區,甲種建築用地,1091226,土地6建物1車位0,全,四層,透天厝,住家用,見其他登記事項,1060419,198.11,5,2,4,有,無,9000000,45429,,0.0,0,,RPQOMLSJKIPFFID66EA,174.58,0.0,23.53,無,0812
南化區,土地,中坑段105-1地號,1024.5,,山坡地保育區,農牧用地,1100104,土地1建物0車位0,,,其他,,,,0.0,0,0,0,有,無,260000,254,,0.0,0,,RPQNMLLKJHGGFJD67EA,0.0,0.0,0.0,無,0131
後壁區,土地,土溝段2053地號,2858.0,,特定農業區,農牧用地,1091225,土地2建物0車位0,,,其他,,,,0.0,0,0,0,有,無,2000000,700,,0.0,0,親友、員工、共有人或其他特殊關係間之交易；,RPPNMLNKJHGGFED27EA,0.0,0.0,0.0,無,
麻豆區,房地(土地+建物),子林１８之３０號,7610.03,都市：其他:甲種工業區,,,1090110,土地5建物1車位0,全,一層,透天厝,見其他登記事項,見其他登記事項,0790718,3146.54,0,0,0,無,無,214088790,68039,,0.0,0,,RPRNMLLKJHGGFFD37EA,3146.54,0.0,0.0,無,
將軍區,土地,苓子寮段一小段481地號,684.0,,特定農業區,農牧用地,1091030,土地1建物0車位0,,,其他,,,,0.0,0,0,0,有,無,485640,710,,0.0,0,農地重劃區抵費地、零星集中土地標售,RPQNMLMKJHGGFGD47EA,0.0,0.0,0.0,無,
學甲區,土地,文衡段724地號,158.2,都市：其他:住宅區,,,1091221,土地1建物0車位0,,,其他,,,,0.0,0,0,0,有,無,1060000,6700,,0.0,0,,RPPOMLMKJHGGFGD47EA,0.0,0.0,0.0,無,
佳里區,土地,新安段1324地號,20.81,,鄉村區,乙種建築用地,1090804,土地1建物0車位0,,,其他,,,,0.0,0,0,0,有,無,95748,4601,,0.0,0,畸零地或有合併使用效益；地清或未辦繼承標售；,RPQNMLNKJHGGFGD57EA,0.0,0.0,0.0,無,0814
學甲區,土地,中洲段975-1地號,5781.0,,一般農業區,養殖用地,1091117,土地3建物0車位0,,,其他,,,,0.0,0,0,0,有,無,4300000,744,,0.0,0,親友、員工、共有人或其他特殊關係間之交易；農業設施；,RPTNMLNKJHGGFGD87EA,0.0,0.0,0.0,無,
六甲區,土地,水林段737地號,39.9,都市：其他:市場用地,,,1091202,土地1建物0車位0,,,其他,,,,0.0,0,0,0,有,無,1197000,30000,,0.0,0,,RPQNMLMKJHGGFFD37EA,0.0,0.0,0.0,無,
後壁區,土地,頂豐段188地號,156.67,,特定農業區,水利用地,1091223,土地2建物0車位0,,,其他,,,,0.0,0,0,0,有,無,396375,2530,,0.0,0,政府機關標讓售；,RPQNMLOKJHGGFED47EA,0.0,0.0,0.0,無,
東山區,土地,東山段2960地號,107.0,,特定農業區,農牧用地,1091231,土地1建物0車位0,,,其他,,,,0.0,0,0,0,有,無,66768,624,,0.0,0,政府機關標讓售；,RPSNMLOKJHGGFED67EA,0.0,0.0,0.0,無,
永康區,土地,南工段980-2地號,52.04,都市：其他:住宅區,,,1091230,土地2建物0車位0,,,其他,,,,0.0,0,0,0,有,無,4300000,82629,,0.0,0,未登記建物；,RPVNMLMKJHGGFKD38EA,0.0,0.0,0.0,無,
永康區,房地(土地+建物),大橋五街１１號,100.62,都市：其他:住宅區,,,1091201,土地2建物1車位0,全,五層,透天厝,集合住宅,鋼筋混凝土構造,1090630,230.91,5,6,1,有,無,16250000,70374,,0.0,0,,RPUNMLNKJHGGFKD38EA,203.7,0.0,27.21,無,
永康區,房地(土地+建物),大橋五街１１之２號,93.62,都市：其他:住宅區,,,1091201,土地2建物1車位0,全,五層,透天厝,集合住宅,鋼筋混凝土構造,1090630,227.99,5,6,1,有,無,16300000,71494,,0.0,0,,RPVNMLNKJHGGFKD48EA,201.13,0.0,26.86,無,
永康區,房地(土地+建物),大橋五街１１之３號,93.62,都市：其他:住宅區,,,1091201,土地2建物1車位0,全,五層,透天厝,集合住宅,鋼筋混凝土構造,1090630,227.99,5,6,1,有,無,15380000,67459,,0.0,0,,RPWNMLNKJHGGFKD58EA,201.13,0.0,26.86,無,
關廟區,土地,新埔段15地號,8745.0,,山坡地保育區,農牧用地,1091225,土地3建物0車位0,,,其他,,,,0.0,0,0,0,有,無,6646200,760,,0.0,0,,RPROMLSJKIPFFID76EA,0.0,0.0,0.0,無,
仁德區,房地(土地+建物),成功二街２３巷１６號,88.67,都市：其他:住宅區,,,1091125,土地1建物1車位0,全,二層,透天厝,住家用,加強磚造,0650818,73.05,3,2,3,有,無,5300000,72553,,0.0,0,頂樓加蓋；其他增建；,RPWNMLQLJIPFFID07EA,73.05,0.0,0.0,無,0815
善化區,土地,東勢寮段596-4地號,4617.0,,特定農業區,農牧用地,1091228,土地5建物0車位0,,,其他,,,,0.0,0,0,0,有,無,6000000,1300,,0.0,0,親友、員工、共有人或其他特殊關係間之交易；,RPTOMLMKJHGGFHD97EA,0.0,0.0,0.0,無,
中西區,土地,郡王祠段1286地號,213.55,都市：其他:商業區,,,1091120,土地3建物0車位0,,,其他,,,,0.0,0,0,0,有,無,12600000,59003,,0.0,0,親友、員工、共有人或其他特殊關係間之交易；未登記建物；,RPOOMLNKJHGGFAD86EA,0.0,0.0,0.0,無,
安南區,土地,新順段1002地號,25.01,都市：其他:住宅區,,,1091122,土地1建物0車位0,,,其他,,,,0.0,0,0,0,有,無,1700000,67973,,0.0,0,親友、員工、共有人或其他特殊關係間之交易；,RPPOMLSJJHGGFBD47EA,0.0,0.0,0.0,無,0816
安南區,土地,怡安段632地號,4.61,都市：其他:住宅區,,,1091128,土地1建物0車位0,,,其他,,,,0.0,0,0,0,有,無,180000,39046,,0.0,0,親友、員工、共有人或其他特殊關係間之交易；,RPQOMLSJJHGGFBD57EA,0.0,0.0,0.0,無,
安南區,土地,科工段868-5地號,8391.38,都市：其他:工業區,,,1091225,土地1建物0車位0,,,其他,,,,0.0,0,0,0,有,無,143492598,17100,,0.0,0,,RPUPMLLKJHGGFBD47EA,0.0,0.0,0.0,無,
安南區,土地,安東段354-1地號,44.56,都市：其他:住宅區,,,1091221,土地1建物0車位0,,,其他,,,,0.0,0,0,0,有,無,1600000,35907,,0.0,0,政府機關標讓售；,RPVNMLMKJHGGFBD47EA,0.0,0.0,0.0,無,
東區,房地(土地+建物),東興路８７號四樓,19.26,都市：其他:第五種住宅區,,,1091215,土地1建物1車位0,四層,七層,華廈(10層含以下有電梯),住家用,鋼筋混凝土造,0741113,104.34,3,2,2,有,有,4800000,46003,,0.0,0,,RPVNMLMKJHGGFCD57EA,69.49,0.0,14.38,有,
柳營區,土地,柳中段263地號,183.79,都市：其他:住宅區,,,1091116,土地2建物0車位0,,,其他,,,,0.0,0,0,0,有,無,4447200,24197,,0.0,0,,RPQNMLNKJHGGFDD27EA,0.0,0.0,0.0,無,
新營區,土地,嘉芳段406地號,60.0,都市：其他:甲種工業區,,,1091231,土地1建物0車位0,,,其他,,,,0.0,0,0,0,有,無,1320000,22000,,0.0,0,政府機關標讓售；,RPRNMLNKJHGGFDD37EA,0.0,0.0,0.0,無,
新營區,房地(土地+建物),民生里８鄰民生路１之５號,341.77,都市：其他:主要計畫道路用地,,,1091203,土地4建物1車位0,全,一層,透天厝,見其他登記事項,見其他登記事項,0860616,70.28,2,1,2,有,無,29500000,419750,,0.0,0,,RPSNMLNKJHGGFDD47EA,70.28,0.0,0.0,無,
新營區,房地(土地+建物),太子宮２９７之３５號,80.0,都市：其他:住宅區,,,1091016,土地1建物1車位0,全,三層,透天厝,住家用,鋼筋混凝土造,1090830,157.6,4,2,3,有,無,7200000,45685,,0.0,0,,RPTNMLNKJHGGFDD57EA,147.52,0.0,10.08,無,
新營區,房地(土地+建物),太子宮２９７之２１號,99.58,都市：其他:住宅區,,,1091220,土地3建物1車位0,全,三層,透天厝,見其他登記事項,鋼筋混凝土造,1090830,155.01999999999998,4,2,3,有,有,6200000,39995,,0.0,0,,RPUNMLNKJHGGFDD67EA,145.14,0.0,9.74,無,
鹽水區,土地,岸南段557地號,3220.0,,特定農業區,農牧用地,1100105,土地1建物0車位0,,,其他,,,,0.0,0,0,0,有,無,6440000,2000,,0.0,0,,RPPOMLNKJHGGFDD27EA,0.0,0.0,0.0,無,0817
鹽水區,土地,武廟段72地號,6.46,都市：其他:住宅區,,,1091230,土地1建物0車位0,,,其他,,,,0.0,0,0,0,有,無,175873,27225,,0.0,0,,RPQOMLNKJHGGFDD37EA,0.0,0.0,0.0,無,
鹽水區,土地,新頭港段190地號,1905.34,,河川區,農牧用地,1100111,土地1建物0車位0,,,其他,,,,0.0,0,0,0,有,無,420000,220,,0.0,0,親友、員工、共有人或其他特殊關係間之交易；,RPROMLNKJHGGFDD47EA,0.0,0.0,0.0,無,
鹽水區,土地,義中段539地號,2370.87,,特定農業區,農牧用地,1091223,土地1建物0車位0,,,其他,,,,0.0,0,0,0,有,無,2536800,1070,,0.0,0,,RPPNMLOKJHGGFDD27EA,0.0,0.0,0.0,無,
新營區,房地(土地+建物)+車位,裕民路１４之２號四樓之三,45.33,都市：其他:住宅區,,,1091205,土地2建物1車位1,四層,七層,華廈(10層含以下有電梯),住家用,鋼筋混凝土造,0820208,161.53,3,2,2,有,有,3900000,24144,坡道平面,0.0,0,,RPRNMLOKJHGGFDD47EA,99.01,0.0,10.49,有,
鹽水區,土地,番子厝段3052地號,13238.0,,一般農業區,農牧用地,1100107,土地8建物0車位0,,,其他,,,,0.0,0,0,0,有,無,9280000,701,,0.0,0,,RPSNMLOKJHGGFDD57EA,0.0,0.0,0.0,無,
柳營區,房地(土地+建物),十美街１８６巷２２號,114.6,都市：其他:住宅區,,,1080706,土地2建物1車位0,全,三層,透天厝,住家用,鋼筋混凝土造,1090907,154.8,4,2,3,有,無,6880000,44444,,0.0,0,,RPTNMLMKJHGGFDD47EA,128.32,0.0,26.48,無,
楠西區,土地,埔尾段88-3地號,100.36,都市：其他:住宅區,,,1091231,土地2建物0車位0,,,其他,,,,0.0,0,0,0,有,無,1906840,19000,,0.0,0,政府機關標讓售；,RPPNMLOKJHGGFJD77DA,0.0,0.0,0.0,無,
永康區,房地(土地+建物),中山南路３１９巷２１弄２號,254.45,都市：其他:工業區,,,1091126,土地1建物1車位0,全,二層,透天厝,見其他登記事項,加強磚造,0711121,162.07,0,2,3,有,無,22500000,138829,,0.0,0,頂樓加蓋；其他增建；,RPTPMLQLJIPFFKD07DA,145.31,8.31,8.45,無,
永康區,房地(土地+建物),行里永安一街８１巷８號,87.14,都市：其他:住宅區,,,1091203,土地2建物1車位0,全,四層,透天厝,住家用,鋼筋混凝土造,0941011,224.74,4,2,5,有,無,9500000,42271,,0.0,0,親友、員工、共有人或其他特殊關係間之交易；,RPQOMLQJJHGGFKD18DA,216.12,0.0,8.62,無,
永康區,房地(土地+建物),正南八街３２巷１６號,300.06,都市：其他:工業區,,,1091207,土地3建物1車位0,全,三層,透天厝,見其他登記事項,見其他登記事項,1001206,399.31,6,2,6,有,無,23600000,59102,,0.0,0,其他增建；,RPUNMLLKJHGGFKD08DA,399.31,0.0,0.0,無,
永康區,土地,南工段797地號,80.41,都市：其他:住宅區,,,1091128,土地2建物0車位0,,,其他,,,,0.0,0,0,0,無,無,5500000,68399,,0.0,0,,RPXNMLMKJHGGFKD48DA,0.0,0.0,0.0,無,0818
永康區,房地(土地+建物),西灣里永華路２３３巷３２號三樓之１,13.66,都市：其他:住宅區,,,1091202,土地1建物1車位0,三層,九層,公寓(5樓含以下無電梯),住家用,鋼筋混凝土造,0811130,81.42,2,2,2,有,無,3200000,39302,,0.0,0,,RPVOMLLKJHGGFKD28DA,50.75,0.0,8.11,無,
永康區,房地(土地+建物),五王里中華路５７８巷２之２號七樓之７,3.97,都市：其他:住宅區,,,1091226,土地2建物1車位0,七層,八層,華廈(10層含以下有電梯),住家用,鋼筋混凝土造,0851028,22.99,1,1,1,有,有,970000,42192,,0.0,0,,RPXOMLLKJHGGFKD48DA,14.71,0.0,2.28,有,
永康區,土地,西灣段447地號,96.21,都市：其他:道路用地,,,1091203,土地1建物0車位0,,,其他,,,,0.0,0,0,0,有,無,1000000,10394,,0.0,0,原因：親屬間買賣。,RPTOMLMKJHGGFKD18DA,0.0,0.0,0.0,無,0819
仁德區,土地,文賢段467地號,443.15,都市：其他:計畫道路用地,,,1100104,土地2建物0車位0,,,其他,,,,0.0,0,0,0,有,無,950000,2144,,0.0,0,包含公共設施保留地用地；,RPPOMLOJJHGGFID67DA,0.0,0.0,0.0,無,
仁德區,土地,保生段869地號,486.48,都市：其他:農業區,,,1091231,土地1建物0車位0,,,其他,,,,0.0,0,0,0,有,無,1471600,3025,,0.0,0,親友、員工、共有人或其他特殊關係間之交易；,RPQOMLLKJHGGFID57DA,0.0,0.0,0.0,無,
歸仁區,房地(土地+建物),文化里大德路２１１號五樓之１０,11.16,都市：其他:住宅區,,,1091228,土地1建物1車位0,五層,八層,華廈(10層含以下有電梯),住家用,鋼筋混凝土造,0820506,63.39,3,2,2,有,有,370170,5840,,0.0,0,親友、員工、共有人或其他特殊關係間之交易；,RPPNMLNKJHGGFID57DA,43.83,0.0,4.36,有,
歸仁區,土地,八甲段3934地號,1986.0,,特定農業區,農牧用地,1091225,土地1建物0車位0,,,其他,,,,0.0,0,0,0,有,無,25000000,12588,,0.0,0,未登記建物；,RPUNMLLKJHGGFID87DA,0.0,0.0,0.0,無,
仁德區,土地,土庫段147地號,66.34,都市：其他:住宅區,,,1091230,土地1建物0車位0,,,其他,,,,0.0,0,0,0,有,無,800000,12059,,0.0,0,原因：親屬間買賣。,RPPOMLSJJHGGFID08DA,0.0,0.0,0.0,無,
善化區,土地,北子店段二小段152地號,2112.0,,特定農業區,農牧用地,1091208,土地1建物0車位0,,,其他,,,,0.0,0,0,0,有,無,9609600,4550,,0.0,0,,RPPPMLMLKIPFFHD68DA,0.0,0.0,0.0,無,
新市區,土地,北社內段868地號,906.56,,鄉村區,乙種建築用地,1091005,土地1建物0車位0,,,其他,,,,0.0,0,0,0,有,無,41130000,45369,,0.0,0,,RPVNNLNJKIPFFHD09DA,0.0,0.0,0.0,無,
善化區,房地(土地+建物)+車位,興農路３８３號三樓之１,28.54,都市：其他:住宅區,,,1091020,土地2建物1車位1,三層,七層,華廈(10層含以下有電梯),見其他登記事項,鋼筋混凝土造,1070628,104.03,2,2,2,有,有,5250000,50466,一樓平面,19.42,0,,RPRUMLPJJHGGFHD48DA,57.82,0.0,6.09,有,0820
安定區,房地(土地+建物),安定３８之１４號,149.69,都市：其他:住宅區,,,1091123,土地2建物2車位0,全,二層,透天厝,住家用,加強磚造,0740119,202.67,6,4,4,有,無,6800000,33552,,0.0,0,瑕疵物件；,RPSOMLMKJHGGFHD77DA,188.98,0.0,13.69,無,
新化區,房地(土地+建物),信義路１７３號之８,29.4,都市：其他:住宅區,,,1100102,土地4建物1車位0,一層，二層，三層，四層,九層,華廈(10層含以下有電梯),住商用,鋼筋混凝土造,0840810,207.01999999999998,4,2,3,有,無,5200000,25118,,0.0,0,,RPXOMLLKJHGGFHD18DA,140.72,5.53,14.39,有,
新市區,房地(土地+建物),社內１９３之１號,522.15,,鄉村區,乙種建築用地,1091210,土地3建物1車位0,全,四層,透天厝,見其他登記事項,鋼筋混凝土造,0890608,626.85,8,2,8,有,無,21200000,33820,,0.0,0,,RPSNMLOLKIPFFHD98DA,599.89,0.0,26.96,無,
新市區,土地,新北段91地號,711.78,都市：其他:住宅區,,,1091114,土地2建物0車位0,,,其他,,,,0.0,0,0,0,有,無,75359725,105875,,0.0,0,,RPPPMLOLKIPFFHD88DA,0.0,0.0,0.0,無,
學甲區,土地,大灣段23地號,921.0,,特定農業區,農牧用地,1091229,土地1建物0車位0,,,其他,,,,0.0,0,0,0,有,無,2350000,2552,,0.0,0,,RPSOMLTLKIPFFGD86DA,0.0,0.0,0.0,無,
佳里區,房地(土地+建物),公園路２５３巷３號,181.0,都市：其他:住宅區,,,1091123,土地1建物1車位0,全,四層,透天厝,見其他登記事項,鋼筋混凝土造,1090430,376.32,6,2,6,有,無,20600000,54741,,0.0,0,,RPPOMLSJJHGGFGD87DA,349.23,0.0,27.09,有,
學甲區,房地(土地+建物),新榮里寶發路１０９號五樓之２,23.83,都市：其他:住宅區,,,1091115,土地1建物1車位0,五層,六層,華廈(10層含以下有電梯),住家用,鋼筋混凝土造,0840427,99.83,2,1,1,有,無,1680000,16829,,0.0,0,,RPWOMLMKJHGGFGD08DA,56.87,0.0,12.4,有,
北門區,土地,鯤江段339地號,164.46,都市：其他:住宅區,,,1091029,土地1建物0車位0,,,其他,,,,0.0,0,0,0,有,無,756516,4600,,0.0,0,地清或未辦繼承標售；,RPRNMLLKJHGGFGD37DA,0.0,0.0,0.0,無,
佳里區,房地(土地+建物),六安里４鄰佳北路２５號,125.38,都市：其他:住宅區,,,1091206,土地1建物1車位0,全,四層,透天厝,住家用,鋼筋混凝土造,1030904,222.44,6,2,4,有,無,14000000,62938,,0.0,0,,RPQOMLMKJHGGFGD47DA,209.86,0.0,12.58,無,
佳里區,房地(土地+建物),佳里興３６８之９號,91.55,,鄉村區,乙種建築用地,1091212,土地2建物1車位0,全,三層,透天厝,見其他登記事項,鋼筋混凝土造,1090721,146.64,4,2,3,有,無,6530000,44531,,0.0,0,,RPQNMLKKJHGGFGD17DA,135.61,0.0,11.03,無,
將軍區,土地,漚汪段中甲小段969-1地號,623.0,,特定農業區,農牧用地,1091030,土地1建物0車位0,,,其他,,,,0.0,0,0,0,有,無,511000,820,,0.0,0,農地重劃區抵費地.零星集中土地標售,RPVNMLNKJHGGFGD97DA,0.0,0.0,0.0,無,
學甲區,土地,宅子港段165-321地號,7.94,,特定農業區,交通用地,1091218,土地1建物0車位0,,,其他,,,,0.0,0,0,0,有,無,13506,1701,,0.0,0,協議價購；,RPTRMLTLKIPFFGD27DA,0.0,0.0,0.0,無,0595
學甲區,土地,宅子港段165-321地號,5.67,,特定農業區,交通用地,1091218,土地1建物0車位0,,,其他,,,,0.0,0,0,0,有,無,9647,1701,,0.0,0,協議價購；,RPXQMLTLKIPFFGD57DA,0.0,0.0,0.0,無,0595
學甲區,土地,宅子港段165-321地號,1.89,,特定農業區,交通用地,1091218,土地1建物0車位0,,,其他,,,,0.0,0,0,0,有,無,3216,1702,,0.0,0,協議價購；,RPORMLTLKIPFFGD76DA,0.0,0.0,0.0,無,0595
學甲區,土地,宅子港段165-321地號,1.89,,特定農業區,交通用地,1091218,土地1建物0車位0,,,其他,,,,0.0,0,0,0,有,無,3216,1702,,0.0,0,協議價購；,RPPRMLTLKIPFFGD86DA,0.0,0.0,0.0,無,0595
學甲區,土地,宅子港段165-321地號,1.89,,特定農業區,交通用地,1091218,土地1建物0車位0,,,其他,,,,0.0,0,0,0,有,無,3216,1702,,0.0,0,協議價購；,RPQRMLTLKIPFFGD96DA,0.0,0.0,0.0,無,0595
學甲區,土地,宅子港段165-321地號,7.94,,特定農業區,交通用地,1091218,土地1建物0車位0,,,其他,,,,0.0,0,0,0,有,無,13506,1701,,0.0,0,協議價購；,RPRRMLTLKIPFFGD07DA,0.0,0.0,0.0,無,0595
學甲區,土地,宅子港段165-321地號,7.94,,特定農業區,交通用地,1091218,土地1建物0車位0,,,其他,,,,0.0,0,0,0,有,無,13506,1701,,0.0,0,協議價購；,RPVRMLTLKIPFFGD47DA,0.0,0.0,0.0,無,0595
麻豆區,房地(土地+建物),苓子林８之４０號,492.96,都市：其他:甲種工業區,,,1091029,土地2建物1車位0,全,一層,透天厝,見其他登記事項,見其他登記事項,1080514,159.31,0,0,0,無,無,16000000,100433,,0.0,0,,RPSOMLLKJHGGFFD47DA,159.31,0.0,0.0,無,
麻豆區,房地(土地+建物),苓子林８之３９號,324.7,都市：其他:甲種工業區,,,1091029,土地2建物1車位0,全,一層,透天厝,見其他登記事項,見其他登記事項,1080514,157.76,0,0,0,無,無,15000000,95081,,0.0,0,,RPTOMLLKJHGGFFD57DA,157.76,0.0,0.0,無,
六甲區,房地(土地+建物),龜子港８０巷２３弄８號,79.36,,鄉村區,乙種建築用地,1091114,土地1建物1車位0,全,三層,透天厝,住家用,見其他登記事項,1081001,162.83,4,1,3,有,無,6300000,38691,,0.0,0,,RPVNMLSJJHGGFFD28DA,148.24,14.56,0.0,無,
麻豆區,土地,大埕段96地號,220.0,都市：其他:第二種住宅區,,,1091116,土地1建物0車位0,,,其他,,,,0.0,0,0,0,有,無,8830000,40136,,0.0,0,,RPPNMLLKJHGGFFD07DA,0.0,0.0,0.0,無,
麻豆區,房地(土地+建物),苓子林８之４５號,304.09,都市：其他:甲種工業區,,,1091124,土地2建物1車位0,全,一層,透天厝,見其他登記事項,見其他登記事項,1080514,173.16,0,0,0,無,無,10900000,62948,,0.0,0,,RPVOMLLKJHGGFFD77DA,173.16,0.0,0.0,無,
大內區,土地,石城段262地號,384.93,都市：其他:住宅區,,,1091125,土地1建物0車位0,,,其他,,,,0.0,0,0,0,有,無,6756866,17553,,0.0,0,,RPWOMLLKJHGGFFD87DA,0.0,0.0,0.0,無,
大內區,土地,石城段263地號,124.94,都市：其他:計畫道路用地,,,1091125,土地2建物0車位0,,,其他,,,,0.0,0,0,0,有,無,2193134,17553,,0.0,0,包含公共設施保留地用地；,RPXOMLLKJHGGFFD97DA,0.0,0.0,0.0,無,
麻豆區,房地(土地+建物),寮子６０之１２號,104.0,,鄉村區,乙種建築用地,1091219,土地2建物1車位0,全,三層,透天厝,住家用,見其他登記事項,1090318,165.75,5,2,3,有,無,7600000,45852,,0.0,0,,RPQNMLPLKIPFFFD68DA,162.96,0.0,2.79,無,
麻豆區,土地,謝厝寮段1137-6地號,4309.0,,鄉村區,丁種建築用地,1091121,土地6建物0車位0,,,其他,,,,0.0,0,0,0,有,無,87630000,20337,,0.0,0,,RPQOMLNLKIPFFFD58DA,0.0,0.0,0.0,無,
麻豆區,土地,謝厝寮段1111-7地號,949.0,,一般農業區,農牧用地,1091121,土地1建物0車位0,,,其他,,,,0.0,0,0,0,有,無,4400000,4636,,0.0,0,,RPOOMLNLKIPFFFD38DA,0.0,0.0,0.0,無,
麻豆區,房地(土地+建物),南勢２４之６２號,114.72,都市：其他:農業區,,,1090822,土地4建物1車位0,全,四層,透天厝,見其他登記事項,見其他登記事項,1090507,225.18,4,2,5,有,有,11200000,49738,,0.0,0,預售屋、或土地及建物分次登記案件；,RPPOMLTLKIPFFFD09DA,199.89,25.29,0.0,無,
麻豆區,房地(土地+建物),南勢２４之６６號,114.44,都市：其他:農業區,,,1090917,土地4建物1車位0,全,四層,透天厝,見其他登記事項,見其他登記事項,1090507,225.18,4,2,5,有,有,11250000,49960,,0.0,0,預售屋、或土地及建物分次登記案件；,RPWNMLTLKIPFFFD07DA,199.9,25.28,0.0,無,
東山區,土地,前大埔段1057-18地號,4389.0,,山坡地保育區,林業用地,1100106,土地1建物0車位0,,,其他,,,,0.0,0,0,0,有,無,746130,170,,0.0,0,,RPRNMLRJJHGGFED67DA,0.0,0.0,0.0,無,
白河區,土地,關子嶺段86-12地號,2267.0,,森林區,農牧用地,1091105,土地1建物0車位0,,,其他,,,,0.0,0,0,0,有,無,1250000,551,,0.0,0,,RPUNMLLKJHGGFED47DA,0.0,0.0,0.0,無,0828
東山區,房地(土地+建物),東原村前大埔１５７號,64.52,,鄉村區,乙種建築用地,1091215,土地2建物1車位0,全,二層,透天厝,商業用,加強磚造,0660101,126.36,3,2,2,有,無,1750000,13849,,0.0,0,瑕疵物件；,RPQNMLMKJHGGFED17DA,120.74,0.0,5.62,無,
南區,房地(土地+建物),三官路１１３號,84.0,都市：其他:住宅區,,,1091104,土地1建物1車位0,全,三層,透天厝,住家用,鋼筋混凝土造,0580120,170.86,5,2,3,有,無,11300000,66136,,0.0,0,頂樓加蓋；,RPRNMLMKJHGGFCD07DA,170.86,0.0,0.0,無,
南區,房地(土地+建物),永成路三段４７５號,77.0,都市：其他:住宅區,,,1091213,土地1建物1車位0,全,四層,透天厝,住商用,鋼筋混凝土造,0841116,213.08,5,3,4,有,無,10800000,50685,,0.0,0,其他增建；,RPSNMLMKJHGGFCD17DA,194.61,2.02,16.45,無,
東區,房地(土地+建物)+車位,崇德路７９３號七樓之１,20.83,都市：其他:第五種住宅區,,,1091209,土地1建物1車位1,七層,八層,華廈(10層含以下有電梯),住家用,鋼筋混凝土造,0860729,158.1,4,2,2,有,有,9300000,58824,坡道機械,6.41,0,,RPTNMLMKJHGGFCD27DA,103.88,0.0,12.14,有,0829
南區,房地(土地+建物),三官路２２２巷１１號,72.0,都市：其他:住宅區,,,1091222,土地1建物1車位0,全,三層,透天厝,住家用,鋼筋混凝土造,0650804,126.64,6,2,3,有,無,7800000,61592,,0.0,0,親友、員工、共有人或其他特殊關係間之交易；,RPXNMLMKJHGGFCD67DA,126.64,0.0,0.0,無,
南區,房地(土地+建物),五妃街３８６巷２１號五樓之１,17.64,都市：其他:住宅區,,,1091117,土地1建物1車位0,五層，電梯樓梯間,五層,公寓(5樓含以下無電梯),住家用,鋼筋混凝土造,0701022,71.03,3,2,2,有,無,3150000,44347,,0.0,0,頂樓加蓋；,RPUNMLLKJHGGFCD27DA,52.04,0.0,10.88,無,
東區,土地,東光段59地號,24.73,都市：其他:細部計畫道路用地,,,1091229,土地1建物0車位0,,,其他,,,,0.0,0,0,0,有,無,1754594,70950,,0.0,0,親友、員工、共有人或其他特殊關係間之交易；包含公共設施保留地用地；,RPOPMLLKJHGGFCD86DA,0.0,0.0,0.0,無,0830
東區,土地,裕南段1886地號,279.49,都市：其他:細部計畫道路用地,,,1091229,土地4建物0車位0,,,其他,,,,0.0,0,0,0,有,無,8342224,29848,,0.0,0,親友、員工、共有人或其他特殊關係間之交易；包含公共設施保留地用地；,RPPPMLLKJHGGFCD96DA,0.0,0.0,0.0,無,
東區,房地(土地+建物),崇德二十街８５號,12.88,都市：其他:第五種住宅區,,,1091203,土地1建物1車位0,一層,六層,華廈(10層含以下有電梯),住家用,鋼筋混凝土造,0820515,69.15,2,2,1,有,有,3800000,54953,,0.0,0,陽台外推；,RPUPMLRJJHGGFCD97DA,48.58,5.6,0.0,有,0831
東區,房地(土地+建物),東門路一段２９８號五樓之２,12.96,都市：其他:第五種住宅區,,,1091213,土地4建物1車位0,五層,十一層,住宅大樓(11層含以上有電梯),住家用,鋼筋混凝土造,0800518,108.16,3,1,2,有,有,3500000,32359,,0.0,0,,RPVPMLRJJHGGFCD08DA,77.85,0.0,0.0,有,
東區,房地(土地+建物),崇德二街７３號,90.0,都市：其他:第五種住宅區,,,1091016,土地1建物1車位0,全,二層,透天厝,住家用,鋼筋混凝土造,0750207,133.84,3,2,2,有,無,7000000,52301,,0.0,0,,RPRNMLPJJHGGFCD27DA,127.82,0.0,6.02,無,
東區,房地(土地+建物)+車位,仁東街６３號十一樓之１３,23.4,都市：其他:第五種住宅區,,,1091208,土地1建物1車位1,十一層,十二層,住宅大樓(11層含以上有電梯),住家用,鋼筋混凝土造,0870919,134.9,3,2,2,有,有,6800000,50408,坡道平面,19.86,0,,RPSNMLRJJHGGFCD57DA,80.98,0.0,11.24,有,
南區,房地(土地+建物)+車位,西門路一段２７６號十一樓之１,23.17,都市：其他:商業區,,,1090517,土地2建物1車位1,十一層,十五層,住宅大樓(11層含以上有電梯),見其他登記事項,見其他登記事項,1091123,169.49,3,2,2,有,有,8900000,55617,坡道平面,33.74,1350000,預售屋、或土地及建物分次登記案件；,RPPOMLRJJHGGFCD37DA,79.31,1.38,11.04,有,
南區,房地(土地+建物)+車位,西門路一段２７６號十一樓之５,21.72,都市：其他:商業區,,,1090517,土地2建物1車位1,十一層,十五層,住宅大樓(11層含以上有電梯),見其他登記事項,見其他登記事項,1091123,162.39,3,2,2,有,有,8450000,54800,坡道平面,33.74,1400000,預售屋、或土地及建物分次登記案件；,RPQOMLRJJHGGFCD47DA,75.06,1.38,10.46,有,
新營區,土地,新興段766地號,165.39,都市：其他:住宅區,,,1091111,土地1建物0車位0,,,其他,,,,0.0,0,0,0,有,無,7500000,45347,,0.0,0,親友、員工、共有人或其他特殊關係間之交易；,RPRNMLMKJHGGFDD17DA,0.0,0.0,0.0,無,
鹽水區,土地,飯店段2980-2地號,153.0,,特定農業區,農牧用地,1091111,土地1建物0車位0,,,其他,,,,0.0,0,0,0,有,無,200000,1307,,0.0,0,本件雙方原各自所有飯店段土地，因進行地籍圖重測導致原土地範圍發生嚴重走位偏差，重測後有越界之買方向賣方購買因此所越界之土地範圍。買賣價格有受影響。,RPUNMLMKJHGGFDD47DA,0.0,0.0,0.0,無,
新營區,房地(土地+建物),中正路３７巷６０號,60.86,都市：其他:主要計畫道路用地,,,1091209,土地2建物1車位0,全,二層,透天厝,住家用,鋼筋混凝土加強磚造,,75.0,3,2,2,有,無,3880000,51733,,0.0,0,,RPQOMLLKJHGGFDD07DA,75.0,0.0,0.0,無,
新營區,土地,周武段748地號,642.94,都市：其他:住宅區,,,1091228,土地1建物0車位0,,,其他,,,,0.0,0,0,0,有,無,18500000,28774,,0.0,0,,RPQPMLTLKIPFFDD09DA,0.0,0.0,0.0,無,0533
新營區,房地(土地+建物),民生里１４鄰公園路一段１６０巷１５之１１號,189.27,都市：其他:住宅區,,,1091130,土地2建物1車位0,全,四層,透天厝,住家用,鋼筋混凝土造,1040306,201.91,4,2,4,有,無,11500000,56956,,0.0,0,,RPOOMLMJKIPFFDD87DA,184.77,0.0,17.14,無,
安南區,土地,學東段956-2地號,150.47,都市：其他:住宅區,,,1091212,土地1建物0車位0,,,其他,,,,0.0,0,0,0,有,無,5900000,39210,,0.0,0,,RPXOMLLKJHGGFBD57DA,0.0,0.0,0.0,無,
安南區,土地,安中段592地號,450.58,都市：其他:國中學校用地,,,1091123,土地3建物0車位0,,,其他,,,,0.0,0,0,0,有,無,13630000,30250,,0.0,0,包含公共設施保留地用地；,RPPPMLLKJHGGFBD86DA,0.0,0.0,0.0,無,0833
安南區,土地,海北段48地號,3539.47,都市：其他:住宅區,,,1090918,土地7建物0車位0,,,其他,,,,0.0,0,0,0,有,無,273880000,77379,,0.0,0,,RPPNMLTJJHGGFBD37DA,0.0,0.0,0.0,無,
安南區,房地(土地+建物),環館北路８３９號,103.3,都市：其他:住宅區,,,1091125,土地4建物1車位0,全,四層,透天厝,見其他登記事項,鋼筋混凝土造,0971128,247.29,6,2,4,有,有,14800000,59849,,0.0,0,頂樓加蓋；,RPUNMLSJJHGGFBD77DA,224.52,0.0,19.58,無,
安南區,土地,新順段1002地號,3.57,都市：其他:住宅區,,,1091124,土地1建物0車位0,,,其他,,,,0.0,0,0,0,有,無,245000,68627,,0.0,0,親友、員工、共有人或其他特殊關係間之交易；,RPVNMLSJJHGGFBD87DA,0.0,0.0,0.0,無,0816
安南區,土地,和成段874-1地號,2719.8,都市：其他:細部計畫道路用地,,,1091229,土地9建物0車位0,,,其他,,,,0.0,0,0,0,有,無,26940758,9905,,0.0,0,親友、員工、共有人或其他特殊關係間之交易；包含公共設施保留地用地；,RPQQMLLKJHGGFBD07DA,0.0,0.0,0.0,無,0835
安南區,房地(土地+建物),樂活十街２５號,86.8,都市：其他:住宅區,,,1081001,土地1建物1車位0,全,四層,透天厝,住家用,鋼筋混凝土造,1090907,222.59,5,2,4,有,無,12500000,56157,,0.0,0,,RPSNMLMKJHGGFBD07DA,191.62,0.0,30.97,無,
安南區,房地(土地+建物),海佃路二段７２５巷２０號,126.22,都市：其他:住宅區,,,1091016,土地3建物1車位0,全,二層,透天厝,住家用,加強磚造,0701001,129.19,6,2,2,有,無,4750000,36768,,0.0,0,,RPWNMLMKJHGGFBD47DA,123.45,0.0,5.74,無,
安南區,房地(土地+建物),公學路一段１６０巷２７號,93.15,都市：其他:細部計畫道路用地,,,1091205,土地2建物1車位0,全,三層,透天厝,住家用,鋼筋混凝土造,1090914,150.89,5,2,3,有,無,8400000,55670,,0.0,0,陽台外推；其他增建；,RPROMLMKJHGGFBD07DA,122.69,0.0,28.2,無,
安南區,土地,國安段1473-1地號,149.4,都市：其他:主要計畫道路用地,,,1091218,土地1建物0車位0,,,其他,,,,0.0,0,0,0,有,無,1697000,11359,,0.0,0,包含公共設施保留地用地；,RPVNMLRKKIPFFBD88DA,0.0,0.0,0.0,無,0836
安南區,房地(土地+建物),府安路四段９１巷１８弄２１號,84.0,都市：其他:住宅區,,,1091218,土地1建物1車位0,全,二層,透天厝,住家用,加強磚造,0680821,86.1,3,1,2,有,無,2940000,34146,,0.0,0,,RPUNMLSKKIPFFBD88DA,86.1,0.0,0.0,無,0837
東區,房地(土地+建物)+車位,崇賢三路３２號五樓之３,32.23,都市：其他:第五種住宅區,,,1091214,土地1建物1車位1,五層,十五層,住宅大樓(11層含以上有電梯),見其他登記事項,鋼筋混凝土造,1061031,187.2,3,2,2,有,有,5558100,31153,坡道平面,29.01,630000,照顧住宅,RPTNMLKLKIPFFCD18DA,97.91,0.0,12.59,有,0838
東區,房地(土地+建物),富農街一段１５號之２７,95.07,都市：其他:第五種住宅區,,,1091204,土地3建物1車位0,全,四層,透天厝,見其他登記事項,鋼筋混凝土造,0850902,191.21,4,2,3,有,無,10400000,54390,,0.0,0,陽台外推；頂樓加蓋；其他增建；,RPPOMLOJKIPFFCD08DA,170.8,0.0,20.41,無,
東區,房地(土地+建物),東光路二段１１巷１３號四樓,55.81,都市：其他:細部計畫道路用地,,,1091210,土地2建物2車位0,四層，五層，屋頂突出物,五層,公寓(5樓含以下無電梯),住家用,鋼筋混凝土造,0790111,175.91000000000003,7,0,7,有,無,6680000,37974,,0.0,0,其他增建；,RPOPMLKKKIPFFCD77DA,148.04,6.68,10.08,無,
中西區,房地(土地+建物),府前路一段９３號,61.14,都市：其他:商業區,,,1091129,土地1建物1車位0,全,二層,透天厝,住商用,加強磚造,0520311,115.61,3,2,2,有,無,10250000,88660,,0.0,0,頂樓加蓋；,RPUOMLOKKIPFFAD48DA,115.61,0.0,0.0,無,
北區,房地(土地+建物)+車位,開元路２１２巷５４號六樓之７,14.02,都市：其他:商業區,,,1091125,土地3建物1車位1,六層,七層,華廈(10層含以下有電梯),住家用,鋼筋混凝土造,0800422,75.78,2,2,1,有,有,3602000,47532,坡道平面,0.0,0,,RPQPMLMJKIPFFAD87DA,59.83,0.0,1.99,有,
中西區,房地(土地+建物)+車位,民權路四段１３２號九樓之５,12.43,都市：其他:住宅區,,,1091205,土地1建物1車位1,九層,十層,華廈(10層含以下有電梯),見其他登記事項,見其他登記事項,1070531,127.16,2,1,2,有,有,7500000,58981,坡道機械,33.27,0,,RPPPMLRJJHGGFAD27DA,50.99,4.03,8.14,有,0839
安平區,房地(土地+建物)+車位,華平路２１巷３２弄８之４號,32.6,都市：其他:住宅區,,,1091212,土地1建物1車位1,五層,六層,華廈(10層含以下有電梯),住家用,鋼筋混凝土造,0820129,156.54000000000002,5,2,2,有,有,6160000,39351,升降平面,0.0,0,,RPRPMLMLKIPFFAD18DA,105.83,0.0,8.85,有,
安平區,房地(土地+建物)+車位,健康路三段３３３號八樓之５,12.03,都市：其他:商業區,,,1091202,土地1建物1車位1,八層,二十六層,住宅大樓(11層含以上有電梯),見其他登記事項,見其他登記事項,1060124,156.74,3,2,2,有,有,8100000,51678,坡道平面,30.66,0,,RPPOMLOLKIPFFAD08DA,72.91,3.34,8.1,有,0840
安平區,房地(土地+建物),建平十七街１２１號十一樓之５,11.96,都市：其他:商業區,,,1091223,土地1建物1車位0,十一層，十二層,十六層,住宅大樓(11層含以上有電梯),住家用,鋼筋混凝土造,0840819,177.38,3,2,2,有,有,6650000,37490,,0.0,0,其他增建；,RPTOMLLKJHGGFAD07DA,90.99,0.0,12.94,有,0841
安平區,房地(土地+建物),世平四街４９巷２２號,107.33,都市：其他:特定住宅專用區,,,1091025,土地2建物1車位0,全,四層,透天厝,見其他登記事項,鋼筋混凝土造,0970205,217.28,3,1,6,有,無,12000000,55228,,0.0,0,,RPUOMLLKJHGGFAD17DA,208.08,0.0,9.2,無,
安平區,房地(土地+建物)+車位,國平路３８７號一樓之１,16.73,都市：其他:住宅區,,,1091130,土地1建物1車位1,一層,八層,華廈(10層含以下有電梯),住家用,鋼筋混凝土造,0840401,108.28,3,2,2,有,有,5780000,53380,坡道平面,0.0,0,,RPROMLLKJHGGFAD86DA,59.92,17.41,0.0,有,0842
中西區,土地,武聖段726-11地號,321.7,都市：其他:細部計畫道路用地,,,1091229,土地1建物0車位0,,,其他,,,,0.0,0,0,0,有,無,11323675,35199,,0.0,0,親友、員工、共有人或其他特殊關係間之交易；包含公共設施保留地用地；,RPWOMLLKJHGGFAD37DA,0.0,0.0,0.0,無,0843
北區,土地,仁愛段466-49地號,7.0,都市：其他:細部計畫道路用地,,,1091229,土地1建物0車位0,,,其他,,,,0.0,0,0,0,有,無,130130,18590,,0.0,0,親友、員工、共有人或其他特殊關係間之交易；包含公共設施保留地用地；,RPOPMLLKJHGGFAD66DA,0.0,0.0,0.0,無,
中西區,房地(土地+建物),府前路一段１２２巷１２號之１,47.04,都市：其他:商業區,,,1091130,土地1建物1車位0,全,二層,透天厝,住家用,加強磚造,0611005,70.88,4,1,2,有,無,5650000,79712,,0.0,0,,RPOOMLLKJHGGFAD56DA,70.88,0.0,0.0,無,
安平區,房地(土地+建物)+車位,永華路二段７６８號二十二樓之３,35.45,都市：其他:住宅區,,,1091009,土地1建物1車位2,二十二層,二十四層,住宅大樓(11層含以上有電梯),見其他登記事項,見其他登記事項,0940408,408.23,3,2,3,有,有,22300000,54626,坡道平面,54.78,0,,RPOOMLMKJHGGFAD66DA,259.15,0.0,25.79,有,
中西區,房地(土地+建物),武聖路１５１巷４２號,99.25,都市：其他:住宅區,,,1091230,土地1建物1車位0,全,三層,透天厝,住商用,鋼筋混凝土造,0690827,216.51,5,2,6,有,無,12800000,59120,,0.0,0,,RPRQMLNKJHGGFAD27DA,216.51,0.0,0.0,無,0844
安平區,房地(土地+建物),永華八街１９３巷３號三樓之９,20.04,都市：其他:住宅區,,,1091128,土地1建物1車位0,三層,六層,華廈(10層含以下有電梯),住家用,鋼筋混凝土造,0811222,82.61,2,2,2,有,有,3150000,38131,,0.0,0,,RPOPMLPKJHGGFAD07DA,57.76,0.0,0.0,有,0845
北區,房地(土地+建物),東豐路２２７巷１２號二樓之２,5.94,都市：其他:住宅區,,,1091227,土地1建物1車位0,二層,十三層,住宅大樓(11層含以上有電梯),見其他登記事項,見其他登記事項,1000908,31.9,1,0,1,有,無,2275000,71317,,0.0,0,原因：親屬間買賣。,RPTOMLMKJHGGFAD17DA,18.74,2.46,0.0,有,0846
北區,房地(土地+建物),武聖路８８號,97.36,都市：其他:住宅區,,,1091023,土地1建物1車位0,全,四層,透天厝,住商用,鋼筋混凝土造,0700304,261.46,4,3,5,有,無,15000000,57370,,0.0,0,,RPXOMLMKJHGGFAD57DA,261.46,0.0,0.0,無,
安平區,房地(土地+建物)+車位,永華路二段５０３號七樓之１,22.08,都市：其他:住宅區,,,1091123,土地1建物1車位1,七層,二十三層,住宅大樓(11層含以上有電梯),見其他登記事項,見其他登記事項,1070202,225.73,4,2,2,有,有,16880000,80666,坡道平面,28.87,1000000,含裝潢費1680000元；,RPSOMLNKJHGGFAD17DA,111.38,6.97,9.97,有,
安平區,房地(土地+建物),華平路２１巷１８弄４９號二樓之３,23.26,都市：其他:住宅區,,,1091215,土地1建物1車位0,二層,六層,華廈(10層含以下有電梯),住家用,鋼筋混凝土造,0811102,107.0,2,2,2,有,無,3500000,32710,,0.0,0,,RPTNMLLKJHGGFAD96DA,74.24,0.0,7.78,有,0847
中西區,房地(土地+建物),臨安路一段２６７巷３０號,66.84,都市：其他:住宅區,,,1091122,土地2建物1車位0,全,一層,透天厝,住家用,磚造,0510000,30.64,0,0,0,無,無,3480000,113577,,0.0,0,,RPPNMLTJJHGGFAD27DA,30.64,0.0,0.0,無,
中西區,房地(土地+建物),臨安路一段２６７巷３２號,66.56,都市：其他:住宅區,,,1091122,土地2建物1車位0,全,一層,透天厝,住家用,磚造,0510000,31.8,0,0,0,無,無,5400000,169811,,0.0,0,,RPQNMLTJJHGGFAD37DA,31.8,0.0,0.0,無,
北區,房地(土地+建物),開元路１４８巷４４之３號,26.75,都市：其他:細部計畫道路用地,,,1091121,土地2建物1車位0,四層,四層,公寓(5樓含以下無電梯),住家用,鋼筋混凝土造,0730208,74.37,7,0,6,有,無,5000000,67222,,0.0,0,頂樓加蓋；,RPVOMLLKJHGGFAD27DA,55.02,0.0,7.55,無,
北區,房地(土地+建物),開南街２７５巷７弄１號,66.0,都市：其他:細部計畫道路用地,,,1091211,土地2建物1車位0,全,二層,透天厝,住家用,加強磚造,0650504,86.49,4,2,2,有,無,5000000,57810,,0.0,0,頂樓加蓋；其他增建；,RPXNMLMKJHGGFAD47DA,86.49,0.0,0.0,無,
中西區,房地(土地+建物)+車位,中華西路二段１６８號八樓之１,31.99,都市：其他:住宅區,,,1091125,土地1建物1車位2,八層,二十六層,住宅大樓(11層含以上有電梯),見其他登記事項,見其他登記事項,1061011,350.46000000000004,3,2,3,有,有,27080000,77270,坡道平面,49.6,0,含裝潢費；,RPQNMLOLKIPFFAD08DA,181.63,0.0,21.36,有,
安平區,房地(土地+建物)+車位,慶平路５０９號,18.39,都市：其他:商業區,,,1091207,土地1建物1車位1,一層，二層，騎樓,二十二層,住宅大樓(11層含以上有電梯),住商用,鋼筋混凝土造,0840516,266.13,2,1,2,有,有,12000000,45091,坡道平面,0.0,0,,RPUOMLOJJHGGFAD37DA,186.85,0.0,16.33,有,
安平區,房地(土地+建物),平豐路１０１巷１３弄２５號,86.81,都市：其他:住宅區,,,1090930,土地1建物1車位0,全,四層,透天厝,住家用,見其他登記事項,1090713,179.07,5,2,4,有,無,16800000,93818,,0.0,0,,RPROMLQLJIPFFAD38DA,157.98,0.0,21.09,無,
安平區,房地(土地+建物),平豐路１０１巷１３弄２９號,86.82,都市：其他:住宅區,,,1091029,土地1建物1車位0,全,四層,透天厝,住家用,見其他登記事項,1090713,178.07,5,2,4,有,無,16800000,94345,,0.0,0,,RPSOMLQLJIPFFAD48DA,157.09,0.0,20.98,無,
中西區,房地(土地+建物),衛民街１４６號,123.62,都市：其他:商業區,,,1091029,土地2建物1車位0,全,二層,透天厝,住家用,磚造,0410416,139.37,3,2,2,有,無,16000000,114802,,0.0,0,頂樓加蓋；其他增建；,RPSNMLSKJIPFFAD48DA,139.37,0.0,0.0,無,0848
中西區,房地(土地+建物)+車位,民生路二段１３２號七樓之５,17.59,都市：其他:商業區,,,1091123,土地1建物1車位1,七層,十三層,住宅大樓(11層含以上有電梯),見其他登記事項,見其他登記事項,1051108,114.53,2,2,2,有,有,7900000,70250,坡道機械,16.31,1000000,陽台外推；含租約；,RPTQMLNLJIPFFAD48DA,55.64,1.78,9.37,有,0849
中西區,房地(土地+建物),武聖路７號,122.06,都市：其他:住宅區,,,1090430,土地1建物1車位0,全,二層,透天厝,住家用,加強磚造,0600225,168.16,4,2,3,有,無,16500000,98121,,0.0,0,其他增建；,RPTPMLLKKIPFFAD18DA,168.16,0.0,0.0,無,
安平區,房地(土地+建物),郡平路４５４號五樓之４,11.52,都市：其他:商業區,,,1091214,土地1建物1車位0,五層,十二層,住宅大樓(11層含以上有電梯),住家用,鋼筋混凝土造,0831114,121.54,4,2,2,有,有,4600000,37848,,0.0,0,其他增建；,RPOPMLOKKIPFFAD97DA,88.18,3.19,6.19,有,0850
北區,土地,延平段659-113地號,64.0,都市：其他:住宅區,,,1091208,土地2建物0車位0,,,其他,,,,0.0,1,1,1,有,無,4880000,76250,,0.0,0,未登記建物；,RPUOMLQKKIPFFAD68DA,0.0,0.0,0.0,無,
東區,房地(土地+建物)+車位,崇賢三路３２號十二樓之３,32.23,都市：其他:第五種住宅區,,,1091214,土地1建物1車位1,十二層,十五層,住宅大樓(11層含以上有電梯),見其他登記事項,鋼筋混凝土造,1061031,187.2,3,2,2,有,有,5725600,32212,坡道平面,29.01,630000,照顧住宅,RPQNMLKLKIPFFCD87DA,97.91,0.0,12.59,有,0851
東區,房地(土地+建物),崇明十一街１０巷２２號,80.0,都市：其他:沿街商業區,,,1091207,土地1建物1車位0,全,三層,透天厝,住商用,鋼筋混凝土造,0700310,175.14,4,2,4,有,無,15000000,85646,,0.0,0,,RPOQMLRKKIPFFCD58DA,175.14,0.0,0.0,無,0852
南區,房地(土地+建物)+車位,大成路一段６２巷５號,50.39,都市：其他:住宅區,,,1091121,土地3建物1車位1,一層，二層,七層,華廈(10層含以下有電梯),見其他登記事項,鋼筋混凝土造,1051201,238.45999999999998,0,0,0,無,有,14300000,60526,坡道平面,25.33,1400000,,RPUOMLSKKIPFFCD09DA,148.22,0.0,9.1,有,
安南區,土地,國安段1737地號,260.57,都市：其他:住宅區,,,1091121,土地1建物0車位0,,,其他,,,,0.0,0,0,0,有,無,25620000,98323,,0.0,0,,RPQNMLQKKIPFFBD28DA,0.0,0.0,0.0,無,0853
安南區,房地(土地+建物),國安街１５６巷１５５弄３號,79.15,都市：其他:住宅區,,,1091130,土地1建物1車位0,全,二層,透天厝,住家用,鋼筋混凝土造,0691108,82.28,4,2,2,有,無,4200000,51045,,0.0,0,頂樓加蓋；其他增建；,RPSOMLTJKIPFFBD78DA,82.28,0.0,0.0,無,
安南區,房地(土地+建物),環館路３６４巷５０號,144.26,都市：其他:住宅區,,,1090614,土地4建物1車位0,全,四層,透天厝,見其他登記事項,鋼筋混凝土造,1090924,257.27,4,2,3,有,有,17200000,66856,,0.0,0,,RPOOMLOJKIPFFBD87DA,244.42,0.0,11.26,有,
安南區,房地(土地+建物),環館路３６４巷３６號,146.15,都市：其他:住宅區,,,1090912,土地4建物1車位0,全,四層,透天厝,見其他登記事項,鋼筋混凝土造,1090924,257.27,4,2,3,有,有,17300000,67245,,0.0,0,,RPPNMLPJKIPFFBD97DA,244.4,0.0,11.26,有,
安南區,房地(土地+建物),環館路３６４巷３０號,147.34,都市：其他:住宅區,,,1091011,土地4建物1車位0,全,四層,透天厝,見其他登記事項,鋼筋混凝土造,1090924,257.27,4,2,3,有,有,17300000,67245,,0.0,0,,RPRNMLPJKIPFFBD18DA,244.42,0.0,11.26,有,
安南區,房地(土地+建物),安豐六街２３３號,90.53,都市：其他:住宅區,,,1091210,土地1建物1車位0,全,四層,透天厝,見其他登記事項,鋼筋混凝土造,0941214,233.12,5,2,3,有,無,12000000,51476,,0.0,0,,RPWOMLMKJHGGFBD57DA,191.9,0.0,41.22,無,
安南區,土地,公塭段1186-24地號,25.21,都市：其他:細部計畫道路用地,,,1091218,土地9建物0車位0,,,其他,,,,0.0,0,0,0,有,無,183200,7267,,0.0,0,包含公共設施保留地用地；,RPOQMLLKJHGGFBD86DA,0.0,0.0,0.0,無,0854
安南區,土地,和成段482地號,1351.94,都市：其他:道路用地,,,1091007,土地1建物0車位0,,,其他,,,,0.0,0,0,0,有,無,15276922,11300,,0.0,0,協議價購；,RPVNMLNKJHGGFBD47DA,0.0,0.0,0.0,無,
安南區,房地(土地+建物),安富街１９４號,77.08,都市：其他:住宅區,,,1091104,土地1建物1車位0,全,三層,透天厝,住商用,鋼筋混凝土造,0800513,211.98,4,2,3,有,無,9880000,46608,,0.0,0,,RPQOMLNKJHGGFBD07DA,201.94,0.0,10.04,無,
安南區,土地,學東段951-2地號,379.04,都市：其他:住宅區,,,1091029,土地3建物0車位0,,,其他,,,,0.0,0,0,0,有,無,18350000,48412,,0.0,0,,RPQNMLOKJHGGFBD07DA,0.0,0.0,0.0,無,
安南區,房地(土地+建物),安中路四段２９０巷８０弄７０號,75.93,都市：其他:住宅區,,,1080310,土地1建物1車位0,全,三層,透天厝,住家用,鋼筋混凝土造,1090922,162.37,4,2,2,有,無,9500000,58508,,0.0,0,預售屋、或土地及建物分次登記案件；,RPQNMLLKJHGGFBD76DA,147.03,0.0,15.34,無,
安南區,房地(土地+建物),安中路四段２１０巷４５弄８號,71.56,都市：其他:住宅區,,,1081101,土地2建物1車位0,全,三層,透天厝,住家用,鋼筋混凝土造,1090922,152.44,4,2,2,有,無,7900000,51824,,0.0,0,預售屋、或土地及建物分次登記案件；,RPRNMLLKJHGGFBD86DA,139.75,0.0,12.69,無,
安南區,房地(土地+建物),安中路四段２１０巷５７號,92.98,都市：其他:住宅區,,,1071130,土地1建物1車位0,全,四層,透天厝,見其他登記事項,鋼筋混凝土造,1090922,171.75,4,2,1,有,無,10600000,61718,,0.0,0,預售屋、或土地及建物分次登記案件；,RPSNMLLKJHGGFBD96DA,153.87,0.0,17.88,無,
安南區,房地(土地+建物),北安路二段４３３巷１６０弄１２號,115.58,都市：其他:住宅區,,,1091209,土地2建物1車位0,全,三層,透天厝,見其他登記事項,鋼筋混凝土造,0990407,178.03,6,2,3,有,無,12120000,68078,,0.0,0,,RPTNMLLKJHGGFBD07DA,151.92,0.0,26.11,無,
安南區,土地,理想段656地號,176.22,都市：其他:商業區,,,1091230,土地3建物0車位0,,,其他,,,,0.0,0,0,0,有,無,6520000,36999,,0.0,0,,RPQPMLLKJHGGFBD96DA,0.0,0.0,0.0,無,
安南區,土地,中洲段1005地號,405.28,都市：其他:道路用地,,,1091216,土地1建物0車位0,,,其他,,,,0.0,0,0,0,有,無,3000000,7402,,0.0,0,包含公共設施保留地用地；,RPWNMLQJJHGGFBD77DA,0.0,0.0,0.0,無,0855
安南區,土地,學北段1226-2地號,1189.3,都市：其他:農業區,,,1091026,土地15建物0車位0,,,其他,,,,0.0,0,0,0,有,無,2800000,2354,,0.0,0,,RPOOMLQJJHGGFBD07DA,0.0,0.0,0.0,無,0856
安南區,土地,國安段1526地號,2885.26,都市：其他:住宅區,,,1091009,土地1建物0車位0,,,其他,,,,0.0,0,0,0,有,無,261837000,90750,,0.0,0,,RPSNMLRJJHGGFBD47DA,0.0,0.0,0.0,無,
安南區,土地,頂安段345地號,38.65,都市：其他:細部計畫道路用地,,,1091103,土地1建物0車位0,,,其他,,,,0.0,0,0,0,有,無,200000,5175,,0.0,0,包含公共設施保留地用地；,RPOPMLLLKIPFFBD87DA,0.0,0.0,0.0,無,
安南區,房地(土地+建物),州南一街１４２號,135.04,都市：其他:住宅區,,,1091106,土地1建物1車位0,全,四層,透天厝,住家用,鋼筋混凝土造,1090810,248.05,4,2,5,有,無,21500000,86676,,0.0,0,建商與地主合建案；,RPVNMLLLKIPFFBD38DA,226.68,0.0,21.37,無,
安南區,土地,安慶段1540地號,15.97,都市：其他:主要計畫道路用地,,,1091113,土地1建物0車位0,,,其他,,,,0.0,0,0,0,有,無,190682,11940,,0.0,0,包含公共設施保留地用地；,RPUNMLKMKIPFFBD28DA,0.0,0.0,0.0,無,
新營區,房地(土地+建物),新東里東勇街６０號,159.81,都市：其他:住宅區,,,1091212,土地1建物1車位0,全,三層,透天厝,住家用,鋼筋混凝土造,1020424,224.2,5,2,4,有,無,12100000,53970,,0.0,0,,RPROMLLKJHGGFDD17DA,213.91,0.0,10.29,無,
新營區,房地(土地+建物),埤寮２５之２號,109.62,,鄉村區,乙種建築用地,1090710,土地2建物1車位0,全,三層,透天厝,住家用,鋼筋混凝土造,1090805,164.03,4,2,3,有,無,8600000,52429,,0.0,0,,RPVNMLMKJHGGFDD57DA,153.9,0.0,10.14,無,
新營區,房地(土地+建物)+車位,隋唐街１３號九樓之五,25.95,都市：其他:住宅區,,,1091116,土地1建物1車位1,九層,十五層,住宅大樓(11層含以上有電梯),見其他登記事項,鋼筋混凝土造,1090331,167.82999999999998,3,2,2,有,有,8300000,49553,坡道平面,22.53,1100000,房地總價含管理費預售屋、或土地及建物分次登記案件；,RPTOMLMKJHGGFDD47DA,87.18,0.0,11.21,有,
南區,房地(土地+建物)+車位,西門路一段２７６號十二樓之５,21.72,都市：其他:商業區,,,1090523,土地2建物1車位1,十二層,十五層,住宅大樓(11層含以上有電梯),見其他登記事項,見其他登記事項,1091123,162.39,3,2,2,有,有,8480000,55422,坡道平面,33.74,1350000,預售屋、或土地及建物分次登記案件；,RPROMLRJJHGGFCD57DA,75.06,1.38,10.46,有,
南區,房地(土地+建物)+車位,西門路一段２８６號七樓之１,21.72,都市：其他:商業區,,,1090626,土地2建物1車位1,七層,十五層,住宅大樓(11層含以上有電梯),見其他登記事項,見其他登記事項,1091123,162.39,3,2,2,有,有,8380000,55033,坡道平面,33.74,1300000,預售屋、或土地及建物分次登記案件；,RPSOMLRJJHGGFCD67DA,75.06,1.38,10.46,有,
南區,房地(土地+建物)+車位,西門路一段２８６號六樓之５,23.17,都市：其他:商業區,,,1090510,土地2建物1車位1,六層,十五層,住宅大樓(11層含以上有電梯),見其他登記事項,見其他登記事項,1091123,169.49,3,2,2,有,有,8910000,55322,坡道平面,33.74,1400000,預售屋、或土地及建物分次登記案件；,RPTOMLRJJHGGFCD77DA,79.31,1.38,11.04,有,
南區,房地(土地+建物)+車位,西門路一段２８６號七樓之５,23.17,都市：其他:商業區,,,1090531,土地2建物1車位1,七層,十五層,住宅大樓(11層含以上有電梯),見其他登記事項,見其他登記事項,1091123,169.49,3,2,2,有,有,8690000,54438,坡道平面,33.74,1300000,預售屋、或土地及建物分次登記案件；,RPUOMLRJJHGGFCD87DA,79.31,1.38,11.04,有,
南區,房地(土地+建物)+車位,西門路一段２８６號六樓之３,17.02,都市：其他:商業區,,,1090222,土地2建物1車位1,六層,十五層,住宅大樓(11層含以上有電梯),見其他登記事項,見其他登記事項,1091123,133.17000000000002,2,2,1,有,有,6650000,53807,坡道平面,33.74,1300000,預售屋、或土地及建物分次登記案件；,RPWPMLRJJHGGFCD18DA,58.38,1.74,7.3,有,
南區,房地(土地+建物)+車位,西門路一段２８６號三樓之３,17.02,都市：其他:商業區,,,1090112,土地2建物1車位1,三層,十五層,住宅大樓(11層含以上有電梯),見其他登記事項,見其他登記事項,1091123,133.17000000000002,2,2,1,有,有,7250000,59841,坡道平面,33.74,1300000,含裝潢費760000元；預售屋、或土地及建物分次登記案件；,RPTPMLRJJHGGFCD87DA,58.38,1.74,7.3,有,
南區,房地(土地+建物)+車位,西門路一段２８６號九樓之３,17.02,都市：其他:商業區,,,1081109,土地2建物1車位1,九層,十五層,住宅大樓(11層含以上有電梯),見其他登記事項,見其他登記事項,1091123,133.17000000000002,2,2,1,有,有,6650000,53304,坡道平面,33.74,1350000,預售屋、或土地及建物分次登記案件；,RPORMLRJJHGGFCD57DA,58.38,1.74,7.3,有,
南區,房地(土地+建物)+車位,西門路一段２８６號九樓之２,15.57,都市：其他:商業區,,,1090726,土地2建物1車位1,九層,十五層,住宅大樓(11層含以上有電梯),見其他登記事項,見其他登記事項,1091123,125.9,2,2,1,有,有,6420000,55013,坡道平面,33.74,1350000,預售屋、或土地及建物分次登記案件；,RPQQMLRJJHGGFCD67DA,54.12,1.74,6.69,有,
南區,房地(土地+建物)+車位,西門路一段２９２號二樓之１,22.81,都市：其他:商業區,,,1090717,土地2建物1車位1,二層,十五層,住宅大樓(11層含以上有電梯),見其他登記事項,見其他登記事項,1091123,167.3,3,2,2,有,有,8150000,50913,坡道平面,33.74,1350000,預售屋、或土地及建物分次登記案件；,RPRQMLRJJHGGFCD77DA,80.38,1.44,8.52,有,
南區,房地(土地+建物)+車位,西門路一段２９２號二樓之５,27.15,都市：其他:商業區,,,1090328,土地2建物1車位1,二層,十五層,住宅大樓(11層含以上有電梯),見其他登記事項,見其他登記事項,1091123,193.61,4,2,2,有,有,9820000,53293,坡道平面,33.74,1300000,預售屋、或土地及建物分次登記案件；,RPSQMLRJJHGGFCD87DA,95.64,1.44,10.9,有,
東區,房地(土地+建物),中華東路一段１６號十一樓之６,3.64,都市：其他:鄰里商業區,,,1091212,土地1建物1車位0,十一層,十四層,住宅大樓(11層含以上有電梯),住家用,見其他登記事項,0930712,39.1,1,1,1,有,有,3100000,79284,,0.0,0,,RPUNMLMKJHGGFCD37DA,24.99,0.0,4.6,有,0857
東區,房地(土地+建物),小東路２５４巷１９號,71.26,都市：其他:第五種住宅區,,,1091218,土地7建物1車位0,全,二層,透天厝,住家用,加強磚造,0630817,80.81,4,2,2,有,無,8000000,98998,,0.0,0,頂樓加蓋；其他增建；,RPRRMLRJJHGGFCD87DA,80.81,0.0,0.0,無,
南區,土地,南華段735地號,17232.4,都市：其他:國中學校用地,,,1091005,土地7建物0車位0,,,其他,,,,0.0,0,0,0,有,無,450000000,26114,,0.0,0,未登記建物；含租約；包含公共設施保留地用地；,RPTNMLLKJHGGFCD17DA,0.0,0.0,0.0,無,
東區,房地(土地+建物)+車位,中華東路一段９２號十樓之６,12.7,都市：其他:鄰里商業區,,,1091130,土地1建物1車位1,十層,十四層,住宅大樓(11層含以上有電梯),住家用,鋼筋混凝土造,0890822,143.64,3,2,2,有,有,7600000,52910,坡道機械,24.74,0,,RPQNMLTJJHGGFCD57DA,87.34,0.0,8.22,有,
東區,房地(土地+建物),崇明十一街３１巷３３號,72.0,都市：其他:第五種住宅區,,,1091228,土地1建物1車位0,全,三層,透天厝,住商用,鋼筋混凝土造,0691128,121.2,6,2,3,有,無,9300000,76733,,0.0,0,頂樓加蓋；,RPRNMLTJJHGGFCD67DA,121.2,0.0,0.0,無,
東區,房地(土地+建物)+車位,東門路三段２６６巷２１號九樓,32.48,都市：其他:第五種住宅區,,,1091216,土地1建物1車位1,九層,十三層,住宅大樓(11層含以上有電梯),見其他登記事項,鋼筋混凝土造,1070319,157.26,3,2,2,有,有,11580000,73636,坡道平面,25.77,0,,RPSNMLTJJHGGFCD77DA,81.54,0.0,8.43,有,0858
東區,房地(土地+建物)+車位,裕農一街１８６號五樓之１０,17.97,都市：其他:第五種住宅區,,,1091215,土地1建物1車位1,五層,九層,華廈(10層含以下有電梯),住家用,鋼筋混凝土造,0850409,133.4,3,2,2,有,有,7380000,55322,坡道平面,0.0,0,,RPOPMLMKJHGGFCD96DA,73.53,0.0,9.9,有,0859
南區,房地(土地+建物),灣裡路７２２巷４７號,84.44,都市：其他:住宅區,,,1091219,土地2建物1車位0,全,三層,透天厝,住家用,鋼筋混凝土造,1040720,149.19,5,2,3,有,無,8600000,57645,,0.0,0,親友、員工、共有人或其他特殊關係間之交易；,RPQNMLNKJHGGFCD07DA,123.86,0.0,25.33,無,0860
南區,土地,喜北段583地號,34.06,都市：其他:住宅區,,,1091229,土地1建物0車位0,,,其他,,,,0.0,0,0,0,有,無,500640,14699,,0.0,0,親友、員工、共有人或其他特殊關係間之交易；,RPRNMLNKJHGGFCD17DA,0.0,0.0,0.0,無,
東區,房地(土地+建物)+車位,崇德路７８５號六樓之３,13.25,都市：其他:第五種住宅區,,,1091219,土地1建物1車位1,六層,九層,華廈(10層含以下有電梯),住家用,鋼筋混凝土造,0891005,114.31,3,2,2,有,有,6400000,55988,坡道平面,13.82,0,,RPTNMLNKJHGGFCD37DA,67.93,0.0,9.15,有,0861
東區,房地(土地+建物)+車位,大同路一段２７５巷８號,35.07,都市：其他:中心商業區,,,1091204,土地2建物2車位1,一層,五層,華廈(10層含以下有電梯),住家用,鋼筋混凝土造,0770924,140.64,3,2,2,有,無,6600000,46928,坡道平面,0.0,0,陽台外推；,RPUNMLNKJHGGFCD47DA,114.46,0.0,0.0,有,
後壁區,土地,長短樹段4500地號,4584.0,,特定農業區,農牧用地,1100101,土地2建物0車位0,,,其他,,,,0.0,0,0,0,有,無,6870000,1499,,0.0,0,,RPRNMLOKJHGGFED47DA,0.0,0.0,0.0,無,
東山區,土地,大客段大庄小段767地號,1654.0,,特定農業區,農牧用地,1100102,土地1建物0車位0,,,其他,,,,0.0,0,0,0,有,無,1250000,756,,0.0,0,,RPPNMLLKJHGGFED96DA,0.0,0.0,0.0,無,
後壁區,房地(土地+建物),後壁區後壁里８鄰後壁２０９之９號,158.29,都市：其他:住宅區,,,1090723,土地3建物1車位0,全,三層,透天厝,見其他登記事項,見其他登記事項,1090915,179.57,4,2,3,有,無,7850000,43716,,0.0,0,,RPRPMLMKJIPFFED38DA,163.29,0.0,16.28,無,
後壁區,房地(土地+建物),後壁區後壁里８鄰後壁２１０之５號,149.29,都市：其他:住宅區,,,1090123,土地2建物1車位0,全,三層,透天厝,見其他登記事項,見其他登記事項,1090915,189.94,5,2,3,有,無,8280000,43593,,0.0,0,,RPOOMLMKJIPFFED97DA,175.83,0.0,14.11,無,
麻豆區,房地(土地+建物),麻豆區大埕里中正路２５２巷８號,135.46,都市：其他:第二種住宅區,,,1070608,土地4建物1車位0,全,三層,透天厝,住家用,見其他登記事項,1081219,221.79,4,2,5,有,無,11434700,51556,,0.0,0,預售屋、或土地及建物分次登記案件；,RPOOMLNLJIPFFFD28DA,210.18,0.0,11.61,無,
下營區,土地,大屯寮段1876地號,1307.0,,特定農業區,農牧用地,1091223,土地1建物0車位0,,,其他,,,,0.0,0,0,0,有,無,800000,612,,0.0,0,,RPWNMLPLKIPFFFD66DA,0.0,0.0,0.0,無,
麻豆區,房地(土地+建物),安正里４鄰方厝寮３８之７號,89.0,,特定農業區,甲種建築用地,1091205,土地1建物1車位0,全,三層,透天厝,住家用,鋼筋混凝土造,0830809,178.54,4,2,3,有,無,3150000,17643,,0.0,0,其他增建；,RPPNMLOKJHGGFFD37DA,165.88,0.0,12.66,無,
下營區,土地,十六甲段1359地號,975.0,,特定農業區,農牧用地,1100105,土地1建物0車位0,,,其他,,,,0.0,0,0,0,有,無,1706250,1750,,0.0,0,農地面積過小及狹長不利耕作使用所以降價求售,RPQNMLOKJHGGFFD47DA,0.0,0.0,0.0,無,
六甲區,土地,水漆林段524地號,10923.0,,特定農業區,農牧用地,1091221,土地4建物0車位0,,,其他,,,,0.0,0,0,0,有,無,13210000,1209,,0.0,0,,RPSNMLOKJHGGFFD67DA,0.0,0.0,0.0,無,
學甲區,土地,宅子港段165-321地號,7.94,,特定農業區,交通用地,1091218,土地1建物0車位0,,,其他,,,,0.0,0,0,0,有,無,13506,1701,,0.0,0,協議價購；,RPWRMLTLKIPFFGD57DA,0.0,0.0,0.0,無,0595
學甲區,土地,宅子港段165-321地號,7.94,,特定農業區,交通用地,1091218,土地1建物0車位0,,,其他,,,,0.0,0,0,0,有,無,13506,1701,,0.0,0,協議價購；,RPXRMLTLKIPFFGD67DA,0.0,0.0,0.0,無,0595
將軍區,土地,山子段1283地號,16.1,,鄉村區,乙種建築用地,1091216,土地1建物0車位0,,,其他,,,,0.0,0,0,0,有,無,146100,9075,,0.0,0,畸零地或有合併使用效益；,RPPNMLPJJHGGFGD47DA,0.0,0.0,0.0,無,
七股區,土地,頂山子段3-5地號,10005.35,,一般農業區,養殖用地,1091212,土地2建物0車位0,,,其他,,,,0.0,0,0,0,有,無,4152000,415,,0.0,0,,RPWNMLNKJHGGFGD08DA,0.0,0.0,0.0,無,0864
七股區,土地,樹林段560地號,84.0,,鄉村區,乙種建築用地,1091113,土地1建物0車位0,,,其他,,,,0.0,0,0,0,有,無,750000,8929,,0.0,0,,RPXNMLNKJHGGFGD18DA,0.0,0.0,0.0,無,
西港區,土地,中州段870地號,1800.0,,特定農業區,農牧用地,1091215,土地1建物0車位0,,,其他,,,,0.0,0,0,0,有,無,6100000,3389,,0.0,0,農作物；,RPROMLNKJHGGFGD67DA,0.0,0.0,0.0,無,
學甲區,土地,中洲段103-3地號,1090.5,,一般農業區,養殖用地,1091029,土地1建物0車位0,,,其他,,,,0.0,0,0,0,有,無,796065,730,,0.0,0,地清或未辦繼承標售；,RPTNMLOKJHGGFGD87DA,0.0,0.0,0.0,無,
學甲區,土地,東興段139地號,5.32,都市：其他:住宅區,,,1100106,土地2建物0車位0,,,其他,,,,0.0,0,0,0,有,無,148800,27970,,0.0,0,賣清。,RPROMLOKJHGGFGD77DA,0.0,0.0,0.0,無,
佳里區,房地(土地+建物),佳里興３６８之１１號,90.55,,鄉村區,乙種建築用地,1091211,土地2建物1車位0,全,三層,透天厝,見其他登記事項,鋼筋混凝土造,1090721,146.64,4,2,3,有,無,6580000,44872,,0.0,0,,RPRNMLKKJHGGFGD27DA,135.61,0.0,11.03,無,
佳里區,土地,佳里段1540-27地號,593.0,都市：其他:計畫道路用地,,,1090818,土地2建物0車位0,,,其他,,,,0.0,0,0,0,有,無,20000000,33727,,0.0,0,,RPUNMLMKJHGGFGD77DA,0.0,0.0,0.0,無,
佳里區,土地,佳里段1540-15地號,313.0,都市：其他:計畫道路用地,,,1090818,土地2建物0車位0,,,其他,,,,0.0,0,0,0,有,無,8256400,26378,,0.0,0,,RPVNMLMKJHGGFGD87DA,0.0,0.0,0.0,無,
佳里區,土地,佳里段1540-7地號,205.0,都市：其他:住宅區,,,1090818,土地1建物0車位0,,,其他,,,,0.0,0,0,0,有,無,5580900,27224,,0.0,0,,RPWNMLMKJHGGFGD97DA,0.0,0.0,0.0,無,
學甲區,房地(土地+建物),民權路１６８之７號,90.67,都市：其他:住宅區,,,1091204,土地2建物1車位0,全,四層,透天厝,見其他登記事項,鋼筋混凝土造,1070830,201.3,4,2,4,有,無,6300000,31297,,0.0,0,,RPPNMLNKJHGGFGD37DA,174.64,0.0,12.92,無,
新市區,土地,新北段113地號,1157.22,都市：其他:住宅區,,,1091114,土地1建物0車位0,,,其他,,,,0.0,0,0,0,有,無,122520685,105875,,0.0,0,,RPOPMLOLKIPFFHD78DA,0.0,0.0,0.0,無,
新市區,土地,北社內段1225地號,2062.71,都市：其他:農業區,,,1091224,土地2建物0車位0,,,其他,,,,0.0,0,0,0,有,無,12808800,6210,,0.0,0,,RPSNMLKMKIPFFHD68DA,0.0,0.0,0.0,無,
新市區,房地(土地+建物)+車位,信義街１７８號八樓之１０,29.85,都市：其他:住宅區,,,1091129,土地1建物1車位1,八層,八層,華廈(10層含以下有電梯),住家用,鋼筋混凝土造,1040427,102.36,2,1,1,有,有,5750000,56174,坡道平面,0.0,0,,RPPNMLMKJHGGFHD37DA,50.02,0.0,5.4,有,
新市區,土地,社內段424-1地號,4901.0,,特定農業區,農牧用地,1100107,土地1建物0車位0,,,其他,,,,0.0,0,0,0,有,無,21074300,4300,,0.0,0,包含公共設施保留地用地；協議價購；,RPPNMLSJJHGGFHD87DA,0.0,0.0,0.0,無,
安定區,房地(土地+建物),海寮２０１之４號,65.69,,鄉村區,乙種建築用地,1091118,土地2建物1車位0,全,二層,透天厝,住家用,加強磚造,0701226,90.4,4,2,2,有,無,3050000,33739,,0.0,0,頂樓加蓋；其他增建；,RPTPMLRJJHGGFHD38DA,83.2,0.0,7.2,無,
善化區,房地(土地+建物),陽光北一路１９２巷１號,152.31,都市：其他:生活服務區(第二種住宅區),,,1091129,土地2建物1車位0,全,四層,透天厝,見其他登記事項,鋼筋混凝土造,1051109,318.24,3,4,4,有,無,19800000,62217,,0.0,0,,RPOOMLMKJHGGFHD37DA,289.73,0.0,28.25,無,0865
善化區,房地(土地+建物),大信路５７號四樓之７,21.1,都市：其他:住宅區,,,1070920,土地1建物1車位0,四層,七層,華廈(10層含以下有電梯),見其他登記事項,鋼筋混凝土造,1090923,76.06,2,1,1,有,有,3750000,49303,,0.0,0,本件買賣有轉讓，轉讓之權利買賣契約價格440萬元預售屋、或土地及建物分次登記案件；,RPXOMLMKJHGGFHD28DA,47.16,3.04,6.13,有,
新市區,土地,看西段883-3地號,3593.0,都市：其他:農業區,,,1091112,土地1建物0車位0,,,其他,,,,0.0,0,0,0,有,無,18080000,5032,,0.0,0,,RPQNMLNKJHGGFHD57DA,0.0,0.0,0.0,無,0866
善化區,房地(土地+建物),西拉雅大道４０６號三樓之９,58.66,都市：其他:生活服務區(第一種商業區),,,1091126,土地1建物1車位0,三層,十一層,住宅大樓(11層含以上有電梯),見其他登記事項,鋼筋混凝土造,1051118,93.41,1,1,1,有,有,5450000,58345,,0.0,0,,RPRNMLNKJHGGFHD67DA,53.47,0.0,5.25,有,0867
善化區,房地(土地+建物),西拉雅大道４０６號二樓之９,58.66,都市：其他:生活服務區(第一種商業區),,,1091126,土地1建物1車位0,二層,十一層,住宅大樓(11層含以上有電梯),見其他登記事項,鋼筋混凝土造,1051118,93.41,1,1,1,有,有,5450000,58345,,0.0,0,,RPSNMLNKJHGGFHD77DA,53.47,0.0,5.25,有,0868
新化區,房地(土地+建物),頂山５３之３０６號,43.27,,特定農業區,甲種建築用地,1100105,土地2建物1車位0,全,四層,透天厝,住家用,鋼筋混凝土造,1090205,80.31,5,2,3,有,無,3900000,48562,,0.0,0,,RPPOMLNKJHGGFHD57DA,64.87,0.0,15.44,無,0869
新市區,房地(土地+建物),社內１３號,96.82,都市：其他:住宅區,,,1091113,土地1建物1車位0,全,三層,透天厝,住家用,鋼筋混凝土造,0810721,185.53,5,2,3,有,無,7500000,40425,,0.0,0,,RPROMLNKJHGGFHD77DA,180.35,0.0,5.18,無,
安定區,房地(土地+建物),港口２８１之５號,139.0,,鄉村區,乙種建築用地,1091123,土地1建物1車位0,全,三層,透天厝,見其他登記事項,鋼筋混凝土造,0950315,211.45,4,2,4,有,無,6000000,28376,,0.0,0,親友、員工、共有人或其他特殊關係間之交易；,RPSPMLMKJHGGFHD87DA,211.45,0.0,0.0,無,
新市區,土地,華美段470地號,129.78,都市：其他:計畫道路用地,,,1100106,土地1建物0車位0,,,其他,,,,0.0,0,0,0,有,無,1200000,9246,,0.0,0,包含公共設施保留地用地；,RPXNMLTKJHGGFHD88DA,0.0,0.0,0.0,無,0870
安定區,土地,安定段1404地號,1783.0,都市：其他:農業區(供申請變更開發為生活服務區),,,1091117,土地1建物0車位0,,,其他,,,,0.0,0,0,0,有,無,41520000,23287,,0.0,0,農作物；,RPTNMLNJKIPFFHD78DA,0.0,0.0,0.0,無,
善化區,土地,大同段491地號,284.98,,鄉村區,乙種建築用地,1091029,土地3建物0車位0,,,其他,,,,0.0,0,0,0,有,無,1700000,5965,,0.0,0,親友、員工、共有人或其他特殊關係間之交易；,RPQNMLNKKIPFFHD58DA,0.0,0.0,0.0,無,0871
龍崎區,土地,崎頂段667地號,550.5,,山坡地保育區,農牧用地,1091229,土地1建物0車位0,,,其他,,,,0.0,0,0,0,有,無,137625,250,,0.0,0,親友、員工、共有人或其他特殊關係間之交易；,RPROMLSJJHGGFID28DA,0.0,0.0,0.0,無,
仁德區,土地,嘉南段449地號,6.34,都市：其他:乙種工業區,,,1091209,土地1建物0車位0,,,其他,,,,0.0,0,0,0,有,無,200000,31546,,0.0,0,,RPQNMLLKJHGGFID47DA,0.0,0.0,0.0,無,
仁德區,土地,保生段439地號,1062.77,都市：其他:計畫道路用地,,,1091112,土地5建物0車位0,,,其他,,,,0.0,0,0,0,有,無,51400000,48364,,0.0,0,,RPQNMLNKJHGGFID67DA,0.0,0.0,0.0,無,0872
仁德區,房地(土地+建物),中洲十一街１３５號,109.78,,鄉村區,乙種建築用地,1091226,土地4建物1車位0,全,四層,透天厝,住家用,見其他登記事項,1090211,170.64,4,2,3,有,無,9900000,58017,,0.0,0,,RPPNMLMKJHGGFID47DA,154.35,0.0,16.29,無,
仁德區,房地(土地+建物),太子里長興四街９０巷１１之１號,125.86,都市：其他:住宅區,,,1091203,土地1建物1車位0,全,四層,透天厝,住家用,見其他登記事項,1060406,229.85,4,2,4,有,無,13600000,59169,,0.0,0,其他增建；,RPXNMLOJJHGGFID38DA,220.08,0.0,9.77,無,0873
仁德區,土地,新工段853-1地號,71.44,都市：其他:道路用地,,,1080130,土地1建物0車位0,,,其他,,,,0.0,0,0,0,有,無,1512700,21174,,0.0,0,包含公共設施保留地用地；,RPSNMLQJJHGGFID08DA,0.0,0.0,0.0,無,
仁德區,房地(土地+建物),大甲里行大一街９２號,125.12,都市：其他:住宅區,,,1091206,土地1建物1車位0,全,二層,透天厝,住家用,加強磚造,0750901,130.87,10,1,10,有,無,6500000,49668,,0.0,0,,RPTNMLQJJHGGFID18DA,119.62,0.0,11.25,無,
仁德區,土地,大甲段1580地號,4801.0,,一般農業區,農牧用地,1091027,土地2建物0車位0,,,其他,,,,0.0,0,0,0,無,無,16262400,3387,,0.0,0,未登記建物；農業設施；,RPROMLPLKIPFFID56DA,0.0,0.0,0.0,無,
仁德區,土地,太子段1002地號,39.93,都市：其他:住宅區,,,1091223,土地1建物0車位0,,,其他,,,,0.0,0,0,0,有,無,782907,19607,,0.0,0,,RPTNMLNLKIPFFID09DA,0.0,0.0,0.0,無,
仁德區,土地,太子段999地號,44.29,都市：其他:住宅區,,,1091223,土地1建物0車位0,,,其他,,,,0.0,0,0,0,有,無,757359,17100,,0.0,0,,RPRNMLNLKIPFFID88DA,0.0,0.0,0.0,無,
仁德區,土地,興安段572地號,7590.03,都市：其他:計畫道路用地,,,1090508,土地5建物0車位0,,,其他,,,,0.0,0,0,0,有,無,160650000,21166,,0.0,0,,RPSOMLNJRHPFFID86DA,0.0,0.0,0.0,無,
永康區,房地(土地+建物),永華路２５７號,86.0,都市：其他:住宅區,,,1091225,土地1建物1車位0,全,三層,透天厝,住家用,見其他登記事項,1060314,131.31,4,1,3,有,無,10000000,76156,,0.0,0,,RPVOMLMKJHGGFKD38DA,131.32,0.0,0.0,無,
永康區,房地(土地+建物),西灣里永華路２１９號三樓之１,15.27,都市：其他:住宅區,,,1091218,土地1建物1車位0,三層,七層,華廈(10層含以下有電梯),住家用,鋼筋混凝土造,0810511,91.75,3,2,2,有,有,3100000,33787,,0.0,0,,RPWOMLMKJHGGFKD48DA,65.49,0.0,3.21,有,
永康區,房地(土地+建物),復國一路２７６巷５３號,61.42,都市：其他:住宅區,,,1091202,土地1建物1車位0,全,二層,透天厝,住家用,加強磚造,0710827,83.32,4,1,4,有,無,9000000,108017,,0.0,0,頂樓加蓋；其他增建；,RPOPMLMKJHGGFKD77DA,75.4,4.43,3.49,無,
永康區,房地(土地+建物)+車位,復國二路２１７號十樓之１,21.24,都市：其他:住宅區,,,1090612,土地1建物1車位1,十層,十一層,住宅大樓(11層含以上有電梯),住家用,鋼筋混凝土造,0840520,119.85,3,2,2,有,有,4500000,37547,坡道機械,0.0,0,,RPPNMLNKJHGGFKD77DA,78.42,0.0,10.64,有,
永康區,房地(土地+建物)+車位,復國路６８號五樓之５,44.36,都市：其他:住宅區,,,1100104,土地1建物1車位1,五層,十四層,住宅大樓(11層含以上有電梯),住家用,鋼筋混凝土造,0960920,156.24,3,2,2,有,有,4150000,26562,坡道平面,0.0,0,親友、員工、共有人或其他特殊關係間之交易；,RPRNMLNKJHGGFKD97DA,86.09,0.0,10.52,有,
永康區,房地(土地+建物),新民街６６巷１號七樓之３,5.33,都市：其他:住宅區,,,1100104,土地1建物1車位0,七層,九層,華廈(10層含以下有電梯),住家用,鋼筋混凝土造,0821230,39.150000000000006,1,1,1,有,有,1450000,37037,,0.0,0,,RPTNMLNKJHGGFKD18DA,18.14,1.0,4.0,有,
永康區,房地(土地+建物)+車位,復國路５０號八樓之２,47.76,都市：其他:住宅區,,,1090927,土地1建物1車位1,八層,十四層,住宅大樓(11層含以上有電梯),住家用,鋼筋混凝土造,0960920,168.09,3,2,2,有,有,7200000,42834,坡道平面,0.0,0,,RPPNMLOKJHGGFKD87DA,93.7,0.0,10.2,有,
永康區,土地,中灣段514地號,24.01,都市：其他:住宅區,,,1091225,土地2建物0車位0,,,其他,,,,0.0,0,0,0,有,無,1000000,41649,,0.0,0,,RPSOMLMKJHGGFKD08DA,0.0,0.0,0.0,無,
永康區,房地(土地+建物),中興里中華路２１６巷１弄１之１０號,88.35,都市：其他:住宅區,,,1091215,土地1建物1車位0,全,二層,透天厝,住家用,鋼筋混凝土造,0770519,122.64,3,1,2,有,無,3318880,27062,,0.0,0,親友、員工、共有人或其他特殊關係間之交易；,RPWNMLMKJHGGFKD38DA,103.66,14.78,4.2,無,
永康區,房地(土地+建物)+車位,三合里南工街２６７巷８０弄８號,66.01,都市：其他:住宅區,,,1091204,土地3建物1車位2,一層，二層，四層，地下一層,十一層,公寓(5樓含以下無電梯),住家用,鋼筋混凝土造,0860926,208.24,4,2,3,有,有,8300000,39858,坡道平面,26.66,0,,RPPOMLSJJHGGFKD28DA,110.66,16.39,16.54,無,
永康區,房地(土地+建物),北興路８１巷１７號,84.28,都市：其他:住宅區,,,1091219,土地2建物1車位0,全,四層,透天厝,住家用,鋼筋混凝土造,0940318,150.73,4,2,3,有,無,10500000,69661,,0.0,0,陽台外推；頂樓加蓋；其他增建；,RPRNMLTJJHGGFKD48DA,135.79,0.0,14.94,無,
永康區,土地,大灣段208-6地號,359.25,都市：其他:道路用地,,,1091123,土地1建物0車位0,,,其他,,,,0.0,0,0,0,有,無,5180000,14419,,0.0,0,包含公共設施保留地用地；,RPQPMLRJJHGGFKD38DA,0.0,0.0,0.0,無,
永康區,土地,龍王段1979地號,1662.32,都市：其他:道路用地,,,1091216,土地16建物0車位0,,,其他,,,,0.0,0,0,0,有,無,26630000,16020,,0.0,0,包含公共設施保留地用地；,RPVNMLOJJHGGFKD38DA,0.0,0.0,0.0,無,
永康區,房地(土地+建物),中山南路１０１６巷１３號,65.96,都市：其他:住宅區,,,1091115,土地1建物1車位0,全,四層,透天厝,住家用,見其他登記事項,1080313,163.86,5,2,6,有,無,14200000,86659,,0.0,0,其他增建；,RPVOMLRLJIPFFKD27DA,141.8,0.0,22.06,無,
永康區,房地(土地+建物),八德街１１２號,93.0,都市：其他:住宅區,,,1091022,土地1建物1車位0,全,四層,透天厝,住家用,鋼筋混凝土造,0990122,209.29,5,2,3,有,無,14280000,68231,,0.0,0,頂樓加蓋；,RPQOMLQLIIPFFKD56DA,185.85,1.29,22.15,無,
永康區,土地,大灣段6284地號,1019.0,都市：其他:停車場用地,,,1090717,土地1建物0車位0,,,其他,,,,0.0,0,0,0,有,無,104532170,102583,,0.0,0,,RPOOMLTJKIPFFKD66DA,0.0,0.0,0.0,無,
永康區,土地,正強段599地號,218.37,都市：其他:道路用地,,,1091105,土地2建物0車位0,,,其他,,,,0.0,0,0,0,有,無,2640000,12090,,0.0,0,包含公共設施保留地用地；,RPPOMLOLKIPFFKD09DA,0.0,0.0,0.0,無,
永康區,土地,文化段54地號,46.18,都市：其他:道路用地,,,1091107,土地1建物0車位0,,,其他,,,,0.0,0,0,0,有,無,480000,10394,,0.0,0,包含公共設施保留地用地；,RPXOMLSLKIPFFKD67DA,0.0,0.0,0.0,無,
新營區,房地(土地+建物),大宏里民治路２９巷４９號,109.89,都市：其他:住宅區,,,1091218,土地2建物1車位0,全,三層,透天厝,住家用,鋼筋混凝土造,0800301,198.88,7,1,5,有,無,8880000,44650,,0.0,0,頂樓加蓋；其他增建；,RPPNMLPKJHGGFDD37EA,161.07,7.21,30.6,無,
新營區,土地,後鎮段1519地號,1569.33,,特定農業區,農牧用地,1091215,土地1建物0車位0,,,其他,,,,0.0,0,0,0,有,無,3600000,2294,,0.0,0,,RPSNMLPKJHGGFDD67EA,0.0,0.0,0.0,無,
東區,房地(土地+建物)+車位,東門路一段３５８號十一樓,114.37,都市：其他:第五種住宅區,,,1091103,土地5建物1車位4,十一層,十二層,住宅大樓(11層含以上有電梯),商業用,鋼筋混凝土造,0800323,986.5699999999999,0,0,0,無,有,25000000,25340,坡道平面,0.0,0,含裝潢費250000元；,RPWOMLQJJHGGFCD08EA,542.23,116.86,40.41,有,
南區,房地(土地+建物),大同路二段４８２巷１４３號,81.0,都市：其他:住宅區,,,1091207,土地2建物1車位0,全,二層,透天厝,住家用,加強磚造,0740907,119.24,4,2,3,有,無,2202900,18475,,0.0,0,親友、員工、共有人或其他特殊關係間之交易；,RPSNMLSLKIPFFCD98EA,108.73,0.0,10.51,無,
安南區,土地,怡安段766-7地號,103.22,都市：其他:住宅區,,,1091217,土地1建物0車位0,,,其他,,,,0.0,0,0,0,有,無,7181500,69575,,0.0,0,,RPVPMLLKJHGGFBD57EA,0.0,0.0,0.0,無,
安定區,土地,港口段2697-3地號,104.33,,鄉村區,乙種建築用地,1100104,土地2建物0車位0,,,其他,,,,0.0,0,0,0,有,無,2172740,20826,,0.0,0,,RPSOMLNKJHGGFHD97EA,0.0,0.0,0.0,無,0874
新市區,土地,華美段471地號,104.17,都市：其他:計畫道路用地,,,1091229,土地1建物0車位0,,,其他,,,,0.0,0,0,0,有,無,1000000,9600,,0.0,0,包含公共設施保留地用地；,RPPNMLOKJHGGFHD67EA,0.0,0.0,0.0,無,0653
安定區,土地,港口段1164-1地號,544.0,,特定農業區,農牧用地,1091230,土地1建物0車位0,,,其他,,,,0.0,0,0,0,有,無,4900000,9007,,0.0,0,,RPXPMLOKJHGGFHD68EA,0.0,0.0,0.0,無,
安定區,土地,港尾段461地號,391.65,,鄉村區,乙種建築用地,1100105,土地1建物0車位0,,,其他,,,,0.0,0,0,0,有,無,7102600,18135,,0.0,0,親友、員工、共有人或其他特殊關係間之交易；,RPPNMLPKJHGGFHD77EA,0.0,0.0,0.0,無,
歸仁區,房地(土地+建物),大潭里長榮路一段２４５巷１２之２號,80.89,,鄉村區,乙種建築用地,1091220,土地3建物1車位0,全,四層,透天厝,住家用,鋼筋混凝土造,1020624,169.5,6,1,6,有,無,9700000,57227,,0.0,0,親友、員工、共有人或其他特殊關係間之交易；,RPROMLNJKIPFFID88EA,157.81,0.0,11.69,無,
永康區,房地(土地+建物),大橋五街１１之７號,89.62,都市：其他:住宅區,,,1091201,土地3建物1車位0,全,五層,透天厝,集合住宅,鋼筋混凝土構造,1090630,207.27,5,6,1,有,無,14350000,69233,,0.0,0,,RPXNMLNKJHGGFKD68EA,182.17,0.0,25.1,無,
永康區,房地(土地+建物),大橋五街１１之６號,93.62,都市：其他:住宅區,,,1091220,土地3建物1車位0,全,五層,透天厝,集合住宅,鋼筋混凝土構造,1090630,227.35,5,6,1,有,無,15800000,69496,,0.0,0,,RPOOMLNKJHGGFKD87EA,200.49,0.0,26.86,無,
永康區,房地(土地+建物),安康里大橋一街５３之５號五樓之７,12.9,都市：其他:住宅區,,,1091220,土地1建物1車位0,五層,十四層,住宅大樓(11層含以上有電梯),住家用,鋼筋混凝土造,0880824,119.06,3,2,2,有,有,5460000,45859,,0.0,0,,RPOPMLNKJHGGFKD97EA,83.98,0.0,9.53,有,
永康區,房地(土地+建物)+車位,復華五街５５巷６號八樓之２,16.12,都市：其他:商業區,,,1091216,土地2建物1車位1,八層,十層,華廈(10層含以下有電梯),住家用,見其他登記事項,1040810,122.94,1,2,1,有,有,6100000,49618,坡道平面,31.77,0,,RPXNMLMKJHGGFKD58EA,57.89,0.0,7.12,有,
佳里區,土地,新安段1324地號,20.81,,鄉村區,乙種建築用地,1090804,土地1建物0車位0,,,其他,,,,0.0,0,0,0,有,無,95478,4588,,0.0,0,畸零地或有合併使用效益；地清或未辦繼承標售；,RPRNMLNKJHGGFGD67EA,0.0,0.0,0.0,無,0814
下營區,房地(土地+建物),中山路一段２４０號,146.52,都市：其他:住宅區,,,1091218,土地2建物1車位0,全,三層,透天厝,住商用,鋼筋混凝土造,0771223,310.71,7,2,5,有,無,12300000,39587,,0.0,0,,RPTNMLPKJHGGFFD97EA,281.91,0.0,28.8,無,
永康區,土地,保生段1088地號,119.51,都市：其他:道路用地,,,1091221,土地1建物0車位0,,,其他,,,,0.0,0,0,0,有,無,4585700,38371,,0.0,0,包含公共設施保留地用地；,RPWOMLOKJHGGFKD78EA,0.0,0.0,0.0,無,0877
永康區,土地,鹽西段1296地號,31.26,都市：其他:工業區,,,1091218,土地1建物0車位0,,,其他,,,,0.0,0,0,0,有,無,3001666,96023,,0.0,0,政府機關標讓售；,RPTNMLPKJHGGFKD48EA,0.0,0.0,0.0,無,
關廟區,房地(土地+建物),中山路二段１６５巷１０６號,82.0,都市：其他:住宅區,,,1091217,土地1建物1車位0,全,三層,透天厝,住家用,見其他登記事項,1090305,164.79,4,2,3,有,無,9160000,55586,,0.0,0,,RPUOMLSJKIPFFID07EA,156.46,0.0,8.33,無,
安南區,房地(土地+建物),海環街３１５號,97.82,都市：其他:住宅區,,,1091211,土地1建物1車位0,全,三層,透天厝,住家用,鋼筋混凝土造,1090610,179.65,5,2,3,有,無,14000000,77929,,0.0,0,,RPPNMLOKJHGGFBD07EA,149.09,0.0,30.56,無,
安南區,土地,砂崙段131地號,439.2,都市：其他:主要計畫道路用地,,,1091230,土地2建物0車位0,,,其他,,,,0.0,0,0,0,有,無,800000,1821,,0.0,0,包含公共設施保留地用地；,RPSNMLOKJHGGFBD37EA,0.0,0.0,0.0,無,0878
安南區,房地(土地+建物),安中路二段８８號,92.55,都市：其他:住宅區,,,1091219,土地1建物1車位0,全,四層,透天厝,見其他登記事項,鋼筋混凝土造,0960403,218.39,4,4,3,有,無,15600000,71432,,0.0,0,陽台外推；頂樓加蓋；其他增建；,RPPOMLOKJHGGFBD17EA,184.34,0.0,34.1,無,
南區,土地,舉喜段527-10地號,5.43,都市：其他:住宅區,,,1091217,土地1建物0車位0,,,其他,,,,0.0,0,0,0,有,無,271500,50000,,0.0,0,,RPPNMLNKJHGGFCD07EA,0.0,0.0,0.0,無,
新營區,土地,新東段240-4地號,301.16,都市：其他:住宅區,,,1091204,土地2建物0車位0,,,其他,,,,0.0,0,0,0,有,無,20000000,66410,,0.0,0,預售屋、或土地及建物分次登記案件；,RPVNMLPKJHGGFDD97EA,0.0,0.0,0.0,無,
柳營區,房地(土地+建物),十美街１８６巷１２弄２號,75.0,都市：其他:住宅區,,,1080520,土地1建物1車位0,全,三層,透天厝,住家用,鋼筋混凝土造,1090907,148.2,4,2,4,有,無,6900000,46559,,0.0,0,預售屋、或土地及建物分次登記案件；,RPWNMLPKJHGGFDD08EA,129.07,0.0,19.13,無,
柳營區,房地(土地+建物),十美街１８６巷１２弄８號,72.0,都市：其他:住宅區,,,1080520,土地1建物1車位0,全,三層,透天厝,住家用,鋼筋混凝土造,1090907,143.82,4,2,4,有,無,6700000,46586,,0.0,0,預售屋、或土地及建物分次登記案件；,RPXNMLPKJHGGFDD18EA,121.27,0.0,22.55,無,
柳營區,房地(土地+建物),十美街１８６巷１８號,111.6,都市：其他:住宅區,,,1080605,土地2建物1車位0,全,三層,透天厝,住家用,鋼筋混凝土造,1090907,152.09,4,2,3,有,無,6880000,45236,,0.0,0,預售屋、或土地及建物分次登記案件；,RPOOMLPKJHGGFDD37EA,126.1,0.0,26.02,無,
永康區,房地(土地+建物),復華三街６４號十三樓之３,8.92,都市：其他:市場用地,,,1091118,土地1建物1車位0,十三層,十九層,住宅大樓(11層含以上有電梯),住家用,鋼筋混凝土造,0840908,98.83000000000001,3,2,2,有,有,5260000,53223,,0.0,0,,RPQOMLTLKIPFFKD07DA,67.23,0.0,5.92,有,0879
永康區,房地(土地+建物),復興路１２８巷１弄９號五樓,37.66,都市：其他:住宅區,,,1091212,土地2建物1車位0,五層,五層,公寓(5樓含以下無電梯),住家用,鋼筋混凝土造,0710325,105.77,5,0,5,有,無,4620000,43680,,0.0,0,,RPOOMLOLKIPFFKD98DA,93.31,0.0,12.46,無,0880
永康區,土地,蜈蜞潭段2188地號,520.2,都市：其他:道路用地,,,1091218,土地1建物0車位0,,,其他,,,,0.0,0,0,0,有,無,9460000,18185,,0.0,0,包含公共設施保留地用地；,RPRPMLSKKIPFFKD07DA,0.0,0.0,0.0,無,0023
永康區,房地(土地+建物),復華七街７１號,83.99,都市：其他:住宅區,,,1091103,土地1建物1車位0,全,四層,透天厝,住商用,鋼筋混凝土造,0810512,199.19,6,2,3,有,無,14100000,70787,,0.0,0,,RPPNMLTJKIPFFKD66DA,177.97,0.0,21.22,無,
永康區,房地(土地+建物),復華里復華八街４７巷４１號四樓之２,14.24,都市：其他:住宅區,,,1091119,土地1建物1車位0,四層,六層,華廈(10層含以下有電梯),住家用,鋼筋混凝土造,0850426,90.39,4,2,2,有,有,3860000,42704,,0.0,0,夾層；,RPQNMLKKKIPFFKD58DA,50.99,1.95,5.34,有,
永康區,房地(土地+建物)+車位,北灣里大灣路４０巷２０９弄１號二樓之１,21.66,都市：其他:住宅區,,,1091201,土地1建物1車位1,二層,八層,華廈(10層含以下有電梯),住家用,鋼筋混凝土造,0830104,116.22,3,2,2,有,有,4250000,36569,坡道平面,0.0,0,其他增建；,RPSNMLSJJHGGFKD48DA,73.99,0.0,7.97,有,
永康區,房地(土地+建物),復國一路２７６巷２０號,85.01,都市：其他:住宅區,,,1091116,土地1建物1車位0,全,二層,透天厝,住家用,加強磚造,0690600,88.02,4,2,3,有,無,6800000,77255,,0.0,0,,RPPOMLMKJHGGFKD77DA,88.02,0.0,0.0,無,
永康區,建物,二王里南工街２１２巷３弄７號,0.0,,,,1091218,土地0建物1車位0,全,二層,透天厝,住商用,見其他登記事項,0640812,93.05,3,2,2,有,無,2500000,26867,,0.0,0,地上權房屋；,RPPPMLNKJHGGFKD97DA,93.05,0.0,0.0,無,
永康區,土地,鹽東段1471-2地號,1269.03,都市：其他:工業區,,,1090220,土地1建物0車位0,,,其他,,,,0.0,0,0,0,有,無,63340358,49912,,0.0,0,買賣總價款為2億6883萬元，因共有人辦理買賣移轉登記前往生，雙方於109年11月4日合意再行移轉持分40170000/170490000。,RPQNMLNKJHGGFKD87DA,0.0,0.0,0.0,無,0882
永康區,房地(土地+建物),大灣三街５７巷３８號,133.84,都市：其他:道路用地,,,1091214,土地2建物1車位0,全,五層,透天厝,住家用,見其他登記事項,1051025,307.85,6,2,7,有,無,23500000,76336,,0.0,0,土地成交價新台幣1410萬元整，建物成交價新台幣940萬元整。,RPSNMLOKJHGGFKD18DA,261.53,0.0,46.32,有,
永康區,房地(土地+建物),大灣路３７巷２０弄２８號,103.52,都市：其他:住宅區,,,1091122,土地2建物1車位0,全,四層,透天厝,見其他登記事項,見其他登記事項,1080514,285.6,5,2,4,有,無,17850000,62500,,0.0,0,土地價格:1160萬建物價格:625萬陽台外推；其他增建；,RPWNMLOKJHGGFKD58DA,269.6,0.0,16.0,無,
永康區,房地(土地+建物),中山南路４３巷７弄２５號五樓,25.34,都市：其他:住宅區,,,1091118,土地2建物1車位0,五層,五層,公寓(5樓含以下無電梯),住家用,鋼筋混凝土造,0700812,94.79,3,2,1,有,無,3300000,34814,,0.0,0,,RPOOMLOKJHGGFKD87DA,72.46,0.0,9.02,無,
永康區,房地(土地+建物)+車位,網寮里文化路２３０號八樓之２,27.77,都市：其他:住宅區,,,1091217,土地1建物1車位1,八層,八層,華廈(10層含以下有電梯),住家用,鋼筋混凝土造,0881203,147.5,3,2,2,有,有,6500000,44068,坡道機械,9.77,0,,RPSOMLOKJHGGFKD28DA,96.84,0.0,7.64,有,
永康區,房地(土地+建物)+車位,行里新民街６６巷１號九樓之９,5.33,都市：其他:住宅區,,,1100107,土地1建物1車位1,九層,九層,華廈(10層含以下有電梯),住家用,鋼筋混凝土造,0821230,53.75,1,0,1,有,有,2300000,42791,坡道平面,0.0,0,,RPROMLPKJHGGFKD28DA,19.34,0.0,2.9,有,0883
永康區,房地(土地+建物)+車位,東橋七路３８６號,21.8,都市：其他:住宅區,,,1091008,土地1建物1車位1,一層,十四層,住宅大樓(11層含以上有電梯),見其他登記事項,見其他登記事項,1060714,131.01999999999998,0,0,0,無,有,16200000,155266,坡道平面,35.7,1400000,土地價格＄810萬元，建物價格＄810萬元,RPUOMLPKJHGGFKD58DA,73.74,0.0,0.0,有,
仁德區,土地,中洲東段227地號,480.68,,鄉村區,乙種建築用地,1091030,土地2建物0車位0,,,其他,,,,0.0,0,0,0,有,無,12000000,24965,,0.0,0,,RPPPMLNJKIPFFID68DA,0.0,0.0,0.0,無,
仁德區,土地,中洲東段226地號,84.1,,鄉村區,乙種建築用地,1091107,土地1建物0車位0,,,其他,,,,0.0,0,0,0,有,無,2160000,25687,,0.0,0,,RPSPMLNJKIPFFID98DA,0.0,0.0,0.0,無,
仁德區,土地,中洲東段228地號,120.37,,鄉村區,乙種建築用地,1091029,土地2建物0車位0,,,其他,,,,0.0,0,0,0,有,無,3200000,26585,,0.0,0,,RPUPMLNJKIPFFID56DA,0.0,0.0,0.0,無,
仁德區,土地,中洲東段225地號,78.45,,鄉村區,乙種建築用地,1091029,土地1建物0車位0,,,其他,,,,0.0,0,0,0,有,無,2380000,30338,,0.0,0,,RPVNMLOJKIPFFID56DA,0.0,0.0,0.0,無,
仁德區,土地,虎山段14地號,4415.1,都市：其他:農業區,,,1091116,土地2建物0車位0,,,其他,,,,0.0,0,0,0,有,無,106840000,24199,,0.0,0,,RPTOMLPJJHGGFID18DA,0.0,0.0,0.0,無,
仁德區,房地(土地+建物),保安里保學一街８８號,125.73,都市：其他:住宅區,,,1091126,土地1建物1車位0,全,三層,透天厝,住家用,鋼筋混凝土造,0990114,184.41,10,0,10,有,無,9000000,48804,,0.0,0,,RPQNMLMKJHGGFID57DA,161.41,0.0,23.0,無,0884
仁德區,房地(土地+建物),一甲里中正路三段１９５號,42.9,都市：其他:乙種工業區,,,1091225,土地4建物1車位0,全,二層,透天厝,工業用,加強磚造,0661222,38.82,3,1,2,有,無,3900000,100464,,0.0,0,,RPSNMLNKJHGGFID87DA,38.82,0.0,0.0,無,
仁德區,房地(土地+建物),長興四街９０巷１之１號四樓之１,34.78,都市：其他:住宅區,,,1091216,土地1建物1車位0,四層,五層,華廈(10層含以下有電梯),見其他登記事項,見其他登記事項,1090115,94.5,2,2,2,有,有,6500000,68783,,0.0,0,,RPQPMLMKJHGGFID77DA,66.14,0.0,4.78,有,
仁德區,房地(土地+建物),大甲村中正西路４０２號四樓之１,16.06,都市：其他:住宅區,,,1100106,土地2建物4車位0,四層,四層,華廈(10層含以下有電梯),見其他登記事項,鋼筋混凝土造,0960920,43.47,4,0,4,有,有,1600000,36807,,0.0,0,,RPVNMLNKJHGGFID18DA,14.52,1.8,0.0,有,
歸仁區,土地,文化段1070地號,2217.84,都市：其他:住宅區,,,1091012,土地1建物0車位0,,,其他,,,,0.0,0,0,0,有,無,117407000,52938,,0.0,0,,RPQNMLOKJHGGFID77DA,0.0,0.0,0.0,無,
關廟區,土地,新埔段56地號,2158.0,,山坡地保育區,農牧用地,1091203,土地1建物0車位0,,,其他,,,,0.0,0,0,0,有,無,2200000,1019,,0.0,0,,RPRNMLOKJHGGFID87DA,0.0,0.0,0.0,無,
仁德區,土地,甘厝段266地號,1579.72,都市：其他:農業區,,,1091218,土地1建物0車位0,,,其他,,,,0.0,0,0,0,有,無,7226900,4575,,0.0,0,持分土地,RPOOMLOKJHGGFID67DA,0.0,0.0,0.0,無,
歸仁區,房地(土地+建物),崙頂街１９號四樓之５,24.33,都市：其他:住宅區,,,1091223,土地1建物1車位0,四層,六層,華廈(10層含以下有電梯),見其他登記事項,見其他登記事項,1071105,72.25999999999999,2,1,1,有,有,4560000,63105,,0.0,0,,RPUOMLOKJHGGFID28DA,48.03,0.0,4.58,有,0885
仁德區,房地(土地+建物),保安里保學一街７６號,117.06,都市：其他:住宅區,,,1091211,土地1建物1車位0,全,三層,透天厝,住家用,鋼筋混凝土造,0990114,187.7,5,1,5,有,無,9600000,51145,,0.0,0,其他增建；,RPPNMLPKJHGGFID77DA,164.29,0.0,23.41,無,
新化區,土地,洋子段740地號,2602.0,,特定農業區,農牧用地,1091122,土地1建物0車位0,,,其他,,,,0.0,0,0,0,有,無,19980900,7679,,0.0,0,,RPOPMLOJKIPFFHD58DA,0.0,0.0,0.0,無,
善化區,房地(土地+建物)+車位,文化路１０號二樓之３,28.19,都市：其他:住宅區,,,1091215,土地1建物1車位1,二層,十二層,住宅大樓(11層含以上有電梯),住家用,鋼筋混凝土造,0960927,144.03,3,2,2,有,有,8400000,58321,坡道平面,19.78,0,,RPORMLOKJHGGFHD87DA,85.96,0.0,9.29,有,
安定區,土地,蘇厝段1570地號,1372.0,都市：其他:農業區(供申請變更開發為產業支援區),,,1091127,土地1建物0車位0,,,其他,,,,0.0,0,0,0,有,無,27440000,20000,,0.0,0,,RPPRMLOKJHGGFHD97DA,0.0,0.0,0.0,無,
善化區,土地,胡厝寮段97-121地號,8403.0,,一般農業區,農牧用地,1091224,土地1建物0車位0,,,其他,,,,0.0,0,0,0,有,無,8403000,1000,,0.0,0,,RPSNMLPKJHGGFHD97DA,0.0,0.0,0.0,無,
安定區,土地,管寮段1079地號,1759.0,,一般農業區,農牧用地,1091117,土地1建物0車位0,,,其他,,,,0.0,0,0,0,有,無,14950000,8499,,0.0,0,,RPWNMLPKJHGGFHD38DA,0.0,0.0,0.0,無,
善化區,房地(土地+建物),善新大道１０１號,91.9,都市：其他:生活服務區(第三-一種住宅區),,,1090804,土地2建物1車位0,全,四層,透天厝,見其他登記事項,鋼筋混凝土造,1090214,207.98,5,2,6,有,無,14800000,71161,,0.0,0,,RPTOMLOKJHGGFHD08DA,177.27,0.0,30.71,無,
善化區,土地,善南段149地號,345.97,都市：其他:農業區,,,1091231,土地1建物0車位0,,,其他,,,,0.0,0,0,0,有,無,6000000,17343,,0.0,0,親友、員工、共有人或其他特殊關係間之交易；,RPUOMLOKJHGGFHD18DA,0.0,0.0,0.0,無,
新化區,土地,新音段896-2地號,0.05,都市：其他:商業區,,,1100107,土地1建物0車位0,,,其他,,,,0.0,0,0,0,有,無,7400,0,,0.0,0,畸零地或有合併使用效益；,RPXPMLOKJHGGFHD58DA,0.0,0.0,0.0,無,0886
新化區,土地,新音段896-1地號,0.13,都市：其他:商業區,,,1100107,土地1建物0車位0,,,其他,,,,0.0,0,0,0,有,無,3700,0,,0.0,0,畸零地或有合併使用效益；,RPOQMLOKJHGGFHD77DA,0.0,0.0,0.0,無,0887
善化區,土地,文正段14-3地號,25.15,都市：其他:計畫道路用地,,,1091014,土地3建物0車位0,,,其他,,,,0.0,0,0,0,有,無,1266000,50338,,0.0,0,畸零地或有合併使用效益；包含公共設施保留地用地；,RPTOMLNKJHGGFHD97DA,0.0,0.0,0.0,無,
善化區,土地,胡厝寮段1961地號,199.0,,特定農業區,農牧用地,1091120,土地1建物0車位0,,,其他,,,,0.0,0,0,0,有,無,995000,5000,,0.0,0,,RPTNMLNKJHGGFHD87DA,0.0,0.0,0.0,無,
安定區,房地(土地+建物),港口３９０之２號,135.2,,鄉村區,乙種建築用地,1091216,土地2建物1車位0,全,三層,透天厝,住家用,鋼筋混凝土造,1090902,216.64,6,2,4,有,無,9850000,45467,,0.0,0,,RPPNMLLKJHGGFHD27DA,201.01,0.0,15.63,無,
新市區,土地,潭頂段436-2地號,30.93,,鄉村區,乙種建築用地,1090903,土地1建物0車位0,,,其他,,,,0.0,0,0,0,有,無,380070,12288,,0.0,0,,RPXNMLLKJHGGFHD08DA,0.0,0.0,0.0,無,0888
善化區,土地,文正段1057地號,64.87,都市：其他:計畫道路用地,,,1091230,土地1建物0車位0,,,其他,,,,0.0,0,0,0,有,無,1360000,20965,,0.0,0,未登記建物；包含公共設施保留地用地；,RPQSMLKMKIPFFHD98DA,0.0,0.0,0.0,無,
佳里區,土地,六安段889-1地號,475.5,都市：其他:農業區,,,1091229,土地1建物0車位0,,,其他,,,,0.0,0,0,0,有,無,713250,1500,,0.0,0,,RPRNMLPKJHGGFGD77DA,0.0,0.0,0.0,無,
佳里區,房地(土地+建物),六安街２３巷１２號,103.17,都市：其他:住宅區,,,1091201,土地1建物1車位0,全,三層,透天厝,見其他登記事項,鋼筋混凝土造,1090605,191.74,4,2,3,有,無,8380000,43705,,0.0,0,,RPUNMLOKJHGGFGD97DA,168.25,0.0,23.49,無,
佳里區,房地(土地+建物),六安街２３巷５號,99.81,都市：其他:住宅區,,,1091209,土地1建物1車位0,全,三層,透天厝,見其他登記事項,鋼筋混凝土造,1090605,180.6,4,2,3,有,無,8200000,45404,,0.0,0,,RPWNMLOKJHGGFGD18DA,157.84,0.0,22.76,無,
西港區,土地,州海段511地號,45.14,都市：其他:住宅區,,,1091229,土地1建物1車位0,一層，二層,二層,其他,住家用,鋼筋混凝土加強磚造,0761106,66.0,0,0,0,有,無,1500000,33230,,0.0,0,親友、員工、共有人或其他特殊關係間之交易；,RPOOMLOKJHGGFGD47DA,0.0,0.0,0.0,無,
七股區,房地(土地+建物),大潭里台潭１２８之２號,519.4,,一般農業區,養殖用地,1091130,土地2建物1車位0,全,三層,透天厝,農舍,鋼筋混凝土造,0821022,145.38,5,2,3,有,無,5670000,39001,,0.0,0,,RPUOMLOKJHGGFGD08DA,136.4,0.0,9.0,無,0012
佳里區,土地,建南段764地號,1724.17,都市：其他:農業區,,,1091229,土地1建物0車位0,,,其他,,,,0.0,0,0,0,有,無,15200000,8816,,0.0,0,,RPQNMLQJJHGGFGD67DA,0.0,0.0,0.0,無,
七股區,土地,榔段1075地號,1000.0,,特定農業區,農牧用地,1091212,土地1建物0車位0,,,其他,,,,0.0,0,0,0,有,無,1580000,1580,,0.0,0,,RPTOMLLMKIPFFGD88DA,0.0,0.0,0.0,無,
將軍區,土地,將軍段1802地號,1167.0,,特定農業區,農牧用地,1091230,土地1建物0車位0,,,其他,,,,0.0,0,0,0,有,無,1200000,1028,,0.0,0,,RPTNMLLMKIPFFGD78DA,0.0,0.0,0.0,無,
學甲區,房地(土地+建物),宜民里天水路２４之２號,87.86,都市：其他:住宅區,,,1091126,土地3建物1車位0,全,三層,透天厝,住家用,鋼筋混凝土造,0691125,153.77,6,2,2,有,無,2000000,13006,,0.0,0,頂樓加蓋；其他增建；,RPQOMLLLKIPFFGD48DA,153.77,0.0,0.0,無,
西港區,土地,子林段589地號,763.0,,特定農業區,農牧用地,1091222,土地1建物0車位0,,,其他,,,,0.0,0,0,0,有,無,1050000,1376,,0.0,0,本土地為承買人農舍配地。親友、員工、共有人或其他特殊關係間之交易；,RPSNMLNLKIPFFGD78DA,0.0,0.0,0.0,無,
麻豆區,土地,興農段216地號,8.13,都市：其他:第三種住宅區。,,,1100106,土地1建物0車位0,,,其他,,,,0.0,0,0,0,有,無,206502,25400,,0.0,0,親友、員工、共有人或其他特殊關係間之交易；政府機關標讓售；,RPUNMLPKJHGGFFD97DA,0.0,0.0,0.0,無,0890
下營區,房地(土地+建物),紅毛厝７６之７號,106.14,,鄉村區,乙種建築用地,1091220,土地2建物1車位0,全,三層,透天厝,住家用,鋼筋混凝土造,0830425,158.28,5,2,3,有,無,3350000,21165,,0.0,0,,RPTNMLMKJHGGFFD57DA,144.78,4.5,9.0,無,0891
麻豆區,土地,磚子井段39-6地號,860.0,,鄉村區,乙種建築用地,1091214,土地3建物0車位0,,,其他,,,,0.0,0,0,0,有,無,18198610,21161,,0.0,0,畸零地或有合併使用效益；包含公共設施保留地用地；,RPQNMLNKJHGGFFD37DA,0.0,0.0,0.0,無,0892
麻豆區,土地,北勢寮段4-15地號,2060.88,,一般農業區,農牧用地,1091229,土地3建物0車位0,,,其他,,,,0.0,0,0,0,有,無,1200000,582,,0.0,0,親友、員工、共有人或其他特殊關係間之交易；,RPSPMLSLKIPFFFD76DA,0.0,0.0,0.0,無,
六甲區,土地,六甲段1-7地號,1946.33,,山坡地保育區,農牧用地,1091221,土地2建物0車位0,,,其他,,,,0.0,0,0,0,有,無,2140966,1100,,0.0,0,親友、員工、共有人或其他特殊關係間之交易；,RPVNMLPLKIPFFFD56DA,0.0,0.0,0.0,無,
下營區,房地(土地+建物),下營里和平街２７號,97.98,都市：其他:住宅區,,,1090903,土地1建物1車位0,全,二層,透天厝,住商用,加強磚造,0701029,137.37,3,1,2,有,無,3200000,23295,,0.0,0,,RPQNMLKLRHPFFFD78DA,137.37,0.0,0.0,無,0893
後壁區,土地,頂中段1260地號,261.41,,鄉村區,乙種建築用地,1100104,土地1建物0車位0,,,其他,,,,0.0,0,0,0,有,無,2400000,9181,,0.0,0,親友、員工、共有人或其他特殊關係間之交易；,RPTNMLOKJHGGFED67DA,0.0,0.0,0.0,無,
後壁區,土地,白沙屯段1413地號,5203.0,,特定農業區,農牧用地,1091221,土地3建物0車位0,,,其他,,,,0.0,0,0,0,有,無,4682700,900,,0.0,0,,RPQNMLPKJHGGFED47DA,0.0,0.0,0.0,無,0894
東山區,土地,崎子頭段16-53地號,2952.0,,山坡地保育區,農牧用地,1100111,土地1建物0車位0,,,其他,,,,0.0,0,0,0,有,無,610000,207,,0.0,0,,RPQNMLNKJHGGFED27DA,0.0,0.0,0.0,無,
後壁區,土地,竹圍後段734地號,1062.5,,特定農業區,農牧用地,1091225,土地3建物0車位0,,,其他,,,,0.0,0,0,0,有,無,800000,753,,0.0,0,,RPQNMLPJJHGGFED37DA,0.0,0.0,0.0,無,
東區,房地(土地+建物),莊敬路２０５巷１４之３號,27.78,都市：其他:第五種住宅區,,,1100108,土地1建物1車位0,五層,五層,公寓(5樓含以下無電梯),住家用,鋼筋混凝土造,0701117,101.65,3,1,2,有,無,3500000,34432,,0.0,0,,RPSPMLMKJHGGFCD37DA,77.41,0.0,15.26,無,
南區,房地(土地+建物),金華路一段２００巷３３號三樓之２,21.12,都市：其他:住宅區,,,1091204,土地1建物1車位0,三層,五層,公寓(5樓含以下無電梯),住家用,鋼筋混凝土造,0700220,60.849999999999994,2,2,1,有,無,2600000,42728,,0.0,0,,RPROMLMKJHGGFCD17DA,50.83,0.0,0.0,無,0895
南區,房地(土地+建物)+車位,萬年七街１７３號二樓之５,25.27,都市：其他:住宅區,,,1091225,土地1建物1車位1,二層,十五層,住宅大樓(11層含以上有電梯),見其他登記事項,見其他登記事項,1070619,144.65,2,2,2,有,有,6360000,43968,坡道平面,24.09,0,,RPSOMLMKJHGGFCD27DA,71.49,0.0,8.98,有,0896
南區,房地(土地+建物),夏林路３１６號,61.0,都市：其他:細部計畫道路用地,,,1091030,土地2建物1車位0,全,二層,透天厝,住家用,加強磚造,0660910,87.98,5,2,4,有,無,8800000,100023,,0.0,0,親友、員工、共有人或其他特殊關係間之交易；,RPWOMLMKJHGGFCD67DA,87.98,0.0,0.0,無,
東區,土地,竹篙厝段866-2地號,210.0,都市：其他:第五種住宅區,,,1091219,土地2建物0車位0,,,其他,,,,0.0,0,0,0,有,無,28000000,133333,,0.0,0,,RPSOMLNKJHGGFCD37DA,0.0,0.0,0.0,無,
東區,房地(土地+建物),裕義路６８２號,166.8,都市：其他:虎尾寮第二種住宅區,,,1091126,土地1建物1車位0,全,四層,透天厝,見其他登記事項,鋼筋混凝土造,1030717,310.54,4,2,5,有,無,31000000,99826,,0.0,0,未登記建物；,RPROMLOKJHGGFCD37DA,291.62,0.0,18.92,有,0897
東區,土地,竹篙厝段1000地號,135.0,都市：其他:第五種住宅區,,,1091225,土地1建物0車位0,,,其他,,,,0.0,0,0,0,有,無,6723000,49800,,0.0,0,親友、員工、共有人或其他特殊關係間之交易；,RPTOMLPJJHGGFCD57DA,0.0,0.0,0.0,無,
南區,土地,新興段244-8地號,184.0,都市：其他:住宅區,,,1091214,土地2建物0車位0,,,其他,,,,0.0,0,0,0,有,無,20800000,113043,,0.0,0,,RPPNMLPKJHGGFCD17DA,0.0,0.0,0.0,無,
東區,房地(土地+建物),富農街二段１３號四樓之１,18.97,都市：其他:第五種住宅區,,,1091126,土地1建物1車位0,四層，夾層,六層,華廈(10層含以下有電梯),住家用,鋼筋混凝土造,0840502,91.3,3,2,2,有,有,3600000,39430,,0.0,0,,RPWNMLPKJHGGFCD87DA,59.94,2.27,5.26,有,
東區,房地(土地+建物)+車位,大同路二段９７巷３號九樓,16.31,都市：其他:第五種住宅區,,,1091204,土地3建物1車位1,九層,十六層,住宅大樓(11層含以上有電梯),住家用,鋼筋混凝土造,0831216,195.49,3,2,2,有,有,8000000,40923,坡道平面,0.0,1200000,包含公共設施保留地用地；,RPWNMLMKJHGGFCD57DA,92.99,0.0,16.89,有,
南區,房地(土地+建物)+車位,西門路一段２９２號三樓之３,27.15,都市：其他:商業區,,,1090411,土地2建物1車位1,三層,十五層,住宅大樓(11層含以上有電梯),見其他登記事項,見其他登記事項,1091123,193.61,4,2,2,有,有,11230000,62113,坡道平面,33.74,1300000,含裝潢費1300000元；預售屋、或土地及建物分次登記案件；,RPTQMLRJJHGGFCD97DA,95.64,1.44,10.9,有,
南區,房地(土地+建物)+車位,西門路一段２９２號六樓之３,27.52,都市：其他:商業區,,,1081010,土地2建物1車位2,六層,十五層,住宅大樓(11層含以上有電梯),見其他登記事項,見其他登記事項,1091123,227.35000000000002,4,2,2,有,有,10360000,48539,坡道平面,67.48,2600000,車位總價無法拆分個別車位價格。預售屋、或土地及建物分次登記案件；,RPUQMLRJJHGGFCD08DA,95.64,1.44,10.9,有,
南區,房地(土地+建物)+車位,西門路一段２８６號五樓之１,21.72,都市：其他:商業區,,,1080912,土地2建物1車位1,五層,十五層,住宅大樓(11層含以上有電梯),見其他登記事項,見其他登記事項,1091123,162.39,3,2,2,有,有,7800000,50136,坡道平面,33.74,1350000,預售屋、或土地及建物分次登記案件；,RPWQMLRJJHGGFCD28DA,75.06,1.38,10.46,有,
南區,房地(土地+建物)+車位,西門路一段２７６號七樓之１,23.17,都市：其他:商業區,,,1090718,土地2建物1車位1,七層,十五層,住宅大樓(11層含以上有電梯),見其他登記事項,見其他登記事項,1091123,169.49,3,2,2,有,有,8900000,55985,坡道平面,33.74,1300000,預售屋、或土地及建物分次登記案件；,RPPRMLRJJHGGFCD67DA,79.31,1.38,11.04,有,
東區,房地(土地+建物)+車位,東門路三段１５號十七樓之１,11.13,都市：其他:道路用地,,,1091208,土地5建物1車位1,十七層,二十三層,住宅大樓(11層含以上有電梯),住家用,鋼筋混凝土造,0841115,134.92000000000002,3,2,2,有,有,6300000,46694,坡道機械,0.0,0,,RPPOMLQJJHGGFCD27DA,84.33,1.14,12.68,有,
新營區,房地(土地+建物)+車位,隋唐街７號十三樓之三,26.57,都市：其他:住宅區,,,1091223,土地1建物1車位1,十三層,十五層,住宅大樓(11層含以上有電梯),見其他登記事項,鋼筋混凝土造,1090331,171.61,3,2,2,有,有,9060000,53394,坡道平面,22.53,1100000,房地總價含管理費預售屋、或土地及建物分次登記案件；,RPUOMLMKJHGGFDD57DA,89.75,0.0,11.2,有,
新營區,建物,隋唐街７號十二樓之五,0.0,,,,1091201,土地0建物1車位1,十二層,十五層,住宅大樓(11層含以上有電梯),集合住宅,鋼筋混凝土造,1090331,169.59,3,2,2,有,有,8600000,51000,坡道平面,22.53,1100000,房地總價含管理費,RPVOMLMKJHGGFDD67DA,87.36,0.0,12.18,有,
新營區,房地(土地+建物)+車位,隋唐街９號七樓之一,32.74,都市：其他:住宅區,,,1091207,土地1建物1車位1,七層,十五層,住宅大樓(11層含以上有電梯),見其他登記事項,鋼筋混凝土造,1090331,199.99,4,2,2,有,有,9780000,48349,坡道平面,22.53,1200000,房地總價含管理費預售屋、或土地及建物分次登記案件；,RPWOMLMKJHGGFDD77DA,108.52,0.0,11.61,有,
鹽水區,土地,番子厝段3155地號,36112.0,,一般農業區,農牧用地,1091202,土地16建物0車位0,,,其他,,,,0.0,0,0,0,有,無,59512000,1648,,0.0,0,,RPWNMLRJJHGGFDD08DA,0.0,0.0,0.0,無,0898
新營區,房地(土地+建物),太子路３２之７號四樓,19.39,都市：其他:住宅區,,,1091228,土地4建物1車位0,四層,十一層,住宅大樓(11層含以上有電梯),住家用,鋼筋混凝土造,0820927,102.33,3,2,2,有,無,2600000,25408,,0.0,0,,RPTNMLOKJHGGFDD57DA,72.43,0.92,10.18,無,
鹽水區,土地,天保厝段429地號,2921.0,,特定農業區,農牧用地,1091204,土地1建物0車位0,,,其他,,,,0.0,0,0,0,有,無,3030000,1037,,0.0,0,,RPSOMLLKJHGGFDD27DA,0.0,0.0,0.0,無,
新營區,房地(土地+建物),民生路１６３巷４７號,29.26,都市：其他:住宅區,,,1100108,土地2建物1車位0,一層,六層,華廈(10層含以下有電梯),住家用,鋼筋混凝土造,0830818,143.4,3,1,2,有,有,3000000,20921,,0.0,0,,RPPOMLPKJHGGFDD37DA,94.63,7.84,0.0,有,
新營區,房地(土地+建物),民治路２７９號十二樓,17.73,都市：其他:住宅區,,,1091230,土地1建物1車位0,十二層,十四層,住宅大樓(11層含以上有電梯),住家用,鋼筋混凝土造,0830119,140.43,3,2,2,有,有,4200000,29908,,0.0,0,,RPRNMLSKJHGGFDD77DA,101.71,1.12,11.68,有,
安南區,房地(土地+建物),安中路一段７００巷５９之１號,66.52,都市：其他:住宅區,,,1091230,土地14建物1車位0,二層,四層,公寓(5樓含以下無電梯),見其他登記事項,鋼筋混凝土造,0700907,103.03999999999999,2,1,1,有,無,2500000,24265,,0.0,0,,RPVNMLKMKIPFFBD38DA,81.21,0.0,10.51,無,
安南區,土地,海中段225地號,86.51,都市：其他:細部計畫道路用地,,,1091118,土地1建物0車位0,,,其他,,,,0.0,0,0,0,有,無,792232,9158,,0.0,0,,RPOOMLNLKIPFFBD97DA,0.0,0.0,0.0,無,
安南區,土地,理想段1331地號,72.4,都市：其他:住宅區,,,1091222,土地1建物0車位0,,,其他,,,,0.0,0,0,0,有,無,2510000,34669,,0.0,0,,RPUOMLMKJHGGFBD37DA,0.0,0.0,0.0,無,
安南區,房地(土地+建物),海佃路一段２４６巷３４號,78.04,都市：其他:住宅區,,,1091212,土地1建物1車位0,全,三層,透天厝,住商用,鋼筋混凝土造,0691110,141.71,4,2,4,有,無,9000000,63510,,0.0,0,其他增建；,RPVOMLMKJHGGFBD47DA,125.52,0.0,16.19,無,0899
安南區,房地(土地+建物)+車位,敬安街１１號十二樓之１,27.41,都市：其他:住宅區,,,1091214,土地2建物1車位1,十二層，十三層,十五層,住宅大樓(11層含以上有電梯),住家用,鋼筋混凝土造,0840525,173.08,3,2,2,有,有,7470000,43159,坡道平面,0.0,0,,RPTNMLOKJHGGFBD37DA,99.7,0.0,11.37,有,
安南區,土地,學東段997地號,1038.74,都市：其他:住宅區,,,1091125,土地2建物0車位0,,,其他,,,,0.0,0,0,0,有,無,38700000,37257,,0.0,0,,RPVNMLOKJHGGFBD57DA,0.0,0.0,0.0,無,0900
安南區,房地(土地+建物),長和路四段１６０巷４１弄６９號,79.79,都市：其他:住宅區,,,1091221,土地1建物1車位0,全,四層,透天厝,見其他登記事項,鋼筋混凝土造,1090929,176.57,4,2,3,有,無,10500000,59467,,0.0,0,其他增建；,RPQOMLOKJHGGFBD17DA,161.23,0.0,15.34,無,
安南區,土地,公塭段1070-3地號,37.41,都市：其他:住宅區,,,1091228,土地5建物0車位0,,,其他,,,,0.0,0,0,0,有,無,351300,9391,,0.0,0,,RPXPMLLKJHGGFBD67DA,0.0,0.0,0.0,無,0901
安南區,房地(土地+建物),長溪路一段４９０巷１０號,118.44,都市：其他:住宅區,,,1091217,土地1建物1車位0,全,二層,透天厝,住家用,加強磚造,0690610,101.7,2,2,2,有,無,4500000,44248,,0.0,0,未登記建物；,RPPNMLNKJHGGFBD86DA,101.7,0.0,0.0,無,
安南區,土地,州南段1111-3地號,458.0,都市：其他:農業區,,,1091209,土地1建物0車位0,,,其他,,,,0.0,0,0,0,有,無,16625000,36299,,0.0,0,,RPRNMLMKJHGGFBD96DA,0.0,0.0,0.0,無,
安南區,房地(土地+建物),公學路一段１６０巷２５號,89.84,都市：其他:住宅區,,,1091215,土地2建物1車位0,全,三層,透天厝,住家用,鋼筋混凝土造,1090914,148.31,5,2,3,有,無,8200000,55290,,0.0,0,其他增建；,RPPNMLPKJHGGFBD07DA,120.6,0.0,27.71,無,
安南區,房地(土地+建物),環館路３６４巷１８號,155.49,都市：其他:住宅區,,,1070407,土地4建物1車位0,全,四層,透天厝,見其他登記事項,鋼筋混凝土造,1090924,269.85999999999996,4,2,3,有,有,17600000,65219,,0.0,0,含傢俱設備費600000元；,RPXNMLPJKIPFFBD78DA,257.01,0.0,11.26,有,
安南區,房地(土地+建物),環館路３６４巷１０號,147.32,都市：其他:住宅區,,,1091017,土地4建物1車位0,全,四層,透天厝,見其他登記事項,鋼筋混凝土造,1090924,257.27,4,2,3,有,有,17300000,67245,,0.0,0,,RPROMLPJKIPFFBD28DA,244.4,0.0,11.26,有,
安南區,房地(土地+建物),環館路３６４巷８號,147.32,都市：其他:住宅區,,,1090905,土地4建物1車位0,全,四層,透天厝,見其他登記事項,鋼筋混凝土造,1090924,257.27,4,2,3,有,有,17500000,68022,,0.0,0,,RPSOMLPJKIPFFBD38DA,244.42,0.0,11.26,有,
安南區,房地(土地+建物),環館路３６４巷６號,148.4,都市：其他:住宅區,,,1090919,土地4建物1車位0,全,四層,透天厝,見其他登記事項,鋼筋混凝土造,1090924,266.96,4,2,3,有,有,17600000,65927,,0.0,0,,RPTOMLPJKIPFFBD48DA,254.11,0.0,11.26,有,
安南區,土地,十字段917-1地號,595.38,都市：其他:細部計畫道路用地,,,1091118,土地6建物0車位0,,,其他,,,,0.0,0,0,0,有,無,5400000,9070,,0.0,0,,RPSOMLPKKIPFFBD48DA,0.0,0.0,0.0,無,0902
東區,房地(土地+建物)+車位,長榮路二段７３號四樓,28.58,都市：其他:住宅區,,,1091220,土地1建物1車位1,四層,八層,華廈(10層含以下有電梯),住家用,鋼筋混凝土造,0820729,176.96,3,2,2,有,有,8580000,48486,升降機械,0.0,500000,陽台外推；其他增建；,RPWNMLKLKIPFFCD48DA,114.05,3.37,18.32,有,
東區,房地(土地+建物)+車位,崇賢三路２６號十樓之５,33.56,都市：其他:第五種住宅區,,,1091120,土地1建物1車位1,十層,十五層,住宅大樓(11層含以上有電梯),見其他登記事項,鋼筋混凝土造,1061031,196.06,3,2,2,有,有,13000000,66306,坡道平面,29.01,0,,RPPNMLMKKIPFFCD87DA,105.26,0.0,11.61,有,0903
東區,房地(土地+建物)+車位,崇賢三路３２號三樓之３,32.23,都市：其他:第五種住宅區,,,1091117,土地1建物1車位1,三層,十五層,住宅大樓(11層含以上有電梯),見其他登記事項,鋼筋混凝土造,1061031,187.2,3,2,2,有,有,11160000,59615,坡道平面,29.01,0,含地政士服務費；,RPQQMLRKJIPFFCD68DA,97.91,0.0,12.59,有,0904
安平區,房地(土地+建物)+車位,文平路３１８號十二樓之２,22.77,都市：其他:住宅區,,,1091209,土地1建物1車位1,十二層,十五層,住宅大樓(11層含以上有電梯),見其他登記事項,見其他登記事項,1060307,143.09,2,2,2,有,有,11380000,79469,坡道平面,14.99,1200000,,RPRNMLQKKIPFFAD28DA,75.05,0.49,9.52,有,0905
北區,房地(土地+建物)+車位,北成路１８３號七樓之２,19.38,都市：其他:商業區,,,1091129,土地1建物1車位1,七層,十四層,住宅大樓(11層含以上有電梯),見其他登記事項,見其他登記事項,1060119,151.81,2,2,2,有,有,8500000,55991,坡道平面,34.25,0,,RPWOMLOKKIPFFAD68DA,74.2,0.0,5.41,有,0906
北區,房地(土地+建物),育德二路７５６號,194.42,都市：其他:住宅區,,,1091111,土地2建物1車位0,全,五層,透天厝,見其他登記事項,見其他登記事項,1020823,413.74,5,2,6,有,無,33500000,80969,,0.0,0,親友、員工、共有人或其他特殊關係間之交易；,RPRQMLNLJIPFFAD28DA,385.72,0.0,28.02,有,0907
中西區,房地(土地+建物)+車位,中華西路二段４１６號十二樓之３,28.46,都市：其他:住宅區,,,1091218,土地1建物1車位2,十二層,二十五層,住宅大樓(11層含以上有電梯),見其他登記事項,見其他登記事項,1060817,320.83,3,2,3,有,有,19000000,59221,坡道平面,67.6,0,,RPQQMLOJJHGGFAD17DA,165.26,0.0,13.38,有,0908
中西區,房地(土地+建物),正興街１６１號九樓之５,2.58,都市：其他:商業區,,,1100104,土地1建物1車位0,九層,九層,華廈(10層含以下有電梯),住家用,鋼筋混凝土造,0830528,24.65,1,0,1,有,有,1000000,40568,,0.0,0,,RPXNMLQJJHGGFAD77DA,15.36,0.0,3.72,有,
北區,土地,東興段71地號,287.0,都市：其他:住宅區,,,1091027,土地5建物0車位0,,,其他,,,,0.0,0,0,0,有,無,26000000,90592,,0.0,0,,RPRNMLRJJHGGFAD27DA,0.0,0.0,0.0,無,
北區,房地(土地+建物),開南街２７５巷１０弄３２號,114.0,都市：其他:住宅區,,,1091210,土地2建物1車位0,全,二層,透天厝,住家用,加強磚造,0630817,72.98,3,2,3,有,無,7500000,102768,,0.0,0,頂樓加蓋；夾層；其他增建；,RPWNMLLKJHGGFAD27DA,72.98,0.0,0.0,無,0909
中西區,土地,老古石段481地號,30.32,都市：其他:住宅區,,,1091214,土地1建物0車位0,,,其他,,,,0.0,0,0,0,有,無,1350000,44525,,0.0,0,親友、員工、共有人或其他特殊關係間之交易；,RPTOMLNKJHGGFAD27DA,0.0,0.0,0.0,無,
北區,房地(土地+建物),東豐路２２７巷１２號二樓之２,5.94,都市：其他:住宅區,,,1100102,土地1建物1車位0,二層,十三層,住宅大樓(11層含以上有電梯),見其他登記事項,見其他登記事項,1000908,31.9,1,0,1,有,無,2275000,71317,,0.0,0,原因：親屬間買賣。,RPWOMLMKJHGGFAD47DA,18.74,2.46,0.0,有,0846
北區,房地(土地+建物),海安路三段８１２號十六樓之２,11.15,都市：其他:住宅區,,,1091212,土地1建物1車位0,十六層,二十四層,住宅大樓(11層含以上有電梯),見其他登記事項,見其他登記事項,1090131,95.73,1,2,2,有,有,7280000,76047,,0.0,0,,RPPQMLMKJHGGFAD96DA,59.25,1.55,4.99,有,0911
北區,房地(土地+建物),北成路５１０號七樓之１,23.88,都市：其他:住宅區,,,1091215,土地1建物1車位0,七層,十四層,住宅大樓(11層含以上有電梯),見其他登記事項,鋼筋混凝土造,0980109,120.82,3,2,2,有,有,7450000,61662,,0.0,0,,RPVNMLNKJHGGFAD37DA,76.86,0.0,11.09,有,0912
安平區,房地(土地+建物)+車位,健康路三段３０９號二十樓之５,11.48,都市：其他:商業區,,,1091025,土地1建物1車位1,二十層,二十七層,住宅大樓(11層含以上有電梯),見其他登記事項,見其他登記事項,1051109,154.55,3,2,2,有,有,8300000,57498,坡道平面,27.59,1000000,,RPSOMLMKJHGGFAD07DA,73.83,3.12,8.53,有,0913
北區,房地(土地+建物),開元路５１７號二十三樓之９,5.86,都市：其他:住宅區,,,1100103,土地3建物1車位0,二十三層,二十四層,住宅大樓(11層含以上有電梯),見其他登記事項,見其他登記事項,1041105,83.19,2,2,1,有,有,5470000,65753,,0.0,0,,RPSQMLNKJHGGFAD37DA,49.47,2.14,6.86,有,0914
北區,房地(土地+建物)+車位,北園街３２之３號,9.43,都市：其他:商業區,,,1091205,土地2建物1車位1,一層，夾層,十四層,住宅大樓(11層含以上有電梯),住家用,鋼筋混凝土造,0870420,83.49,1,1,1,有,有,4600000,55096,坡道機械,10.34,0,,RPSPMLNKJHGGFAD27DA,63.69,0.0,0.0,有,
中西區,房地(土地+建物),金華新路４３號十樓之３,3.06,都市：其他:商業區,,,1091217,土地2建物1車位0,十層,十二層,住宅大樓(11層含以上有電梯),住家用,鋼筋混凝土造,0840104,31.53,1,0,1,有,有,1630000,51697,,0.0,0,,RPUPMLNKJHGGFAD47DA,20.0,0.0,3.76,有,
中西區,房地(土地+建物),忠孝街９３巷１１４之５號,33.89,都市：其他:住宅區,,,1091226,土地2建物1車位0,全,二層,透天厝,住家用,加強磚造,0571111,52.74,2,2,1,有,無,3000000,56883,,0.0,0,頂樓加蓋；其他增建；,RPOQMLNKJHGGFAD96DA,52.74,0.0,0.0,無,
北區,房地(土地+建物),海安路三段８１２號十六樓之６,11.15,都市：其他:住宅區,,,1091223,土地1建物1車位0,十六層,二十四層,住宅大樓(11層含以上有電梯),見其他登記事項,見其他登記事項,1090131,95.73,2,2,2,有,有,8300000,86702,,0.0,0,,RPQNMLOKJHGGFAD96DA,59.25,1.55,4.99,有,0915
北區,土地,東豐段258地號,68.0,都市：其他:細部計畫道路用地,,,1091207,土地1建物0車位0,,,其他,,,,0.0,0,0,0,有,無,1164092,17119,,0.0,0,包含公共設施保留地用地；,RPTNMLOKJHGGFAD27DA,0.0,0.0,0.0,無,
中西區,房地(土地+建物)+車位,民權路四段１３２號十樓之３,12.43,都市：其他:住宅區,,,1091214,土地1建物1車位1,十層,十層,華廈(10層含以下有電梯),見其他登記事項,見其他登記事項,1070531,127.1,2,2,2,有,有,7200000,56648,坡道機械,33.28,0,陽台外推；,RPXOMLOKJHGGFAD77DA,50.93,4.03,8.14,有,0916
北區,房地(土地+建物)+車位,公園路３６７號十樓之２,1.57,都市：其他:商業區,,,1091006,土地3建物1車位1,十層,十二層,住宅大樓(11層含以上有電梯),見其他登記事項,見其他登記事項,0930329,117.64,3,2,2,有,有,4080000,34682,升降機械,6.51,0,,RPPNMLPKJHGGFAD96DA,78.17,0.0,5.11,有,
北區,土地,大港段45-3地號,41.51,都市：其他:綠地,,,1091230,土地1建物0車位0,,,其他,,,,0.0,0,0,0,有,無,1000000,24091,,0.0,0,本案買賣移轉登記之印花稅、規費、代辦代書費皆由買方負擔。包含公共設施保留地用地；,RPUNMLPKJHGGFAD47DA,0.0,0.0,0.0,無,
北區,房地(土地+建物),公園南路３７０巷５６號十五樓,15.21,都市：其他:住宅區,,,1091112,土地1建物1車位0,十五層,十八層,住宅大樓(11層含以上有電梯),住家用,鋼筋混凝土造,0840912,107.24000000000001,3,2,2,有,有,4450000,41496,,0.0,0,,RPVNMLPKJHGGFAD57DA,73.92,0.0,7.14,有,0917
安平區,房地(土地+建物)+車位,建平三街６５巷２７號八樓之６,21.66,都市：其他:住宅區,,,1091219,土地1建物1車位1,八層,八層,華廈(10層含以下有電梯),住家用,鋼筋混凝土造,0821222,166.37,3,2,2,有,有,6600000,39671,坡道平面,0.0,0,,RPRNMLOKJHGGFAD07DA,101.76,0.0,14.42,有,
中西區,房地(土地+建物),永華一街９６巷１６號,103.0,都市：其他:住宅區,,,1100106,土地1建物1車位0,全,四層,透天厝,住家用,鋼筋混凝土造,0770215,213.11,5,2,3,有,無,11000000,51617,,0.0,0,其他增建；,RPSNMLOKJHGGFAD17DA,193.79,0.0,19.32,無,
安平區,房地(土地+建物)+車位,育平五街７０號七樓之４,7.33,都市：其他:住宅區,,,1091223,土地1建物1車位1,七層,二十七層,住宅大樓(11層含以上有電梯),住家用,鋼筋混凝土造,0850213,141.62,3,2,2,有,有,5900000,41661,坡道平面,0.0,0,,RPOOMLOKJHGGFAD86DA,82.78,0.0,9.77,有,
中西區,房地(土地+建物),康樂街１５６號六樓之２２,5.33,都市：其他:商業區,,,1091214,土地1建物1車位0,六層,十二層,住宅大樓(11層含以上有電梯),住家用,鋼筋混凝土造,0781002,51.160000000000004,1,1,1,有,有,2200000,43002,,0.0,0,,RPVQMLNKJHGGFAD67DA,35.45,0.0,6.18,有,
中西區,房地(土地+建物),正德街４８號五樓之８,6.54,都市：其他:商業區,,,1091220,土地2建物1車位0,五層,七層,華廈(10層含以下有電梯),住家用,鋼筋混凝土造,0700602,35.44,1,1,1,有,無,1500000,42325,,0.0,0,,RPPPMLPKJHGGFAD17DA,26.3,0.0,0.0,有,0918
安平區,房地(土地+建物),永華十一街１５９巷１８號,136.5,都市：其他:特定商業專用區,,,1091210,土地1建物1車位0,全,五層,透天厝,住家用,見其他登記事項,1090824,382.38,7,3,7,有,無,34000000,88917,,0.0,0,,RPQPMLPKJHGGFAD27DA,337.38,0.0,45.0,有,
北區,房地(土地+建物),海安路三段７８１巷２１１弄２３號,46.81,都市：其他:住宅區,,,1091224,土地2建物1車位0,全,四層,透天厝,見其他登記事項,鋼筋混凝土造,0880531,137.68,3,2,5,有,無,9660000,70163,,0.0,0,陽台外推；頂樓加蓋；其他增建；,RPTOMLPKJHGGFAD47DA,126.65,5.4,5.63,無,
北區,房地(土地+建物),文賢路７９９巷４０弄２０號,80.23,都市：其他:住宅區,,,1091201,土地3建物1車位0,全,三層,透天厝,住商用,鋼筋混凝土造,0731109,162.93,4,2,3,有,無,7000000,42963,,0.0,0,親友、員工、共有人或其他特殊關係間之交易；,RPWPMLPKJHGGFAD87DA,155.24,0.0,7.69,無,
中西區,土地,頂美段349地號,170.05,都市：其他:住宅區,,,1091024,土地2建物0車位0,,,其他,,,,0.0,0,0,0,有,無,16075000,94531,,0.0,0,,RPRNMLSKJHGGFAD47DA,0.0,0.0,0.0,無,0919
中西區,土地,頂美段350地號,84.88,都市：其他:住宅區,,,1091024,土地1建物0車位0,,,其他,,,,0.0,0,0,0,有,無,10783900,127049,,0.0,0,,RPPOMLSKJHGGFAD37DA,0.0,0.0,0.0,無,
中西區,土地,頂美段352地號,178.39,都市：其他:住宅區,,,1091024,土地2建物0車位0,,,其他,,,,0.0,0,0,0,有,無,14101100,79046,,0.0,0,,RPUOMLSKJHGGFAD87DA,0.0,0.0,0.0,無,
安平區,房地(土地+建物)+車位,育平路１６６號六樓之９,14.28,都市：其他:住宅區,,,1090913,土地1建物1車位1,六層,十三層,住宅大樓(11層含以上有電梯),住家用,鋼筋混凝土造,0880113,140.96,3,2,2,有,有,6300000,44694,坡道平面,0.0,0,,RPWOMLSKJHGGFAD08DA,76.41,0.0,11.34,有,
中西區,房地(土地+建物),西門路二段３７２巷１０號,147.83,都市：其他:商業區,,,1091223,土地2建物1車位0,全,四層,透天厝,商業用,鋼造,0430000,313.22,5,10,4,有,無,45800000,146223,,0.0,0,頂樓加蓋；其他增建；,RPRNMLNKJHGGFAD96DA,313.22,0.0,0.0,無,0920
北區,房地(土地+建物),育德路５００巷２５號,111.11,都市：其他:住宅區,,,1091114,土地1建物1車位0,全,五層,透天厝,見其他登記事項,鋼筋混凝土造,0900912,326.39,6,3,5,有,無,21300000,65259,,0.0,0,其他增建；,RPVPMLMKJHGGFAD47DA,287.57,0.0,38.82,無,
北區,房地(土地+建物),開元路５２１號二十四樓之６,8.45,都市：其他:住宅區,,,1091222,土地3建物1車位0,二十四層,二十四層,住宅大樓(11層含以上有電梯),見其他登記事項,見其他登記事項,1041105,116.82,3,2,2,有,有,6500000,55641,,0.0,0,,RPUOMLNKJHGGFAD37DA,69.96,4.49,7.41,有,0921
安平區,房地(土地+建物)+車位,永華路二段８３７號五樓,8.81,都市：其他:住宅區,,,1091114,土地1建物1車位1,五層,二十三層,住宅大樓(11層含以上有電梯),見其他登記事項,見其他登記事項,1081217,103.32,1,1,1,有,有,7600000,84723,坡道機械,28.37,1250000,,RPOOMLRJJHGGFAD07DA,42.57,3.93,3.78,有,
中西區,房地(土地+建物)+車位,開山路５１號七樓之１,25.18,都市：其他:商業區,,,1091225,土地4建物1車位1,七層,十一層,住宅大樓(11層含以上有電梯),見其他登記事項,見其他登記事項,0960209,244.42000000000002,3,2,2,有,有,16300000,66688,升降平面,13.48,0,陽台外推；,RPUNMLSJJHGGFAD67DA,140.16,0.0,18.15,有,
安平區,房地(土地+建物)+車位,國平南路９６號二十三樓之３,33.91,都市：其他:商業區,,,1091113,土地2建物1車位2,二十三層,二十四層,住宅大樓(11層含以上有電梯),見其他登記事項,見其他登記事項,1070529,390.5,3,2,3,有,有,27380000,72640,坡道平面,43.86,2200000,,RPPNMLSJJHGGFAD17DA,190.86,0.0,45.49,有,
北區,房地(土地+建物),文賢二街１０１巷２８弄１０號,82.13,都市：其他:住宅區,,,1091229,土地2建物1車位0,全,四層,透天厝,住家用,見其他登記事項,0931230,194.6,4,3,3,有,無,13900000,71429,,0.0,0,,RPTOMLQJJHGGFAD47DA,179.54,0.0,15.06,無,
安平區,房地(土地+建物)+車位,永華八街１８號八樓,47.7,都市：其他:社區商業區,,,1091127,土地1建物1車位2,八層,二十一層,住宅大樓(11層含以上有電梯),見其他登記事項,見其他登記事項,1070615,322.27,3,2,3,有,有,25900000,89741,坡道平面,59.29,2300000,,RPOOMLPJJHGGFAD86DA,161.08,0.0,21.57,有,
中西區,房地(土地+建物),西賢街１６０號,93.81,都市：其他:住宅區,,,1091224,土地1建物1車位0,全,三層,透天厝,住家用,鋼筋混凝土造,0820811,201.95,5,2,3,有,無,8880000,43971,,0.0,0,其他增建；,RPPPMLOLKIPFFAD18DA,180.2,7.87,13.88,無,
安平區,車位,健康三街,0.0,,,,1091224,土地0建物1車位1,,,其他,,,,23.19,0,0,0,有,有,250000,,坡道機械,23.19,250000,僅車位交易；,RPPNMLTLKIPFFAD48DA,0.0,0.0,0.0,有,0922
南區,房地(土地+建物),新慶街１８號,283.0,都市：其他:住宅區,,,1091125,土地3建物1車位0,全,五層,透天厝,見其他登記事項,鋼筋混凝土造,0891023,754.29,9,5,8,有,無,34000000,45076,,0.0,0,,RPSNMLQKKIPFFCD58DA,734.58,0.0,19.7,無,
東區,房地(土地+建物),中華東路二段９６巷６５號,67.49,都市：其他:第五種住宅區,,,1091211,土地1建物1車位0,全,四層,透天厝,住商用,鋼筋混凝土造,0710209,187.76,3,2,4,有,無,8200000,43673,,0.0,0,頂樓加蓋；其他增建；,RPTNMLSKKIPFFCD88DA,171.8,0.0,15.96,無,
安南區,房地(土地+建物),環館路３６２巷４０號,129.92,都市：其他:住宅區,,,1081026,土地4建物1車位0,全,四層,透天厝,見其他登記事項,鋼筋混凝土造,1090924,257.27,4,2,3,有,有,16890000,65651,,0.0,0,,RPXQMLPJKIPFFBD09DA,244.42,0.0,11.26,有,
安南區,房地(土地+建物),環館路３６２巷５０號,227.76,都市：其他:住宅區,,,1061128,土地4建物1車位0,全,四層,透天厝,見其他登記事項,鋼筋混凝土造,1090924,306.4,4,2,3,有,有,23000000,75065,,0.0,0,,RPTQMLPJKIPFFBD68DA,299.5,0.0,5.31,有,
安南區,房地(土地+建物),環館路３６２巷２６號,152.27,都市：其他:住宅區,,,1081201,土地4建物1車位0,全,四層,透天厝,見其他登記事項,鋼筋混凝土造,1090924,295.19,4,2,3,有,有,19500000,66059,,0.0,0,,RPTNMLRJKIPFFBD58DA,280.18,0.0,13.42,有,
安南區,房地(土地+建物),環館路３６２巷２２號,149.91,都市：其他:住宅區,,,1091005,土地4建物1車位0,全,四層,透天厝,見其他登記事項,鋼筋混凝土造,1090924,295.19,4,2,3,有,有,19200000,65043,,0.0,0,,RPUNMLRJKIPFFBD68DA,280.18,0.0,13.42,有,
安南區,房地(土地+建物),環館路３６４巷３５號,132.49,都市：其他:住宅區,,,1090722,土地4建物1車位0,全,四層,透天厝,見其他登記事項,鋼筋混凝土造,1090924,266.96,4,2,3,有,有,16550000,61994,,0.0,0,,RPVOMLPJKIPFFBD68DA,254.11,0.0,11.26,有,
安南區,房地(土地+建物),新宅路１９號,85.78,都市：其他:住宅區,,,1090905,土地1建物1車位0,全,四層,透天厝,見其他登記事項,鋼筋混凝土造,1090604,199.93,5,2,5,有,無,13650000,68274,,0.0,0,,RPXNMLOKRHPFFBD76DA,159.73,0.0,40.2,無,
安南區,土地,青草段1068地號,6708.36,都市：其他:農業區,,,1091127,土地2建物0車位0,,,其他,,,,0.0,0,0,0,有,無,11161040,1664,,0.0,0,,RPWOMLOKJHGGFBD77DA,0.0,0.0,0.0,無,
安南區,房地(土地+建物),本原街三段３２１巷５號,103.11,都市：其他:細部計畫道路用地,,,1091216,土地2建物1車位0,全,二層,透天厝,住商用,加強磚造,0730425,122.6,3,2,2,有,無,6100000,49755,,0.0,0,頂樓加蓋；其他增建；,RPOPMLOKJHGGFBD07DA,115.03,0.0,7.57,無,
安南區,房地(土地+建物),公學路五段６９７巷１７１號六樓,12.84,都市：其他:市場用地,,,1091130,土地1建物1車位0,六層,十二層,住宅大樓(11層含以上有電梯),住家用,鋼筋混凝土造,0870814,85.80000000000001,3,2,2,有,有,3000000,34965,,0.0,0,,RPOOMLPKJHGGFBD07DA,61.97,0.0,5.87,有,
安南區,房地(土地+建物),義吉街１１８巷１６弄３號,83.08,都市：其他:住宅區,,,1091217,土地2建物1車位0,全,三層,透天厝,見其他登記事項,鋼筋混凝土造,1030716,167.19,4,2,4,有,有,9300000,55625,,0.0,0,,RPQNMLNKJHGGFBD96DA,162.7,0.0,4.36,無,
安南區,房地(土地+建物),安西路８３巷４６號,89.75,都市：其他:住宅區,,,1091211,土地2建物1車位0,全,四層,透天厝,見其他登記事項,鋼筋混凝土造,1031127,166.24,4,2,3,有,無,12950000,77899,,0.0,0,其他增建；,RPXNMLMKJHGGFBD57DA,151.32,0.0,14.8,無,
安南區,土地,淵南段188地號,750.21,都市：其他:細部計畫道路用地,,,1091207,土地3建物0車位0,,,其他,,,,0.0,0,0,0,有,無,7063311,9415,,0.0,0,包含公共設施保留地用地；,RPWNMLOKJHGGFBD67DA,0.0,0.0,0.0,無,0923
安南區,土地,國安段1751-2地號,129.29,都市：其他:住宅區,,,1091128,土地1建物0車位0,,,其他,,,,0.0,0,0,0,有,無,10500000,81213,,0.0,0,,RPXNMLOKJHGGFBD77DA,0.0,0.0,0.0,無,0924
安南區,土地,砂崙段607地號,27.21,都市：其他:農業區,,,1091208,土地1建物0車位0,,,其他,,,,0.0,0,0,0,有,無,1000000,36751,,0.0,0,原因：二親等間買賣。,RPPNMLRJJHGGFBD17DA,0.0,0.0,0.0,無,0925
安南區,房地(土地+建物),公學路四段３８１號,81.48,都市：其他:細部計畫道路用地,,,1091119,土地2建物1車位0,全,三層,透天厝,住商用,鋼筋混凝土造,0870623,180.3,6,2,3,有,無,7900000,43816,,0.0,0,,RPVNMLQJJHGGFBD67DA,161.3,0.0,19.0,無,
安南區,土地,怡安段637-3地號,204.96,都市：其他:住宅區,,,1091105,土地1建物0車位0,,,其他,,,,0.0,0,0,0,有,無,15000000,73185,,0.0,0,,RPTOMLLLKIPFFBD28DA,0.0,0.0,0.0,無,
鹽水區,房地(土地+建物),四維路２００巷１３號二樓之五,8.15,都市：其他:住宅區,,,1100105,土地1建物1車位0,二層,五層,華廈(10層含以下有電梯),住家用,鋼筋混凝土造,0841211,27.979999999999997,0,0,0,無,有,770000,27520,,0.0,0,,RPSNMLSKJHGGFDD87DA,20.76,0.0,2.64,有,
新營區,房地(土地+建物)+車位,富強街６１號五樓之二,28.65,都市：其他:住宅區,,,1091219,土地1建物1車位1,五層,七層,華廈(10層含以下有電梯),住家用,鋼筋混凝土造,0830831,155.61,4,2,2,有,無,4200000,26991,坡道機械,0.0,0,,RPWNMLLMKIPFFDD78DA,106.37,0.0,12.04,有,
柳營區,土地,綠隧段222地號,205.88,,鄉村區,乙種建築用地,1091203,土地1建物0車位0,,,其他,,,,0.0,0,0,0,有,無,2850000,13843,,0.0,0,,RPSOMLNJKIPFFDD38DA,0.0,0.0,0.0,無,0926
東區,房地(土地+建物),林森路二段１９２巷８８弄２５號,81.0,都市：其他:第五種住宅區,,,1091129,土地1建物1車位0,全,三層,透天厝,住家用,鋼筋混凝土造,0720729,160.06,11,0,11,有,無,12300000,76846,,0.0,0,頂樓加蓋；其他增建；,RPQNMLQJJHGGFCD27DA,150.08,0.0,9.98,無,
東區,土地,虎尾寮段495-114地號,192.35,都市：其他:細部計畫道路用地,,,1091216,土地3建物0車位0,,,其他,,,,0.0,0,0,0,有,無,1200000,6239,,0.0,0,包含公共設施保留地用地；,RPQPMLKMKIPFFCD18DA,0.0,0.0,0.0,無,0927
東區,房地(土地+建物)+車位,大同路一段１７３號八樓之１,24.96,都市：其他:中心商業區,,,1091130,土地1建物1車位1,八層,十二層,住宅大樓(11層含以上有電梯),商業用,鋼筋混凝土造,0800718,307.92,0,1,3,有,有,7300000,23707,升降機械,0.0,0,陽台外推；,RPROMLTLKIPFFCD98DA,202.9,6.86,17.89,有,
東區,房地(土地+建物)+車位,東門路三段１３號十七樓,7.91,都市：其他:道路用地,,,1091229,土地5建物1車位1,十七層,二十三層,住宅大樓(11層含以上有電梯),住家用,鋼筋混凝土造,0841115,97.93,3,1,2,有,有,6000000,61268,坡道機械,0.0,0,,RPQNMLKMKIPFFCD97DA,58.5,1.14,10.07,有,0928
東區,房地(土地+建物),東門路二段３０１巷１２弄９號,55.05,都市：其他:第五種住宅區,,,1091123,土地1建物1車位0,全,二層,透天厝,住家用,加強磚造,0571121,83.88,4,2,3,有,無,7750000,92394,,0.0,0,頂樓加蓋；其他增建；,RPPOMLPKJHGGFCD27DA,83.88,0.0,0.0,無,0929
南區,房地(土地+建物),興隆路３００號,84.48,都市：其他:住宅區,,,1091216,土地3建物1車位0,全,四層,透天厝,住商用,鋼筋混凝土造,1020520,219.01000000000002,5,2,4,有,無,13920000,63559,,0.0,0,,RPQNMLPKJHGGFCD27DA,193.75,0.0,24.8,無,
南區,土地,中和段458地號,85.0,都市：其他:住宅區,,,1091122,土地1建物0車位0,,,其他,,,,0.0,0,0,0,有,無,450000,5294,,0.0,0,瑕疵物件；,RPUNMLPKJHGGFCD67DA,0.0,0.0,0.0,無,
東區,房地(土地+建物),青年路２９３巷４５號,68.0,都市：其他:第五種住宅區,,,1100106,土地1建物1車位0,全,三層,透天厝,住家用,見其他登記事項,0590813,107.83,4,2,2,有,無,3000000,27822,,0.0,0,親友、員工、共有人或其他特殊關係間之交易；其他增建；,RPSOMLPKJHGGFCD57DA,107.83,0.0,0.0,無,
東區,房地(土地+建物)+車位,中華東路二段１３３巷７０弄２之１號,59.25,都市：其他:道路用地,,,1091129,土地3建物1車位2,二層,八層,華廈(10層含以下有電梯),住家用,鋼筋混凝土造,0831015,319.28,4,2,3,有,有,11060000,34640,坡道平面,0.0,0,,RPVOMLOKJHGGFCD77DA,164.0,0.0,33.64,有,
南區,房地(土地+建物),鹽埕路１０３巷３８弄５６號,88.1,都市：其他:住宅區,,,1091204,土地1建物1車位0,全,二層,透天厝,住商用,加強磚造,0680227,106.4,5,2,3,有,無,7200000,67669,,0.0,0,頂樓加蓋；其他增建；,RPQPMLOKJHGGFCD37DA,106.4,0.0,0.0,無,0930
東區,房地(土地+建物),裕孝路４２６號,67.58,都市：其他:虎尾寮第三種住宅區,,,1091128,土地3建物1車位0,全,四層,透天厝,見其他登記事項,鋼筋混凝土造,0950331,177.95,4,3,4,有,無,13500000,75864,,0.0,0,陽台外推；頂樓加蓋；,RPRPMLOKJHGGFCD47DA,155.31,0.72,21.92,無,
東區,房地(土地+建物)+車位,崇賢三路３０號十樓之８,33.18,都市：其他:第五種住宅區,,,1091223,土地1建物1車位1,十層,十五層,住宅大樓(11層含以上有電梯),見其他登記事項,鋼筋混凝土造,1061031,193.25,3,2,2,有,有,11500000,59508,坡道平面,29.01,0,,RPUNMLOKJHGGFCD57DA,101.59,0.0,13.27,有,0931
東區,房地(土地+建物),東門路二段３０１巷６４號,84.58,都市：其他:第五種住宅區,,,1091222,土地1建物1車位0,全,三層,透天厝,住家用,鋼筋混凝土造,0780111,197.38,4,2,4,有,無,3124818,15831,,0.0,0,親友、員工、共有人或其他特殊關係間之交易；,RPVNMLOKJHGGFCD67DA,186.34,0.0,11.04,無,
東區,房地(土地+建物),小東路２４６號五樓之２,9.31,都市：其他:住宅區,,,1091213,土地1建物1車位0,五層,二十五層,住宅大樓(11層含以上有電梯),住家用,鋼筋混凝土造,0840106,128.18,3,2,2,有,有,6780000,52894,,0.0,0,,RPPOMLTKJHGGFCD67DA,89.07,1.8,11.2,有,
後壁區,房地(土地+建物),嘉苳里下茄苳５８號之３６,103.48,,鄉村區,乙種建築用地,1091224,土地1建物1車位0,全,三層,透天厝,住家用,鋼筋混凝土造,0821027,177.64,5,2,3,有,無,3000000,16888,,0.0,0,,RPPNMLLJJHGGFED86DA,164.94,0.0,12.7,無,0932
白河區,土地,永安段375-10地號,30.16,都市：其他:住宅區,,,1100111,土地1建物0車位0,,,其他,,,,0.0,0,0,0,有,無,900000,29841,,0.0,0,,RPVNMLLKJHGGFED57DA,0.0,0.0,0.0,無,
白河區,土地,中興段476-10地號,571.0,都市：其他:住宅區,,,1091216,土地5建物0車位0,,,其他,,,,0.0,0,0,0,有,無,7350000,12872,,0.0,0,,RPTNMLLKJHGGFED37DA,0.0,0.0,0.0,無,
後壁區,土地,下茄苳段1589-1地號,1202.0,都市：其他:住宅區,,,1091007,土地1建物0車位0,,,其他,,,,0.0,0,0,0,有,無,12933760,10760,,0.0,0,農作物；,RPVNMLPKJHGGFED97DA,0.0,0.0,0.0,無,
後壁區,土地,下茄苳段1589-2地號,1708.0,都市：其他:農業區,,,1091007,土地1建物0車位0,,,其他,,,,0.0,0,0,0,有,無,2254560,1320,,0.0,0,農作物；,SPVNMLPKJHGGFED08DA,0.0,0.0,0.0,無,
後壁區,土地,崩埤段8-2地號,2467.92,,一般農業區,農牧用地,1100109,土地3建物0車位0,,,其他,,,,0.0,0,0,0,有,無,1000000,405,,0.0,0,,RPPNMLSKJHGGFED67DA,0.0,0.0,0.0,無,
麻豆區,土地,磚子井段434地號,1990.0,,一般農業區,農牧用地,1091123,土地1建物0車位0,,,其他,,,,0.0,0,0,0,有,無,2980000,1497,,0.0,0,,RPRNMLPJJHGGFFD57DA,0.0,0.0,0.0,無,0933
官田區,土地,南段102-2地號,684.0,,一般農業區,農牧用地,1091230,土地1建物0車位0,,,其他,,,,0.0,0,0,0,有,無,500000,731,,0.0,0,親友、員工、共有人或其他特殊關係間之交易；,RPPNMLSKJHGGFFD77DA,0.0,0.0,0.0,無,
官田區,土地,湖山段1234地號,5195.96,都市：其他:農業區,,,1091204,土地1建物0車位0,,,其他,,,,0.0,0,0,0,有,無,5360000,1032,,0.0,0,,RPSNMLPKJHGGFFD77DA,0.0,0.0,0.0,無,
大內區,土地,內庄段811地號,709.61,都市：其他:農業區,,,1091218,土地1建物0車位0,,,其他,,,,0.0,0,0,0,有,無,900000,1268,,0.0,0,畸零地或有合併使用效益；,RPVNMLSKJHGGFFD38DA,0.0,0.0,0.0,無,
麻豆區,房地(土地+建物),寮子１６６之３１號,480.69,,特定農業區,丁種建築用地,1090215,土地3建物1車位0,全,一層,透天厝,見其他登記事項,見其他登記事項,1091201,167.75,0,0,0,無,無,17650000,105216,,0.0,0,預售屋、或土地及建物分次登記案件；,RPUNMLLKJHGGFFD57DA,167.75,0.0,0.0,無,
麻豆區,房地(土地+建物),寮子１６６之３６號,395.69,,特定農業區,丁種建築用地,1090610,土地3建物1車位0,全,一層,透天厝,見其他登記事項,見其他登記事項,1091201,166.24,0,0,0,無,無,14800000,89028,,0.0,0,預售屋、或土地及建物分次登記案件；,RPVNMLLKJHGGFFD67DA,166.24,0.0,0.0,無,
七股區,房地(土地+建物),大寮７９之５號,109.38,,鄉村區,乙種建築用地,1091214,土地3建物1車位0,全,三層,透天厝,住家用,鋼筋混凝土造,1090501,192.86,4,2,3,有,無,7200000,37333,,0.0,0,過戶登記費及代書費買方負擔,RPUNMLLLKIPFFGD78DA,182.81,0.0,10.05,無,
七股區,房地(土地+建物),樹林１００之２２號,136.71,,鄉村區,乙種建築用地,1091225,土地3建物1車位0,全,三層,透天厝,住家用,鋼筋混凝土造,1090910,159.52,4,2,3,有,無,6980000,43756,,0.0,0,,RPTNMLSLKIPFFGD76DA,147.67,0.0,11.85,無,
七股區,土地,竹子港段1799地號,2797.0,,特定農業區,農牧用地,1091211,土地1建物0車位0,,,其他,,,,0.0,0,0,0,有,無,4055650,1450,,0.0,0,,RPTNMLPLKIPFFGD09DA,0.0,0.0,0.0,無,
西港區,土地,八分段1745地號,2400.0,,特定農業區,農牧用地,1091214,土地1建物0車位0,,,其他,,,,0.0,0,0,0,有,無,8400000,3500,,0.0,0,,RPPNMLKMKIPFFGD28DA,0.0,0.0,0.0,無,
將軍區,土地,山子段2508地號,3229.89,,一般農業區,養殖用地,1091207,土地1建物0車位0,,,其他,,,,0.0,0,0,0,有,無,2600000,805,,0.0,0,農作物；農業設施；,RPVOMLPJJHGGFGD18DA,0.0,0.0,0.0,無,
佳里區,房地(土地+建物),安西路４６０號,115.08,都市：其他:住宅區,,,1091223,土地1建物1車位0,全,三層,透天厝,見其他登記事項,鋼筋混凝土造,1061204,206.47,5,2,4,有,無,11200000,54245,,0.0,0,其他增建；,RPQOMLOKJHGGFGD67DA,197.44,0.0,9.03,無,
學甲區,房地(土地+建物),民族路１１巷１３號,142.0,都市：其他:住宅區,,,1090721,土地2建物1車位0,全,三層,透天厝,見其他登記事項,鋼筋混凝土造,1090902,188.76,4,2,3,有,無,7540000,39945,,0.0,0,預售屋、或土地及建物分次登記案件；,RPRNMLOKJHGGFGD67DA,174.09,0.0,14.67,無,
學甲區,房地(土地+建物),民族路１１巷２７號,73.76,都市：其他:住宅區,,,1091212,土地1建物1車位0,全,三層,透天厝,見其他登記事項,鋼筋混凝土造,1090902,168.34,4,2,3,有,無,6880000,40870,,0.0,0,,RPPNMLRKJHGGFGD77DA,133.81,0.0,34.53,無,
西港區,土地,劉厝段928地號,4379.0,,特定農業區,農牧用地,1091204,土地2建物0車位0,,,其他,,,,0.0,0,0,0,有,無,11385400,2600,,0.0,0,,RPSOMLOKJHGGFGD87DA,0.0,0.0,0.0,無,
學甲區,土地,集和段414-2地號,197.92,都市：其他:住宅區,,,1091227,土地2建物0車位0,,,其他,,,,0.0,0,0,0,有,無,970000,4901,,0.0,0,土地增值稅240274元整由買方負擔,RPPNMLPKJHGGFGD57DA,0.0,0.0,0.0,無,
佳里區,土地,新宅段662-1地號,418.08,,特定農業區,養殖用地,1091229,土地9建物0車位0,,,其他,,,,0.0,0,0,0,有,無,750000,1794,,0.0,0,親友、員工、共有人或其他特殊關係間之交易；,RPQOMLPKJHGGFGD77DA,0.0,0.0,0.0,無,0934
學甲區,土地,興太段1020地號,7.28,都市：其他:住宅區,,,1091212,土地3建物0車位0,,,其他,,,,0.0,0,0,0,有,無,55000,7555,,0.0,0,,RPTNMLPKKIPFFGD98DA,0.0,0.0,0.0,無,
善化區,房地(土地+建物),西拉雅大道４０６號四樓之３,29.39,都市：其他:生活服務區(第一種商業區),,,1091203,土地1建物1車位0,四層,十一層,住宅大樓(11層含以上有電梯),見其他登記事項,鋼筋混凝土造,1051118,93.72,2,0,2,有,有,5000000,53350,,0.0,0,,RPSNMLLKJHGGFHD57DA,53.66,0.0,5.25,有,0935
新化區,土地,頂山腳段1127地號,10.2,,特定專用區,農牧用地,1100102,土地1建物0車位0,,,其他,,,,0.0,0,0,0,有,無,70000,6863,,0.0,0,本次買賣購買持分及指定位置僅作通路使用,RPRNMLSJJHGGFHD08DA,0.0,0.0,0.0,無,
安定區,土地,安定段2393地號,1100.0,都市：其他:農業區,,,1091114,土地1建物0車位0,,,其他,,,,0.0,0,0,0,有,無,16000000,14545,,0.0,0,,RPUNMLNKJHGGFHD97DA,0.0,0.0,0.0,無,0936
善化區,房地(土地+建物),善新西路４７６巷１０號,184.57,都市：其他:生活服務區(第一種住宅區),,,1091219,土地4建物1車位0,全,三層,透天厝,見其他登記事項,鋼筋混凝土造,1040508,255.0,4,2,3,有,有,18000000,70588,,0.0,0,,RPRQMLOKJHGGFHD08DA,237.46,0.0,17.5,無,
新化區,土地,北勢段1702-18地號,95.0,,鄉村區,乙種建築用地,1091116,土地1建物0車位0,,,其他,,,,0.0,0,0,0,有,無,2000000,21053,,0.0,0,,RPWQMLOKJHGGFHD58DA,0.0,0.0,0.0,無,0937
善化區,房地(土地+建物),東勢寮４８之４號,69.0,,鄉村區,乙種建築用地,1091219,土地2建物1車位0,全,四層,透天厝,見其他登記事項,鋼筋混凝土造,0850109,172.27,4,2,3,有,無,5800000,33668,,0.0,0,,RPTNMLPKJHGGFHD08DA,154.42,0.0,17.85,無,
新市區,房地(土地+建物)+車位,富中街１號五樓之１,21.13,都市：其他:住宅區,,,1091120,土地1建物1車位1,五層,七層,華廈(10層含以下有電梯),見其他登記事項,鋼筋混凝土造,1090609,64.35,3,2,2,有,有,1561968,24273,坡道平面,11.08,0,親友、員工、共有人或其他特殊關係間之交易；,RPVNMLPKJHGGFHD28DA,34.03,0.0,5.04,有,0938
新化區,房地(土地+建物)+車位,中正路５８０巷２之１１號,21.62,都市：其他:住宅區,,,1091227,土地1建物1車位1,一層,八層,華廈(10層含以下有電梯),住家用,鋼筋混凝土造,0831125,131.09,3,2,2,有,有,4400000,33565,坡道平面,0.0,0,其他增建；,RPWPMLOKJHGGFHD48DA,80.32,12.62,0.0,有,
善化區,房地(土地+建物)+車位,牛庄１６之３０號六樓之２,21.75,,特定農業區,甲種建築用地,1091027,土地1建物1車位1,六層,六層,華廈(10層含以下有電梯),見其他登記事項,鋼筋混凝土造,1071106,82.36,2,1,1,有,有,5000000,60709,坡道平面,0.0,0,,RPROMLPKJHGGFHD97DA,49.93,2.67,5.09,有,
安定區,土地,蘇厝段1766-2地號,3288.0,都市：其他:計畫道路用地,,,1091204,土地5建物0車位0,,,其他,,,,0.0,0,0,0,有,無,59800000,18187,,0.0,0,,RPUPMLSKJHGGFHD68DA,0.0,0.0,0.0,無,
善化區,土地,成功段656-11地號,1469.79,都市：其他:住宅區,,,1100104,土地11建物0車位0,,,其他,,,,0.0,0,0,0,有,無,28880000,19649,,0.0,0,,RPXOMLPKJHGGFHD58DA,0.0,0.0,0.0,無,
新市區,房地(土地+建物),大洲８之７號,399.0,,鄉村區,乙種建築用地,1091124,土地1建物1車位0,全,三層,透天厝,住家用,鋼骨鋼筋混凝土造,1000411,252.04,4,2,5,有,無,12700000,50389,,0.0,0,,RPPNMLQKJHGGFHD77DA,233.89,0.0,18.15,無,
新市區,土地,華美段470地號,129.78,都市：其他:計畫道路用地,,,1100106,土地1建物0車位0,,,其他,,,,0.0,0,0,0,有,無,1200000,9246,,0.0,0,包含公共設施保留地用地；,RPOOMLTKJHGGFHD08DA,0.0,0.0,0.0,無,0870
將軍區,土地,西和段101地號,86.21,都市：其他:住宅區,,,1100112,土地1建物0車位0,,,其他,,,,0.0,0,0,0,有,無,600000,6960,,0.0,0,畸零地或有合併使用效益；,RPRNMLSKJHGGFGD08DA,0.0,0.0,0.0,無,
學甲區,土地,學甲段990地號,523.67,,特定農業區,農牧用地,1091029,土地1建物0車位0,,,其他,,,,0.0,0,0,0,有,無,439880,840,,0.0,0,地清或未辦繼承標售；,RPSNMLSKJHGGFGD18DA,0.0,0.0,0.0,無,
七股區,土地,龍山段118地號,493.5,,鄉村區,乙種建築用地,1100107,土地3建物0車位0,,,其他,,,,0.0,0,0,0,有,無,4478400,9075,,0.0,0,,RPVNMLSKJHGGFGD48DA,0.0,0.0,0.0,無,
西港區,土地,大塭寮段2112地號,1465.0,,特定農業區,農牧用地,1091218,土地1建物0車位0,,,其他,,,,0.0,0,0,0,有,無,4380000,2990,,0.0,0,,RPOOMLSKJHGGFGD87DA,0.0,0.0,0.0,無,0940
將軍區,土地,將軍段1442地號,1243.0,,特定農業區,農牧用地,1091223,土地1建物0車位0,,,其他,,,,0.0,0,0,0,有,無,565000,455,,0.0,0,親友、員工、共有人或其他特殊關係間之交易；,RPPOMLSKJHGGFGD97DA,0.0,0.0,0.0,無,
北門區,土地,中洲段603-1地號,7683.32,,一般農業區,養殖用地,1091215,土地34建物0車位0,,,其他,,,,0.0,0,0,0,有,無,3560875,463,,0.0,0,,RPTNMLTKJHGGFGD38DA,0.0,0.0,0.0,無,
關廟區,房地(土地+建物),五權街２巷２１號,111.58,都市：其他:住宅區,,,1091231,土地2建物1車位0,全,三層,透天厝,住家用,見其他登記事項,1090313,174.91,5,2,3,有,無,7900000,45166,,0.0,0,包含公共設施保留地用地；,RPXOMLOKJHGGFID58DA,161.62,0.0,13.28,無,
仁德區,土地,虎山段521地號,1692.08,都市：其他:農業區,,,1091203,土地2建物0車位0,,,其他,,,,0.0,0,0,0,有,無,19962313,11797,,0.0,0,,RPRNMLPKJHGGFID97DA,0.0,0.0,0.0,無,
仁德區,土地,崁腳南段327地號,320.04,都市：其他:農業區,,,1091215,土地1建物0車位0,,,其他,,,,0.0,0,0,0,有,無,7745000,24200,,0.0,0,,RPXNMLOKJHGGFID48DA,0.0,0.0,0.0,無,
歸仁區,土地,歸仁北段826-1地號,1322.38,都市：其他:農業區,,,1091124,土地10建物0車位0,,,其他,,,,0.0,0,0,0,有,無,20800000,15729,,0.0,0,,RPPOMLOKJHGGFID77DA,0.0,0.0,0.0,無,0941
歸仁區,土地,歸仁北段826-1地號,6130.39,都市：其他:農業區,,,1091120,土地10建物0車位0,,,其他,,,,0.0,0,0,0,有,無,96420000,15728,,0.0,0,,RPQOMLOKJHGGFID87DA,0.0,0.0,0.0,無,0941
歸仁區,土地,文化段863地號,96.81,都市：其他:道路用地,,,1100108,土地1建物0車位0,,,其他,,,,0.0,0,0,0,有,無,120000,1240,,0.0,0,包含公共設施保留地用地；,RPXNMLNKJHGGFID38DA,0.0,0.0,0.0,無,
仁德區,房地(土地+建物),仁德村中正路二段１２０５巷１２號六樓之３,21.08,都市：其他:住宅區,,,1091216,土地1建物1車位0,六層,七層,華廈(10層含以下有電梯),住家用,鋼筋混凝土造,0830225,109.87,3,1,2,有,有,3150000,28670,,0.0,0,,RPOOMLNKJHGGFID57DA,79.98,0.0,4.35,有,
歸仁區,土地,武東段556地號,2027.75,都市：其他:住宅區,,,1091023,土地1建物0車位0,,,其他,,,,0.0,0,0,0,有,無,168680000,83186,,0.0,0,,RPOPMLMKJHGGFID57DA,0.0,0.0,0.0,無,
關廟區,房地(土地+建物),大仁街２３５巷５之５號,86.25,都市：其他:住宅區,,,1091127,土地2建物1車位0,全,四層,透天厝,見其他登記事項,見其他登記事項,1091102,193.56,4,2,4,有,無,8890000,45929,,0.0,0,未登記建物；,RPSOMLQJJHGGFID18DA,177.01,0.0,16.55,無,
仁德區,房地(土地+建物),仁義路９８巷１４弄１３號,99.38,都市：其他:住宅區,,,1090828,土地1建物1車位0,全,三層,透天厝,住家用,鋼筋混凝土造,0790328,166.35,5,2,3,有,無,3500000,21040,,0.0,0,親友、員工、共有人或其他特殊關係間之交易；,RPSNMLLMKIPFFID88DA,156.27,0.0,10.08,無,
歸仁區,房地(土地+建物),武東里中正南路二段５０巷２弄１號,109.5,都市：其他:住宅區,,,1091211,土地2建物1車位0,全,四層,透天厝,住家用,鋼筋混凝土造,0961009,204.25,5,2,3,有,無,13500000,66095,,0.0,0,其他增建；,RPRNMLKMKIPFFID68DA,181.29,0.0,22.96,無,
歸仁區,房地(土地+建物)+車位,文化里大德路２５３號十樓之３,20.06,都市：其他:住宅區,,,1091018,土地1建物1車位1,十層,十二層,住宅大樓(11層含以上有電梯),住家用,鋼筋混凝土造,0850621,164.0,3,2,2,有,有,3800000,23171,坡道平面,0.0,0,,RPRQMLSJKIPFFID86DA,84.9,0.0,23.85,有,
永康區,房地(土地+建物),復國路５９號,148.91,都市：其他:住宅區,,,1091228,土地2建物1車位0,全,四層,透天厝,見其他登記事項,見其他登記事項,1070525,380.76,4,2,6,有,無,34000000,89295,,0.0,0,,RPSOMLPKJHGGFKD38DA,356.98,0.0,23.78,有,
永康區,房地(土地+建物)+車位,復國路６２號十一樓之３,47.76,都市：其他:住宅區,,,1091226,土地1建物1車位1,十一層,十四層,住宅大樓(11層含以上有電梯),住家用,鋼筋混凝土造,0960920,168.13,3,2,2,有,有,5500000,32713,坡道平面,0.0,0,,RPSPMLOKJHGGFKD38DA,93.74,0.0,10.2,有,
永康區,房地(土地+建物)+車位,大灣東路６１３號二樓之１,42.52,都市：其他:住宅區,,,1080721,土地1建物1車位1,二層,五層,華廈(10層含以下有電梯),見其他登記事項,見其他登記事項,1090819,133.84,2,2,2,有,有,6650000,49367,一樓平面,19.39,1000000,預售屋、或土地及建物分次登記案件；,RPPNMLPKJHGGFKD97DA,71.54,0.0,11.03,有,
永康區,房地(土地+建物)+車位,大灣東路６１１號四樓之５,42.52,都市：其他:住宅區,,,1080525,土地1建物1車位1,四層,五層,華廈(10層含以下有電梯),見其他登記事項,見其他登記事項,1090819,134.39,3,2,2,有,有,6830000,50696,一樓平面,19.39,1000000,預售屋、或土地及建物分次登記案件；,RPQNMLPKJHGGFKD08DA,71.54,0.0,11.42,有,
永康區,房地(土地+建物)+車位,大灣東路６１３號三樓之１,42.52,都市：其他:住宅區,,,1071216,土地1建物1車位1,三層,五層,華廈(10層含以下有電梯),見其他登記事項,見其他登記事項,1090819,134.39,3,2,2,有,有,6750000,50000,一樓平面,19.39,1000000,預售屋、或土地及建物分次登記案件；,RPRNMLPKJHGGFKD18DA,71.54,0.0,11.42,有,
永康區,房地(土地+建物),八德街４３６號,89.05,都市：其他:住宅區,,,1091223,土地1建物1車位0,全,四層,透天厝,住家用,鋼筋混凝土造,0950605,220.83,5,2,3,有,無,14000000,63397,,0.0,0,,RPSNMLPKJHGGFKD28DA,161.09,0.0,59.74,無,
永康區,房地(土地+建物),小東路６８５巷８號之２,15.93,都市：其他:住宅區,,,1091209,土地1建物1車位0,三層，四層,二十層,住宅大樓(11層含以上有電梯),住家用,鋼筋混凝土造,0810519,190.33,4,2,3,有,有,6350000,33363,,0.0,0,含租約；,RPPQMLPKJHGGFKD28DA,135.56,0.0,13.12,有,
永康區,土地,蜈蜞潭段2238-2地號,54.0,都市：其他:道路用地,,,1091225,土地1建物0車位0,,,其他,,,,0.0,0,0,0,有,無,500000,9259,,0.0,0,包含公共設施保留地用地；,RPQNMLRKJHGGFKD28DA,0.0,0.0,0.0,無,
永康區,房地(土地+建物),六合里中華路４１３巷１號六樓之三,3.66,都市：其他:住宅區,,,1091222,土地2建物1車位0,六層,七層,華廈(10層含以下有電梯),住家用,鋼筋混凝土造,0840522,41.8,1,0,1,有,有,1150000,27512,,0.0,0,,RPVNMLSKJHGGFKD88DA,26.74,0.0,4.04,有,
永康區,房地(土地+建物),復國一路４７５巷２２號五樓之２,26.0,都市：其他:住宅區,,,1091205,土地2建物1車位0,五層,五層,華廈(10層含以下有電梯),住家用,見其他登記事項,1071127,75.69,3,1,2,有,無,6200000,81913,,0.0,0,含裝潢費；,RPSOMLNKJHGGFKD18DA,54.82,0.0,6.1,有,
永康區,土地,蜈蜞潭段2188地號,57.8,都市：其他:道路用地,,,1100111,土地1建物0車位0,,,其他,,,,0.0,0,0,0,有,無,1110916,19220,,0.0,0,包含公共設施保留地用地；,RPXOMLNKJHGGFKD68DA,0.0,0.0,0.0,無,0023
永康區,土地,安康段1246地號,180.83,都市：其他:道路用地,,,1091230,土地9建物0車位0,,,其他,,,,0.0,0,0,0,有,無,5171608,28599,,0.0,0,包含公共設施保留地用地；,RPSPMLNKJHGGFKD28DA,0.0,0.0,0.0,無,0944
永康區,房地(土地+建物)+車位,安康里中華路７２７巷９６號八樓之２,13.09,都市：其他:住宅區,,,1091203,土地1建物1車位1,八層,十四層,住宅大樓(11層含以上有電梯),住家用,鋼筋混凝土造,0880824,145.92000000000002,3,2,2,有,有,7200000,49342,坡道平面,26.45,0,夾層；,RPPNMLMKJHGGFKD67DA,85.59,0.0,8.52,有,0945
永康區,房地(土地+建物),鹽行里中正南路５９２巷３８弄２５號,90.53,都市：其他:住宅區,,,1091201,土地1建物1車位0,全,二層,透天厝,住家用,鋼筋混凝土造,0781110,142.37,5,2,3,有,無,8880000,62373,,0.0,0,頂樓加蓋；,RPRNMLMKJHGGFKD87DA,123.91,12.27,6.19,無,
永康區,房地(土地+建物),勝利街２２巷４５弄８號,141.46,都市：其他:住宅區,,,1091229,土地4建物1車位0,全,二層,透天厝,住家用,加強磚造,0640516,99.38,4,2,3,有,無,9200000,92574,,0.0,0,頂樓加蓋；其他增建；未登記建物；,RPQNMLKKJHGGFKD57DA,99.38,0.0,0.0,無,
永康區,房地(土地+建物),竹園二街９５巷８號,85.56,都市：其他:住宅區,,,1091121,土地2建物1車位0,全,四層,透天厝,住家用,見其他登記事項,1051027,191.29,5,2,3,有,無,10000000,52277,,0.0,0,親友、員工、共有人或其他特殊關係間之交易；,RPQNMLPJJHGGFKD97DA,168.71,0.0,22.58,無,
玉井區,土地,芒子芒段28-65地號,455.0,,鄉村區,乙種建築用地,1100111,土地1建物0車位0,,,其他,,,,0.0,0,0,0,有,無,1650000,3626,,0.0,0,,RPQNMLNKJHGGFJD77DA,0.0,0.0,0.0,無,
玉井區,房地(土地+建物),中華路８２巷４之２號,81.33,都市：其他:住宅區,,,1091126,土地1建物1車位0,全,二層,透天厝,住家用,加強磚造,0700707,104.09,3,1,2,有,無,2300000,22096,,0.0,0,頂樓加蓋；其他增建；,RPPNMLOJJHGGFJD67DA,100.02,0.0,4.07,無,0946
玉井區,房地(土地+建物),新興街３３號,93.22,都市：其他:溝渠用地,,,1091213,土地2建物1車位0,全,二層,透天厝,住家用,加強磚造,0670804,107.83,4,2,2,有,無,3000000,27822,,0.0,0,其他增建；,RPRNMLMLKIPFFJD88DA,107.83,0.0,0.0,無,
永康區,房地(土地+建物),中正路３３７巷１０６號,899.54,都市：其他:工業區,,,1090604,土地1建物1車位0,全,一層,透天厝,廠房,鋼骨造,0950801,246.31,0,0,0,無,無,43809846,177865,,0.0,0,,RPPNMLRLKIPFFKD66DA,246.31,0.0,0.0,無,0947
新營區,房地(土地+建物)+車位,健康路９１號五樓,12.11,都市：其他:住宅區,,,1091210,土地1建物1車位1,五層,十四層,住宅大樓(11層含以上有電梯),住家用,鋼筋混凝土造,0850628,135.64000000000001,3,1,2,有,有,3550000,26172,坡道平面,0.0,0,,RPTNMLSKJHGGFDD08EA,74.97,0.0,10.79,有,
柳營區,房地(土地+建物),十美街１８６巷２０號,111.6,都市：其他:住宅區,,,1091013,土地2建物1車位0,全,三層,透天厝,住家用,鋼筋混凝土造,1090907,152.09,4,2,3,有,無,7180000,47209,,0.0,0,預售屋、或土地及建物分次登記案件；,RPUNMLSKJHGGFDD18EA,126.07,0.0,26.02,無,0948
新營區,房地(土地+建物),民生里復興路２７８之６號,91.43,都市：其他:住宅區,,,1091203,土地1建物1車位0,全,二層,透天厝,住家用,加強磚造,0680124,122.59,4,2,2,有,無,5250000,42826,,0.0,0,,RPWNMLSKJHGGFDD38EA,122.6,0.0,0.0,無,
柳營區,土地,八老爺段八老爺小段721地號,3841.0,,特定農業區,農牧用地,1091102,土地1建物0車位0,,,其他,,,,0.0,0,0,0,有,無,7410000,1929,,0.0,0,,RPXNMLSKJHGGFDD48EA,0.0,0.0,0.0,無,0949
新營區,房地(土地+建物),民榮里２８鄰復興路５１１巷６５弄３號,87.22,都市：其他:住宅區,,,1091209,土地1建物1車位0,全,四層,透天厝,住商用,鋼筋混凝土造,0860918,166.33,4,2,3,有,無,6000000,36073,,0.0,0,,RPQNMLTKJHGGFDD87EA,159.41,0.0,6.92,無,
安南區,土地,科工段868-6地號,9222.16,都市：其他:工業區,,,1100107,土地1建物0車位0,,,其他,,,,0.0,0,0,0,有,無,155854504,16900,,0.0,0,政府機關標讓售；,RPXNMLPKJHGGFBD97EA,0.0,0.0,0.0,無,
安南區,土地,國聖段193地號,175.23,都市：其他:主要計畫道路用地,,,1091030,土地1建物0車位0,,,其他,,,,0.0,0,0,0,有,無,1900000,10843,,0.0,0,未登記建物；,RPRNMLSKJHGGFBD67EA,0.0,0.0,0.0,無,
安南區,土地,安東段127地號,33.1,都市：其他:主要計畫道路用地,,,1091116,土地1建物0車位0,,,其他,,,,0.0,0,0,0,有,無,340000,10272,,0.0,0,包含公共設施保留地用地；,RPRNMLPKKIPFFBD38EA,0.0,0.0,0.0,無,
北區,土地,正覺段822地號,51.75,都市：其他:住宅區,,,1091227,土地1建物0車位0,,,其他,,,,0.0,2,1,2,有,無,2120000,40966,,0.0,0,未登記建物；瑕疵物件；,RPUNMLSKJHGGFAD87EA,0.0,0.0,0.0,無,
仁德區,土地,如意段563地號,1320.04,都市：其他:農業區,,,1091124,土地1建物0車位0,,,其他,,,,0.0,0,0,0,有,無,22800000,17272,,0.0,0,,RPSOMLNJKIPFFID98EA,0.0,0.0,0.0,無,
歸仁區,土地,六甲段776地號,134.05,,鄉村區,乙種建築用地,1091216,土地1建物0車位0,,,其他,,,,0.0,0,0,0,有,無,3446495,25711,,0.0,0,,RPROMLNLKIPFFID09EA,0.0,0.0,0.0,無,
仁德區,房地(土地+建物),保學一街４７號,85.29,都市：其他:住宅區,,,1091128,土地4建物1車位0,全,三層,透天厝,住家用,鋼筋混凝土造,0950929,154.28,8,0,8,有,無,8200000,53150,,0.0,0,未登記建物；,RPPOMLPKJHGGFID97EA,151.41,2.87,0.0,無,0950
新市區,土地,三民段385地號,164.2,都市：其他:計畫道路用地,,,1091226,土地3建物0車位0,,,其他,,,,0.0,0,0,0,有,無,1701300,10361,,0.0,0,包含公共設施保留地用地；,RPPOMLPKJHGGFHD87EA,0.0,0.0,0.0,無,0182
新市區,土地,三民段384地號,28.55,都市：其他:計畫道路用地,,,1091228,土地2建物0車位0,,,其他,,,,0.0,0,0,0,有,無,210000,7356,,0.0,0,包含公共設施保留地用地；,RPQOMLPKJHGGFHD97EA,0.0,0.0,0.0,無,
安定區,土地,保加段350地號,85.75,都市：其他:住宅區,,,1100102,土地1建物0車位0,,,其他,,,,0.0,0,0,0,有,無,2000000,23324,,0.0,0,親友、員工、共有人或其他特殊關係間之交易；,RPRPMLSKJHGGFHD48EA,0.0,0.0,0.0,無,
善化區,土地,光華段587地號,13.27,都市：其他:住宅區,,,1091230,土地1建物0車位0,,,其他,,,,0.0,0,0,0,有,無,500000,37679,,0.0,0,,RPTPMLSKJHGGFHD68EA,0.0,0.0,0.0,無,
安定區,土地,港口段3416-7地號,109.12,,鄉村區,乙種建築用地,1091219,土地2建物0車位0,,,其他,,,,0.0,0,0,0,有,無,4200000,38490,,0.0,0,,RPUPMLOKJHGGFHD38EA,0.0,0.0,0.0,無,
善化區,土地,六分寮段962-4地號,4753.0,,一般農業區,農牧用地,1091201,土地1建物0車位0,,,其他,,,,0.0,0,0,0,有,無,5900000,1241,,0.0,0,,RPVPMLOKJHGGFHD48EA,0.0,0.0,0.0,無,
永康區,房地(土地+建物),永大路二段１３８０號,94.0,都市：其他:住宅區,,,1091119,土地1建物1車位0,全,三層,透天厝,見其他登記事項,鋼筋混凝土造,0720126,217.72,4,2,3,有,無,8500000,39041,,0.0,0,親友、員工、共有人或其他特殊關係間之交易；,RPWNMLPKJHGGFKD78EA,210.2,0.0,7.52,無,
六甲區,土地,中社段1372地號,2295.0,,特定農業區,農牧用地,1091223,土地1建物0車位0,,,其他,,,,0.0,0,0,0,有,無,5278500,2300,,0.0,0,親友、員工、共有人或其他特殊關係間之交易；,RPQNMLSKJHGGFFD97EA,0.0,0.0,0.0,無,
六甲區,土地,中社段1371地號,2196.0,,特定農業區,農牧用地,1091223,土地1建物0車位0,,,其他,,,,0.0,0,0,0,有,無,5050800,2300,,0.0,0,親友、員工、共有人或其他特殊關係間之交易；,RPRNMLSKJHGGFFD08EA,0.0,0.0,0.0,無,
麻豆區,土地,中興段379地號,93.0,都市：其他:公園用地,,,1091223,土地1建物0車位0,,,其他,,,,0.0,0,0,0,有,無,2185500,23500,,0.0,0,親友、員工、共有人或其他特殊關係間之交易；包含公共設施保留地用地；,RPPNMLPKJHGGFFD57EA,0.0,0.0,0.0,無,0952
六甲區,土地,林鳳營段740地號,2754.0,,特定農業區,農牧用地,1100105,土地1建物0車位0,,,其他,,,,0.0,0,0,0,有,無,3580200,1300,,0.0,0,,RPWNMLSKJHGGFFD58EA,0.0,0.0,0.0,無,
永康區,房地(土地+建物)+車位,六合里中華二路３６１巷１號五樓之５,15.52,都市：其他:住宅區,,,1100103,土地1建物1車位1,五層,九層,華廈(10層含以下有電梯),住家用,鋼筋混凝土造,0881217,148.78,3,2,2,有,有,6800000,45705,坡道平面,0.0,1000000,陽台外推；,RPSOMLSKJHGGFKD78EA,57.28,0.0,30.13,有,0953
仁德區,土地,嘉南段1072-1地號,510.01,都市：其他:農業區,,,1091228,土地2建物0車位0,,,其他,,,,0.0,0,0,0,有,無,4628340,9075,,0.0,0,親友、員工、共有人或其他特殊關係間之交易；,RPSOMLNLKIPFFID56EA,0.0,0.0,0.0,無,
安平區,房地(土地+建物),慶平路５０７之１號四樓之１,8.55,都市：其他:商業區,,,1091214,土地1建物1車位0,四層,二十二層,住宅大樓(11層含以上有電梯),住家用,鋼筋混凝土造,0840516,123.78999999999999,3,1,2,有,有,4250000,34332,,0.0,0,,RPXOMLPKJHGGFAD97EA,87.6,0.0,8.08,有,
安南區,土地,南興段1002地號,8021.88,都市：其他:農業區,,,1091201,土地4建物0車位0,,,其他,,,,0.0,0,0,0,有,無,25670000,3200,,0.0,0,,RPSNMLSKJHGGFBD77EA,0.0,0.0,0.0,無,0954
東區,房地(土地+建物)+車位,崇德二十六街２號六樓,14.71,都市：其他:第五種住宅區,,,1091228,土地1建物1車位1,六層,七層,華廈(10層含以下有電梯),住家用,鋼筋混凝土造,0890306,76.36,1,1,1,有,有,2800000,36668,坡道機械,15.02,0,,RPOPMLSKJHGGFCD67EA,43.53,0.0,3.06,有,0955
柳營區,房地(土地+建物),十美街１８６巷１２弄５號,80.0,都市：其他:住宅區,,,1080521,土地1建物1車位0,全,三層,透天厝,住家用,鋼筋混凝土造,1090907,152.79,4,2,4,有,無,6800000,44506,,0.0,0,預售屋、或土地及建物分次登記案件；,RPRNMLTKJHGGFDD97EA,132.15,0.0,20.64,無,
柳營區,土地,果毅後段4169地號,436.0,,特定農業區,農牧用地,1100105,土地1建物0車位0,,,其他,,,,0.0,0,0,0,有,無,283400,650,,0.0,0,,RPUNMLTKJHGGFDD28EA,0.0,0.0,0.0,無,
玉井區,土地,口宵里段212-28地號,2500.0,,一般農業區,農牧用地,1091217,土地1建物0車位0,,,其他,,,,0.0,0,0,0,有,無,5250000,2100,,0.0,0,,RPRNMLLKJHGGFJD67DA,0.0,0.0,0.0,無,
玉井區,房地(土地+建物),忠孝街６２５號,304.5,都市：其他:住宅區,,,1091117,土地2建物1車位0,全,三層,透天厝,住家用,見其他登記事項,0940725,267.6,6,2,4,有,無,6000000,22422,,0.0,0,其他增建；,RPQNMLSKJHGGFJD28DA,267.6,0.0,0.0,無,
永康區,房地(土地+建物),中山南路４３巷１０弄９號四樓,13.75,都市：其他:住宅區,,,1091120,土地1建物1車位0,四層,五層,公寓(5樓含以下無電梯),住家用,鋼筋混凝土造,0710924,53.54,2,2,1,有,無,2400000,44826,,0.0,0,,RPVRMLKLJIPFFKD86DA,37.42,0.0,7.99,無,0956
永康區,房地(土地+建物),鹽行里中正七街６３巷３２號,72.94,都市：其他:住宅區,,,1091123,土地1建物1車位0,全,四層,透天厝,住家用,鋼筋混凝土造,0931110,199.26,9,0,9,有,無,12400000,62230,,0.0,0,頂樓加蓋；,RPQNMLOKJHGGFKD97DA,177.14,0.0,22.12,無,0957
永康區,房地(土地+建物)+車位,鹽行里永安路１６５巷１３７號三樓之１,27.19,都市：其他:住宅區,,,1091220,土地1建物1車位1,三層,十層,華廈(10層含以下有電梯),住家用,鋼筋混凝土造,0890816,182.48000000000002,4,2,2,有,有,7400000,40552,坡道平面,0.0,0,,RPUQMLPKJHGGFKD78DA,109.45,0.0,7.67,有,
永康區,土地,四維段1058地號,67.29,都市：其他:住宅區,,,1091216,土地1建物0車位0,,,其他,,,,0.0,0,0,0,有,無,2193612,32599,,0.0,0,親友、員工、共有人或其他特殊關係間之交易；,RPORMLPKJHGGFKD28DA,0.0,0.0,0.0,無,
永康區,土地,鹽新段659地號,47.68,都市：其他:道路用地,,,1100108,土地1建物0車位0,,,其他,,,,0.0,0,0,0,有,無,741424,15550,,0.0,0,包含公共設施保留地用地；,RPQNMLQKJHGGFKD18DA,0.0,0.0,0.0,無,
永康區,房地(土地+建物)+車位,大灣東路６１１號五樓之２,29.11,都市：其他:住宅區,,,1080508,土地1建物1車位1,五層,五層,華廈(10層含以下有電梯),見其他登記事項,見其他登記事項,1090819,97.64,2,2,1,有,有,4970000,50735,一樓平面,19.39,1000000,預售屋、或土地及建物分次登記案件；,RPOPMLOKJHGGFKD97DA,48.17,0.0,8.27,有,
永康區,房地(土地+建物),復國路８３號,143.51,都市：其他:住宅區,,,1091217,土地2建物1車位0,全,四層,透天厝,見其他登記事項,見其他登記事項,1070525,365.52,4,3,6,有,無,36500000,99858,,0.0,0,,RPTPMLOKJHGGFKD48DA,343.23,0.0,22.29,有,
永康區,土地,永華段1351地號,60.55,都市：其他:公園用地,,,1091225,土地1建物0車位0,,,其他,,,,0.0,0,0,0,有,無,1000000,16515,,0.0,0,包含公共設施保留地用地；,RPXOMLPKJHGGFKD88DA,0.0,0.0,0.0,無,
永康區,房地(土地+建物),五王里五福街２１號四樓之１０,4.52,都市：其他:住宅區,,,1091229,土地2建物1車位0,四層,七層,華廈(10層含以下有電梯),住家用,鋼筋混凝土造,0800619,37.69,1,1,1,有,無,1700000,45105,,0.0,0,,RPRPMLSKJHGGFKD68DA,19.81,0.0,10.8,有,
永康區,土地,王田段1560-4地號,1162.0,都市：其他:道路用地,,,1091201,土地4建物0車位0,,,其他,,,,0.0,0,0,0,有,無,64229000,55275,,0.0,0,,RPUOMLSKJHGGFKD88DA,0.0,0.0,0.0,無,
永康區,土地,鹽西段736-4地號,72.89,都市：其他:工業區,,,1100104,土地2建物0車位0,,,其他,,,,0.0,0,0,0,有,無,6689116,91770,,0.0,0,政府機關標讓售；,RPVOMLSKJHGGFKD98DA,0.0,0.0,0.0,無,
永康區,房地(土地+建物),永康里永中街１００巷２２號,165.19,都市：其他:住宅區,,,1091220,土地1建物1車位0,全,二層,透天厝,住家用,加強磚造,0701214,115.28,6,2,2,有,無,6000000,52047,,0.0,0,親友、員工、共有人或其他特殊關係間之交易；,RPQOMLSKJHGGFKD48DA,110.28,0.0,5.0,無,
仁德區,土地,長興段9地號,12.74,都市：其他:住宅區,,,1091020,土地1建物0車位0,,,其他,,,,0.0,0,0,0,有,無,704238,55278,,0.0,0,未登記建物；,RPSNMLQLIIPFFID09DA,0.0,0.0,0.0,無,0958
歸仁區,土地,歸仁北段615地號,232.16,都市：其他:農業區,,,1091016,土地2建物0車位0,,,其他,,,,0.0,0,0,0,有,無,3000000,12922,,0.0,0,,RPOOMLKKKIPFFID28DA,0.0,0.0,0.0,無,
仁德區,房地(土地+建物),德善路２１２巷２弄１２號,80.88,都市：其他:住宅區,,,1091218,土地1建物1車位0,全,二層,透天厝,住家用,加強磚造,0700700,100.6,3,2,2,有,無,4100000,40755,,0.0,0,,RPTNMLPJJHGGFID08DA,97.2,0.0,3.4,無,
歸仁區,房地(土地+建物),武東二街２０巷４６號,94.0,,鄉村區,乙種建築用地,1091113,土地1建物1車位0,全,四層,透天厝,住家用,見其他登記事項,1080823,213.76,5,1,5,有,無,10600000,49588,,0.0,0,,RPTNMLNKJHGGFID97DA,194.05,0.0,19.71,無,
歸仁區,土地,崙子頂段485-3地號,1790.0,,一般農業區,農牧用地,1091120,土地1建物0車位0,,,其他,,,,0.0,0,0,0,有,無,9600000,5363,,0.0,0,,RPXNMLLKJHGGFID18DA,0.0,0.0,0.0,無,0959
仁德區,土地,中洲段45-8地號,204.0,,一般農業區,甲種建築用地,1091111,土地2建物0車位0,,,其他,,,,0.0,2,2,1,有,無,4500000,22059,,0.0,0,地上有未保存建物親友、員工、共有人或其他特殊關係間之交易；,RPVNMLOKJHGGFID28DA,0.0,0.0,0.0,無,
仁德區,房地(土地+建物),仁德里仁中七街１２９號,70.09,都市：其他:住宅區,,,1091120,土地3建物1車位0,全,四層,透天厝,住家用,鋼筋混凝土造,1001110,156.84,4,2,4,有,無,10050000,64078,,0.0,0,陽台外推；,RPSOMLOKJHGGFID08DA,131.44,0.0,25.4,無,
仁德區,房地(土地+建物),中正路二段１１６０巷２號,28.09,都市：其他:商業區,,,1091014,土地1建物1車位0,全,二層,透天厝,住商用,加強磚造,,73.51,3,2,1,有,無,4000000,54414,,0.0,0,,RPTOMLOKJHGGFID18DA,73.51,0.0,0.0,無,
仁德區,房地(土地+建物),大甲里中正西路４０２號四樓之２７,5.68,都市：其他:住宅區,,,1091230,土地2建物1車位0,四層,四層,華廈(10層含以下有電梯),見其他登記事項,鋼筋混凝土造,0960920,16.009999999999998,1,0,1,有,有,530000,33104,,0.0,0,,RPXOMLMKJHGGFID38DA,8.48,0.97,0.0,有,
仁德區,房地(土地+建物),太子里太子三街３１之７號,68.62,都市：其他:住宅區,,,1091126,土地2建物1車位0,全,四層,透天厝,見其他登記事項,見其他登記事項,1060824,161.22,4,2,3,有,有,9200000,57065,,0.0,0,,RPVOMLOKJHGGFID38DA,137.08,0.0,24.12,無,0960
仁德區,房地(土地+建物),民安路二段６３巷５０號,98.62,都市：其他:住宅區,,,1091118,土地1建物1車位0,全,三層,透天厝,住家用,見其他登記事項,1071026,181.9,5,2,3,有,無,13000000,71468,,0.0,0,,RPPQMLNLKIPFFID98DA,177.12,0.0,4.78,無,0961
歸仁區,房地(土地+建物),武東一街４９巷７０號二樓之５,9.85,,一般農業區,甲種建築用地,1100106,土地1建物1車位0,二層,六層,華廈(10層含以下有電梯),住家用,鋼筋混凝土造,0860721,35.06,1,0,1,有,有,850000,24244,,0.0,0,,RPPPMLOKJHGGFID87DA,22.82,0.0,2.08,有,
歸仁區,房地(土地+建物),仁愛十街３１號,82.0,都市：其他:住宅區,,,1081026,土地1建物1車位0,全,三層,透天厝,住家用,見其他登記事項,1091112,188.08,4,2,3,有,無,11000000,58486,,0.0,0,,RPVNMLSKJHGGFID68DA,177.38,0.0,10.72,無,
仁德區,土地,長興段9地號,12.74,都市：其他:住宅區,,,1091020,土地1建物0車位0,,,其他,,,,0.0,0,0,0,有,無,704238,55278,,0.0,0,未登記建物；,RPTNMLPLJHGGFID28DA,0.0,0.0,0.0,無,0958
學甲區,土地,興善段80地號,98.59,都市：其他:商業區,,,1091230,土地3建物0車位0,,,其他,,,,0.0,0,0,0,有,無,834960,8469,,0.0,0,親友、員工、共有人或其他特殊關係間之交易；,RPVNMLTKJHGGFGD58DA,0.0,0.0,0.0,無,
學甲區,房地(土地+建物),下溪洲１６之１１８號,112.84,都市：其他:住宅區,,,1100107,土地1建物1車位0,全,三層,透天厝,見其他登記事項,鋼筋混凝土造,1081025,166.1,5,2,3,有,無,6100000,36725,,0.0,0,未登記建物；,RPSNMLTKJHGGFGD28DA,157.55,0.0,8.55,無,0963
學甲區,房地(土地+建物)+車位,民權路１６８之９號,88.63,都市：其他:住宅區,,,1091204,土地2建物1車位1,全,四層,透天厝,見其他登記事項,鋼筋混凝土造,1070830,201.3,4,2,4,有,無,6300000,31297,坡道平面,13.72,0,,RPTNMLSKJHGGFGD28DA,174.64,0.0,12.92,無,
新市區,土地,大社段2065-29地號,194.85,,鄉村區,乙種建築用地,1091230,土地4建物0車位0,,,其他,,,,0.0,0,0,0,有,無,4200000,21555,,0.0,0,,RPTNMLTKJHGGFHD48DA,0.0,0.0,0.0,無,
新市區,房地(土地+建物),華興街１１號,160.93,都市：其他:住宅區,,,1091126,土地1建物1車位0,全,一層,透天厝,住商用,鐵造,0770215,97.54,2,1,1,有,無,16000000,164035,,0.0,0,,RPUNMLTKJHGGFHD58DA,97.54,0.0,0.0,無,
新化區,土地,新太段1139地號,142.09,都市：其他:住宅區,,,1091230,土地1建物0車位0,,,其他,,,,0.0,0,0,0,有,無,8600000,60525,,0.0,0,,RPOQMLSKJHGGFHD18DA,0.0,0.0,0.0,無,
善化區,房地(土地+建物),蓮潭北一街１０１號,154.55,都市：其他:生活服務區(第二種住宅區),,,1091122,土地2建物1車位0,全,三層,透天厝,住家用,鋼筋混凝土造,1030507,224.71,5,2,4,有,無,20500000,91229,,0.0,0,,RPWSMLSKJHGGFHD56DA,214.29,0.0,10.42,無,
安定區,土地,蘇安段933地號,467.71,都市：其他:住宅區,,,1091211,土地2建物0車位0,,,其他,,,,0.0,0,0,0,有,無,5300000,11332,,0.0,0,,RPSSMLSKJHGGFHD78DA,0.0,0.0,0.0,無,
新化區,房地(土地+建物),太平街１３４巷７４號,78.1,都市：其他:住宅區,,,1091225,土地1建物1車位0,全,三層,透天厝,住家用,鋼筋混凝土造,0770523,130.33,3,2,2,有,無,3580000,27469,,0.0,0,親友、員工、共有人或其他特殊關係間之交易；,RPUSMLSKJHGGFHD98DA,130.34,0.0,0.0,無,
新市區,土地,三民段189地號,37.35,都市：其他:住宅區,,,1100105,土地2建物0車位0,,,其他,,,,0.0,0,0,0,有,無,1360000,36412,,0.0,0,,RPWOMLPKJHGGFHD48DA,0.0,0.0,0.0,無,
新市區,房地(土地+建物),南昌街５８號,82.86,都市：其他:住宅區,,,1091128,土地1建物1車位0,全,四層,透天厝,住家用,鋼筋混凝土造,1090721,201.02,4,2,4,有,無,14800000,73625,,0.0,0,,RPRNMLPKJHGGFHD87DA,174.46,0.0,26.56,無,
善化區,土地,善駕段851-2地號,739.32,都市：其他:住宅區,,,1090826,土地1建物0車位0,,,其他,,,,0.0,0,0,0,有,無,42362000,57299,,0.0,0,,RPPQMLOKJHGGFHD87DA,0.0,0.0,0.0,無,
新化區,土地,知母義段943-2地號,48.0,,一般農業區,農牧用地,1091214,土地1建物0車位0,,,其他,,,,0.0,0,0,0,有,無,220000,4583,,0.0,0,,RPRNMLOKJHGGFHD77DA,0.0,0.0,0.0,無,
新市區,房地(土地+建物),南昌街６０號,82.23,都市：其他:住宅區,,,1091126,土地1建物1車位0,全,四層,透天厝,住家用,鋼筋混凝土造,1090721,200.84,4,2,4,有,無,14900000,74188,,0.0,0,,RPQVMLOJJHGGFHD38DA,174.47,0.0,26.37,無,
新化區,房地(土地+建物),竹子２４７號之３５１等公共設施,164.29,,特定農業區,甲種建築用地,1091202,土地2建物4車位0,七層,七層,華廈(10層含以下有電梯),住家用,鋼筋混凝土造,0830216,583.04,8,6,2,有,有,9800000,16808,,0.0,0,預售屋、或土地及建物分次登記案件；,RPWPMLNLKIPFFHD86DA,353.76,6.0,49.32,有,
西港區,土地,港南段642-1地號,128.76,都市：其他:住宅區,,,1091211,土地1建物0車位0,,,其他,,,,0.0,0,0,0,有,無,500000,3883,,0.0,0,親友、員工、共有人或其他特殊關係間之交易；,RPROMLPKJHGGFGD87DA,0.0,0.0,0.0,無,
佳里區,土地,子龍段1581地號,7614.0,,特定農業區,農牧用地,1091007,土地6建物0車位0,,,其他,,,,0.0,0,0,0,有,無,33033000,4338,,0.0,0,,RPVNMLQKJHGGFGD28DA,0.0,0.0,0.0,無,
佳里區,土地,子龍段1574地號,6725.0,,特定農業區,丁種建築用地,1091007,土地4建物0車位0,,,其他,,,,0.0,0,0,0,有,無,81372500,12100,,0.0,0,,RPXNMLQKJHGGFGD48DA,0.0,0.0,0.0,無,
七股區,土地,看坪段318地號,1263.0,,一般農業區,農牧用地,1091216,土地1建物0車位0,,,其他,,,,0.0,0,0,0,有,無,1920000,1520,,0.0,0,,RPXNMLPKJHGGFGD38DA,0.0,0.0,0.0,無,
七股區,土地,頂山子段3-5地號,6616.96,,一般農業區,養殖用地,1091212,土地2建物0車位0,,,其他,,,,0.0,0,0,0,有,無,2746000,415,,0.0,0,,RPPOMLNKJHGGFGD47DA,0.0,0.0,0.0,無,0864
西港區,土地,檨林段1108地號,405.08,,特定農業區,農牧用地,1091203,土地1建物0車位0,,,其他,,,,0.0,0,0,0,有,無,1540000,3802,,0.0,0,,RPSNMLLKJHGGFGD47DA,0.0,0.0,0.0,無,
將軍區,土地,漚汪段北甲小段1007地號,1088.0,,特定農業區,農牧用地,1091228,土地1建物0車位0,,,其他,,,,0.0,0,0,0,有,無,1033600,950,,0.0,0,與鄰地合併使用,RPXOMLPJJHGGFGD38DA,0.0,0.0,0.0,無,
麻豆區,房地(土地+建物),復興街３之１０號,92.59,都市：其他:第三種住宅區。,,,1091226,土地2建物1車位0,全,四層,透天厝,住家用,見其他登記事項,1090223,168.4,4,2,4,有,無,10500000,62352,,0.0,0,,RPXNMLLKJHGGFFD87DA,155.58,0.0,12.82,無,
麻豆區,房地(土地+建物),寮子１６６之３７號,395.69,,特定農業區,丁種建築用地,1090206,土地3建物1車位0,全,一層,透天厝,見其他登記事項,見其他登記事項,1091201,166.24,0,0,0,無,無,14300000,86020,,0.0,0,預售屋、或土地及建物分次登記案件；,RPROMLLKJHGGFFD37DA,166.24,0.0,0.0,無,
麻豆區,房地(土地+建物),寮子１６６之３８號,395.69,,特定農業區,丁種建築用地,1090206,土地3建物1車位0,全,一層,透天厝,見其他登記事項,見其他登記事項,1091201,166.24,0,0,0,無,無,14800000,89028,,0.0,0,本買賣案件之交易日期為108年12月17日預售屋、或土地及建物分次登記案件；,SPROMLLKJHGGFFD47DA,166.24,0.0,0.0,無,
大內區,土地,二重溪段9-3地號,5097.0,,山坡地保育區,農牧用地,1100105,土地1建物0車位0,,,其他,,,,0.0,0,0,0,有,無,3560000,698,,0.0,0,,RPTOMLSKJHGGFFD28DA,0.0,0.0,0.0,無,
麻豆區,土地,大埕段96-2地號,2.0,都市：其他:計畫道路用地,,,1100108,土地1建物0車位0,,,其他,,,,0.0,0,0,0,有,無,70000,35000,,0.0,0,畸零地或有合併使用效益；,RPRNMLTKJHGGFFD08DA,0.0,0.0,0.0,無,
下營區,房地(土地+建物),茅港里茅港尾２９９之２號,233.33,,鄉村區,乙種建築用地,1091209,土地2建物1車位0,全,一層,透天厝,住家用,見其他登記事項,1040508,32.83,0,0,0,無,無,2370000,72190,,0.0,0,,RPRNMLPKJHGGFFD67DA,32.83,0.0,0.0,無,
麻豆區,房地(土地+建物),寮子１６６之３９號,394.69,,特定農業區,丁種建築用地,1090517,土地3建物1車位0,全,一層,透天厝,見其他登記事項,見其他登記事項,1091201,166.24,0,0,0,無,無,14500000,87223,,0.0,0,預售屋、或土地及建物分次登記案件；,RPUOMLLKJHGGFFD67DA,166.24,0.0,0.0,無,
麻豆區,房地(土地+建物),寮子１６６之４１號,501.69,,特定農業區,丁種建築用地,1091029,土地3建物1車位0,全,一層,透天厝,見其他登記事項,見其他登記事項,1091201,165.39,0,0,0,無,無,12300000,74370,,0.0,0,預售屋、或土地及建物分次登記案件；,RPPPMLLKJHGGFFD27DA,165.39,0.0,0.0,無,
麻豆區,房地(土地+建物),大山７１之１３號,102.72,都市：其他:第三種住宅區。,,,1100104,土地3建物1車位0,全,三層,透天厝,住家用,見其他登記事項,1090728,161.78,4,2,4,有,無,7000000,43269,,0.0,0,,RPRNMLMKJHGGFFD37DA,148.0,0.0,13.78,無,
官田區,土地,鎮南段554地號,400.35,都市：其他:計畫道路用地,,,1100112,土地6建物0車位0,,,其他,,,,0.0,0,0,0,有,無,2970000,7419,,0.0,0,,RPUNMLTKJHGGFFD38DA,0.0,0.0,0.0,無,
麻豆區,房地(土地+建物),大山７１之９號,100.89,都市：其他:第三種住宅區。,,,1091129,土地3建物1車位0,全,三層,透天厝,住家用,見其他登記事項,1090728,161.78,4,2,4,有,無,6800000,42032,,0.0,0,,RPQNMLOJJHGGFFD37DA,148.0,0.0,13.78,無,
下營區,房地(土地+建物),營前里中山路二段１８７巷２６號,75.41,都市：其他:住宅區,,,1091203,土地1建物1車位0,全,四層,透天厝,住家用,鋼筋混凝土造,1060331,193.64,5,2,5,有,無,6800000,35117,,0.0,0,,RPPNMLQLKIPFFFD68DA,174.64,0.0,19.0,無,0965
麻豆區,土地,朝天段123地號,5773.0,,特定農業區,農牧用地,1091221,土地2建物0車位0,,,其他,,,,0.0,0,0,0,有,無,17030000,2950,,0.0,0,,RPOOMLLLKIPFFFD18DA,0.0,0.0,0.0,無,
下營區,土地,大屯寮段2120-2地號,243.0,,特定農業區,農牧用地,1091216,土地1建物0車位0,,,其他,,,,0.0,0,0,0,有,無,540000,2222,,0.0,0,,RPXNMLQKKIPFFFD76DA,0.0,0.0,0.0,無,0966
白河區,土地,關子嶺段529地號,283.62,,山坡地保育區,丙種建築用地,1100113,土地6建物0車位0,,,其他,,,,0.0,0,0,0,有,無,330000,1164,,0.0,0,親友、員工、共有人或其他特殊關係間之交易；,RPPNMLTKJHGGFED77DA,0.0,0.0,0.0,無,
後壁區,土地,下茄苳段2408地號,8347.0,,特定農業區,農牧用地,1091210,土地5建物0車位0,,,其他,,,,0.0,0,0,0,有,無,17977432,2154,,0.0,0,,RPRNMLTKJHGGFED97DA,0.0,0.0,0.0,無,
後壁區,土地,下茄苳段2390地號,2332.0,,特定農業區,農牧用地,1091210,土地1建物0車位0,,,其他,,,,0.0,0,0,0,有,無,5022568,2154,,0.0,0,,RPSNMLTKJHGGFED08DA,0.0,0.0,0.0,無,
東山區,房地(土地+建物),東中里新東路一段７７巷２０號,87.64,都市：其他:住宅區,,,1100105,土地1建物1車位0,全,二層,透天厝,住家用,加強磚造,0711006,106.52,4,1,2,有,無,2200000,20653,,0.0,0,,RPTNMLTKJHGGFED18DA,100.24,0.0,6.28,無,
東山區,土地,東中段635地號,107.57,都市：其他:住宅區,,,1100113,土地1建物0車位0,,,其他,,,,0.0,0,0,0,有,無,1200000,11156,,0.0,0,,RPPNMLOKJHGGFED27DA,0.0,0.0,0.0,無,
大內區,土地,石仔瀨段1124地號,1530.52,都市：其他:計畫道路用地,,,1090808,土地3建物0車位0,,,其他,,,,0.0,0,0,0,有,無,25232535,16486,,0.0,0,,RPPNMLSKJIPFFFD68DA,0.0,0.0,0.0,無,
六甲區,房地(土地+建物),六甲里中正路４８５巷２６弄２３號,173.83,都市：其他:住宅區,,,1091121,土地2建物1車位0,全,四層,透天厝,住家用,見其他登記事項,1061222,303.4,5,3,6,有,無,15880000,52340,,0.0,0,,RPPNMLKKKIPFFFD97DA,264.21,0.0,39.15,有,
東區,房地(土地+建物),崇德十七街２７號,139.0,都市：其他:第五種住宅區,,,1091206,土地1建物1車位0,全,四層,透天厝,見其他登記事項,鋼筋混凝土造,0990720,380.38,5,2,7,有,無,38500000,101215,,0.0,0,其他增建；,RPUNMLSKJHGGFCD97DA,354.96,2.5,22.92,有,
東區,房地(土地+建物),中華東路二段１３３巷７７弄２號六樓之９,5.71,都市：其他:道路用地,,,1091230,土地3建物1車位0,六層,七層,華廈(10層含以下有電梯),住家用,鋼筋混凝土造,0800117,28.669999999999998,1,0,1,有,有,1400000,48832,,0.0,0,陽台外推；,RPWNMLSKJHGGFCD18DA,17.48,0.0,4.01,有,
南區,房地(土地+建物)+車位,萬年五街３４５號十樓,27.05,都市：其他:住宅區,,,1091231,土地1建物1車位1,十層,十五層,住宅大樓(11層含以上有電梯),見其他登記事項,鋼筋混凝土造,1060905,150.31,2,1,2,有,無,5880000,39119,坡道平面,24.43,0,,RPPNMLTKJHGGFCD57DA,73.36,0.0,10.49,有,0967
南區,土地,鹽埕段227-64地號,237.33,都市：其他:住宅區,,,1091208,土地2建物0車位0,,,其他,,,,0.0,0,0,0,有,無,6096400,25687,,0.0,0,親友、員工、共有人或其他特殊關係間之交易；,RPUPMLSKJHGGFCD18DA,0.0,0.0,0.0,無,0968
東區,房地(土地+建物),裕農路６２１巷４５弄１８號五樓之１,15.37,都市：其他:第五種住宅區,,,1091230,土地1建物1車位0,五層,七層,華廈(10層含以下有電梯),住家用,鋼筋混凝土造,0830909,70.03999999999999,2,2,1,有,有,2500000,35694,,0.0,0,親友、員工、共有人或其他特殊關係間之交易；,RPVPMLSKJHGGFCD28DA,50.97,0.0,2.74,有,
南區,土地,南山段308-1地號,1338.48,都市：其他:細部計畫道路用地,,,1091124,土地9建物0車位0,,,其他,,,,0.0,0,0,0,有,無,7358445,5498,,0.0,0,包含公共設施保留地用地；,RPOQMLSKJHGGFCD67DA,0.0,0.0,0.0,無,
南區,土地,南山段308-1地號,132.44,都市：其他:細部計畫道路用地,,,1091124,土地1建物0車位0,,,其他,,,,0.0,0,0,0,有,無,723122,5460,,0.0,0,交易日期：1091202包含公共設施保留地用地；,SPOQMLSKJHGGFCD77DA,0.0,0.0,0.0,無,
東區,房地(土地+建物),東門路一段２９８號五樓之８,2.23,都市：其他:第五種住宅區,,,1091231,土地4建物1車位0,五層,十一層,住宅大樓(11層含以上有電梯),住家用,鋼筋混凝土造,0800518,21.39,0,0,0,無,有,950000,44413,,0.0,0,,RPXNMLOKJHGGFCD87DA,13.9,0.0,1.65,有,
東區,房地(土地+建物)+車位,富強二街９號四樓,15.85,都市：其他:鄰里商業區,,,1091219,土地1建物1車位1,四層,十層,華廈(10層含以下有電梯),住家用,鋼筋混凝土造,0951207,162.2,3,2,2,有,有,10880000,67078,坡道平面,31.96,0,,RPTOMLOKJHGGFCD57DA,81.71,0.0,10.92,有,0969
東區,房地(土地+建物)+車位,中華東路二段１６７號十一樓之８,3.2,都市：其他:第五種住宅區,,,1091219,土地2建物1車位1,十一層,十四層,住宅大樓(11層含以上有電梯),住家用,鋼筋混凝土造,0970229,62.019999999999996,1,1,1,有,有,2800000,45147,坡道平面,27.82,0,陽台外推；,RPSPMLOKJHGGFCD57DA,17.29,0.0,4.41,有,
東區,房地(土地+建物),崇德三十二街３４號,102.0,都市：其他:細部計畫道路用地,,,1091124,土地2建物1車位0,全,二層,透天厝,住家用,加強磚造,0680807,106.98,4,2,2,有,無,8380000,78332,,0.0,0,其他增建；,RPXOMLMKJHGGFCD77DA,106.98,0.0,0.0,無,
南區,土地,白雪段13地號,48.55,都市：其他:住宅區,,,1091119,土地1建物0車位0,,,其他,,,,0.0,0,0,0,有,無,1300000,26777,,0.0,0,賣方主張贈與稅免稅額新台幣125萬元正親友、員工、共有人或其他特殊關係間之交易；未登記建物；,RPRPMLMKJHGGFCD27DA,0.0,0.0,0.0,無,0970
東區,土地,東光段266-1地號,24.48,都市：其他:細部計畫道路用地,,,1091225,土地5建物0車位0,,,其他,,,,0.0,0,0,0,有,無,337000,13766,,0.0,0,包含公共設施保留地用地；,RPPNMLRKJHGGFCD37DA,0.0,0.0,0.0,無,0668
東區,房地(土地+建物)+車位,崇善五街１０號八樓,28.12,都市：其他:第五種住宅區,,,1091219,土地1建物1車位1,八層,八層,華廈(10層含以下有電梯),住家用,鋼筋混凝土造,0831206,224.2,4,2,2,有,有,8670000,38671,坡道平面,0.0,0,,RPVNMLPKJHGGFCD77DA,115.49,0.0,12.23,有,
東區,土地,龍泉段536地號,120.05,都市：其他:第五種住宅區,,,1091031,土地2建物0車位0,,,其他,,,,0.0,0,0,0,有,無,6480000,53978,,0.0,0,未登記建物；,RPTOMLSKJHGGFCD97DA,0.0,0.0,0.0,無,0972
南區,房地(土地+建物),國民路１５１號,88.22,都市：其他:住宅區,,,1091205,土地1建物1車位0,全,三層,透天厝,店舖、住宅,鋼筋混凝土構造,1081001,195.0,3,1,5,有,無,18200000,93333,,0.0,0,,RPROMLPJJHGGFCD37DA,182.62,0.0,12.38,無,
東區,房地(土地+建物),東和路１５９巷５３號,253.5,都市：其他:第五種住宅區,,,1091229,土地2建物1車位0,全,五層,透天厝,見其他登記事項,見其他登記事項,0941214,565.7,6,3,2,有,無,57580000,101785,,0.0,0,,RPQPMLQJJHGGFCD47DA,556.78,6.0,2.94,有,
東區,房地(土地+建物),崇明路９３０號,105.06,都市：其他:第五種住宅區,,,1091204,土地2建物1車位0,全,四層,透天厝,見其他登記事項,鋼筋混凝土造,0960626,264.61,5,2,3,有,有,21000000,79362,,0.0,0,採光罩。頂樓加蓋；其他增建；,RPROMLLKJHGGFCD07DA,243.62,6.63,14.36,無,
鹽水區,房地(土地+建物),土庫６８之６號,88.93,都市：其他:農業區,,,1091226,土地2建物1車位0,全,三層,透天厝,住家用,鋼筋混凝土造,1081210,158.23,5,2,3,有,無,7100000,44871,,0.0,0,,RPPNMLOJJHGGFDD07DA,145.04,0.0,13.19,無,
鹽水區,房地(土地+建物),土庫６８之２８號,91.58,都市：其他:農業區,,,1091226,土地2建物1車位0,全,三層,透天厝,住家用,鋼筋混凝土造,1081210,154.44,5,2,3,有,無,7100000,45973,,0.0,0,,RPPNMLQJJHGGFDD27DA,141.25,0.0,13.19,無,
新營區,房地(土地+建物),中正路３１巷２０號,45.52,都市：其他:住宅區,,,1091212,土地1建物1車位0,全,三層,透天厝,住家用,鋼筋混凝土造,05811,100.86,4,3,2,有,無,2750000,27266,,0.0,0,頂樓加蓋；其他增建；,RPRNMLPKJHGGFDD47DA,100.86,0.0,0.0,無,
鹽水區,土地,仁愛段887-1地號,894.39,都市：其他:公園兼兒童遊樂場用地,,,1090923,土地2建物0車位0,,,其他,,,,0.0,0,0,0,有,無,5008584,5600,,0.0,0,協議價購；,RPVNMLSKJHGGFDD18DA,0.0,0.0,0.0,無,
新營區,房地(土地+建物)+車位,隋唐街７號八樓之三,27.18,都市：其他:住宅區,,,1090909,土地1建物1車位2,八層,十五層,住宅大樓(11層含以上有電梯),見其他登記事項,鋼筋混凝土造,1090331,194.14,3,2,2,有,有,9330000,47156,坡道平面,45.06,2300000,房地總價含管理費，商品提貨單貳車位合計貳佰參拾萬元整，車位總價中無法拆分個別車位價格,RPPNMLRKJHGGFDD47DA,89.75,0.0,11.2,有,
新營區,房地(土地+建物)+車位,隋唐街１１號三樓之三,27.18,都市：其他:住宅區,,,1091026,土地1建物1車位1,三層,十五層,住宅大樓(11層含以上有電梯),見其他登記事項,鋼筋混凝土造,1090331,170.86,3,2,2,有,有,7900000,45844,坡道平面,22.53,1100000,房地總價含管理費,RPQNMLRKJHGGFDD57DA,90.1,0.0,10.25,有,
新營區,房地(土地+建物)+車位,隋唐街１１號十三樓之三,27.18,都市：其他:住宅區,,,1091116,土地1建物1車位1,十三層,十五層,住宅大樓(11層含以上有電梯),見其他登記事項,鋼筋混凝土造,1090331,170.86,3,2,2,有,有,9100000,53934,坡道平面,22.53,1100000,房地總價含管理費，商品提貨單,RPRNMLRKJHGGFDD67DA,90.1,0.0,10.25,有,
鹽水區,房地(土地+建物),南門路１６４號,98.47,都市：其他:住宅區,,,1091221,土地1建物1車位0,全,三層,透天厝,住商用,鋼筋混凝土造,0791227,213.39,3,2,3,有,無,4500000,21088,,0.0,0,其他增建；,RPSNMLTKJHGGFDD97DA,195.08,3.25,15.06,無,0973
柳營區,土地,橋南段687地號,1500.0,都市：其他:農業區,,,1090916,土地1建物0車位0,,,其他,,,,0.0,0,0,0,有,無,6930000,4620,,0.0,0,,RPQNMLSKJHGGFDD67DA,0.0,0.0,0.0,無,
安南區,土地,學北段1225-1地號,704.69,都市：其他:主要計畫道路用地,,,1091212,土地10建物0車位0,,,其他,,,,0.0,0,0,0,有,無,1700000,2412,,0.0,0,,RPPNMLLLKIPFFBD77DA,0.0,0.0,0.0,無,0856
安南區,房地(土地+建物),安中路一段６９９巷４之１號,72.93,都市：其他:住宅區,,,1100107,土地14建物1車位0,二層,四層,公寓(5樓含以下無電梯),見其他登記事項,鋼筋混凝土造,0700907,102.43,3,1,2,有,無,1900000,18547,,0.0,0,,RPTNMLRJJHGGFBD57DA,80.73,0.0,10.24,無,
安南區,土地,十字段998-1地號,67.84,都市：其他:細部計畫道路用地,,,1091225,土地2建物0車位0,,,其他,,,,0.0,0,0,0,有,無,2500000,36851,,0.0,0,,RPROMLRJJHGGFBD47DA,0.0,0.0,0.0,無,
安南區,房地(土地+建物),同安路３２２巷２４號,71.82,都市：其他:住宅區,,,1091227,土地2建物1車位0,全,四層,透天厝,見其他登記事項,鋼筋混凝土造,0840803,191.87,5,2,4,有,無,8880000,46281,,0.0,0,頂樓加蓋；,RPQOMLPKJHGGFBD27DA,179.68,0.0,12.19,無,0975
安南區,房地(土地+建物),安中路四段２４０巷１５號,88.82,都市：其他:住宅區,,,1091118,土地1建物1車位0,全,三層,透天厝,見其他登記事項,鋼筋混凝土造,0860807,154.12,6,2,3,有,無,7650000,49637,,0.0,0,,RPVOMLOKJHGGFBD67DA,142.0,0.0,12.12,無,
安南區,房地(土地+建物),淵西二街１８巷２號,139.83,都市：其他:住宅區,,,1091220,土地2建物1車位0,全,四層,透天厝,住家用,鋼筋混凝土造,1070627,205.99,5,3,4,有,無,11580000,56216,,0.0,0,,RPQNMLPKJHGGFBD17DA,186.72,0.0,19.28,無,
安南區,土地,南興段44地號,216.56,都市：其他:住宅區,,,1091223,土地3建物0車位0,,,其他,,,,0.0,0,0,0,有,無,9000000,41559,,0.0,0,未登記建物；,RPRNMLPKJHGGFBD27DA,0.0,0.0,0.0,無,0976
安南區,土地,安中段761-5地號,6.32,都市：其他:公共設施用地,,,1090909,土地1建物0車位0,,,其他,,,,0.0,0,0,0,有,無,189600,30000,,0.0,0,協議價購；,RPVNMLSKJHGGFBD97DA,0.0,0.0,0.0,無,
安南區,房地(土地+建物),環館路３６２巷１９號,130.25,都市：其他:住宅區,,,1090710,土地4建物1車位0,全,四層,透天厝,見其他登記事項,鋼筋混凝土造,1090924,257.27,4,2,3,有,有,16380000,63669,,0.0,0,,RPPRMLRJKIPFFBD58DA,244.4,0.0,11.26,有,
安南區,房地(土地+建物),環館路３６２巷１７號,133.73,都市：其他:住宅區,,,1091017,土地4建物1車位0,全,四層,透天厝,見其他登記事項,鋼筋混凝土造,1090924,259.67999999999995,4,2,3,有,有,16900000,65080,,0.0,0,,RPQRMLRJKIPFFBD68DA,246.43,0.0,11.66,有,
安南區,房地(土地+建物),環館路３６２巷９號,153.67,都市：其他:住宅區,,,1090620,土地4建物1車位0,全,四層,透天厝,見其他登記事項,鋼筋混凝土造,1090924,295.19,4,2,3,有,有,19000000,64365,,0.0,0,,RPURMLRJKIPFFBD09DA,280.18,0.0,13.42,有,
安南區,房地(土地+建物),環館路３６２巷２９號,129.92,都市：其他:住宅區,,,1080507,土地4建物1車位0,全,四層,透天厝,見其他登記事項,鋼筋混凝土造,1090924,257.27,4,2,3,有,有,16280000,63280,,0.0,0,,RPSQMLRJKIPFFBD78DA,244.4,0.0,11.26,有,
安南區,房地(土地+建物),環館路３６２巷２７號,133.83,都市：其他:住宅區,,,1090829,土地4建物1車位0,全,四層,透天厝,見其他登記事項,鋼筋混凝土造,1090924,259.67999999999995,4,2,3,有,有,17000000,65465,,0.0,0,,RPWQMLRJKIPFFBD56DA,246.43,0.0,11.66,有,
安南區,房地(土地+建物),環館路３６２巷１３號,151.58,都市：其他:住宅區,,,1090623,土地4建物1車位0,全,四層,透天厝,見其他登記事項,鋼筋混凝土造,1090924,295.19,4,2,3,有,有,19000000,64365,,0.0,0,,RPSRMLRJKIPFFBD88DA,280.18,0.0,13.42,有,
東區,土地,富裕段634地號,92.73,都市：其他:細部計畫道路用地,,,1091221,土地2建物0車位0,,,其他,,,,0.0,0,0,0,有,無,3750000,40440,,0.0,0,親友、員工、共有人或其他特殊關係間之交易；未登記建物；,RPQOMLLLKIPFFCD08DA,0.0,0.0,0.0,無,
東區,房地(土地+建物)+車位,崇賢三路３０號六樓之３,31.85,都市：其他:第五種住宅區,,,1091202,土地1建物1車位1,六層,十五層,住宅大樓(11層含以上有電梯),見其他登記事項,鋼筋混凝土造,1061031,186.94,3,2,2,有,有,6060000,32417,坡道平面,29.01,0,,RPROMLQKKIPFFCD58DA,99.53,0.0,11.05,有,0977
東區,房地(土地+建物),東興路９５號六樓,20.72,都市：其他:第五種住宅區,,,1091116,土地1建物1車位0,六層,七層,華廈(10層含以下有電梯),住家用,鋼筋混凝土造,0741113,112.46,2,2,2,有,有,4680000,41615,,0.0,0,,RPQOMLSJKIPFFCD58DA,81.92,0.0,8.52,有,
南區,房地(土地+建物),西門路一段３５２巷２８號,73.0,都市：其他:商業區,,,1091126,土地1建物1車位0,全,四層,透天厝,住商用,鋼筋混凝土造,0680410,213.15,5,3,4,有,無,10920000,51232,,0.0,0,陽台外推；頂樓加蓋；其他增建；預售屋、或土地及建物分次登記案件；,RPUNMLQLJIPFFCD78DA,213.15,0.0,0.0,無,
北區,房地(土地+建物)+車位,中華北路二段９８號三樓之１,74.6,都市：其他:住宅區,,,1091203,土地1建物1車位2,三層,十四層,住宅大樓(11層含以上有電梯),見其他登記事項,見其他登記事項,1080422,438.47,3,2,3,有,有,30460000,69469,坡道平面,66.2,0,,RPOOMLNLKIPFFAD87DA,216.1,0.0,33.69,有,
中西區,房地(土地+建物),民生路一段２０５巷７號三樓之１,5.45,都市：其他:商業區,,,1091222,土地1建物1車位0,三層,五層,公寓(5樓含以下無電梯),住家用,鋼筋混凝土造,0790115,24.28,1,0,1,有,無,800000,32949,,0.0,0,,RPPNMLMJJHGGFAD56DA,16.69,0.0,0.0,無,
安平區,房地(土地+建物)+車位,國平南路９８號二十二樓之５,33.29,都市：其他:商業區,,,1091126,土地2建物1車位2,二十二層,二十四層,住宅大樓(11層含以上有電梯),見其他登記事項,見其他登記事項,1070529,383.74,3,2,3,有,有,25250000,67818,坡道平面,43.86,2200000,,RPRNMLSJJHGGFAD37DA,188.83,0.0,42.99,有,
安平區,房地(土地+建物)+車位,永華路二段８３７號十二樓,8.81,都市：其他:住宅區,,,1091114,土地1建物1車位1,十二層,二十三層,住宅大樓(11層含以上有電梯),見其他登記事項,見其他登記事項,1081217,103.32,1,1,1,有,有,7750000,86724,坡道機械,28.37,1250000,,RPPOMLRJJHGGFAD17DA,42.57,3.93,3.78,有,
北區,房地(土地+建物),文賢路７９９巷５號,71.04,都市：其他:住宅區,,,1091026,土地2建物1車位0,全,二層,透天厝,住家用,加強磚造,0600309,83.64,4,2,2,有,無,7600000,90866,,0.0,0,頂樓加蓋；,RPVOMLRJJHGGFAD77DA,83.64,0.0,0.0,無,
安平區,房地(土地+建物),平豐路１０１巷１３弄２７號,86.36,都市：其他:住宅區,,,1091001,土地1建物1車位0,全,四層,透天厝,住家用,見其他登記事項,1090713,177.36,5,2,4,有,無,16720000,94272,,0.0,0,,RPPOMLQLJIPFFAD18DA,157.98,0.0,19.38,無,
北區,房地(土地+建物)+車位,海安路三段７９８號十五樓之２,31.41,都市：其他:住宅區,,,1091127,土地1建物1車位2,十五層,二十四層,住宅大樓(11層含以上有電梯),見其他登記事項,見其他登記事項,1060518,324.9,3,2,3,有,有,25500000,90446,坡道平面,71.71,2600000,,RPWOMLRLJIPFFAD98DA,163.62,0.0,19.08,有,0978
安平區,房地(土地+建物)+車位,郡平路１８１號十二樓之１３,13.55,都市：其他:住宅區,,,1091128,土地1建物1車位1,十二層,十四層,住宅大樓(11層含以上有電梯),見其他登記事項,鋼筋混凝土造,0880622,139.5,3,2,2,有,有,6680000,47885,坡道平面,0.0,0,,RPWNMLSLJIPFFAD98DA,75.6,1.82,10.4,有,0979
安平區,房地(土地+建物)+車位,永華八街２２號十六樓,39.86,都市：其他:社區商業區,,,1091228,土地1建物1車位1,十六層,二十一層,住宅大樓(11層含以上有電梯),見其他登記事項,見其他登記事項,1070615,253.02,3,2,2,有,有,20200000,79836,坡道平面,30.89,0,,RPVNMLNJKIPFFAD28DA,141.23,0.0,13.13,有,0980
中西區,土地,保安段446地號,22.67,都市：其他:商業區,,,1091214,土地1建物0車位0,,,其他,,,,0.0,0,0,0,有,無,2520000,111160,,0.0,0,親友、員工、共有人或其他特殊關係間之交易；未登記建物；,RPQNMLPKKIPFFAD08DA,0.0,0.0,0.0,無,
中西區,房地(土地+建物),五妃街３０９巷１５之４號,35.53,都市：其他:住宅區,,,1091130,土地1建物1車位0,五層,五層,公寓(5樓含以下無電梯),住家用,鋼筋混凝土造,0730626,138.87,3,2,2,有,無,3500000,25203,,0.0,0,頂樓加蓋；,RPQPMLSKKIPFFAD58DA,99.94,0.0,11.15,無,
北區,房地(土地+建物)+車位,北園街８巷２６號十五樓之６,7.96,都市：其他:商業區,,,1091211,土地1建物1車位1,十五層,十九層,住宅大樓(11層含以上有電梯),見其他登記事項,鋼筋混凝土造,0961227,101.35,2,1,1,有,有,5300000,52545,坡道機械,16.66,850000,,RPQQMLMKJHGGFAD07DA,50.47,4.95,4.7,有,0981
中西區,房地(土地+建物)+車位,民權路四段１３２號九樓之１,15.85,都市：其他:住宅區,,,1091008,土地1建物1車位1,九層,十層,華廈(10層含以下有電梯),見其他登記事項,見其他登記事項,1070531,149.42000000000002,3,2,2,有,有,8880000,59430,升降機械,29.15,0,,RPVOMLMKJHGGFAD37DA,72.32,4.78,3.63,有,0982
中西區,土地,三民段8地號,231.53,都市：其他:商業區,,,1090911,土地1建物0車位0,,,其他,,,,0.0,0,0,0,有,無,20000000,86382,,0.0,0,依土地法第34條之1相關規定辦理。未登記建物；,RPRNMLMKJHGGFAD86DA,0.0,0.0,0.0,無,
安平區,房地(土地+建物)+車位,永華路二段２８６號二十六樓,9.35,都市：其他:商業區,,,1091205,土地1建物1車位1,二十六層,二十九層,住宅大樓(11層含以上有電梯),見其他登記事項,見其他登記事項,1070921,185.63,4,2,2,有,有,16800000,98357,坡道平面,31.6,1650000,,RPROMLPKJHGGFAD27DA,95.77,0.85,9.48,有,
中西區,房地(土地+建物)+車位,中華西路二段４１２號二十樓之５,28.07,都市：其他:住宅區,,,1091225,土地1建物1車位2,二十層,二十五層,住宅大樓(11層含以上有電梯),集合住宅,鋼筋混凝土構造,1060817,316.94,3,2,3,有,有,20730000,73514,坡道平面,67.6,2400000,,RPUNMLRKJHGGFAD67DA,161.91,0.0,14.14,有,
中西區,房地(土地+建物)+車位,中華西路二段６５１號二十四樓之３,32.48,都市：其他:住宅區,,,1091217,土地1建物1車位2,二十四層,二十四層,住宅大樓(11層含以上有電梯),集合住宅,鋼筋混凝土構造,1051104,381.59,4,2,3,有,有,29400000,92450,坡道平面,89.54,2400000,,RPVNMLRKJHGGFAD77DA,184.84,0.0,21.38,有,
安平區,房地(土地+建物),建平九街６０巷３１弄３５號,107.0,都市：其他:住宅區,,,1091124,土地1建物1車位0,全,五層,透天厝,住家用,鋼筋混凝土造,0840118,311.27,5,3,6,有,無,18800000,60398,,0.0,0,,RPQOMLOKJHGGFAD07DA,287.09,3.9,20.28,無,
安平區,房地(土地+建物),古堡街１２２巷１３號,114.67,都市：其他:特定商業專用區,,,1090904,土地2建物1車位0,全,四層,透天厝,見其他登記事項,見其他登記事項,1091126,339.01000000000005,5,2,6,有,無,25000000,73744,,0.0,0,,RPPPMLOKJHGGFAD07DA,310.91,0.0,27.88,有,
安平區,房地(土地+建物),建平五街１８６號,85.0,都市：其他:住宅區,,,1091224,土地1建物1車位0,全,四層,透天厝,住商用,鋼筋混凝土造,0820121,239.82,5,2,4,有,無,11500000,47953,,0.0,0,,RPSPMLSKJHGGFAD77DA,222.03,0.0,17.79,無,
北區,房地(土地+建物),文賢三街３３２號,157.58,都市：其他:住宅區,,,1091103,土地1建物1車位0,全,四層,透天厝,見其他登記事項,見其他登記事項,1090122,428.06,5,2,6,有,無,47500000,110966,,0.0,0,,RPTOMLSKJHGGFAD77DA,386.06,0.0,42.0,有,
中西區,房地(土地+建物),國華街三段２５０巷２２號,29.14,都市：其他:商業區,,,1091221,土地2建物1車位0,全,二層,透天厝,住家用,磚造,0510000,39.52,2,2,1,有,無,2120000,53644,,0.0,0,,RPVPMLSKJHGGFAD08DA,39.52,0.0,0.0,無,
北區,房地(土地+建物),開元路９０巷１５號五樓之２,25.95,都市：其他:細部計畫道路用地,,,1091205,土地4建物1車位0,五層,五層,公寓(5樓含以下無電梯),住家用,鋼筋混凝土造,0720817,100.17999999999999,3,2,2,有,無,2300000,22959,,0.0,0,包含公共設施保留地用地；,RPXNMLTKJHGGFAD18DA,77.45,0.0,8.62,無,0983
安平區,房地(土地+建物)+車位,建平五街２２巷１５弄１６號三樓之２,14.45,都市：其他:住宅區,,,1091222,土地1建物1車位1,三層,六層,華廈(10層含以下有電梯),住家用,鋼筋混凝土造,0830714,83.24000000000001,2,1,1,有,有,4300000,51658,坡道平面,0.0,0,,RPPOMLTKJHGGFAD47DA,45.62,0.0,5.48,有,0984
北區,房地(土地+建物),成功路６８巷５９號二樓,37.55,都市：其他:商業區,,,1091231,土地1建物2車位0,二層,五層,華廈(10層含以下有電梯),住家用,鋼筋混凝土造,0791201,200.97,3,2,3,有,有,6800000,33836,,0.0,0,其他增建；,RPQOMLTKJHGGFAD57DA,158.4,5.02,10.95,有,
北區,房地(土地+建物),北園街４０號五樓之１,10.19,都市：其他:商業區,,,1091226,土地2建物1車位0,五層,十四層,住宅大樓(11層含以上有電梯),見其他登記事項,鋼筋混凝土造,0870420,79.2,2,1,1,有,有,3700000,46717,,0.0,0,,RPVPMLTKJHGGFAD18DA,58.05,0.0,4.52,有,
北區,房地(土地+建物),長榮路四段１３５巷１９號,168.66,都市：其他:住宅區,,,1091119,土地2建物14車位0,一層，二層,五層,華廈(10層含以下有電梯),住家用,鋼筋混凝土造,0860129,405.46,13,0,13,有,無,25100000,61905,,0.0,0,,RPRQMLTKJHGGFAD87DA,301.37,0.0,31.32,有,
安平區,房地(土地+建物),健康三街４６０巷１８號,120.05,都市：其他:住宅區,,,1091203,土地1建物1車位0,全,五層,透天厝,見其他登記事項,見其他登記事項,1050411,366.96,5,4,7,有,無,24500000,66765,,0.0,0,,RPQNMLPKJHGGFAD07DA,341.06,0.0,25.9,有,
北區,房地(土地+建物)+車位,大武街１４６號十樓之２,29.63,都市：其他:住宅區,,,1091203,土地1建物1車位1,十層,十三層,住宅大樓(11層含以上有電梯),見其他登記事項,鋼筋混凝土造,0911227,131.47,3,2,2,有,有,6600000,50202,坡道平面,0.0,0,,RPWNMLPKJHGGFAD67DA,80.31,0.0,10.33,有,0985
中西區,建物,大智街６３號六樓、七樓,0.0,,,,1091116,土地0建物3車位0,全,七層,透天厝,商業用,鋼筋混凝土造,0711119,563.1,16,0,16,有,無,16000000,28414,,0.0,0,頂樓加蓋；未登記建物；,RPSOMLOKJHGGFAD27DA,270.42,0.0,60.28,有,0986
中西區,房地(土地+建物)+車位,中華西路二段４１２號二十二樓之５,28.07,都市：其他:住宅區,,,1091230,土地1建物1車位2,二十二層,二十五層,住宅大樓(11層含以上有電梯),集合住宅,鋼筋混凝土構造,1060817,316.94,3,2,3,有,有,21460000,77244,坡道平面,67.6,2200000,,RPPNMLSKJHGGFAD27DA,161.91,0.0,14.14,有,
中西區,房地(土地+建物)+車位,中華西路二段４１２號二十四樓之２,27.27,都市：其他:住宅區,,,1091231,土地1建物1車位2,二十四層,二十五層,住宅大樓(11層含以上有電梯),集合住宅,鋼筋混凝土構造,1060817,310.99,3,2,3,有,有,22700000,82584,坡道平面,67.6,2600000,,RPQNMLSKJHGGFAD37DA,157.37,0.0,14.43,有,
安平區,房地(土地+建物)+車位,永華路二段２８６號二十四樓,8.9,都市：其他:商業區,,,1091119,土地1建物1車位1,二十四層,二十九層,住宅大樓(11層含以上有電梯),見其他登記事項,見其他登記事項,1070921,177.39,4,2,2,有,有,16110000,96475,坡道機械,23.36,1250000,,RPQOMLPKJHGGFAD17DA,95.77,0.85,9.48,有,
北區,房地(土地+建物),公園南路１５９巷２號十樓之１,20.36,都市：其他:商業區,,,1080403,土地2建物1車位0,十層,十一層,住宅大樓(11層含以上有電梯),見其他登記事項,見其他登記事項,1091027,92.72,2,1,2,有,有,6800000,73339,,0.0,0,預售屋、或土地及建物分次登記案件；,RPTPMLPKJHGGFAD57DA,55.0,0.0,6.37,有,
中西區,房地(土地+建物),民族路二段１５３號十樓之３,9.31,都市：其他:商業區,,,1100106,土地1建物1車位0,十層,十三層,住宅大樓(11層含以上有電梯),住家用,鋼筋混凝土造,0780811,66.15,1,1,1,有,有,2250000,34014,,0.0,0,,RPXOMLSKJHGGFAD18DA,47.96,0.0,0.0,有,
中西區,房地(土地+建物)+車位,民生路二段３９３號四樓之３,17.44,都市：其他:細部計畫道路,,,1100110,土地6建物1車位1,四層,二十五層,住宅大樓(11層含以上有電梯),集合住宅,鋼筋混凝土造,0890306,223.31,4,2,2,有,有,13000000,58215,坡道平面,27.75,0,包含公共設施保留地用地；,RPVOMLSKJHGGFAD97DA,128.92,0.0,17.89,有,
北區,房地(土地+建物)+車位,公園南路３７０巷３０號十樓之２,30.42,都市：其他:住宅區,,,1100105,土地1建物1車位2,十層，十一層,十八層,住宅大樓(11層含以上有電梯),住家用,鋼筋混凝土造,0840912,206.48,3,2,3,有,有,8280000,40101,升降機械,0.0,0,其他增建；,RPPPMLSKJHGGFAD47DA,129.94,4.54,13.42,有,
安平區,房地(土地+建物),健康路三段３２９號八樓之８,7.67,都市：其他:商業區,,,1091206,土地1建物1車位0,八層,二十三層,住宅大樓(11層含以上有電梯),見其他登記事項,見其他登記事項,1060124,90.06,2,2,1,有,有,5600000,62181,,0.0,0,,RPSOMLSKJHGGFAD67DA,50.9,1.04,8.26,有,0987
中西區,房地(土地+建物)+車位,中華西路二段４１６號四樓之３,27.67,都市：其他:住宅區,,,1091219,土地1建物1車位1,四層,二十五層,住宅大樓(11層含以上有電梯),集合住宅,鋼筋混凝土構造,1060817,285.8,3,2,3,有,有,16500000,61508,坡道平面,33.8,1000000,,RPWNMLSKJHGGFAD97DA,165.17,0.0,12.95,有,
中西區,房地(土地+建物)+車位,中華西路二段５２０號七樓之６,17.1,都市：其他:住宅區,,,1091222,土地1建物1車位1,七層,十五層,住宅大樓(11層含以上有電梯),見其他登記事項,見其他登記事項,1020620,136.96,3,2,2,有,有,10600000,77395,坡道機械,13.31,0,,RPQOMLLKJHGGFAD76DA,79.02,0.0,7.84,有,0988
北區,房地(土地+建物),成功路２號八樓之１８,2.7,都市：其他:細部計畫道路用地,,,1091206,土地4建物1車位0,八層,十四層,住宅大樓(11層含以上有電梯),住家用,鋼筋混凝土造,0731228,30.73,1,0,1,有,有,1000000,32541,,0.0,0,,RPSNMLNKJHGGFAD07DA,22.98,0.0,0.0,有,
北區,房地(土地+建物),開元路５１９號九樓之１３,6.42,都市：其他:住宅區,,,1091222,土地3建物1車位0,九層,二十四層,住宅大樓(11層含以上有電梯),見其他登記事項,見其他登記事項,1041105,86.72,2,2,2,有,有,5350000,61693,,0.0,0,,RPVOMLNKJHGGFAD47DA,50.03,1.82,8.95,有,0989
安平區,房地(土地+建物)+車位,永華路二段８０２號五樓,24.93,都市：其他:住宅區,,,1091018,土地1建物1車位2,五層,二十九層,住宅大樓(11層含以上有電梯),見其他登記事項,見其他登記事項,1070125,276.55,3,2,3,有,有,17050000,61270,坡道平面,42.34,2700000,含裝潢費；,RPXNMLNJKIPFFAD48DA,130.2,10.16,16.8,有,
安平區,房地(土地+建物)+車位,永華路二段８２７號四樓,8.54,都市：其他:住宅區,,,1091030,土地1建物1車位1,四層,二十三層,住宅大樓(11層含以上有電梯),見其他登記事項,見其他登記事項,1081217,100.11,1,1,1,有,有,6000000,73181,坡道機械,28.37,750000,,RPXNMLRJJHGGFAD87DA,41.4,2.92,3.76,有,0990
安平區,房地(土地+建物)+車位,永華路二段８００號八樓,23.52,都市：其他:住宅區,,,1091129,土地1建物1車位1,八層,二十九層,住宅大樓(11層含以上有電梯),見其他登記事項,見其他登記事項,1070125,260.72,3,2,3,有,有,15100000,56845,坡道平面,24.11,1650000,,RPSRMLKMKIPFFAD38DA,131.12,10.61,17.01,有,
北區,建物,小北路２７巷６１弄１８號,0.0,,,,1091223,土地0建物1車位0,全,一層,透天厝,住家用,見其他登記事項,0541221,37.37,4,1,1,有,無,2700000,72250,,0.0,0,土地為向仁愛之家租賃使用親友、員工、共有人或其他特殊關係間之交易；頂樓加蓋；其他增建；,RPQPMLOJJHGGFAD07DA,37.37,0.0,0.0,無,
南區,土地,喜東段1164-23地號,1974.0,都市：其他:住宅區,,,1091119,土地2建物0車位0,,,其他,,,,0.0,0,0,0,有,無,89571000,45375,,0.0,0,,RPROMLSJKIPFFCD68DA,0.0,0.0,0.0,無,
南區,土地,喜東段1164-16地號,189.83,都市：其他:細部計畫道路用地,,,1091119,土地2建物0車位0,,,其他,,,,0.0,0,0,0,有,無,1164000,6132,,0.0,0,包含公共設施保留地用地；,SPROMLSJKIPFFCD78DA,0.0,0.0,0.0,無,
東區,房地(土地+建物),裕農路４４８之５號,108.1,都市：其他:第五種住宅區,,,1091215,土地2建物1車位0,全,三層,透天厝,住商用,鋼筋混凝土造,0690513,224.58,4,2,3,有,無,15320000,68216,,0.0,0,,RPOOMLQKKIPFFCD28DA,218.23,0.0,6.35,無,
安南區,房地(土地+建物),環館路３６０巷１０號,152.32,都市：其他:住宅區,,,1090429,土地4建物1車位0,全,四層,透天厝,見其他登記事項,鋼筋混凝土造,1090924,295.19,4,2,3,有,有,19800000,67075,,0.0,0,,RPPTMLRJKIPFFBD78DA,280.18,0.0,13.42,有,
安南區,房地(土地+建物),環館路３６０巷２６號,129.6,都市：其他:住宅區,,,1090803,土地4建物1車位0,全,四層,透天厝,見其他登記事項,鋼筋混凝土造,1090924,257.27,4,2,3,有,有,16380000,63669,,0.0,0,,RPTSMLRJKIPFFBD09DA,244.42,0.0,11.26,有,
安南區,土地,安東段283地號,128.98,都市：其他:住宅區,,,1091228,土地1建物0車位0,,,其他,,,,0.0,0,0,0,有,無,2295844,17800,,0.0,0,親友、員工、共有人或其他特殊關係間之交易；,RPWNMLSKJHGGFBD08DA,0.0,0.0,0.0,無,
安南區,房地(土地+建物),安中路一段３８８巷２號,45.99,都市：其他:住宅區,,,1100106,土地2建物1車位0,全,二層,透天厝,住家用,鋼筋混凝土造,0771209,136.66,3,2,2,有,無,1428116,10450,,0.0,0,親友、員工、共有人或其他特殊關係間之交易；預售屋、或土地及建物分次登記案件；,RPXNMLSKJHGGFBD18DA,125.76,0.0,10.9,無,
安南區,房地(土地+建物),海環街３１７巷３號,90.95,都市：其他:住宅區,,,1100104,土地1建物1車位0,全,三層,透天厝,住家用,鋼筋混凝土造,1090610,162.93,5,2,3,有,無,12500000,76720,,0.0,0,,RPPNMLTKJHGGFBD47DA,136.86,0.0,26.07,無,
安南區,房地(土地+建物),惠安街１６１巷４４號,149.5,都市：其他:住宅區,,,1091104,土地3建物1車位0,全,二層,透天厝,住家用,加強磚造,0690909,90.9,4,2,2,有,無,6700000,73707,,0.0,0,,RPTOMLTKJHGGFBD97DA,90.9,0.0,0.0,無,0991
安南區,房地(土地+建物),同安路１６７巷１８號,90.44,都市：其他:住宅區,,,1091122,土地2建物1車位0,全,三層,透天厝,住商用,鋼筋混凝土造,0811203,179.5,4,2,3,有,無,9200000,51253,,0.0,0,,RPUOMLTKJHGGFBD08DA,167.9,0.0,11.6,無,
安南區,房地(土地+建物),府安路五段１６２巷４０號,89.22,都市：其他:住宅區,,,1091217,土地1建物1車位0,全,四層,透天厝,見其他登記事項,鋼筋混凝土造,0940819,173.05,5,2,3,有,無,13800000,79746,,0.0,0,,RPQOMLRJJHGGFBD37DA,151.57,2.73,18.75,無,
安南區,土地,頂安段125-30地號,87.27,都市：其他:住宅區,,,1091221,土地2建物0車位0,,,其他,,,,0.0,0,0,0,有,無,2184206,25028,,0.0,0,親友、員工、共有人或其他特殊關係間之交易；預售屋、或土地及建物分次登記案件；,RPRNMLKMKIPFFBD97DA,0.0,0.0,0.0,無,
柳營區,土地,旭山段1212地號,3323.0,,一般農業區,農牧用地,1091208,土地1建物0車位0,,,其他,,,,0.0,0,0,0,有,無,3400000,1023,,0.0,0,,RPTNMLTKJHGGFDD08DA,0.0,0.0,0.0,無,
鹽水區,土地,武廟段133地號,63.74,都市：其他:住宅區,,,1100111,土地1建物0車位0,,,其他,,,,0.0,0,0,0,有,無,482033,7562,,0.0,0,,RPRNMLKLJHGGFDD07DA,0.0,0.0,0.0,無,
新營區,土地,鐵線橋段1131地號,2687.0,,特定農業區,農牧用地,1100108,土地1建物0車位0,,,其他,,,,0.0,0,0,0,有,無,4750000,1768,,0.0,0,,RPTNMLKLJHGGFDD27DA,0.0,0.0,0.0,無,
鹽水區,房地(土地+建物),和平路２４７號,92.8,都市：其他:住宅區,,,1091121,土地1建物1車位0,全,三層,透天厝,住商用,鋼筋混凝土造,1090228,187.41,4,2,4,有,無,8000000,42687,,0.0,0,,RPPOMLSKJHGGFDD67DA,175.6,0.0,11.82,無,
鹽水區,房地(土地+建物),和平路２３９號,88.57,都市：其他:住宅區,,,1091130,土地1建物1車位0,全,三層,透天厝,住商用,鋼筋混凝土造,1090228,187.41,4,2,4,有,無,7850000,41887,,0.0,0,,RPQOMLSKJHGGFDD77DA,175.59,0.0,11.82,無,
新營區,房地(土地+建物),民生里進修街３１之８號,8.94,都市：其他:住宅區,,,1091229,土地3建物1車位0,四層,六層,華廈(10層含以下有電梯),住家用,鋼筋混凝土造,0800618,29.509999999999998,1,0,1,有,無,650000,22026,,0.0,0,,RPROMLSKJHGGFDD87DA,21.65,0.0,0.0,有,
新營區,房地(土地+建物),民生里進修街３１之９號,8.87,都市：其他:住宅區,,,1091229,土地2建物1車位0,四層,六層,華廈(10層含以下有電梯),住家用,鋼筋混凝土造,0800618,30.62,1,0,1,有,無,700000,22861,,0.0,0,,RPSOMLSKJHGGFDD97DA,20.06,0.0,2.7,有,
後壁區,房地(土地+建物),後壁區後壁里８鄰後壁２１０之１號,144.29,都市：其他:住宅區,,,1080629,土地3建物1車位0,全,三層,透天厝,見其他登記事項,見其他登記事項,1090915,172.16,5,2,3,有,無,7580000,44029,,0.0,0,,RPVNMLMKJIPFFED58DA,158.32,0.0,13.84,無,
鹽水區,房地(土地+建物),土庫７０之２５號,128.4,,鄉村區,乙種建築用地,1100110,土地2建物1車位0,全,四層,透天厝,住商用,鋼筋混凝土造,1090415,182.96,5,2,5,有,無,8500000,46458,,0.0,0,,RPPOMLMKJHGGFDD07DA,178.42,0.0,4.54,無,
新營區,房地(土地+建物),東興九街１２巷３１號,93.85,都市：其他:住宅區,,,1091228,土地1建物1車位0,全,四層,透天厝,住家用,鋼筋混凝土造,1090331,203.13,5,2,4,有,無,10000000,49230,,0.0,0,,RPTNMLKMKIPFFDD38DA,188.39,0.0,14.74,無,
新營區,房地(土地+建物),新北里２鄰三興街５９號,82.3,都市：其他:住宅區,,,1091204,土地1建物1車位0,全,二層,透天厝,商業用,加強磚造,0670301,95.78,5,3,2,有,無,4500000,46983,,0.0,0,,RPQOMLLKKIPFFDD08DA,95.78,0.0,0.0,無,
南區,房地(土地+建物),聖南街６１號,116.0,都市：其他:住宅區,,,1090724,土地1建物1車位0,全,四層,透天厝,見其他登記事項,鋼筋混凝土造,0960625,270.33,4,2,4,有,無,18500000,68435,,0.0,0,,RPWOMLLKJHGGFCD57DA,262.52,4.67,3.14,無,
東區,房地(土地+建物)+車位,崇賢三路３０號十一樓之３,31.85,都市：其他:第五種住宅區,,,1091228,土地1建物1車位1,十一層,十五層,住宅大樓(11層含以上有電梯),見其他登記事項,鋼筋混凝土造,1061031,186.94,4,2,2,有,有,6100000,32631,坡道平面,29.01,0,,RPVNMLSJJHGGFCD97DA,99.53,0.0,11.05,有,0992
東區,房地(土地+建物),府連路１７７號,143.56,都市：其他:第五種住宅區,,,1091126,土地1建物1車位0,全,一層,透天厝,住家用,木造,,22.16,0,0,0,無,無,15000000,676895,,0.0,0,其他增建；含租約；,RPSOMLPJJHGGFCD47DA,22.16,0.0,0.0,無,
南區,土地,龍崗段1101-1地號,37.93,都市：其他:主要計畫道路用地,,,1091207,土地2建物0車位0,,,其他,,,,0.0,0,0,0,有,無,388478,10242,,0.0,0,包含公共設施保留地用地；,RPQOMLPKJHGGFCD37DA,0.0,0.0,0.0,無,0993
南區,土地,公英段346地號,513.0,都市：其他:住宅區,,,1091105,土地1建物0車位0,,,其他,,,,0.0,0,0,0,有,無,27856458,54301,,0.0,0,未登記建物；,RPRNMLSKJHGGFCD67DA,0.0,0.0,0.0,無,
南區,土地,公英段351-1地號,38.0,都市：其他:住宅區,,,1091105,土地2建物0車位0,,,其他,,,,0.0,0,0,0,有,無,2063442,54301,,0.0,0,,RPSNMLSKJHGGFCD77DA,0.0,0.0,0.0,無,
東區,房地(土地+建物),裕豐街１７６號,43.03,都市：其他:第五種住宅區,,,1091127,土地1建物1車位0,一層，二層，三層，騎樓,五層,公寓(5樓含以下無電梯),住商用,鋼筋混凝土造,0770811,146.22,3,2,3,有,無,9350000,63945,,0.0,0,,RPTNMLSKJHGGFCD87DA,118.41,0.0,3.81,無,
東區,房地(土地+建物),自由路二段１０７巷１７號,90.0,都市：其他:第五種住宅區,,,1091106,土地1建物1車位0,全,二層,透天厝,住家用,加強磚造,0701223,129.32,4,2,5,有,無,5250000,40597,,0.0,0,受民情風俗因素影響；,RPPPMLMKJHGGFCD07DA,120.15,0.0,9.17,無,
東區,土地,德高段1543地號,29.0,都市：其他:第五種住宅區,,,1100105,土地1建物0車位0,,,其他,,,,0.0,0,0,0,有,無,2213860,76340,,0.0,0,政府機關標讓售；,RPRNMLTKJHGGFCD77DA,0.0,0.0,0.0,無,
南區,房地(土地+建物),健康路二段４０１巷８號四樓,31.4,都市：其他:住宅區,,,1091214,土地1建物1車位0,四層,五層,公寓(5樓含以下無電梯),住家用,鋼筋混凝土造,0701214,117.36,2,2,2,有,無,3300000,28119,,0.0,0,,RPSNMLTKJHGGFCD87DA,89.7,0.0,12.86,無,
東區,房地(土地+建物),崇明路２７０號十二樓之２,7.02,都市：其他:第五種住宅區,,,1091209,土地1建物1車位0,十二層,十五層,住宅大樓(11層含以上有電梯),住家用,鋼筋混凝土造,0830825,55.099999999999994,1,1,1,有,有,2500000,45372,,0.0,0,,RPTNMLTKJHGGFCD97DA,39.12,0.0,5.0,有,
東區,房地(土地+建物),裕信六街７７號,92.54,都市：其他:虎尾寮第一種住宅區,,,1091226,土地1建物1車位0,全,五層,透天厝,見其他登記事項,鋼筋混凝土造,0871003,246.4,6,2,4,有,無,14000000,56818,,0.0,0,陽台外推；夾層；,RPTQMLSKJHGGFCD18DA,215.84,0.0,30.56,無,
南區,房地(土地+建物),金華路一段５０３巷７弄２８號,68.21,都市：其他:住宅區,,,1091030,土地2建物1車位0,全,四層,透天厝,見其他登記事項,鋼筋混凝土造,0900516,201.34,5,1,3,有,無,10500000,52151,,0.0,0,,RPSPMLSKJHGGFCD97DA,166.16,8.48,26.7,無,
東區,房地(土地+建物),建東街５４巷４４號,131.0,都市：其他:第五種住宅區,,,1091119,土地1建物1車位0,全,二層,透天厝,住家用,加強磚造,0700129,101.34,6,2,3,有,無,14000000,138149,,0.0,0,其他增建；,RPOPMLTKJHGGFCD67DA,101.34,0.0,0.0,無,
白河區,土地,草店段616-2地號,151.0,,鄉村區,乙種建築用地,1091217,土地1建物0車位0,,,其他,,,,0.0,0,0,0,有,無,2050000,13576,,0.0,0,,RPVNMLTKJHGGFED38DA,0.0,0.0,0.0,無,
白河區,土地,草店段414地號,1891.0,,特定農業區,農牧用地,1091121,土地1建物0車位0,,,其他,,,,0.0,0,0,0,有,無,2150000,1137,,0.0,0,農作物；,RPWNMLTKJHGGFED48DA,0.0,0.0,0.0,無,0994
白河區,土地,長安段1102-1地號,199.0,都市：其他:農業區,,,1100111,土地1建物0車位0,,,其他,,,,0.0,0,0,0,有,無,600000,3015,,0.0,0,,RPWNMLLKJHGGFED67DA,0.0,0.0,0.0,無,0995
白河區,土地,新興段258地號,2090.0,都市：其他:農業區,,,1091221,土地1建物0車位0,,,其他,,,,0.0,0,0,0,有,無,3800000,1818,,0.0,0,,RPQNMLKLJHGGFED07DA,0.0,0.0,0.0,無,
白河區,房地(土地+建物),永安里６鄰國泰路１４１號,87.0,都市：其他:住宅區,,,1091217,土地1建物1車位0,全,四層,透天厝,見其他登記事項,見其他登記事項,1070319,228.43,5,2,6,有,無,10800000,47279,,0.0,0,其他增建；,RPRNMLKLJHGGFED17DA,188.03,0.0,40.4,無,
後壁區,土地,竹圍後段1640地號,3060.0,,特定農業區,農牧用地,1100114,土地1建物0車位0,,,其他,,,,0.0,0,0,0,有,無,5202000,1700,,0.0,0,,RPSNMLKLJHGGFED27DA,0.0,0.0,0.0,無,
白河區,土地,草店段1020地號,2123.6,,特定農業區,農牧用地,1091231,土地2建物0車位0,,,其他,,,,0.0,0,0,0,有,無,1698880,800,,0.0,0,按每平方公尺新台幣800元計價。親友、員工、共有人或其他特殊關係間之交易；,RPTNMLKLJHGGFED37DA,0.0,0.0,0.0,無,0169
白河區,房地(土地+建物),白河里中山路９８號,251.0,都市：其他:計畫道路用地,,,1100113,土地3建物2車位0,全,二層,透天厝,住家用,木造,0171200,211.3,5,2,2,有,無,12000000,56791,,0.0,0,未登記建物；,RPUNMLKLJHGGFED47DA,211.3,0.0,0.0,無,
白河區,土地,詔安段2112地號,1151.0,,特定農業區,農牧用地,1091216,土地1建物0車位0,,,其他,,,,0.0,0,0,0,有,無,1300000,1129,,0.0,0,,RPQNMLTKJHGGFED87DA,0.0,0.0,0.0,無,
麻豆區,房地(土地+建物),南勢２４之５７號,113.42,都市：其他:農業區,,,1091107,土地4建物1車位0,全,四層,透天厝,見其他登記事項,見其他登記事項,1090507,225.18,4,2,5,有,有,11400000,50626,,0.0,0,,RPQOMLTLKIPFFFD56DA,199.89,25.29,0.0,無,
六甲區,土地,菁埔段747-1地號,1000.0,,特定農業區,農牧用地,1091108,土地1建物0車位0,,,其他,,,,0.0,0,0,0,有,無,1500000,1500,,0.0,0,,RPVNMLTKJHGGFFD48DA,0.0,0.0,0.0,無,
麻豆區,房地(土地+建物),南勢５之３３號,80.85,都市：其他:農業區,,,1090321,土地1建物1車位0,全,三層,透天厝,住家用,見其他登記事項,1091118,175.61,4,2,4,有,無,10930000,62240,,0.0,0,,RPOOMLSJJHGGFFD67DA,155.04,0.0,20.57,無,
麻豆區,房地(土地+建物),寮子１６６之４２號,294.69,,特定農業區,丁種建築用地,1090224,土地3建物1車位0,全,一層,透天厝,見其他登記事項,見其他登記事項,1091201,161.55,0,0,0,無,無,8780000,54348,,0.0,0,預售屋、或土地及建物分次登記案件；,RPQPMLLKJHGGFFD37DA,161.55,0.0,0.0,無,
麻豆區,房地(土地+建物),寮子１６６之４５號,445.69,,特定農業區,丁種建築用地,1091215,土地3建物1車位0,全,一層,透天厝,見其他登記事項,見其他登記事項,1091201,162.9,0,0,0,無,無,11300000,69368,,0.0,0,預售屋、或土地及建物分次登記案件；,RPRPMLLKJHGGFFD47DA,162.9,0.0,0.0,無,
下營區,土地,麻豆寮段2076地號,713.67,,特定農業區,農牧用地,1091126,土地1建物0車位0,,,其他,,,,0.0,0,0,0,有,無,550000,771,,0.0,0,受債權債務關係影響或債務抵償；,RPSNMLNKJHGGFFD57DA,0.0,0.0,0.0,無,
麻豆區,房地(土地+建物),穀興里興民街８之１６號,137.06,都市：其他:第三種住宅區。,,,1091214,土地2建物1車位0,全,四層,透天厝,住商用,鋼筋混凝土造,1030616,244.87,3,2,5,有,無,15900000,64932,,0.0,0,其他增建；,RPXNMLSKJHGGFFD58DA,221.36,0.0,23.51,無,
七股區,土地,三聖段1951地號,1921.31,,一般農業區,農牧用地,1091231,土地1建物0車位0,,,其他,,,,0.0,0,0,0,有,無,3600000,1874,,0.0,0,,RPVNMLPJJHGGFGD08DA,0.0,0.0,0.0,無,
佳里區,土地,塭子內段1978地號,1232.17,,特定農業區,農牧用地,1091206,土地2建物0車位0,,,其他,,,,0.0,0,0,0,有,無,1380000,1120,,0.0,0,,RPSOMLPKJHGGFGD97DA,0.0,0.0,0.0,無,
佳里區,房地(土地+建物),安西里３０鄰忠孝路３８５巷７弄５號,134.23,都市：其他:住宅區,,,1091129,土地2建物1車位0,全,四層,透天厝,見其他登記事項,鋼筋混凝土造,1000822,193.16,5,2,4,有,無,11600000,60054,,0.0,0,,RPTOMLOKJHGGFGD97DA,169.48,8.32,15.36,無,0997
佳里區,土地,佳里段920-2地號,270.0,都市：其他:住宅區,,,1091110,土地1建物0車位0,,,其他,,,,0.0,0,0,0,有,無,6500000,24074,,0.0,0,,RPWNMLSLKIPFFGD07DA,0.0,0.0,0.0,無,0998
七股區,土地,建功段92地號,138.28,,鄉村區,乙種建築用地,1091216,土地1建物0車位0,,,其他,,,,0.0,0,0,0,有,無,1250000,9040,,0.0,0,,RPWOMLRKKIPFFGD96DA,0.0,0.0,0.0,無,
新化區,土地,洋子段938地號,1036.0,,特定農業區,農牧用地,1091130,土地1建物0車位0,,,其他,,,,0.0,0,0,0,有,無,6960000,6718,,0.0,0,親友、員工、共有人或其他特殊關係間之交易；未登記建物；,RPRNMLOLKIPFFHD88DA,0.0,0.0,0.0,無,
善化區,房地(土地+建物),興農路３７７巷２弄３５號,100.14,都市：其他:住宅區,,,1091119,土地2建物1車位0,全,三層,透天厝,見其他登記事項,鋼筋混凝土造,1070628,155.35,4,2,3,有,無,11800000,75958,,0.0,0,,RPTOMLKMKIPFFHD88DA,134.61,0.0,20.74,無,0999
善化區,房地(土地+建物)+車位,大信路５７號二樓之２,34.24,都市：其他:住宅區,,,1080601,土地1建物1車位1,二層,七層,華廈(10層含以下有電梯),見其他登記事項,鋼筋混凝土造,1090923,129.45,2,1,2,有,有,7050000,52349,一樓平面,13.88,1000000,預售屋、或土地及建物分次登記案件；,RPSNMLOKJHGGFHD87DA,70.04,2.65,12.66,有,
善化區,房地(土地+建物),光華路６８號,79.66,都市：其他:住宅區,,,1091213,土地1建物1車位0,全,三層,透天厝,住商用,鋼筋混凝土造,0730124,164.73,5,2,5,有,無,9150000,55545,,0.0,0,,RPTOMLPKJHGGFHD18DA,160.53,0.0,4.2,無,
新市區,房地(土地+建物)+車位,復興路１０５號十三樓之３,15.57,都市：其他:住宅區,,,1070704,土地1建物1車位1,十三層,十四層,住宅大樓(11層含以上有電梯),見其他登記事項,鋼筋混凝土造,1091021,108.28,2,2,1,有,有,4850000,51844,坡道平面,32.09,900000,預售屋、或土地及建物分次登記案件；,RPSQMLSKJHGGFHD58DA,47.29,0.0,3.37,有,
新市區,房地(土地+建物)+車位,復興路１０７號二樓之６,15.27,都市：其他:住宅區,,,1070331,土地1建物1車位1,二層,十四層,住宅大樓(11層含以上有電梯),見其他登記事項,鋼筋混凝土造,1091021,108.06,2,2,1,有,有,4200000,43438,坡道平面,32.09,900000,預售屋、或土地及建物分次登記案件；,RPTQMLSKJHGGFHD68DA,47.22,0.0,3.22,有,
新市區,房地(土地+建物)+車位,復興路１０７號四樓之７,15.57,都市：其他:住宅區,,,1060921,土地1建物1車位1,四層,十四層,住宅大樓(11層含以上有電梯),見其他登記事項,鋼筋混凝土造,1091021,108.21000000000001,2,2,1,有,有,4180000,42433,坡道平面,32.09,950000,預售屋、或土地及建物分次登記案件；,RPVQMLSKJHGGFHD88DA,47.22,0.0,3.37,有,
新市區,房地(土地+建物)+車位,復興路１０７號三樓之７,15.27,都市：其他:住宅區,,,1061004,土地1建物1車位1,三層,十四層,住宅大樓(11層含以上有電梯),見其他登記事項,鋼筋混凝土造,1091021,105.65,2,2,1,有,有,4220000,43621,坡道平面,29.54,900000,權利買賣契約價格498萬元整含車位價款90萬元預售屋、或土地及建物分次登記案件；,RPPNMLSKJHGGFHD97DA,47.22,0.0,3.37,有,
新市區,房地(土地+建物)+車位,復興路１０５號三樓之７,15.27,都市：其他:住宅區,,,1061008,土地1建物1車位1,三層,十四層,住宅大樓(11層含以上有電梯),見其他登記事項,鋼筋混凝土造,1091021,105.5,2,2,1,有,有,4150000,42786,坡道平面,29.54,900000,權利買賣契約價格488萬元整含車位價款90萬元預售屋、或土地及建物分次登記案件；,RPQNMLSKJHGGFHD08DA,47.22,0.0,3.22,有,
新市區,房地(土地+建物)+車位,復興路１０５號三樓之２,20.96,都市：其他:住宅區,,,1080105,土地1建物1車位1,三層,十四層,住宅大樓(11層含以上有電梯),見其他登記事項,鋼筋混凝土造,1091021,133.93,3,2,2,有,有,5660000,45119,坡道平面,29.54,950000,權利買賣契約價格588萬元整含車位價款95萬元預售屋、或土地及建物分次登記案件；,RPRNMLSKJHGGFHD18DA,65.6,0.0,3.22,有,
新市區,房地(土地+建物)+車位,復興路１０５號六樓之５,20.96,都市：其他:住宅區,,,1060927,土地1建物1車位1,六層,十四層,住宅大樓(11層含以上有電梯),見其他登記事項,鋼筋混凝土造,1091021,136.70999999999998,3,2,2,有,有,6000000,47792,坡道平面,32.09,1000000,預售屋、或土地及建物分次登記案件；,RPSNMLSKJHGGFHD28DA,65.68,0.0,3.29,有,
新市區,房地(土地+建物)+車位,復興路１０７號八樓之３,15.57,都市：其他:住宅區,,,1070106,土地1建物1車位1,八層,十四層,住宅大樓(11層含以上有電梯),見其他登記事項,鋼筋混凝土造,1091021,105.72,2,2,1,有,有,4480000,47650,坡道平面,29.54,850000,預售屋、或土地及建物分次登記案件；,RPTNMLSKJHGGFHD38DA,47.29,0.0,3.37,有,
新市區,房地(土地+建物)+車位,復興路１０７號十樓之２,20.96,都市：其他:住宅區,,,1070128,土地1建物1車位1,十層,十四層,住宅大樓(11層含以上有電梯),見其他登記事項,鋼筋混凝土造,1091021,136.45999999999998,2,2,1,有,有,5900000,47427,坡道平面,32.09,950000,權利買賣契約價格653萬元整含車位價款95萬元預售屋、或土地及建物分次登記案件；,RPUNMLSKJHGGFHD48DA,65.6,0.0,3.22,有,
新市區,房地(土地+建物)+車位,復興路１０５號十四樓之５,20.96,都市：其他:住宅區,,,1080413,土地1建物1車位1,十四層,十四層,住宅大樓(11層含以上有電梯),見其他登記事項,鋼筋混凝土造,1091021,136.70999999999998,3,2,2,有,有,6630000,53814,坡道平面,32.09,1000000,預售屋、或土地及建物分次登記案件；,RPVNMLSKJHGGFHD58DA,65.68,0.0,3.29,有,
新市區,房地(土地+建物)+車位,復興路１０７號七樓之５,20.96,都市：其他:住宅區,,,1061219,土地1建物1車位1,七層,十四層,住宅大樓(11層含以上有電梯),見其他登記事項,鋼筋混凝土造,1091021,134.07999999999998,3,2,2,有,有,5760000,46968,坡道平面,29.54,850000,預售屋、或土地及建物分次登記案件；,RPWNMLSKJHGGFHD68DA,65.68,0.0,3.29,有,
新市區,房地(土地+建物)+車位,復興路１０７號八樓之２,20.96,都市：其他:住宅區,,,1061102,土地1建物1車位1,八層,十四層,住宅大樓(11層含以上有電梯),見其他登記事項,鋼筋混凝土造,1091021,136.45999999999998,2,2,2,有,有,5780000,45799,坡道平面,32.09,1000000,預售屋、或土地及建物分次登記案件；,RPXNMLSKJHGGFHD78DA,65.6,0.0,3.22,有,
新市區,房地(土地+建物)+車位,復興路１０７號十樓之６,20.96,都市：其他:住宅區,,,1070316,土地1建物1車位1,十層,十四層,住宅大樓(11層含以上有電梯),見其他登記事項,鋼筋混凝土造,1091021,136.56,3,2,1,有,有,5970000,48531,坡道平面,32.09,900000,預售屋、或土地及建物分次登記案件；,RPPOMLSKJHGGFHD08DA,65.68,0.0,3.22,有,
新市區,房地(土地+建物)+車位,復興路１０７號十一樓之２,20.96,都市：其他:住宅區,,,1070311,土地1建物1車位1,十一層,十四層,住宅大樓(11層含以上有電梯),見其他登記事項,鋼筋混凝土造,1091021,136.45999999999998,3,2,2,有,有,5930000,48194,坡道平面,32.09,900000,預售屋、或土地及建物分次登記案件；,RPQOMLSKJHGGFHD18DA,65.6,0.0,3.22,有,
新市區,房地(土地+建物)+車位,復興路１０５號十二樓之６,20.96,都市：其他:住宅區,,,1070629,土地1建物1車位1,十二層,十四層,住宅大樓(11層含以上有電梯),見其他登記事項,鋼筋混凝土造,1091021,134.09,3,2,2,有,有,6350000,51650,坡道平面,29.54,950000,預售屋、或土地及建物分次登記案件；,RPROMLSKJHGGFHD28DA,65.68,0.0,3.22,有,
新市區,房地(土地+建物)+車位,復興路１０７號十三樓之３,15.57,都市：其他:住宅區,,,1070811,土地1建物1車位1,十三層,十四層,住宅大樓(11層含以上有電梯),見其他登記事項,鋼筋混凝土造,1091021,105.72,2,2,1,有,有,4830000,50932,坡道平面,29.54,950000,預售屋、或土地及建物分次登記案件；,RPSOMLSKJHGGFHD38DA,47.29,0.0,3.37,有,
善化區,房地(土地+建物),坐駕４５之１２號,143.18,都市：其他:農業區,,,1091213,土地7建物1車位0,全,四層,透天厝,見其他登記事項,鋼筋混凝土造,0931214,186.59,5,2,3,有,無,18000000,96468,,0.0,0,,RPXSMLSKJHGGFHD66DA,176.03,0.0,10.56,無,
新市區,房地(土地+建物)+車位,復興路１０７號二樓之１,20.96,都市：其他:住宅區,,,1070602,土地1建物1車位1,二層,十四層,住宅大樓(11層含以上有電梯),見其他登記事項,鋼筋混凝土造,1091021,134.52,3,2,2,有,有,5500000,44294,坡道平面,29.54,850000,預售屋、或土地及建物分次登記案件；,RPXRMLSKJHGGFHD56DA,66.21,0.0,3.22,有,
新市區,土地,信義段850-2地號,104.86,都市：其他:機關用地,,,1091204,土地1建物0車位0,,,其他,,,,0.0,0,0,0,有,無,6344000,60500,,0.0,0,未登記建物；,RPQNMLKLJHGGFHD37DA,0.0,0.0,0.0,無,1000
新市區,土地,信義段850-5地號,52.83,都市：其他:廣場用地,,,1091204,土地1建物0車位0,,,其他,,,,0.0,0,0,0,有,無,3196000,60496,,0.0,0,,RPRNMLKLJHGGFHD47DA,0.0,0.0,0.0,無,1001
新市區,土地,大營段2145地號,2110.0,,特定農業區,農牧用地,1091228,土地1建物0車位0,,,其他,,,,0.0,0,0,0,有,無,14559000,6900,,0.0,0,,RPTNMLKLJHGGFHD67DA,0.0,0.0,0.0,無,
新市區,土地,大營段1674-1地號,1926.0,,一般農業區,農牧用地,1091015,土地5建物0車位0,,,其他,,,,0.0,0,0,0,有,無,33000000,17134,,0.0,0,,RPSOMLTKJHGGFHD48DA,0.0,0.0,0.0,無,1002
安定區,土地,蘇安段744地號,465.12,,特定農業區,甲種建築用地,1100108,土地1建物0車位0,,,其他,,,,0.0,0,0,0,有,無,5280000,11352,,0.0,0,,RPTOMLTKJHGGFHD58DA,0.0,0.0,0.0,無,0437
新市區,房地(土地+建物),豐榮１８８之３７號,292.64,,一般農業區,丁種建築用地,1091015,土地4建物1車位0,全,一層,透天厝,工業用,見其他登記事項,1080811,161.27,0,0,2,有,有,13000000,80610,,0.0,0,,RPUOMLTKJHGGFHD68DA,161.27,0.0,0.0,無,
安定區,土地,蘇厝段1412-15地號,1000.0,都市：其他:農業區(供申請變更開發為產業支援區),,,1100112,土地1建物0車位0,,,其他,,,,0.0,0,0,0,有,無,18000000,18000,,0.0,0,,RPOOMLKLJHGGFHD27DA,0.0,0.0,0.0,無,
七股區,土地,三吉段671地號,670.4,,一般農業區,農牧用地,1100108,土地2建物0車位0,,,其他,,,,0.0,0,0,0,有,無,490000,731,,0.0,0,親友、員工、共有人或其他特殊關係間之交易；,RPQOMLSKJHGGFGD08DA,0.0,0.0,0.0,無,
佳里區,土地,民安段441地號,1993.0,,特定農業區,農牧用地,1091231,土地1建物0車位0,,,其他,,,,0.0,0,0,0,有,無,4982500,2500,,0.0,0,,RPWOMLTKJHGGFGD78DA,0.0,0.0,0.0,無,
西港區,土地,檨林段679地號,656.59,,特定農業區,農牧用地,1091230,土地2建物0車位0,,,其他,,,,0.0,0,0,0,有,無,1650000,2513,,0.0,0,親友、員工、共有人或其他特殊關係間之交易；,RPPNMLKLJHGGFGD17DA,0.0,0.0,0.0,無,
佳里區,土地,通興段330地號,224.03,,鄉村區,乙種建築用地,1100112,土地1建物0車位0,,,其他,,,,0.0,0,0,0,有,無,1100000,4910,,0.0,0,親友、員工、共有人或其他特殊關係間之交易；,RPQNMLKLJHGGFGD27DA,0.0,0.0,0.0,無,
佳里區,房地(土地+建物)+車位,佳安東路６號六樓之１,21.08,,鄉村區,乙種建築用地,1091126,土地1建物1車位1,六層,十層,華廈(10層含以下有電梯),住家用,鋼筋混凝土造,0880917,146.11,3,2,2,有,有,3900000,26692,坡道平面,0.0,0,,RPXNMLTKJHGGFGD78DA,87.73,0.0,13.3,有,
佳里區,房地(土地+建物),禮化里佳里興２６７之７號,88.0,,鄉村區,乙種建築用地,1091121,土地1建物1車位0,全,二層,透天厝,住家用,鋼筋混凝土造,0801028,110.56,4,2,3,有,無,4700000,42511,,0.0,0,頂樓加蓋；其他增建；,RPQOMLTKJHGGFGD18DA,103.68,0.0,6.88,無,
七股區,土地,大文段643地號,138.0,,鄉村區,乙種建築用地,1091127,土地2建物0車位0,,,其他,,,,0.0,0,0,0,有,無,500000,3623,,0.0,0,親友、員工、共有人或其他特殊關係間之交易；,RPSOMLTKJHGGFGD38DA,0.0,0.0,0.0,無,
西港區,土地,劉厝段1417地號,1600.0,,特定農業區,農牧用地,1091231,土地1建物0車位0,,,其他,,,,0.0,0,0,0,有,無,4080000,2550,,0.0,0,,RPOOMLKLJHGGFGD17DA,0.0,0.0,0.0,無,
佳里區,土地,佳里段921-12地號,7.0,都市：其他:住宅區,,,1091110,土地1建物0車位0,,,其他,,,,0.0,0,0,0,有,無,700000,100000,,0.0,0,畸零地或有合併使用效益；,RPTPMLQLJHGGFGD38DA,0.0,0.0,0.0,無,
仁德區,房地(土地+建物)+車位,北保路６１號八樓之２,22.02,都市：其他:住宅區,,,1091203,土地1建物1車位1,八層,十二層,住宅大樓(11層含以上有電梯),見其他登記事項,見其他登記事項,1070628,123.11,2,2,1,有,有,6400000,51986,坡道平面,40.05,0,,RPUNMLSKJHGGFID58DA,50.99,0.0,5.01,有,1004
歸仁區,土地,豬厝段807-2地號,38.38,,一般農業區,農牧用地,1091231,土地1建物0車位0,,,其他,,,,0.0,0,0,0,有,無,232160,6049,,0.0,0,,RPWNMLPKJHGGFID48DA,0.0,0.0,0.0,無,1005
仁德區,房地(土地+建物),中正西路３６０巷２０弄４３號二樓之１,10.04,都市：其他:住宅區,,,1100109,土地2建物2車位0,二層,四層,華廈(10層含以下有電梯),見其他登記事項,鋼筋混凝土造,0960920,28.299999999999997,2,2,2,有,有,950000,33569,,0.0,0,夾層；,RPQNMLPKJHGGFID87DA,14.28,1.8,0.0,有,
歸仁區,土地,豬厝段807-2地號,30.7,,一般農業區,農牧用地,1091231,土地1建物0車位0,,,其他,,,,0.0,0,0,0,有,無,185720,6050,,0.0,0,,RPTNMLPKJHGGFID18DA,0.0,0.0,0.0,無,1005
歸仁區,土地,豬厝段807-2地號,38.38,,一般農業區,農牧用地,1091231,土地1建物0車位0,,,其他,,,,0.0,0,0,0,有,無,232160,6049,,0.0,0,,RPUNMLPKJHGGFID28DA,0.0,0.0,0.0,無,1005
關廟區,房地(土地+建物),園中街４６號,98.0,都市：其他:住宅區,,,1091214,土地1建物1車位0,全,三層,透天厝,住家用,見其他登記事項,1090708,205.73,5,2,3,有,無,9200000,44719,,0.0,0,,RPRNMLTKJHGGFID38DA,193.44,0.0,12.32,無,
關廟區,土地,東勢段37地號,140.0,都市：其他:住宅區,,,1091214,土地1建物0車位0,,,其他,,,,0.0,0,0,0,有,無,5506150,39330,,0.0,0,,RPSNMLTKJHGGFID48DA,0.0,0.0,0.0,無,
關廟區,土地,東勢段37-1地號,23.0,都市：其他:住宅區,,,1091214,土地1建物0車位0,,,其他,,,,0.0,0,0,0,有,無,904475,39325,,0.0,0,,RPTNMLTKJHGGFID58DA,0.0,0.0,0.0,無,
關廟區,土地,東勢段37-2地號,23.0,都市：其他:住宅區,,,1091214,土地1建物0車位0,,,其他,,,,0.0,0,0,0,有,無,904475,39325,,0.0,0,,RPUNMLTKJHGGFID68DA,0.0,0.0,0.0,無,
關廟區,土地,東勢段37-3地號,40.0,都市：其他:住宅區,,,1091214,土地1建物0車位0,,,其他,,,,0.0,0,0,0,有,無,1573000,39325,,0.0,0,,RPVNMLTKJHGGFID78DA,0.0,0.0,0.0,無,
仁德區,房地(土地+建物)+車位,保生東路７０號三樓之２,30.44,都市：其他:住宅區,,,1091202,土地1建物1車位1,三層,十四層,住宅大樓(11層含以上有電梯),見其他登記事項,見其他登記事項,1090218,159.0,2,2,2,有,有,17350000,125445,坡道平面,32.65,1500000,預售屋、或土地及建物分次登記案件；,RPWNMLRKKIPFFID07DA,70.82,0.0,13.94,有,
仁德區,房地(土地+建物)+車位,保生東路６８號三樓之１,71.17,都市：其他:住宅區,,,1091202,土地1建物1車位2,三層,十四層,住宅大樓(11層含以上有電梯),見其他登記事項,見其他登記事項,1090218,371.71000000000004,3,2,4,有,有,39500000,119121,坡道平面,65.3,3000000,預售屋、或土地及建物分次登記案件；,RPOOMLRKKIPFFID98DA,176.4,0.0,29.2,有,
仁德區,土地,崙尾段539地號,61.14,都市：其他:住宅區,,,1091007,土地1建物0車位0,,,其他,,,,0.0,0,0,0,有,無,6085600,99535,,0.0,0,,RPUNMLOKJHGGFID18DA,0.0,0.0,0.0,無,
仁德區,房地(土地+建物),太子里太子路２８巷２９弄１號,93.73,都市：其他:住宅區,,,1091017,土地2建物1車位0,全,四層,透天厝,住家用,鋼筋混凝土造,1040616,221.72,5,2,5,有,無,10800000,48710,,0.0,0,,RPPOMLLKJHGGFID47DA,198.24,0.0,23.44,無,
歸仁區,土地,歸仁北段329-5地號,146.4,都市：其他:道路用地,,,1100112,土地1建物0車位0,,,其他,,,,0.0,0,0,0,有,無,313680,2143,,0.0,0,包含公共設施保留地用地；,RPPPMLMKJHGGFID67DA,0.0,0.0,0.0,無,1008
歸仁區,土地,媽祖廟段二小段1226地號,1388.0,,特定農業區,農牧用地,1091221,土地1建物0車位0,,,其他,,,,0.0,0,0,0,有,無,13880000,10000,,0.0,0,,RPRPMLMKJHGGFID87DA,0.0,0.0,0.0,無,
仁德區,房地(土地+建物)+車位,太子三街６３號五樓之３,27.29,都市：其他:住宅區,,,1091218,土地2建物1車位1,五層,五層,華廈(10層含以下有電梯),見其他登記事項,見其他登記事項,1071122,91.81,2,2,1,有,有,5250000,57183,一樓平面,0.0,0,,RPXOMLOJJHGGFID48DA,47.35,3.4,4.49,有,1009
仁德區,土地,嘉南段267地號,130.92,都市：其他:乙種工業區,,,1091022,土地4建物0車位0,,,其他,,,,0.0,0,0,0,有,無,3200000,24442,,0.0,0,,RPTNMLKMKIPFFID88DA,0.0,0.0,0.0,無,
永康區,房地(土地+建物),安康里大橋一街５７之５號十三樓之３２,4.24,都市：其他:住宅區,,,1091221,土地1建物1車位0,十三層,十四層,住宅大樓(11層含以上有電梯),住家用,鋼筋混凝土造,0880824,40.79,1,1,1,有,有,2400000,58838,,0.0,0,,RPWOMLSKJHGGFKD09DA,27.44,0.0,2.74,有,1010
永康區,房地(土地+建物)+車位,復華一街１７８號六樓之１,31.13,都市：其他:住宅區,,,1070406,土地1建物1車位1,六層,十四層,住宅大樓(11層含以上有電梯),見其他登記事項,見其他登記事項,1090909,159.49,3,1,2,有,有,7200000,47224,坡道平面,28.2,1000000,預售屋、或土地及建物分次登記案件；,RPPNMLTKJHGGFKD38DA,78.91,0.0,9.8,有,
永康區,房地(土地+建物)+車位,復華一街１７８號四樓之１,31.13,都市：其他:住宅區,,,1070705,土地1建物1車位1,四層,十四層,住宅大樓(11層含以上有電梯),見其他登記事項,見其他登記事項,1090909,159.49,3,1,2,有,有,7280000,47071,坡道平面,28.2,1100000,預售屋、或土地及建物分次登記案件；,RPQNMLTKJHGGFKD48DA,78.91,0.0,9.8,有,
永康區,房地(土地+建物),王行路８９８巷５１號三樓之３,33.01,都市：其他:住宅區,,,1091130,土地1建物1車位0,三層,五層,華廈(10層含以下有電梯),見其他登記事項,見其他登記事項,1091203,95.15,3,2,2,有,有,4590000,48240,,0.0,0,土地款220萬房屋款239萬預售屋、或土地及建物分次登記案件；,RPUPMLSKJHGGFKD98DA,67.22,0.0,5.06,有,
永康區,房地(土地+建物)+車位,王行路８９８巷５１號三樓之１,38.9,都市：其他:住宅區,,,1091121,土地1建物1車位1,三層,五層,華廈(10層含以下有電梯),見其他登記事項,見其他登記事項,1091203,124.32,3,2,2,有,有,6200000,48840,一樓平面,17.85,1000000,土地款250萬房屋款270萬車位100萬預售屋、或土地及建物分次登記案件；,RPVPMLSKJHGGFKD09DA,71.67,0.0,9.33,有,
永康區,房地(土地+建物)+車位,王行路８９８巷５１號三樓之２,35.28,都市：其他:住宅區,,,1091127,土地1建物1車位1,三層,五層,華廈(10層含以下有電梯),見其他登記事項,見其他登記事項,1091203,114.56,3,2,2,有,有,5550000,48389,一樓平面,20.53,1000000,土地款218萬房屋款237萬車位100萬預售屋、或土地及建物分次登記案件；,RPWPMLSKJHGGFKD56DA,65.27,0.0,6.08,有,
永康區,房地(土地+建物)+車位,王行路８９８巷５１號四樓之２,35.28,都市：其他:住宅區,,,1091126,土地1建物1車位1,四層,五層,華廈(10層含以下有電梯),見其他登記事項,見其他登記事項,1091203,114.56,3,2,2,有,有,5600000,48921,一樓平面,20.53,1000000,土地款221萬房屋款239萬車位100萬預售屋、或土地及建物分次登記案件；,RPXPMLSKJHGGFKD66DA,65.27,0.0,6.08,有,
永康區,房地(土地+建物)+車位,王行路８９８巷５１號五樓之２,34.86,都市：其他:住宅區,,,1091127,土地1建物1車位1,五層,五層,華廈(10層含以下有電梯),見其他登記事項,見其他登記事項,1091203,111.87,3,2,2,有,有,5650000,49458,一樓平面,17.85,1000000,土地款223萬房屋款242萬車位100萬預售屋、或土地及建物分次登記案件；,RPPQMLSKJHGGFKD58DA,65.27,0.0,6.08,有,
永康區,房地(土地+建物)+車位,王行路８９８巷５１號二樓之３,35.15,都市：其他:住宅區,,,1091128,土地1建物1車位1,二層,五層,華廈(10層含以下有電梯),見其他登記事項,見其他登記事項,1091203,113.00999999999999,3,2,2,有,有,5320000,45397,一樓平面,17.85,1000000,土地款207萬房屋款225萬車位100萬預售屋、或土地及建物分次登記案件；,RPQQMLSKJHGGFKD68DA,67.22,0.0,5.06,有,
永康區,房地(土地+建物),王行路８９８巷５１號四樓之１,36.76,都市：其他:住宅區,,,1091126,土地1建物1車位0,四層,五層,華廈(10層含以下有電梯),見其他登記事項,見其他登記事項,1091203,106.47,3,2,2,有,有,5220000,49028,,0.0,0,土地款251萬房屋款271萬預售屋、或土地及建物分次登記案件；,RPRQMLSKJHGGFKD78DA,71.67,0.0,9.33,有,
永康區,土地,埔園段460地號,24.08,都市：其他:道路用地,,,1091120,土地2建物0車位0,,,其他,,,,0.0,0,0,0,有,無,506600,21038,,0.0,0,購買共有持分土地,RPWNMLTKJHGGFKD09DA,0.0,0.0,0.0,無,
永康區,房地(土地+建物),大灣路４０巷２００號,87.0,都市：其他:住宅區,,,1091229,土地1建物1車位0,全,三層,透天厝,住家用,見其他登記事項,1091014,185.63,5,2,5,有,無,15000000,80806,,0.0,0,,RPROMLTKJHGGFKD68DA,176.02,0.0,9.61,無,
永康區,房地(土地+建物),南台街９９號七樓之９,12.26,都市：其他:住宅區,,,1100128,土地1建物2車位0,七層,七層,華廈(10層含以下有電梯),住家用,鋼筋混凝土造,0840921,65.45,2,0,2,有,有,2480000,37892,,0.0,0,,RPTOMLTKJHGGFKD88DA,36.62,0.0,8.53,有,
永康區,房地(土地+建物),勝利里勝利街２巷６２號,74.43,都市：其他:住宅區,,,1091209,土地1建物1車位0,全,二層,透天厝,住家用,加強磚造,0701223,97.44,4,3,2,有,無,6000000,61576,,0.0,0,親友、員工、共有人或其他特殊關係間之交易；,RPOPMLTKJHGGFKD48DA,90.3,0.0,7.14,無,
永康區,土地,五王段837-7地號,704.85,都市：其他:計畫道路用地,,,1100114,土地1建物0車位0,,,其他,,,,0.0,0,0,0,有,無,5885216,8350,,0.0,0,本案買賣移轉之印花稅、登記規費、代辦代書費等相關費用，皆由買方負擔。包含公共設施保留地用地；,RPRNMLKLJHGGFKD77DA,0.0,0.0,0.0,無,
永康區,土地,二王段96地號,5.03,都市：其他:道路用地,,,1091224,土地2建物0車位0,,,其他,,,,0.0,0,0,0,有,無,118250,23509,,0.0,0,包含公共設施保留地用地；,RPSNMLKLJHGGFKD87DA,0.0,0.0,0.0,無,
永康區,房地(土地+建物)+車位,東橋七路３６７號四樓之７,16.67,都市：其他:住宅區,,,1091224,土地1建物1車位1,四層,十八層,住宅大樓(11層含以上有電梯),住家用,見其他登記事項,1071214,108.47999999999999,2,2,1,有,有,7200000,66372,坡道平面,19.23,0,,RPOPMLPKJHGGFKD08DA,49.15,4.56,4.48,有,1011
永康區,土地,兵北段591地號,204.09,都市：其他:計畫道路用地,,,1100111,土地1建物0車位0,,,其他,,,,0.0,0,0,0,有,無,1571510,7700,,0.0,0,包含公共設施保留地用地；,RPRNMLQKJHGGFKD28DA,0.0,0.0,0.0,無,0586
永康區,土地,東南段1037-1地號,191.19,都市：其他:道路用地,,,1100106,土地2建物0車位0,,,其他,,,,0.0,0,0,0,有,無,3351205,17528,,0.0,0,包含公共設施保留地用地；,RPSNMLQKJHGGFKD38DA,0.0,0.0,0.0,無,1013
永康區,房地(土地+建物)+車位,東橋一路５８２號十樓之２,17.53,都市：其他:住宅區,,,1091211,土地1建物1車位1,十層,十五層,住宅大樓(11層含以上有電梯),住家用,見其他登記事項,1050829,117.47999999999999,2,2,1,有,有,7450000,63415,坡道平面,0.0,0,,RPTNMLQKJHGGFKD48DA,53.47,0.0,7.61,有,
永康區,房地(土地+建物),北興路６號,84.79,都市：其他:住宅區,,,1091206,土地1建物1車位0,全,二層,透天厝,住商用,加強磚造,0691224,113.62,4,2,4,有,無,11000000,96814,,0.0,0,,RPSQMLPKJHGGFKD58DA,113.62,0.0,0.0,無,1014
永康區,房地(土地+建物),洲里仁愛街６９號,82.37,都市：其他:商業區,,,1091128,土地1建物1車位0,全,五層,透天厝,住商用,鋼筋混凝土造,0951128,245.51,6,2,7,有,無,17500000,71280,,0.0,0,,RPWNMLSKJHGGFKD98DA,228.13,5.21,12.17,無,
永康區,房地(土地+建物),東灣里民族路２７３巷３３號十樓之２,26.56,都市：其他:住宅區,,,1091102,土地3建物1車位0,十層，十一層,十一層,住宅大樓(11層含以上有電梯),住家用,鋼筋混凝土造,0831006,175.71,4,3,3,有,有,5750000,32724,,0.0,0,,RPPNMLRKJHGGFKD18DA,89.16,11.35,39.07,有,
永康區,房地(土地+建物),網寮里中山南路５４４巷４０弄７號,142.67,都市：其他:住宅區,,,1091206,土地1建物1車位0,全,二層,透天厝,住家用,鋼筋混凝土造,0790512,170.12,4,2,3,有,無,10300000,60545,,0.0,0,頂樓加蓋；,RPPOMLSKJHGGFKD38DA,138.61,25.87,5.64,無,
永康區,房地(土地+建物),西灣里國光八街１１巷１１號四樓,22.3,都市：其他:住宅區,,,1091218,土地1建物1車位0,四層，見其他登記事項,七層,華廈(10層含以下有電梯),住家用,鋼筋混凝土造,0810604,133.62,3,2,2,有,無,4180000,31283,,0.0,0,,RPSNMLSKJHGGFKD58DA,89.91,0.0,13.46,有,
永康區,房地(土地+建物),南工街２２６巷６弄１５號,84.35,都市：其他:住宅區,,,1091223,土地2建物1車位0,全,四層,透天厝,住家用,鋼筋混凝土造,0851030,209.53,3,2,3,有,無,9700000,46294,,0.0,0,,RPVOMLNKJHGGFKD48DA,177.9,8.92,22.71,無,
永康區,房地(土地+建物)+車位,永明街２６３之９號,28.0,都市：其他:住宅區,,,1091010,土地1建物1車位1,三層,五層,華廈(10層含以下有電梯),住家用,鋼筋混凝土造,0821109,119.37,3,2,2,有,有,4200000,35185,一樓平面,0.0,0,,RPQOMLNKJHGGFKD97DA,81.47,0.0,10.25,有,
永康區,房地(土地+建物)+車位,東橋十二街５９號十一樓之２,22.12,都市：其他:住宅區,,,1091107,土地1建物1車位1,十一層,十五層,住宅大樓(11層含以上有電梯),住家用,見其他登記事項,1060623,136.54,0,1,1,有,有,9350000,68478,坡道平面,28.27,0,,RPOPMLRJJHGGFKD18DA,69.5,0.0,5.58,有,1015
永康區,房地(土地+建物),中山南路６３６號,176.69,都市：其他:住宅區,,,1091008,土地4建物2車位0,全,二層,透天厝,住家用,加強磚造,0640000,167.38,6,4,4,有,無,22000000,131437,,0.0,0,頂樓加蓋；其他增建；,RPXNMLLLJHGGFKD48DA,167.38,0.0,0.0,無,
南化區,土地,竹頭崎段300-2地號,13573.0,,山坡地保育區,農牧用地,1091223,土地2建物0車位0,,,其他,,,,0.0,0,0,0,有,無,4000000,295,,0.0,0,農作物；,RPRNMLSKJHGGFJD38DA,0.0,0.0,0.0,無,
玉井區,土地,三埔段284地號,7915.0,,山坡地保育區,農牧用地,1100107,土地3建物0車位0,,,其他,,,,0.0,0,0,0,有,無,2448000,309,,0.0,0,附近有墳墓及交通不便,RPPNMLKLJHGGFJD47DA,0.0,0.0,0.0,無,
永康區,房地(土地+建物),甲頂里南台街５４巷４１弄３２號,84.68,都市：其他:計畫道路用地,,,1091127,土地2建物1車位0,全,二層,透天厝,見其他登記事項,鋼筋混凝土造,0771116,126.4,12,0,12,有,無,11000000,87025,,0.0,0,陽台外推；頂樓加蓋；其他增建；,RPPPMLRLJIPFFKD76DA,93.8,14.26,18.34,無,
永康區,房地(土地+建物),中正三街４７８號,562.0,都市：其他:工業區,,,1091125,土地1建物1車位0,全,二層,透天厝,見其他登記事項,見其他登記事項,1071018,741.0,2,0,0,有,無,40000000,53981,,0.0,0,,RPQNMLMLKIPFFKD88DA,741.0,0.0,0.0,有,
新營區,房地(土地+建物),民榮里復興路３０７號,103.56,都市：其他:商業區,,,1100112,土地2建物1車位0,全,三層,透天厝,住商用,鋼筋混凝土造,0760402,256.5,4,3,3,有,無,20000000,77973,,0.0,0,,RPQNMLKLJHGGFDD07EA,245.76,0.0,10.74,無,
新營區,房地(土地+建物),忠政里府西路７７巷２３號,70.7,都市：其他:住宅區,,,1100114,土地1建物1車位0,全,二層,透天厝,住家用,加強磚造,0720809,103.85,2,1,2,有,無,5380000,51805,,0.0,0,,RPRNMLKLJHGGFDD17EA,96.62,0.0,7.23,無,1016
新營區,房地(土地+建物),復興路６２０巷３９弄５２號五樓之三,9.35,都市：其他:住宅區,,,1091231,土地1建物1車位0,五層,六層,華廈(10層含以下有電梯),住家用,鋼筋混凝土造,0810617,44.6,1,1,1,有,無,800000,17937,,0.0,0,,RPSNMLKLJHGGFDD27EA,24.26,0.0,4.35,有,
新營區,土地,建國段407地號,9.93,,鄉村區,乙種建築用地,1100115,土地1建物0車位0,,,其他,,,,0.0,0,0,0,有,無,60000,6042,,0.0,0,瑕疵物件；,RPUNMLKLJHGGFDD47EA,0.0,0.0,0.0,無,
柳營區,房地(土地+建物),十美街１８６巷６號,87.0,都市：其他:住宅區,,,1080520,土地1建物1車位0,全,三層,透天厝,住家用,鋼筋混凝土造,1090907,161.33,5,2,5,有,無,7280000,45125,,0.0,0,預售屋、或土地及建物分次登記案件；,RPVNMLKLJHGGFDD57EA,142.76,0.0,18.57,無,
新營區,土地,新秀才段662地號,551.95,,河川區,農牧用地,1100111,土地1建物0車位0,,,其他,,,,0.0,0,0,0,有,無,146000,265,,0.0,0,親友、員工、共有人或其他特殊關係間之交易；,RPXNMLKLJHGGFDD77EA,0.0,0.0,0.0,無,
新營區,土地,後鎮段1068地號,1379.0,,特定農業區,農牧用地,1091025,土地1建物0車位0,,,其他,,,,0.0,0,0,0,有,無,4588622,3327,,0.0,0,,RPQNMLLLJHGGFDD17EA,0.0,0.0,0.0,無,
新營區,房地(土地+建物),民榮里１７鄰新榮四街９９號,335.99,都市：其他:工業區,,,1091223,土地2建物1車位0,全,三層,透天厝,見其他登記事項,鋼筋混凝土造,0960928,297.74,4,2,5,有,無,23800000,79936,,0.0,0,工業住宅夾層；其他增建；,RPRNMLLLJHGGFDD27EA,263.88,0.0,33.86,無,
新營區,房地(土地+建物),三仙里３２鄰三興街１４４巷１弄２號,98.68,都市：其他:住宅區,,,1091223,土地1建物1車位0,全,四層,透天厝,住家用,鋼筋混凝土造,0881122,195.37,4,2,4,有,無,6800000,34806,,0.0,0,賣方不負物之瑕疵修繕之責.其他增建；,RPSNMLLLJHGGFDD37EA,188.61,0.0,6.76,無,
南區,房地(土地+建物),永興四街６５巷１６號,79.0,都市：其他:住宅區,,,1091207,土地2建物1車位0,全,二層,透天厝,住家用,加強磚造,0660506,99.6,4,3,2,有,無,5800000,58233,,0.0,0,一樓車庫及廚房二樓後方三樓全部其他增建；,RPWPMLSKJHGGFCD48EA,99.6,0.0,0.0,無,1017
南區,房地(土地+建物),福吉二街４８巷９號,66.0,都市：其他:住宅區,,,1091221,土地1建物1車位0,全,三層,透天厝,住家用,鋼筋混凝土造,0650214,126.0,4,2,3,有,無,7600000,60317,,0.0,0,,RPVNMLTKJHGGFCD28EA,126.0,0.0,0.0,無,
東區,房地(土地+建物)+車位,裕農路３７０號,23.83,都市：其他:第五種住宅區,,,1091216,土地1建物1車位1,一層，二層，三層，騎樓,十六層,住宅大樓(11層含以上有電梯),住商用,鋼筋混凝土造,0841227,168.47,3,2,2,有,有,8200000,48673,坡道平面,0.0,0,親友、員工、共有人或其他特殊關係間之交易；,RPTNMLSKJHGGFCD97EA,110.76,0.0,8.64,有,
安南區,土地,原佃段838-1地號,202.27,都市：其他:細部計畫道路用地,,,1100111,土地3建物0車位0,,,其他,,,,0.0,0,0,0,有,無,1835500,9075,,0.0,0,親友、員工、共有人或其他特殊關係間之交易；,RPUNMLSKJHGGFBD97EA,0.0,0.0,0.0,無,
安南區,土地,淵中段19-1地號,622.5,都市：其他:農業區,,,1100113,土地1建物0車位0,,,其他,,,,0.0,0,0,0,有,無,2552265,4100,,0.0,0,親友、員工、共有人或其他特殊關係間之交易；,RPVNMLTKJHGGFBD18EA,0.0,0.0,0.0,無,
安南區,土地,安中段594地號,845.02,都市：其他:國中學校用地,,,1100108,土地3建物0車位0,,,其他,,,,0.0,0,0,0,有,無,25560000,30248,,0.0,0,包含公共設施保留地用地；,RPXNMLTKJHGGFBD38EA,0.0,0.0,0.0,無,0833
中西區,房地(土地+建物),開山路１２２巷５６弄７號五樓之２,26.37,都市：其他:細部計畫道路用地,,,1091124,土地2建物1車位0,五層,五層,華廈(10層含以下有電梯),住家用,鋼筋混凝土造,0820719,115.56,4,3,3,有,無,5080000,43960,,0.0,0,陽台外推；頂樓加蓋；其他增建；,RPTOMLTKJHGGFAD97EA,86.92,0.0,5.41,有,
歸仁區,房地(土地+建物),文化街三段１８巷３５號,75.68,都市：其他:住宅區,,,1091201,土地2建物1車位0,全,五層,透天厝,住家用,鋼筋混凝土造,0820320,213.18,5,3,3,有,無,3000000,14073,,0.0,0,親友、員工、共有人或其他特殊關係間之交易；,RPWOMLSJKIPFFID27EA,191.6,6.69,14.89,無,
善化區,房地(土地+建物)+車位,永福路２７號二樓,24.56,都市：其他:住宅區,,,1091220,土地1建物1車位1,二層,八層,華廈(10層含以下有電梯),住家用,鋼筋混凝土造,0881004,164.14,3,2,2,有,有,5390000,32838,坡道平面,0.0,0,,RPUNMLKLJHGGFHD87EA,91.97,0.0,10.11,有,1019
永康區,土地,鹽東段1440地號,253.85,都市：其他:道路用地,,,1091216,土地2建物0車位0,,,其他,,,,0.0,0,0,0,有,無,4835000,19047,,0.0,0,包含公共設施保留地用地；,RPSNMLKLJHGGFKD97EA,0.0,0.0,0.0,無,1020
麻豆區,土地,新樓段21地號,206.35,都市：其他:農業區,,,1100107,土地1建物0車位0,,,其他,,,,0.0,0,0,0,有,無,470000,2278,,0.0,0,畸零地或有合併使用效益；,RPSNMLKLJHGGFFD47EA,0.0,0.0,0.0,無,
學甲區,土地,宅子港段165-1532地號,924.0,,特定農業區,農牧用地,1091231,土地4建物0車位0,,,其他,,,,0.0,0,0,0,有,無,1293600,1400,,0.0,0,,RPQNMLTKJHGGFGD18EA,0.0,0.0,0.0,無,
學甲區,土地,仁得段1176地號,66.78,都市：其他:住宅區,,,1091227,土地1建物0車位0,,,其他,,,,0.0,0,0,0,有,無,1000000,14975,,0.0,0,,RPROMLTKJHGGFGD38EA,0.0,0.0,0.0,無,
佳里區,土地,佳東段667地號,41.58,都市：其他:住宅區,,,1100112,土地1建物0車位0,,,其他,,,,0.0,0,0,0,有,無,1006000,24194,,0.0,0,,RPTNMLKLJHGGFGD67EA,0.0,0.0,0.0,無,
七股區,土地,三聖段2007地號,2323.32,,一般農業區,農牧用地,1091229,土地6建物0車位0,,,其他,,,,0.0,0,0,0,有,無,1680198,723,,0.0,0,親友、員工、共有人或其他特殊關係間之交易；,RPVNMLKLJHGGFGD87EA,0.0,0.0,0.0,無,
七股區,土地,三聖段598地號,435.12,,一般農業區,甲種建築用地,1091229,土地1建物0車位0,,,其他,,,,0.0,0,0,0,有,無,478632,1100,,0.0,0,親友、員工、共有人或其他特殊關係間之交易；,RPWNMLKLJHGGFGD97EA,0.0,0.0,0.0,無,
麻豆區,土地,海埤段893地號,155.61,都市：其他:計畫道路用地,,,1091231,土地5建物0車位0,,,其他,,,,0.0,0,0,0,有,無,370000,2378,,0.0,0,持分買賣,RPUNMLKLJHGGFFD67EA,0.0,0.0,0.0,無,0038
麻豆區,土地,廟後段278地號,4162.49,,一般農業區,農牧用地,1091220,土地1建物0車位0,,,其他,,,,0.0,0,0,0,有,無,900000,216,,0.0,0,親友、員工、共有人或其他特殊關係間之交易；,RPVNMLKLJHGGFFD77EA,0.0,0.0,0.0,無,
六甲區,土地,港子頭段162-29地號,921.5,,特定農業區,甲種建築用地,1091130,土地2建物0車位0,,,其他,,,,0.0,0,0,0,有,無,4181300,4537,,0.0,0,未登記建物；,RPTNMLLLJHGGFFD67EA,0.0,0.0,0.0,無,1022
六甲區,土地,港子頭段162-29地號,921.5,,特定農業區,甲種建築用地,1091130,土地2建物0車位0,,,其他,,,,0.0,0,0,0,有,無,4181300,4537,,0.0,0,未登記建物；,RPUNMLLLJHGGFFD77EA,0.0,0.0,0.0,無,1022
後壁區,土地,竹新段302地號,145.09,,鄉村區,乙種建築用地,1100104,土地1建物0車位0,,,其他,,,,0.0,0,0,0,有,無,580355,4000,,0.0,0,親友、員工、共有人或其他特殊關係間之交易；未登記建物；,RPVNMLKLJHGGFED67EA,0.0,0.0,0.0,無,
新化區,房地(土地+建物),正新路２７３號,50.83,都市：其他:市場用地,,,1091230,土地1建物1車位0,全,二層,透天厝,見其他登記事項,加強磚造,0670802,117.21,2,1,1,有,無,5500000,46924,,0.0,0,,RPSOMLLLJHGGFHD87EA,117.21,0.0,0.0,無,
歸仁區,土地,歸仁北段220-31地號,70.0,都市：其他:道路用地,,,1091218,土地4建物0車位0,,,其他,,,,0.0,0,0,0,有,無,6000000,85714,,0.0,0,親友、員工、共有人或其他特殊關係間之交易；未登記建物；,RPXOMLSJKIPFFID37EA,0.0,0.0,0.0,無,
龍崎區,土地,中坑子段495-2地號,2751.0,,山坡地保育區,農牧用地,1100112,土地1建物0車位0,,,其他,,,,0.0,0,0,0,有,無,500000,182,,0.0,0,親友、員工、共有人或其他特殊關係間之交易；,RPRPMLLLKIPFFID98EA,0.0,0.0,0.0,無,
關廟區,房地(土地+建物),中山路二段１６５巷１１６號,69.0,都市：其他:住宅區,,,1091227,土地1建物1車位0,全,三層,透天厝,住家用,見其他登記事項,1090305,151.01,4,2,3,有,無,9680000,64102,,0.0,0,含裝潢費1050000元；,RPTOMLNJKIPFFID09EA,142.88,0.0,8.13,無,
安南區,房地(土地+建物),安六街９６號,109.27,都市：其他:住宅區,,,1091119,土地1建物1車位0,全,五層,透天厝,見其他登記事項,鋼筋混凝土造,1090421,315.07,5,2,6,有,無,20000000,63478,,0.0,0,陽台外推；其他增建；,RPOOMLLLJHGGFBD86EA,274.09,0.0,40.98,有,
東區,土地,光明段857-2地號,15.67,都市：其他:第五種住宅區,,,1100104,土地1建物0車位0,,,其他,,,,0.0,0,0,0,有,無,1200000,76579,,0.0,0,親友、員工、共有人或其他特殊關係間之交易；,RPROMLKLJHGGFCD17EA,0.0,0.0,0.0,無,1024
新營區,房地(土地+建物),復興路５３９號,87.0,都市：其他:住宅區,,,1091224,土地1建物1車位0,全,一層,透天厝,見其他登記事項,見其他登記事項,0810920,14.77,2,1,1,有,無,5263500,356364,,0.0,0,親友、員工、共有人或其他特殊關係間之交易；,RPPNMLLLJHGGFDD07EA,14.77,0.0,0.0,無,
永康區,房地(土地+建物),大橋里大橋一街１８１巷１６號三樓之２,17.68,都市：其他:住宅區,,,1091219,土地1建物1車位0,三層,六層,華廈(10層含以下有電梯),住家用,鋼筋混凝土造,0851019,91.77000000000001,2,2,1,有,無,3940000,42933,,0.0,0,其他增建；,RPTNMLTKKIPFFKD17DA,59.6,2.45,8.32,有,
永康區,土地,鹽行段1583-1地號,535.67,都市：其他:道路用地,,,1091228,土地2建物0車位0,,,其他,,,,0.0,0,0,0,有,無,17043323,31817,,0.0,0,包含公共設施保留地用地；,RPPNMLQLKIPFFKD56DA,0.0,0.0,0.0,無,1025
永康區,土地,蜈蜞潭段2065-2地號,652.43,都市：其他:道路用地,,,1091228,土地9建物0車位0,,,其他,,,,0.0,0,0,0,有,無,22206792,34037,,0.0,0,包含公共設施保留地用地；,RPQNMLQLKIPFFKD66DA,0.0,0.0,0.0,無,1026
永康區,房地(土地+建物)+車位,小東路４２３巷８號十一樓之３,49.35,都市：其他:住宅區,,,1091215,土地1建物1車位1,十一層,十四層,住宅大樓(11層含以上有電梯),集合住宅,鋼筋混凝土構造,1010320,185.82999999999998,3,2,2,有,有,12600000,67804,坡道平面,0.0,0,,RPOOMLLMKIPFFKD78DA,102.89,12.03,0.0,有,1027
永康區,土地,永和段828地號,294.33,都市：其他:廣場(兼供道路使用),,,1091228,土地1建物0車位0,,,其他,,,,0.0,0,0,0,有,無,10489192,35638,,0.0,0,包含公共設施保留地用地；,RPSNMLQLKIPFFKD86DA,0.0,0.0,0.0,無,1028
楠西區,房地(土地+建物),忠孝路１７０巷５號,130.2,都市：其他:住宅區,,,1091227,土地1建物1車位0,全,三層,透天厝,住家用,見其他登記事項,1050108,186.38,5,2,4,有,無,7300000,39167,,0.0,0,,RPQNMLKLJHGGFJD57DA,174.59,0.0,11.79,無,
楠西區,土地,中興段178地號,1807.9,都市：其他:計畫道路用地,,,1091130,土地2建物0車位0,,,其他,,,,0.0,0,0,0,有,無,19680000,10886,,0.0,0,預售屋、或土地及建物分次登記案件；,RPPNMLTKJHGGFJD28DA,0.0,0.0,0.0,無,
永康區,房地(土地+建物),五福街１１０巷４０號,73.66,都市：其他:住宅區,,,1091227,土地1建物1車位0,全,二層,透天厝,住商用,加強磚造,0710218,100.95,2,2,2,有,無,5000000,49529,,0.0,0,親友、員工、共有人或其他特殊關係間之交易；未登記建物；,RPVNMLLLJHGGFKD28DA,97.24,0.0,3.71,無,
永康區,土地,烏竹段1127地號,2658.82,都市：其他:住宅區,,,1091111,土地8建物0車位0,,,其他,,,,0.0,0,0,0,有,無,197491905,74278,,0.0,0,包含公共設施保留地用地；,RPTSMLQLJHGGFKD09DA,0.0,0.0,0.0,無,1029
永康區,建物,中山南路１２３巷２２號之２,0.0,,,,1091122,土地0建物1車位0,三層,五層,公寓(5樓含以下無電梯),住家用,鋼筋混凝土造,0701202,100.96000000000001,3,2,2,有,無,2280000,22583,,0.0,0,,RPTNMLQJJHGGFKD38DA,79.4,0.0,6.8,無,
永康區,房地(土地+建物),五王里中華二路２０６巷５２弄１號之２,26.39,都市：其他:商業區,,,1091205,土地1建物1車位0,三層,五層,公寓(5樓含以下無電梯),住家用,鋼筋混凝土造,0701222,91.35,3,2,2,有,無,3720000,40722,,0.0,0,陽台外推；,RPXOMLPJJHGGFKD78DA,69.01,0.0,13.4,無,
永康區,土地,東橋段233地號,313.03,都市：其他:道路用地,,,1091224,土地1建物0車位0,,,其他,,,,0.0,0,0,0,有,無,8660000,27665,,0.0,0,包含公共設施保留地用地；,RPSNMLNKJHGGFKD08DA,0.0,0.0,0.0,無,
永康區,房地(土地+建物),王行里王行路３９２號,171.35,都市：其他:住宅區,,,1091020,土地3建物1車位0,全,三層,透天厝,住商用,鋼筋混凝土造,0790820,232.51,8,2,5,有,無,11250000,48385,,0.0,0,頂樓加蓋；其他增建；,RPRPMLNKJHGGFKD18DA,206.88,10.75,14.88,無,
永康區,房地(土地+建物),龍橋街４５９巷８之２２號,88.28,都市：其他:住宅區,,,1080607,土地1建物1車位0,全,四層,透天厝,住家用,見其他登記事項,1090717,175.2,5,2,3,有,無,11880000,67808,,0.0,0,,RPTQMLPKJHGGFKD68DA,141.94,0.0,33.26,無,
永康區,房地(土地+建物),龍橋街４５９巷８之１８號,86.24,都市：其他:住宅區,,,1091107,土地1建物1車位0,全,四層,透天厝,住家用,見其他登記事項,1090717,182.98,5,2,3,有,無,13260000,72467,,0.0,0,,RPQQMLPKJHGGFKD38DA,149.86,0.0,33.12,無,
永康區,房地(土地+建物),龍橋街４５９巷８之２０號,83.94,都市：其他:住宅區,,,1091202,土地1建物1車位0,全,四層,透天厝,住家用,見其他登記事項,1090717,182.98,5,2,3,有,無,13380000,73123,,0.0,0,,RPRQMLPKJHGGFKD48DA,149.86,0.0,33.12,無,
永康區,房地(土地+建物),龍橋街４５９巷８之２６號,86.18,都市：其他:住宅區,,,1080607,土地1建物1車位0,全,四層,透天厝,住家用,見其他登記事項,1090717,175.2,5,2,3,有,無,11880000,67808,,0.0,0,,RPVQMLPKJHGGFKD88DA,141.94,0.0,33.26,無,
永康區,房地(土地+建物),龍橋街４５９巷８之２８號,84.08,都市：其他:住宅區,,,1080607,土地1建物1車位0,全,四層,透天厝,住家用,見其他登記事項,1090717,175.2,5,2,3,有,無,11880000,67808,,0.0,0,,RPUNMLQKJHGGFKD58DA,141.94,0.0,33.26,無,
永康區,房地(土地+建物),龍橋街４５９巷８之３０號,81.98,都市：其他:住宅區,,,1080616,土地1建物1車位0,全,四層,透天厝,住家用,見其他登記事項,1090717,175.2,5,2,3,有,無,12000000,68493,,0.0,0,,RPVNMLQKJHGGFKD68DA,141.94,0.0,33.26,無,
永康區,房地(土地+建物),龍橋街４５９巷８之３２號,79.89,都市：其他:住宅區,,,1090501,土地1建物1車位0,全,四層,透天厝,住家用,見其他登記事項,1090717,170.82,5,2,3,有,無,12300000,72006,,0.0,0,,RPWNMLQKJHGGFKD78DA,141.94,0.0,28.88,無,
永康區,房地(土地+建物),龍橋街４５９巷８之３６號,77.79,都市：其他:住宅區,,,1091108,土地1建物1車位0,全,四層,透天厝,住家用,見其他登記事項,1090717,170.82,5,2,3,有,無,12700000,74347,,0.0,0,,RPXNMLQKJHGGFKD88DA,141.94,0.0,28.88,無,
永康區,房地(土地+建物),龍橋街４５９巷８之３８號,75.69,都市：其他:住宅區,,,1091024,土地1建物1車位0,全,四層,透天厝,住家用,見其他登記事項,1090717,170.82,5,2,3,有,無,12200000,71420,,0.0,0,,RPOOMLQKJHGGFKD08DA,141.94,0.0,28.88,無,
永康區,房地(土地+建物),龍橋街４５９巷８之４０號,73.59,都市：其他:住宅區,,,1091023,土地1建物1車位0,全,四層,透天厝,住家用,見其他登記事項,1090717,170.82,5,2,3,有,無,12380000,72474,,0.0,0,,RPPOMLQKJHGGFKD18DA,141.94,0.0,28.88,無,
永康區,房地(土地+建物),龍橋街４５９巷８之１５號,267.84,都市：其他:道路用地,,,1080127,土地2建物1車位0,全,四層,透天厝,住家用,鋼筋混凝土構造,1090716,193.86,6,2,3,有,無,15000000,77375,,0.0,0,預售屋、或土地及建物分次登記案件；,RPROMLQKJHGGFKD38DA,167.62,0.0,26.24,無,
永康區,房地(土地+建物),龍橋街４５９巷８之１７號,90.57,都市：其他:住宅區,,,1080316,土地1建物1車位0,全,四層,透天厝,住家用,見其他登記事項,1090716,175.2,5,2,3,有,無,12000000,68493,,0.0,0,,RPSOMLQKJHGGFKD48DA,141.94,0.0,33.26,無,
永康區,房地(土地+建物),龍橋街４５９巷８之１９號,89.81,都市：其他:住宅區,,,1080224,土地1建物1車位0,全,四層,透天厝,住家用,見其他登記事項,1090716,175.2,5,2,3,有,無,12000000,68493,,0.0,0,,RPTOMLQKJHGGFKD58DA,141.94,0.0,33.26,無,
永康區,房地(土地+建物),龍橋街４５９巷８之２１號,89.05,都市：其他:住宅區,,,1080907,土地1建物1車位0,全,四層,透天厝,住家用,見其他登記事項,1090716,175.2,5,2,3,有,無,12000000,68493,,0.0,0,,RPUOMLQKJHGGFKD68DA,141.94,0.0,33.26,無,
永康區,房地(土地+建物),龍橋街４５９巷８之２３號,88.29,都市：其他:住宅區,,,1080615,土地1建物1車位0,全,四層,透天厝,住家用,見其他登記事項,1090716,175.2,5,2,3,有,無,12000000,68493,,0.0,0,,RPVOMLQKJHGGFKD78DA,141.94,0.0,33.26,無,
永康區,房地(土地+建物),龍橋街４５９巷８之２５號,87.54,都市：其他:住宅區,,,1081212,土地1建物1車位0,全,四層,透天厝,住家用,見其他登記事項,1090716,175.2,5,2,3,有,無,12060000,68836,,0.0,0,,RPWOMLQKJHGGFKD88DA,141.94,0.0,33.26,無,
永康區,房地(土地+建物),龍橋街４５９巷８之２７號,86.78,都市：其他:住宅區,,,1091105,土地1建物1車位0,全,四層,透天厝,住家用,見其他登記事項,1090716,175.2,5,2,3,有,無,12590000,71861,,0.0,0,,RPXOMLQKJHGGFKD98DA,141.94,0.0,33.26,無,
永康區,房地(土地+建物),龍橋街４５９巷８之２９號,86.02,都市：其他:住宅區,,,1091101,土地1建物1車位0,全,四層,透天厝,住家用,見其他登記事項,1090716,175.2,5,2,3,有,無,12580000,71804,,0.0,0,,RPOPMLQKJHGGFKD18DA,141.94,0.0,33.26,無,
永康區,房地(土地+建物),龍橋街４５９巷８之３１號,85.26,都市：其他:住宅區,,,1080619,土地1建物1車位0,全,四層,透天厝,住家用,見其他登記事項,1090716,175.2,5,2,3,有,無,12300000,70205,,0.0,0,,RPPPMLQKJHGGFKD28DA,141.94,0.0,33.26,無,
永康區,房地(土地+建物),龍橋街４５９巷８之３３號,87.2,都市：其他:住宅區,,,1091031,土地1建物1車位0,全,四層,透天厝,住家用,見其他登記事項,1090716,178.41,5,2,3,有,無,12580000,70512,,0.0,0,,RPQPMLQKJHGGFKD38DA,144.52,0.0,33.89,無,
永康區,房地(土地+建物),龍橋街４７９號,81.57,都市：其他:住宅區,,,1081221,土地1建物1車位0,全,四層,透天厝,見其他登記事項,見其他登記事項,1090716,209.17,5,2,4,有,無,13200000,63107,,0.0,0,,RPPPMLPKJHGGFKD18DA,177.93,0.0,31.24,無,
永康區,房地(土地+建物),龍橋街４８１號,78.38,都市：其他:住宅區,,,1091008,土地1建物1車位0,全,四層,透天厝,見其他登記事項,見其他登記事項,1090716,200.53,5,2,4,有,無,14000000,69815,,0.0,0,,RPQPMLPKJHGGFKD28DA,169.79,0.0,30.74,無,
永康區,房地(土地+建物),龍橋街４８３號,80.92,都市：其他:住宅區,,,1090924,土地1建物1車位0,全,四層,透天厝,店鋪，住宅,鋼筋混凝土構造,1090716,200.53,5,2,4,有,無,13800000,68818,,0.0,0,,RPRPMLPKJHGGFKD38DA,169.79,0.0,30.74,無,
永康區,房地(土地+建物),龍橋街４８５號,85.59,都市：其他:住宅區,,,1090512,土地1建物1車位0,全,四層,透天厝,見其他登記事項,見其他登記事項,1090716,200.53,5,2,4,有,無,13680000,68219,,0.0,0,,RPSPMLPKJHGGFKD48DA,169.79,0.0,30.74,無,
永康區,房地(土地+建物),龍橋街４８９號,78.31,都市：其他:住宅區,,,1090512,土地1建物1車位0,全,四層,透天厝,見其他登記事項,見其他登記事項,1090716,200.53,5,2,4,有,無,13680000,68219,,0.0,0,,RPTPMLPKJHGGFKD58DA,169.79,0.0,30.74,無,
永康區,房地(土地+建物),龍橋街４９１號,80.85,都市：其他:住宅區,,,1091212,土地1建物1車位0,全,四層,透天厝,見其他登記事項,見其他登記事項,1090716,200.53,5,2,4,有,無,13880000,69217,,0.0,0,,RPUPMLPKJHGGFKD68DA,169.79,0.0,30.74,無,
永康區,房地(土地+建物),龍橋街４９５號,85.92,都市：其他:住宅區,,,1080130,土地1建物1車位0,全,四層,透天厝,見其他登記事項,見其他登記事項,1090716,200.59,5,2,4,有,無,13500000,67301,,0.0,0,,RPVPMLPKJHGGFKD78DA,169.85,0.0,30.74,無,
永康區,房地(土地+建物),龍橋街４９７號,91.34,都市：其他:住宅區,,,1080130,土地1建物1車位0,全,四層,透天厝,見其他登記事項,見其他登記事項,1090716,204.57,5,2,4,有,無,13500000,65992,,0.0,0,,RPWPMLPKJHGGFKD88DA,173.28,0.0,31.29,無,
永康區,房地(土地+建物),龍橋街４５９巷８之１２號,94.68,都市：其他:住宅區,,,1080427,土地1建物1車位0,全,四層,透天厝,住家用,見其他登記事項,1090717,186.2,5,2,4,有,無,12500000,67132,,0.0,0,,RPXPMLPKJHGGFKD98DA,152.48,0.0,33.72,無,
永康區,房地(土地+建物),龍橋街４５９巷８之１６號,88.54,都市：其他:住宅區,,,1080509,土地1建物1車位0,全,四層,透天厝,住家用,鋼筋混凝土構造,1090717,182.98,4,2,4,有,無,12380000,67658,,0.0,0,,RPOQMLPKJHGGFKD18DA,149.86,0.0,33.12,無,
永康區,房地(土地+建物)+車位,龍潭里永平街２９８巷９之１１號,17.64,都市：其他:住宅區,,,1091119,土地1建物1車位1,六層,九層,華廈(10層含以下有電梯),住家用,鋼筋混凝土造,0851003,118.79,3,2,2,有,有,4400000,37040,坡道平面,0.0,0,,RPVOMLOKJHGGFKD58DA,77.03,0.0,4.01,有,
永康區,房地(土地+建物),鹽洲一街４９號,45.15,都市：其他:住宅區,,,1091111,土地3建物1車位0,一層，二層，防空避難室，騎樓,四層,公寓(5樓含以下無電梯),住商用,鋼筋混凝土造,0701105,141.31,2,2,2,有,無,3900000,27599,,0.0,0,親姊弟親友、員工、共有人或其他特殊關係間之交易；,RPTNMLKLJHGGFKD97DA,119.89,0.0,7.2,無,
永康區,房地(土地+建物),永大路二段１５２６巷２弄２號十一樓之９,9.51,都市：其他:住宅區,,,1091130,土地1建物1車位0,十一層,十四層,住宅大樓(11層含以上有電梯),住家用,鋼筋混凝土造,0840511,89.31,2,2,1,有,有,3000000,33591,,0.0,0,,RPPNMLLLJHGGFKD67DA,52.77,0.0,9.72,有,
永康區,房地(土地+建物)+車位,中正路９７０巷２７號十一樓之７,18.41,都市：其他:住宅區,,,1091211,土地1建物1車位1,十一層,十一層,住宅大樓(11層含以上有電梯),見其他登記事項,鋼筋混凝土造,1001219,123.4,2,2,2,有,有,5800000,47002,坡道平面,0.0,0,夾層；,RPVPMLTKJHGGFKD56DA,52.52,0.0,6.44,有,
永康區,土地,鹽新段339地號,71.79,都市：其他:道路用地,,,1100105,土地2建物0車位0,,,其他,,,,0.0,0,0,0,有,無,600000,8358,,0.0,0,包含公共設施保留地用地；,RPXPMLTKJHGGFKD76DA,0.0,0.0,0.0,無,0135
永康區,房地(土地+建物),永安一街７３巷２６弄２號,119.5,都市：其他:住宅區,,,1091216,土地2建物1車位0,全,四層,透天厝,見其他登記事項,見其他登記事項,1080522,249.9,6,2,6,有,無,21660000,86675,,0.0,0,,RPPNMLKLJHGGFKD57DA,226.06,0.0,23.84,無,
永康區,房地(土地+建物),大橋五街７０號三樓之１,5.57,都市：其他:住宅區,,,1091217,土地1建物1車位0,三層,六層,華廈(10層含以下有電梯),住家用,鋼筋混凝土造,0810622,24.83,1,0,1,有,無,1000000,40274,,0.0,0,親友、員工、共有人或其他特殊關係間之交易；,RPWOMLTKJHGGFKD56DA,15.75,0.0,2.86,有,
永康區,土地,東南段1209地號,331.07,都市：其他:工業區,,,1091227,土地1建物0車位0,,,其他,,,,0.0,0,0,0,有,無,21500000,64941,,0.0,0,土地成交價新台幣2150萬元整，含未保存建物新台幣50萬元整。未登記建物；,RPXOMLTKJHGGFKD66DA,0.0,0.0,0.0,無,
永康區,房地(土地+建物),大橋里大橋一街１３９巷２１號,86.0,都市：其他:住宅區,,,1091217,土地1建物1車位0,全,二層,透天厝,住家用,鋼筋混凝土造,0760720,124.18,4,2,3,有,無,7000000,56370,,0.0,0,親友、員工、共有人或其他特殊關係間之交易；,RPPOMLTKJHGGFKD48DA,97.55,19.79,6.84,無,
永康區,土地,鹽南段595地號,325.0,都市：其他:工業區,,,1100104,土地1建物0車位0,,,其他,,,,0.0,0,0,0,有,無,7865000,24200,,0.0,0,,RPQOMLTKJHGGFKD58DA,0.0,0.0,0.0,無,
永康區,房地(土地+建物)+車位,復華一街１８０號九樓之３,30.5,都市：其他:住宅區,,,1070731,土地1建物1車位1,九層,十四層,住宅大樓(11層含以上有電梯),見其他登記事項,見其他登記事項,1090909,157.39,3,1,2,有,有,7450000,49926,坡道平面,28.2,1000000,預售屋、或土地及建物分次登記案件；,RPRNMLTKJHGGFKD58DA,79.19,0.0,8.1,有,
永康區,房地(土地+建物)+車位,復華一街１７８號十樓之２,30.73,都市：其他:住宅區,,,1070621,土地1建物1車位1,十層,十四層,住宅大樓(11層含以上有電梯),見其他登記事項,見其他登記事項,1090909,158.29000000000002,3,1,2,有,有,7800000,51503,坡道平面,28.2,1100000,預售屋、或土地及建物分次登記案件；,RPTNMLTKJHGGFKD78DA,78.91,0.0,8.99,有,
永康區,房地(土地+建物)+車位,復華一街１８０號十三樓之１,30.41,都市：其他:住宅區,,,1071227,土地1建物1車位1,十三層,十四層,住宅大樓(11層含以上有電梯),見其他登記事項,見其他登記事項,1090909,157.13,3,1,2,有,有,8030000,53750,坡道平面,28.2,1100000,預售屋、或土地及建物分次登記案件；,RPUNMLTKJHGGFKD88DA,77.56,0.0,9.57,有,
永康區,房地(土地+建物),大灣路２４０巷３號四樓之３,6.47,都市：其他:商業區,,,1091222,土地2建物1車位0,四層,十二層,公寓(5樓含以下無電梯),住家用,鋼筋混凝土造,0850725,75.67999999999999,2,2,1,有,有,3400000,44926,,0.0,0,,RPROMLSKJHGGFKD58DA,53.86,0.0,8.29,無,
永康區,房地(土地+建物),西灣里大勇路７６巷２１號,13.11,都市：其他:商業區,,,1091216,土地1建物1車位0,一層，二層，騎樓,九層,華廈(10層含以下有電梯),住商用,鋼筋混凝土造,0821222,107.06,2,1,2,有,有,5380000,50252,,0.0,0,,RPQPMLSKJHGGFKD58DA,81.84,4.32,4.32,有,
歸仁區,房地(土地+建物),七甲一街３６巷５５弄３１號,66.67,,一般農業區,甲種建築用地,1091225,土地2建物1車位0,全,四層,透天厝,見其他登記事項,見其他登記事項,1090327,152.59,4,2,3,有,有,8200000,53739,,0.0,0,,RPWNMLTKJHGGFID88DA,152.59,0.0,0.0,無,
關廟區,土地,山西段248地號,261.53,都市：其他:計畫道路用地,,,1091231,土地5建物0車位0,,,其他,,,,0.0,0,0,0,有,無,8500000,32501,,0.0,0,含土地增值稅或其他稅費；含地政士服務費；親友、員工、共有人或其他特殊關係間之交易；,RPPOMLTKJHGGFID28DA,0.0,0.0,0.0,無,
關廟區,房地(土地+建物),關新路二段６８５號,114.68,,一般農業區,甲種建築用地,1100108,土地4建物1車位0,全,四層,透天厝,見其他登記事項,見其他登記事項,1090529,201.82,4,2,4,有,有,9750000,48310,,0.0,0,,RPPNMLLLJHGGFID47DA,180.78,0.0,21.0,無,
歸仁區,土地,豬厝段807-2地號,38.38,,一般農業區,農牧用地,1091231,土地1建物0車位0,,,其他,,,,0.0,0,0,0,有,無,232160,6049,,0.0,0,,RPVNMLPKJHGGFID38DA,0.0,0.0,0.0,無,1005
關廟區,土地,忠孝段610-6地號,120.0,都市：其他:住宅區,,,1091229,土地1建物0車位0,,,其他,,,,0.0,0,0,0,有,無,3085500,25713,,0.0,0,,RPOOMLPKJHGGFID77DA,0.0,0.0,0.0,無,
七股區,土地,大文段787地號,153.78,,鄉村區,乙種建築用地,1100110,土地1建物0車位0,,,其他,,,,0.0,0,0,0,有,無,1300000,8454,,0.0,0,,RPPOMLKLJHGGFGD27DA,0.0,0.0,0.0,無,
佳里區,土地,塭子內段2225地號,3006.0,,特定農業區,農牧用地,1091124,土地2建物0車位0,,,其他,,,,0.0,0,0,0,有,無,6600000,2196,,0.0,0,,RPTNMLLLJHGGFGD67DA,0.0,0.0,0.0,無,
西港區,土地,劉厝段1209地號,3100.0,,特定農業區,農牧用地,1091002,土地2建物0車位0,,,其他,,,,0.0,0,0,0,有,無,6000000,1935,,0.0,0,,RPUNMLLLJHGGFGD77DA,0.0,0.0,0.0,無,
學甲區,土地,信義段1148地號,2430.35,都市：其他:農業區,,,1091105,土地6建物0車位0,,,其他,,,,0.0,0,0,0,有,無,3500000,1440,,0.0,0,農作物；,RPPNMLLLJHGGFGD27DA,0.0,0.0,0.0,無,
佳里區,房地(土地+建物),六順路２２巷１號,267.01,都市：其他:住宅區,,,1091102,土地1建物1車位0,全,三層,透天厝,住家用,鋼筋混凝土造,1001025,248.03,6,2,6,有,無,12000000,48381,,0.0,0,親友、員工、共有人或其他特殊關係間之交易；未登記建物；,RPXNMLLLJHGGFGD08DA,236.87,0.0,11.16,無,
新化區,房地(土地+建物),中山路１之３４號,167.0,,一般農業區,甲種建築用地,1091214,土地1建物1車位0,全,四層,透天厝,住家用,鋼筋混凝土造,0820210,235.99,5,5,1,有,無,6500000,27544,,0.0,0,,RPQOMLKLJHGGFHD47DA,220.14,0.0,15.85,無,
左鎮區,土地,草山段267-2地號,7264.67,,森林區,農牧用地,1100106,土地2建物0車位0,,,其他,,,,0.0,0,0,0,有,無,1940000,267,,0.0,0,,RPSOMLKLJHGGFHD67DA,0.0,0.0,0.0,無,
山上區,土地,明南段350地號,792.72,都市：其他:住宅區,,,1091223,土地4建物0車位0,,,其他,,,,0.0,0,0,0,有,無,10359716,13069,,0.0,0,含土地增值稅或其他稅費868516元；,RPTNMLLLJHGGFHD77DA,0.0,0.0,0.0,無,1032
山上區,土地,大新段265地號,1244.38,,一般農業區,農牧用地,1091024,土地3建物0車位0,,,其他,,,,0.0,0,0,0,有,無,6600000,5304,,0.0,0,未登記建物；,RPUNMLLLJHGGFHD87DA,0.0,0.0,0.0,無,
山上區,土地,明南段349地號,250.85,都市：其他:住宅區,,,1091223,土地3建物0車位0,,,其他,,,,0.0,0,0,0,有,無,3422271,13643,,0.0,0,含土地增值稅或其他稅費306791元；,RPWNMLLLJHGGFHD08DA,0.0,0.0,0.0,無,1033
善化區,房地(土地+建物),大信路７３號十樓,16.95,都市：其他:住宅區,,,1091207,土地2建物1車位0,十層,十三層,住宅大樓(11層含以上有電梯),住家用,鋼筋混凝土造,0840124,140.34,1,1,1,有,有,5000000,35628,,0.0,0,,RPOOMLLLJHGGFHD37DA,163.47,2.63,24.47,有,
善化區,房地(土地+建物),大信路７１號十樓,16.76,都市：其他:住宅區,,,1091207,土地2建物1車位0,十層,十三層,住宅大樓(11層含以上有電梯),住家用,鋼筋混凝土造,0840124,141.12,1,1,1,有,有,5000000,35431,,0.0,0,,SPOOMLLLJHGGFHD47DA,0.0,0.0,0.0,有,
新市區,房地(土地+建物),中正路２１４號,85.63,都市：其他:住宅區,,,1091231,土地1建物1車位0,全,三層,透天厝,住商用,鋼筋混凝土造,0761221,177.7,10,1,10,有,無,6000000,33765,,0.0,0,親友、員工、共有人或其他特殊關係間之交易；頂樓加蓋；,RPRNMLMLJHGGFHD67DA,163.08,0.0,14.62,無,
新市區,房地(土地+建物),豐榮１８９之１１７號,285.64,,一般農業區,丁種建築用地,1091019,土地4建物1車位0,全,一層,透天厝,見其他登記事項,見其他登記事項,1080502,161.74,0,0,2,有,有,11268000,69667,,0.0,0,,RPVOMLTKJHGGFHD78DA,161.74,0.0,0.0,無,
新市區,房地(土地+建物),豐榮１８９之１０５號,285.64,,一般農業區,丁種建築用地,1091118,土地4建物1車位0,全,一層,透天厝,見其他登記事項,見其他登記事項,1080530,161.74,0,0,2,有,有,11350000,70174,,0.0,0,,RPXOMLTKJHGGFHD98DA,323.49,0.0,0.0,無,
新市區,房地(土地+建物),豐榮１８９之１０５號,285.64,,一般農業區,丁種建築用地,1091118,土地4建物1車位0,全,一層,透天厝,見其他登記事項,見其他登記事項,1080530,161.74,0,0,2,有,有,11300000,69865,,0.0,0,,SPXOMLTKJHGGFHD09DA,323.49,0.0,0.0,無,
善化區,房地(土地+建物),興農路３７７巷６弄１０號,100.14,都市：其他:住宅區,,,1091129,土地2建物1車位0,全,三層,透天厝,見其他登記事項,鋼筋混凝土造,1070628,155.46,4,1,3,有,無,12600000,81050,,0.0,0,,RPVNMLKLJHGGFHD87DA,134.91,0.0,20.55,無,1034
善化區,土地,德興段757地號,134.98,,鄉村區,乙種建築用地,1100108,土地1建物0車位0,,,其他,,,,0.0,0,0,0,有,無,750000,5556,,0.0,0,,RPPOMLTKJHGGFHD18DA,0.0,0.0,0.0,無,1035
新市區,房地(土地+建物)+車位,復興路１０５號十樓之３,15.57,都市：其他:住宅區,,,1060927,土地1建物1車位1,十層,十四層,住宅大樓(11層含以上有電梯),見其他登記事項,鋼筋混凝土造,1091021,105.72,2,2,1,有,有,4670000,49488,坡道平面,29.54,900000,權利買賣契約價格490萬元整含車位價款90萬元預售屋、或土地及建物分次登記案件；,RPQSMLSKJHGGFHD58DA,47.29,0.0,3.37,有,
新市區,房地(土地+建物)+車位,復興路１０７號十樓之１,20.96,都市：其他:住宅區,,,1070729,土地1建物1車位1,十層,十四層,住宅大樓(11層含以上有電梯),見其他登記事項,鋼筋混凝土造,1091021,136.45999999999998,2,2,2,有,有,6160000,49919,坡道平面,32.09,950000,預售屋、或土地及建物分次登記案件；,RPPQMLSKJHGGFHD28DA,65.6,0.0,3.22,有,
新市區,房地(土地+建物)+車位,復興路１０７號十二樓之６,20.96,都市：其他:住宅區,,,1070924,土地1建物1車位1,十二層,十四層,住宅大樓(11層含以上有電梯),見其他登記事項,鋼筋混凝土造,1091021,136.56,3,2,2,有,有,6130000,50062,坡道平面,32.09,900000,預售屋、或土地及建物分次登記案件；,RPRQMLSKJHGGFHD48DA,65.68,0.0,3.22,有,
新市區,土地,番子寮段955-10地號,47.0,,特定農業區,水利用地,1090616,土地1建物0車位0,,,其他,,,,0.0,0,0,0,有,無,202100,4300,,0.0,0,包含公共設施保留地用地；協議價購；,RPPNMLTKJHGGFHD08DA,0.0,0.0,0.0,無,
新市區,房地(土地+建物)+車位,復興路１０７號四樓之１,20.96,都市：其他:住宅區,,,1061021,土地1建物1車位1,四層,十四層,住宅大樓(11層含以上有電梯),見其他登記事項,鋼筋混凝土造,1091021,136.48,3,2,2,有,有,5530000,43874,坡道平面,32.09,950000,預售屋、或土地及建物分次登記案件；,RPTOMLSKJHGGFHD48DA,65.6,0.0,3.22,有,
新市區,房地(土地+建物)+車位,復興路１０５號六樓之７,15.57,都市：其他:住宅區,,,1060921,土地1建物1車位1,六層,十四層,住宅大樓(11層含以上有電梯),見其他登記事項,鋼筋混凝土造,1091021,105.63,2,2,1,有,有,4220000,44290,坡道平面,29.54,850000,預售屋、或土地及建物分次登記案件；,RPUOMLSKJHGGFHD58DA,47.22,0.0,3.37,有,
新市區,房地(土地+建物)+車位,復興路１０７號十三樓之５,20.96,都市：其他:住宅區,,,1071021,土地1建物1車位1,十三層,十四層,住宅大樓(11層含以上有電梯),見其他登記事項,鋼筋混凝土造,1091021,136.63,2,2,2,有,有,6300000,51177,坡道平面,32.09,950000,預售屋、或土地及建物分次登記案件；,RPVOMLSKJHGGFHD68DA,65.68,0.0,3.29,有,
新市區,房地(土地+建物)+車位,復興路１０７號九樓之５,20.96,都市：其他:住宅區,,,1070127,土地1建物1車位1,九層,十四層,住宅大樓(11層含以上有電梯),見其他登記事項,鋼筋混凝土造,1091021,136.63,3,2,2,有,有,6040000,48211,坡道平面,32.09,1000000,權利買賣契約價格635萬元整含車位價款100萬元預售屋、或土地及建物分次登記案件；,RPWOMLSKJHGGFHD78DA,65.68,0.0,3.29,有,
新市區,房地(土地+建物)+車位,復興路１０７號十二樓之３,15.57,都市：其他:住宅區,,,1070424,土地1建物1車位1,十二層,十四層,住宅大樓(11層含以上有電梯),見其他登記事項,鋼筋混凝土造,1091021,108.28,2,2,1,有,有,4750000,50532,坡道平面,32.09,900000,預售屋、或土地及建物分次登記案件；,RPXOMLSKJHGGFHD88DA,47.29,0.0,3.37,有,
新市區,房地(土地+建物)+車位,復興路１０７號五樓之６,20.96,都市：其他:住宅區,,,1080310,土地1建物1車位1,五層,十四層,住宅大樓(11層含以上有電梯),見其他登記事項,鋼筋混凝土造,1091021,136.56,3,2,2,有,有,5580000,44798,坡道平面,32.09,900000,預售屋、或土地及建物分次登記案件；,RPWQMLSKJHGGFHD98DA,65.68,0.0,3.22,有,
新市區,房地(土地+建物)+車位,復興路１０７號六樓之７,15.57,都市：其他:住宅區,,,1061206,土地1建物1車位1,六層,十四層,住宅大樓(11層含以上有電梯),見其他登記事項,鋼筋混凝土造,1091021,105.63,2,2,1,有,有,4310000,45472,坡道平面,29.54,850000,預售屋、或土地及建物分次登記案件；,RPXQMLSKJHGGFHD09DA,47.22,0.0,3.37,有,
新市區,房地(土地+建物)+車位,復興路１０５號六樓之３,15.57,都市：其他:住宅區,,,1070318,土地1建物1車位1,六層,十四層,住宅大樓(11層含以上有電梯),見其他登記事項,鋼筋混凝土造,1091021,105.72,2,2,1,有,有,4400000,46600,坡道平面,29.54,850000,預售屋、或土地及建物分次登記案件；,RPORMLSKJHGGFHD28DA,47.29,0.0,3.37,有,
新市區,房地(土地+建物)+車位,復興路１０７號八樓之６,20.96,都市：其他:住宅區,,,1070203,土地1建物1車位1,八層,十四層,住宅大樓(11層含以上有電梯),見其他登記事項,鋼筋混凝土造,1091021,136.56,3,2,2,有,有,5840000,46808,坡道平面,32.09,950000,權利買賣契約價格660萬元整含車位價款95萬元預售屋、或土地及建物分次登記案件；,RPPRMLSKJHGGFHD38DA,65.68,0.0,3.22,有,
新市區,房地(土地+建物)+車位,復興路１０５號八樓之５,20.96,都市：其他:住宅區,,,1061022,土地1建物1車位1,八層,十四層,住宅大樓(11層含以上有電梯),見其他登記事項,鋼筋混凝土造,1091021,134.16,3,2,2,有,有,6050000,49226,坡道平面,29.54,900000,預售屋、或土地及建物分次登記案件；,RPQRMLSKJHGGFHD48DA,65.68,0.0,3.29,有,
新市區,房地(土地+建物)+車位,復興路１０５號十樓之２,20.96,都市：其他:住宅區,,,1070112,土地1建物1車位1,十層,十四層,住宅大樓(11層含以上有電梯),見其他登記事項,鋼筋混凝土造,1091021,133.91,2,2,2,有,有,6090000,49727,坡道平面,29.54,900000,預售屋、或土地及建物分次登記案件；,RPSRMLSKJHGGFHD68DA,65.6,0.0,3.22,有,
新市區,房地(土地+建物)+車位,復興路１０５號十二樓之２,20.96,都市：其他:住宅區,,,1071027,土地1建物1車位1,十二層,十四層,住宅大樓(11層含以上有電梯),見其他登記事項,鋼筋混凝土造,1091021,136.45999999999998,3,2,2,有,有,6330000,51068,坡道平面,32.09,1000000,權利買賣契約價格728萬元整含車位價款100萬元預售屋、或土地及建物分次登記案件；,RPTRMLSKJHGGFHD78DA,65.6,0.0,3.22,有,
新市區,房地(土地+建物)+車位,復興路１０５號十三樓之１,20.96,都市：其他:住宅區,,,1080111,土地1建物1車位1,十三層,十四層,住宅大樓(11層含以上有電梯),見其他登記事項,鋼筋混凝土造,1091021,136.45999999999998,3,2,2,有,有,6210000,49919,坡道平面,32.09,1000000,預售屋、或土地及建物分次登記案件；,RPURMLSKJHGGFHD88DA,65.6,0.0,3.22,有,
新市區,房地(土地+建物)+車位,復興路１０７號十四樓之５,20.96,都市：其他:住宅區,,,1080427,土地1建物1車位1,十四層,十四層,住宅大樓(11層含以上有電梯),見其他登記事項,鋼筋混凝土造,1091021,136.63,3,2,2,有,有,6350000,52133,坡道平面,32.09,900000,預售屋、或土地及建物分次登記案件；,RPVRMLSKJHGGFHD98DA,65.68,0.0,3.29,有,
新市區,房地(土地+建物)+車位,復興路１０５號四樓之７,15.57,都市：其他:住宅區,,,1060923,土地1建物1車位1,四層,十四層,住宅大樓(11層含以上有電梯),見其他登記事項,鋼筋混凝土造,1091021,105.65,2,2,1,有,有,4030000,41782,坡道平面,29.54,850000,預售屋、或土地及建物分次登記案件；,RPWRMLSKJHGGFHD09DA,47.22,0.0,3.37,有,
新市區,房地(土地+建物)+車位,復興路１０７號十一樓之１,20.96,都市：其他:住宅區,,,1070609,土地1建物1車位1,十一層,十四層,住宅大樓(11層含以上有電梯),見其他登記事項,鋼筋混凝土造,1091021,136.45999999999998,2,2,2,有,有,6160000,50398,坡道平面,32.09,900000,預售屋、或土地及建物分次登記案件；,RPVPMLSKJHGGFHD78DA,65.6,0.0,3.22,有,
新市區,房地(土地+建物)+車位,復興路１０７號八樓之５,20.96,都市：其他:住宅區,,,1061125,土地1建物1車位1,八層,十四層,住宅大樓(11層含以上有電梯),見其他登記事項,鋼筋混凝土造,1091021,134.07999999999998,1,2,1,有,有,5910000,47446,坡道平面,29.54,950000,預售屋、或土地及建物分次登記案件；,RPWPMLSKJHGGFHD88DA,65.68,0.0,3.29,有,
新市區,房地(土地+建物)+車位,復興路１０７號十四樓之１,20.96,都市：其他:住宅區,,,1080216,土地1建物1車位1,十四層,十四層,住宅大樓(11層含以上有電梯),見其他登記事項,鋼筋混凝土造,1091021,136.45999999999998,3,2,2,有,有,6450000,52697,坡道平面,32.09,950000,預售屋、或土地及建物分次登記案件；,RPXPMLSKJHGGFHD98DA,65.6,0.0,3.22,有,
新市區,土地,大營段1469地號,2079.0,都市：其他:農業區(供申請變更開發為生活服務區),,,1091204,土地1建物0車位0,,,其他,,,,0.0,0,0,0,有,無,43000000,20683,,0.0,0,,RPXNMLMKJHGGFHD18DA,0.0,0.0,0.0,無,
善化區,房地(土地+建物)+車位,益民寮２５號十一樓之７,29.18,都市：其他:住宅區,,,1090920,土地1建物1車位1,十一層,十二層,住宅大樓(11層含以上有電梯),見其他登記事項,鋼筋混凝土造,1090114,135.26,3,2,2,有,有,7200000,53443,坡道平面,21.12,1100000,,RPWNMLRJJHGGFHD48DA,69.76,0.0,7.18,有,
善化區,房地(土地+建物),益民寮２５號四樓之５,21.88,都市：其他:住宅區,,,1091011,土地1建物1車位0,四層,十二層,住宅大樓(11層含以上有電梯),見其他登記事項,鋼筋混凝土造,1090114,88.74,2,2,1,有,有,5200000,58598,,0.0,0,,RPXNMLRJJHGGFHD58DA,53.36,0.0,6.55,有,
善化區,土地,六分寮段1347地號,2450.0,,一般農業區,農牧用地,1091127,土地1建物0車位0,,,其他,,,,0.0,0,0,0,有,無,4360000,1780,,0.0,0,,RPSNMLQLKIPFFHD56DA,0.0,0.0,0.0,無,
佳里區,土地,新安段154地號,705.92,,特定農業區,農牧用地,1091014,土地4建物0車位0,,,其他,,,,0.0,0,0,0,有,無,1800000,2550,,0.0,0,,RPTNMLOJKIPFFGD78DA,0.0,0.0,0.0,無,
佳里區,土地,佳里段1190-9地號,110.0,都市：其他:商業區,,,1091219,土地1建物0車位0,,,其他,,,,0.0,0,0,0,有,無,4000000,36364,,0.0,0,,RPSNMLQKJHGGFGD97DA,0.0,0.0,0.0,無,
學甲區,房地(土地+建物),民族路１１巷２３號,111.88,都市：其他:住宅區,,,1081014,土地2建物1車位0,全,三層,透天厝,見其他登記事項,鋼筋混凝土造,1090902,171.75,4,2,3,有,無,7280000,42387,,0.0,0,預售屋、或土地及建物分次登記案件；,RPQNMLOKJHGGFGD57DA,136.67,0.0,35.08,無,
七股區,土地,下山子寮段68-7地號,37856.19,,一般農業區,養殖用地,1091231,土地2建物0車位0,,,其他,,,,0.0,0,0,0,有,無,17413800,460,,0.0,0,,RPSOMLNKJHGGFGD77DA,0.0,0.0,0.0,無,1036
西港區,土地,八分段1785地號,1700.0,,特定農業區,農牧用地,1100102,土地1建物0車位0,,,其他,,,,0.0,0,0,0,有,無,3230000,1900,,0.0,0,,RPTNMLLKJHGGFGD57DA,0.0,0.0,0.0,無,
官田區,土地,番子渡頭段83地號,2110.0,,一般農業區,農牧用地,1100107,土地1建物0車位0,,,其他,,,,0.0,0,0,0,有,無,4600000,2180,,0.0,0,受債權債務關係影響或債務抵償；,RPUOMLSKJHGGFFD38DA,0.0,0.0,0.0,無,
大內區,土地,頭社段15-53地號,2663.11,,山坡地保育區,農牧用地,1091216,土地2建物0車位0,,,其他,,,,0.0,0,0,0,有,無,3000000,1127,,0.0,0,,RPUNMLOKJHGGFFD87DA,0.0,0.0,0.0,無,0667
麻豆區,房地(土地+建物),寮子１６６之４０號,450.69,,特定農業區,丁種建築用地,1090817,土地3建物1車位0,全,一層,透天厝,見其他登記事項,見其他登記事項,1091201,167.75,0,0,0,無,無,16380000,97645,,0.0,0,預售屋、或土地及建物分次登記案件；,RPOPMLLKJHGGFFD17DA,167.75,0.0,0.0,無,
大內區,土地,頭社段327-6地號,143.33,,鄉村區,乙種建築用地,1100111,土地2建物0車位0,,,其他,,,,0.0,0,0,0,有,無,940000,6558,,0.0,0,,RPTNMLLKJHGGFFD47DA,0.0,0.0,0.0,無,
六甲區,房地(土地+建物),龜子港８０巷１０號,114.53,,鄉村區,乙種建築用地,1091125,土地2建物1車位0,全,三層,透天厝,住家用,見其他登記事項,1070907,163.3,5,1,3,有,無,6200000,37967,,0.0,0,,RPQNMLKLJHGGFFD17DA,147.1,0.0,16.22,無,
大內區,土地,頭社段448-13地號,342.0,,鄉村區,乙種建築用地,1091228,土地2建物0車位0,,,其他,,,,0.0,0,0,0,有,無,1034600,3025,,0.0,0,親友、員工、共有人或其他特殊關係間之交易；,RPRNMLKLJHGGFFD27DA,0.0,0.0,0.0,無,
麻豆區,土地,麻安段1190地號,457.79,都市：其他:計畫道路用地,,,1100107,土地4建物0車位0,,,其他,,,,0.0,0,0,0,有,無,330000,721,,0.0,0,含土地增值稅或其他稅費；含仲介費；含地政士服務費；包含公共設施保留地用地；,RPTNMLTKJHGGFFD28DA,0.0,0.0,0.0,無,1038
麻豆區,房地(土地+建物),晉江里民權路１８巷１之６號,91.83,都市：其他:第三種住宅區。,,,1100112,土地1建物1車位0,全,二層,透天厝,住家用,加強磚造,0710602,101.94,4,2,5,有,無,4900000,48067,,0.0,0,頂樓加蓋；未登記建物；,RPQNMLLLJHGGFFD27DA,101.94,0.0,0.0,無,
麻豆區,土地,海埤段893地號,155.61,都市：其他:計畫道路用地,,,1091231,土地5建物0車位0,,,其他,,,,0.0,0,0,0,有,無,370000,2378,,0.0,0,持分買賣,RPQNMLTKJHGGFFD97DA,0.0,0.0,0.0,無,0038
後壁區,土地,嘉苳段352地號,271.91,,鄉村區,乙種建築用地,1100117,土地1建物0車位0,,,其他,,,,0.0,0,0,0,有,無,1645000,6050,,0.0,0,本件買賣包含地上未保存登記建物在內。未登記建物；,RPUNMLTKJHGGFED28DA,0.0,0.0,0.0,無,
東山區,土地,東興段835地號,123.47,都市：其他:住宅區,,,1100110,土地1建物0車位0,,,其他,,,,0.0,0,0,0,有,無,1120508,9075,,0.0,0,,RPRNMLLLJHGGFED27DA,0.0,0.0,0.0,無,
東山區,土地,東興段836地號,9.67,都市：其他:住宅區,,,1100110,土地1建物0車位0,,,其他,,,,0.0,0,0,0,有,無,87797,9079,,0.0,0,,RPSNMLLLJHGGFED37DA,0.0,0.0,0.0,無,
東山區,土地,東興段837地號,29.21,都市：其他:住宅區,,,1100110,土地1建物0車位0,,,其他,,,,0.0,0,0,0,有,無,265062,9074,,0.0,0,,RPTNMLLLJHGGFED47DA,0.0,0.0,0.0,無,
南區,房地(土地+建物),大同路二段４８２巷１３３弄３７號,108.0,都市：其他:住宅區,,,1091220,土地1建物1車位0,全,二層,透天厝,住家用,鋼筋混凝土造,0750410,139.85,4,3,2,有,無,7650000,54701,,0.0,0,,RPVOMLTKJHGGFCD28DA,134.81,0.0,5.04,無,
東區,房地(土地+建物),文化六街９０號,67.22,都市：其他:第五種住宅區,,,1091028,土地2建物1車位0,全,五層,透天厝,住家用,鋼筋混凝土造,0830902,174.36,7,2,5,有,無,11000000,63088,,0.0,0,其他增建；,RPQOMLTKJHGGFCD77DA,157.93,0.0,16.43,無,
東區,房地(土地+建物)+車位,崇賢三路３２號四樓之６,31.65,都市：其他:第五種住宅區,,,1100114,土地1建物1車位1,四層,十五層,住宅大樓(11層含以上有電梯),見其他登記事項,鋼筋混凝土造,1061031,185.14,3,2,2,有,有,5750000,32793,坡道平面,29.01,630000,親友、員工、共有人或其他特殊關係間之交易；,RPOOMLKLJHGGFCD76DA,97.79,0.0,11.54,有,1040
南區,房地(土地+建物)+車位,大德街１４１巷４６號三樓之１,23.84,都市：其他:細部計畫道路用地,,,1091212,土地4建物1車位1,三層,五層,華廈(10層含以下有電梯),住家用,鋼筋混凝土造,0800109,113.5,2,2,2,有,有,3600000,31718,坡道平面,0.0,0,,RPQNMLQKJHGGFCD37DA,55.21,0.0,6.75,有,
南區,房地(土地+建物),文南路３４２巷１０之４號,36.54,都市：其他:住宅區,,,1091230,土地1建物1車位0,五層,五層,公寓(5樓含以下無電梯),住家用,鋼筋混凝土造,0750507,145.97,3,2,2,有,無,3350000,22950,,0.0,0,,RPSOMLSKJHGGFCD87DA,119.71,0.0,9.47,無,1041
南區,房地(土地+建物),公英五街３３號,84.5,都市：其他:住宅區,,,1091230,土地2建物1車位0,全,二層,透天厝,住家用,加強磚造,0631128,101.52,5,2,3,有,無,2340000,23050,,0.0,0,親友、員工、共有人或其他特殊關係間之交易；,RPTPMLOKJHGGFCD67DA,101.52,0.0,0.0,無,
東區,房地(土地+建物)+車位,文化路１３２號三樓,46.59,都市：其他:第五種住宅區,,,1091210,土地1建物1車位2,三層,十二層,住宅大樓(11層含以上有電梯),見其他登記事項,鋼筋混凝土造,1021023,268.90999999999997,4,2,2,有,有,18000000,66937,坡道平面,64.3,0,,RPPNMLSKJHGGFCD47DA,125.84,0.0,14.46,有,
東區,房地(土地+建物)+車位,東門路二段１５８巷２２號六樓,15.69,都市：其他:第五種住宅區,,,1091203,土地1建物1車位1,六層,九層,華廈(10層含以下有電梯),住家用,鋼筋混凝土造,0880401,104.93,2,2,1,有,有,6800000,64805,坡道平面,24.53,0,,RPTOMLPKJHGGFCD67DA,55.4,0.0,7.25,有,
東區,房地(土地+建物),東興路１９９巷２號九樓,24.47,都市：其他:第五種住宅區,,,1091205,土地2建物1車位0,九層,十二層,住宅大樓(11層含以上有電梯),見其他登記事項,鋼筋混凝土造,0881116,131.37,3,2,2,有,有,5700000,43389,,0.0,0,,RPXNMLPKJHGGFCD97DA,81.03,0.0,9.42,有,
南區,土地,新東段953-12地號,32.66,都市：其他:細部計畫道路用地,,,1091208,土地3建物0車位0,,,其他,,,,0.0,0,0,0,有,無,126000,3858,,0.0,0,含仲介費16000元；含地政士服務費20000元；包含公共設施保留地用地；,RPQNMLQLKIPFFCD48DA,0.0,0.0,0.0,無,
新營區,房地(土地+建物),嘉芳里７鄰茄苳腳７２之１５號,89.0,都市：其他:住宅區,,,1091227,土地1建物1車位0,全,三層,透天厝,住家用,鋼筋混凝土造,1020320,178.92,4,2,3,有,無,6000000,33535,,0.0,0,,RPPNMLSKJHGGFDD57DA,172.96,0.0,5.96,無,
新營區,房地(土地+建物),建業路２２７巷１６弄３２號,45.05,都市：其他:住宅區,,,1100102,土地1建物1車位0,一層，二層，騎樓,八層,華廈(10層含以下有電梯),住商用,鋼筋混凝土造,0860825,247.45999999999998,3,1,3,有,有,5650000,22832,,0.0,0,,RPTNMLLLJHGGFDD37DA,173.6,0.0,23.04,有,
鹽水區,土地,大埔段101地號,2577.0,,一般農業區,農牧用地,1091226,土地1建物0車位0,,,其他,,,,0.0,0,0,0,有,無,2600000,1009,,0.0,0,,RPUNMLLLJHGGFDD47DA,0.0,0.0,0.0,無,
安南區,房地(土地+建物),敬安街３號六樓,13.51,都市：其他:住宅區,,,1091225,土地2建物1車位0,六層,十五層,住宅大樓(11層含以上有電梯),住家用,鋼筋混凝土造,0840525,111.17,3,2,2,有,有,5000000,44976,,0.0,0,,RPRNMLOJJHGGFBD07DA,77.73,0.0,12.35,有,1042
安南區,房地(土地+建物),安興街１８１巷８７號,85.97,都市：其他:住宅區,,,1091230,土地1建物1車位0,全,三層,透天厝,住家用,鋼筋混凝土造,1090423,140.92,4,2,3,有,無,8130000,57692,,0.0,0,,RPOOMLNKJHGGFBD86DA,140.92,0.0,0.0,無,
安南區,土地,東和段97地號,1747.12,都市：其他:農業區,,,1091228,土地2建物0車位0,,,其他,,,,0.0,0,0,0,有,無,40000000,22895,,0.0,0,地上建物為買方所有/使用親友、員工、共有人或其他特殊關係間之交易；,RPQNMLMKJHGGFBD86DA,0.0,0.0,0.0,無,
安南區,土地,外塭段315-54地號,874.0,都市：其他:細部計畫道路用地,,,1090727,土地5建物0車位0,,,其他,,,,0.0,0,0,0,有,無,35000000,40046,,0.0,0,道路用地價格為新台幣20萬元整。包含公共設施保留地用地；,RPPPMLTKJHGGFBD67DA,0.0,0.0,0.0,無,
安南區,房地(土地+建物)+車位,北安路三段５０６號二樓之２,19.73,都市：其他:住宅區,,,1091224,土地1建物1車位1,二層,九層,華廈(10層含以下有電梯),見其他登記事項,鋼筋混凝土造,1070125,118.0,2,2,1,有,有,6060000,51356,升降平面,29.26,0,,RPRPMLTKJHGGFBD87DA,56.53,0.0,3.77,有,1043
安南區,土地,外塭段315-57地號,875.0,都市：其他:細部計畫道路用地,,,1090727,土地5建物0車位0,,,其他,,,,0.0,0,0,0,有,無,35500000,40571,,0.0,0,道路用地價格為新台幣20萬元整。包含公共設施保留地用地；,RPPNMLKLJHGGFBD66DA,0.0,0.0,0.0,無,
安南區,土地,本淵段678地號,12.62,都市：其他:住宅區,,,1091118,土地2建物0車位0,,,其他,,,,0.0,0,0,0,有,無,190800,15119,,0.0,0,親友、員工、共有人或其他特殊關係間之交易；,RPVNMLLLJHGGFBD37DA,0.0,0.0,0.0,無,1044
安南區,土地,本淵段678地號,12.62,都市：其他:住宅區,,,1091118,土地2建物0車位0,,,其他,,,,0.0,0,0,0,有,無,190800,15119,,0.0,0,親友、員工、共有人或其他特殊關係間之交易；,RPWNMLLLJHGGFBD47DA,0.0,0.0,0.0,無,1044
安南區,房地(土地+建物),環館路３６４巷３３號,130.45,都市：其他:住宅區,,,1090830,土地4建物1車位0,全,四層,透天厝,見其他登記事項,鋼筋混凝土造,1090924,257.27,4,2,3,有,有,16300000,63358,,0.0,0,,RPWOMLPJKIPFFBD78DA,244.42,0.0,11.26,有,
安南區,房地(土地+建物),環館路３６４巷２９號,134.37,都市：其他:住宅區,,,1090905,土地4建物1車位0,全,四層,透天厝,見其他登記事項,鋼筋混凝土造,1090924,259.67999999999995,4,2,3,有,有,17000000,65465,,0.0,0,,RPOPMLPJKIPFFBD08DA,246.43,0.0,11.66,有,
安南區,房地(土地+建物),環館路３６４巷１２號,146.15,都市：其他:住宅區,,,1090821,土地4建物1車位0,全,四層,透天厝,見其他登記事項,鋼筋混凝土造,1090924,257.27,4,2,3,有,有,17300000,67245,,0.0,0,,RPQOMLPJKIPFFBD18DA,244.42,0.0,11.26,有,
東區,房地(土地+建物)+車位,仁和路９５號六樓之５,20.66,都市：其他:第五種住宅區,,,1091130,土地1建物1車位2,六層,九層,華廈(10層含以下有電梯),住家用,鋼筋混凝土造,0831107,164.0,3,2,2,有,有,6430000,39207,坡道平面,0.0,0,,RPTNMLMJKIPFFCD18DA,82.52,0.0,9.84,有,
南區,土地,華南段18-3地號,50.34,都市：其他:細部計畫道路用地,,,1091208,土地1建物0車位0,,,其他,,,,0.0,0,0,0,有,無,166000,3298,,0.0,0,含仲介費16000元；含地政士服務費20000元；其他                    ；未登記建物；包含公共設施保留地用地；,RPVNMLKKKIPFFCD28DA,0.0,0.0,0.0,無,1046
東區,房地(土地+建物),東門路三段１７９巷１０２號,170.21,都市：其他:第五種住宅區,,,1091016,土地1建物1車位0,全,五層,透天厝,住家用,見其他登記事項,1090109,392.1,5,2,5,有,無,32200000,82122,,0.0,0,,RPRNMLMLIIPFFCD97DA,358.76,0.0,33.34,有,
東區,土地,竹篙厝段4241地號,93.85,都市：其他:第五種住宅區,,,1091029,土地1建物0車位0,,,其他,,,,0.0,0,0,0,無,無,15000000,159830,,0.0,0,未登記建物；,RPPOMLTLIIPFFCD58DA,0.0,0.0,0.0,無,
東區,房地(土地+建物),崇善路４６１號,92.84,都市：其他:第五種住宅區,,,1091029,土地1建物1車位0,全,四層,透天厝,見其他登記事項,鋼筋混凝土造,0911210,197.32,4,3,5,有,無,24500000,124164,,0.0,0,陽台外推；其他增建；,RPQOMLTLIIPFFCD68DA,170.69,0.0,26.63,無,
安平區,房地(土地+建物)+車位,永華路二段８０２號九樓,24.93,都市：其他:住宅區,,,1091202,土地1建物1車位2,九層,二十九層,住宅大樓(11層含以上有電梯),見其他登記事項,見其他登記事項,1070125,276.63,3,2,3,有,有,15550000,54847,坡道平面,42.34,2700000,,RPTRMLKMKIPFFAD48DA,130.2,10.24,16.8,有,
安平區,房地(土地+建物)+車位,永華八街２０號十一樓,39.93,都市：其他:社區商業區,,,1091117,土地1建物1車位1,十一層,二十一層,住宅大樓(11層含以上有電梯),集合住宅,鋼筋混凝土構造,1070615,253.60000000000002,3,2,3,有,有,17800000,74087,坡道平面,30.89,1300000,,RPVNMLRJJHGGFAD67DA,141.46,0.0,13.25,有,
安平區,土地,漁港段740-1地號,1166.62,都市：其他:特定住宅專用區,,,1090928,土地4建物0車位0,,,其他,,,,0.0,0,0,0,有,無,70580000,60500,,0.0,0,預售屋、或土地及建物分次登記案件；,RPVNMLQJJHGGFAD57DA,0.0,0.0,0.0,無,1047
北區,建物,西門路四段１６巷３１弄４８號,0.0,,,,1091206,土地0建物1車位0,全,二層,透天厝,住家用,加強磚造,0611205,58.42,4,1,3,有,無,3300000,56488,,0.0,0,未登記建物；,RPQOMLPLKIPFFAD28DA,58.42,0.0,0.0,無,1048
北區,土地,大港段1154地號,15.26,都市：其他:細部計畫道路用地,,,1100107,土地1建物0車位0,,,其他,,,,0.0,0,0,0,有,無,120000,7864,,0.0,0,包含公共設施保留地用地；,RPSNMLMKJHGGFAD96DA,0.0,0.0,0.0,無,1049
安平區,土地,漁港段737-4地號,4.02,都市：其他:住宅區,,,1091231,土地1建物0車位0,,,其他,,,,0.0,0,0,0,有,無,244000,60697,,0.0,0,此案件為鄰地關係親友、員工、共有人或其他特殊關係間之交易；,RPSNMLSKJHGGFAD57DA,0.0,0.0,0.0,無,
安平區,土地,漁港段737-5地號,2.57,都市：其他:住宅區,,,1091231,土地1建物0車位0,,,其他,,,,0.0,0,0,0,有,無,156000,60700,,0.0,0,此案件為鄰地關係親友、員工、共有人或其他特殊關係間之交易；,RPTNMLSKJHGGFAD67DA,0.0,0.0,0.0,無,
北區,房地(土地+建物)+車位,北園街６之３號十二樓之１,10.5,都市：其他:商業區,,,1091225,土地1建物1車位1,十二層,十九層,住宅大樓(11層含以上有電梯),住家用,鋼筋混凝土造,0851202,125.42,3,2,2,有,有,6300000,50231,坡道機械,0.0,0,陽台外推；,RPOPMLSKJHGGFAD37DA,79.43,9.4,0.0,有,1050
北區,房地(土地+建物)+車位,開元路５０７號五樓之５,11.15,都市：其他:住宅區,,,1091213,土地3建物1車位1,五層,二十四層,住宅大樓(11層含以上有電梯),見其他登記事項,見其他登記事項,1041105,158.8,3,2,2,有,有,8150000,51322,坡道平面,32.55,0,,RPRQMLPKJHGGFAD47DA,74.29,3.61,10.97,有,1051
安平區,房地(土地+建物)+車位,健康路三段７００號五樓之１,51.17,都市：其他:住宅區,,,1091221,土地1建物1車位2,五層,十九層,住宅大樓(11層含以上有電梯),見其他登記事項,見其他登記事項,1081125,360.64,3,2,3,有,有,34800000,110569,坡道平面,69.42,2600000,,RPTQMLNKJHGGFAD47DA,155.29,0.0,25.51,有,
中西區,房地(土地+建物)+車位,民生路二段３９２號九樓,56.47,都市：其他:住宅區,,,1091208,土地1建物1車位2,九層,十三層,住宅大樓(11層含以上有電梯),見其他登記事項,鋼筋混凝土造,0880716,380.42,4,2,3,有,有,18500000,48630,坡道平面,53.3,0,,RPUQMLNKJHGGFAD57DA,224.22,0.0,26.39,有,
中西區,房地(土地+建物)+車位,中華西路二段４１６號二樓之５,28.01,都市：其他:住宅區,,,1091218,土地1建物1車位2,二層,二十五層,住宅大樓(11層含以上有電梯),集合住宅,鋼筋混凝土構造,1060817,316.47,3,2,3,有,有,17500000,62282,坡道平面,67.6,2000000,,RPTQMLTKJHGGFAD08DA,161.85,0.0,13.73,有,
北區,房地(土地+建物)+車位,開元路５１５號,47.66,都市：其他:住宅區,,,1100115,土地3建物1車位1,一層，見其他登記事項,二十四層,住宅大樓(11層含以上有電梯),見其他登記事項,見其他登記事項,1041105,298.84,1,2,1,有,有,47500000,158948,坡道平面,32.55,0,,RPUQMLTKJHGGFAD18DA,198.17,0.0,0.0,有,1052
中西區,房地(土地+建物)+車位,民權路三段４００巷２１號八樓,22.28,都市：其他:住宅區,,,1091210,土地1建物1車位1,八層,十層,華廈(10層含以下有電梯),見其他登記事項,鋼筋混凝土造,0880730,151.56,3,2,2,有,有,6980000,46054,坡道平面,26.53,0,陽台外推；,RPOOMLKLJHGGFAD56DA,81.97,0.0,9.31,有,
北區,房地(土地+建物)+車位,中華北路一段７８巷５３號十三樓,19.88,都市：其他:商業區,,,1091213,土地1建物1車位1,十三層,二十二層,住宅大樓(11層含以上有電梯),見其他登記事項,見其他登記事項,1090109,241.82,3,2,2,有,有,14930000,72345,坡道平面,55.49,1450000,,RPTNMLTKJHGGFAD77DA,101.32,8.91,14.03,有,
安平區,房地(土地+建物)+車位,永華五街１０號十一樓,8.63,都市：其他:商業區,,,1091212,土地1建物1車位1,十一層,二十九層,住宅大樓(11層含以上有電梯),見其他登記事項,見其他登記事項,1070921,172.17000000000002,2,2,2,有,有,14620000,90518,坡道機械,23.36,1150000,,RPUNMLTKJHGGFAD87DA,92.77,2.89,6.97,有,
北區,房地(土地+建物),長勝北街２１號,43.33,都市：其他:住宅區,,,1091223,土地2建物1車位0,全,二層,透天厝,住商用,加強磚造,0610810,70.98,3,1,2,有,無,2500000,35221,,0.0,0,親友、員工、共有人或其他特殊關係間之交易；頂樓加蓋；,RPVNMLLLJHGGFAD27DA,70.98,0.0,0.0,無,1053
安平區,土地,金城段32-14地號,297.0,都市：其他:住宅區,,,1091118,土地1建物0車位0,,,其他,,,,0.0,0,0,0,有,無,35000000,117845,,0.0,0,,RPTPMLKLJHGGFAD17DA,0.0,0.0,0.0,無,
中西區,房地(土地+建物),忠孝街９３巷１１４之４號,33.51,都市：其他:住宅區,,,1091226,土地2建物1車位0,全,二層,透天厝,住家用,加強磚造,0571111,52.74,2,2,1,有,無,3000000,56883,,0.0,0,頂樓加蓋；其他增建；,RPUPMLKLJHGGFAD27DA,52.74,0.0,0.0,無,
中西區,房地(土地+建物),慈聖街６７號四樓之２,22.1,都市：其他:商業區,,,1100106,土地1建物1車位0,四層,五層,華廈(10層含以下有電梯),見其他登記事項,見其他登記事項,1091023,92.15,2,2,2,有,有,6720000,72925,,0.0,0,,RPOQMLKLJHGGFAD76DA,61.11,0.0,2.39,有,
中西區,房地(土地+建物),頂美二街７２巷４８號,125.11,都市：其他:住宅區,,,1091215,土地1建物1車位0,全,五層,透天厝,見其他登記事項,鋼筋混凝土造,0870202,323.16,5,2,5,有,無,23000000,71172,,0.0,0,,RPPQMLKLJHGGFAD86DA,297.74,0.0,25.42,無,1054
中西區,房地(土地+建物),金華新路４３號七樓之８,2.97,都市：其他:商業區,,,1091213,土地2建物1車位0,七層,十二層,住宅大樓(11層含以上有電梯),住家用,鋼筋混凝土造,0840104,31.12,1,0,1,有,有,1680000,53985,,0.0,0,,RPVNMLPLJHGGFAD67DA,22.51,0.0,0.0,有,
中西區,房地(土地+建物)+車位,頂美三街１６６號十五樓之５,17.11,都市：其他:住宅區,,,1100107,土地1建物1車位1,十五層,十八層,住宅大樓(11層含以上有電梯),見其他登記事項,見其他登記事項,1051026,168.0,3,2,2,有,有,12200000,72619,坡道機械,23.12,0,,RPOPMLTKJHGGFAD47DA,91.83,0.0,10.07,有,1055
東區,房地(土地+建物)+車位,崇德七街２０巷１２號七樓之２,19.69,都市：其他:第五種住宅區,,,1091221,土地1建物1車位1,七層,七層,華廈(10層含以下有電梯),見其他登記事項,鋼筋混凝土造,0821016,107.44,3,1,2,有,有,5800000,53984,升降機械,0.0,600000,其他增建；,RPUOMLLLKIPFFCD48DA,71.73,0.0,8.74,有,1056
新營區,房地(土地+建物),民榮里復興路５１１巷５９號,89.5,都市：其他:住宅區,,,1091228,土地1建物1車位0,全,二層,透天厝,住家用,加強磚造,0731006,110.73,4,2,2,有,無,4000000,36124,,0.0,0,,RPWNMLOJJHGGFDD77DA,107.4,0.0,3.33,無,
東區,房地(土地+建物),榮譽街８４巷３５之１號二樓,34.38,都市：其他:第五種住宅區,,,1100108,土地1建物1車位0,二層,四層,公寓(5樓含以下無電梯),住家用,鋼筋混凝土造,0700526,95.0,3,2,2,有,無,3300000,34733,,0.0,0,,RPPNMLSJJHGGFCD37DA,80.01,0.0,0.0,無,
東區,房地(土地+建物),東門路一段６１號五樓之９,3.56,都市：其他:第五種住宅區,,,1100114,土地2建物1車位0,五層,七層,華廈(10層含以下有電梯),住家用,鋼筋混凝土造,0790102,23.52,1,0,1,有,有,900000,38265,,0.0,0,,RPQOMLOKJHGGFCD27DA,12.98,0.0,1.54,有,
南區,房地(土地+建物),新興路３６１號五樓之４,13.1,都市：其他:住宅區,,,1091212,土地1建物1車位0,五層,五層,公寓(5樓含以下無電梯),住家用,鋼筋混凝土造,0700630,46.79,1,1,1,有,無,1050000,22441,,0.0,0,,RPOOMLTKJHGGFCD57DA,37.16,0.0,0.0,無,
南區,房地(土地+建物)+車位,水交社路８０巷６２號二樓,54.6,都市：其他:住宅區,,,1091227,土地1建物1車位1,二層,七層,華廈(10層含以下有電梯),見其他登記事項,鋼筋混凝土造,1031016,256.72,4,2,3,有,有,14980000,58352,坡道平面,31.21,0,,RPVNMLKLJHGGFCD37DA,122.95,3.53,25.3,有,
下營區,土地,大屯寮段3533地號,2737.0,,特定農業區,農牧用地,1091121,土地1建物0車位0,,,其他,,,,0.0,0,0,0,有,無,4200000,1535,,0.0,0,農作物；,RPQNMLPKJHGGFFD57DA,0.0,0.0,0.0,無,
麻豆區,土地,磚子井段473-2地號,4203.0,,一般農業區,農牧用地,1091223,土地2建物0車位0,,,其他,,,,0.0,0,0,0,有,無,5000000,1190,,0.0,0,,RPSNMLTKJHGGFFD18DA,0.0,0.0,0.0,無,1057
左鎮區,土地,岡子林段85地號,2044.0,,一般農業區,農牧用地,1091215,土地4建物0車位0,,,其他,,,,0.0,0,0,0,有,無,3020000,1477,,0.0,0,,RPPNMLLLJHGGFHD37DA,0.0,0.0,0.0,無,
仁德區,房地(土地+建物),成功里德成路１０１之５號,238.95,都市：其他:住宅區,,,1091228,土地3建物1車位0,全,三層,透天厝,見其他登記事項,鋼筋混凝土造,1011204,345.52,5,2,4,有,有,27300000,79011,,0.0,0,其他增建；,RPROMLTKJHGGFID48DA,334.64,0.0,6.44,無,1058
永康區,房地(土地+建物),復華里復華八街４７巷３４號五樓之３,8.44,都市：其他:住宅區,,,1091214,土地1建物1車位0,五層,十層,華廈(10層含以下有電梯),住家用,鋼筋混凝土造,0850426,65.58,2,2,1,有,有,2800000,42696,,0.0,0,陽台外推；,RPVOMLTKJHGGFKD09DA,36.57,2.59,5.81,有,
永康區,土地,國聖段180地號,36.59,都市：其他:道路用地,,,1091231,土地1建物0車位0,,,其他,,,,0.0,0,0,0,有,無,546763,14943,,0.0,0,包含公共設施保留地用地；,RPQOMLOKJHGGFKD08DA,0.0,0.0,0.0,無,
永康區,土地,東南段1197地號,241.81,都市：其他:道路用地,,,1091110,土地2建物0車位0,,,其他,,,,0.0,0,0,0,有,無,3000000,12406,,0.0,0,包含公共設施保留地用地；,RPQNMLSKJHGGFKD38DA,0.0,0.0,0.0,無,
永康區,土地,龍潭段674地號,117.31,都市：其他:道路用地,,,1091102,土地3建物0車位0,,,其他,,,,0.0,0,0,0,有,無,3800000,32393,,0.0,0,,RPRNMLSKJHGGFKD48DA,0.0,0.0,0.0,無,
永康區,房地(土地+建物),五福街１８５號七樓之１,20.5,都市：其他:住宅區,,,1091201,土地1建物1車位0,七層,七層,華廈(10層含以下有電梯),住家用,鋼筋混凝土造,0830519,110.95,2,2,2,有,無,2900000,26138,,0.0,0,親友、員工、共有人或其他特殊關係間之交易；,RPTOMLKLJHGGFKD08DA,71.37,0.88,10.33,有,1059
永康區,房地(土地+建物),中華二路２６６巷１９號七樓之１,7.39,都市：其他:住宅區,,,1091210,土地1建物1車位0,七層,十六層,住宅大樓(11層含以上有電梯),住家用,鋼筋混凝土造,0850522,68.71,2,2,1,有,有,3300000,48028,,0.0,0,,RPWNMLKLJHGGFKD28DA,46.81,0.0,5.99,有,1060
永康區,房地(土地+建物),中山東路１５２號五樓之３,8.21,都市：其他:住宅區,,,1091220,土地1建物1車位0,五層,十一層,住宅大樓(11層含以上有電梯),住家用,鋼筋混凝土造,0900110,52.42,2,1,1,有,有,3200000,61045,,0.0,0,,RPXNMLKLJHGGFKD38DA,32.89,2.69,2.51,有,
永康區,房地(土地+建物),三合里南工街２６７巷５８號九樓之５,9.19,都市：其他:住宅區,,,1091225,土地3建物1車位0,九層,十一層,住宅大樓(11層含以上有電梯),住家用,鋼筋混凝土造,0860926,81.79,3,2,2,有,有,3500000,42793,,0.0,0,夾層；,RPPOMLKLJHGGFKD67DA,49.27,5.56,5.69,有,
永康區,土地,兵北段983地號,820.75,都市：其他:住宅區,,,1090712,土地7建物0車位0,,,其他,,,,0.0,0,0,0,有,無,88880000,108291,,0.0,0,,RPUNMLKLJHGGFKD08DA,0.0,0.0,0.0,無,
永康區,土地,兵北段978地號,142.74,都市：其他:計畫道路用地,,,1090712,土地2建物0車位0,,,其他,,,,0.0,0,0,0,有,無,1000000,7006,,0.0,0,包含公共設施保留地用地；,SPUNMLKLJHGGFKD18DA,0.0,0.0,0.0,無,
永康區,土地,蜈蜞潭段2243-1地號,113.0,都市：其他:道路用地,,,1091222,土地1建物0車位0,,,其他,,,,0.0,0,0,0,有,無,1710000,15133,,0.0,0,包含公共設施保留地用地；,RPSQMLSKJHGGFKD88DA,0.0,0.0,0.0,無,
永康區,土地,大灣段8448地號,135.0,都市：其他:住宅區,,,1091229,土地1建物0車位0,,,其他,,,,0.0,0,0,0,有,無,7587000,56200,,0.0,0,親友、員工、共有人或其他特殊關係間之交易；,RPUNMLQJJHGGFKD48DA,0.0,0.0,0.0,無,
永康區,房地(土地+建物),五王里中山東路１４８號七樓之２,9.47,都市：其他:住宅區,,,1091104,土地1建物1車位0,七層,十一層,住宅大樓(11層含以上有電梯),住家用,鋼筋混凝土造,0900110,67.55,3,1,2,有,有,3880000,57439,,0.0,0,親友、員工、共有人或其他特殊關係間之交易；,RPQOMLLLJHGGFKD87DA,36.5,6.67,5.93,有,1061
永康區,土地,頂溪段389地號,790.75,都市：其他:工業區,,,1091231,土地1建物0車位0,,,其他,,,,0.0,0,0,0,有,無,55016000,69574,,0.0,0,,RPUNMLLLJHGGFKD18DA,0.0,0.0,0.0,無,
永康區,土地,永二段280-2地號,543.8,都市：其他:住宅區,,,1090429,土地1建物0車位0,,,其他,,,,0.0,0,0,0,有,無,28000000,51490,,0.0,0,,RPPPMLLLJHGGFKD87DA,0.0,0.0,0.0,無,
永康區,土地,永康段1167-3地號,375.03,都市：其他:道路用地,,,1091224,土地3建物0車位0,,,其他,,,,0.0,0,0,0,有,無,6200000,16532,,0.0,0,包含公共設施保留地用地；,RPPNMLMLJHGGFKD77DA,0.0,0.0,0.0,無,
永康區,土地,鹽東段891地號,40.02,都市：其他:道路用地,,,1091217,土地1建物0車位0,,,其他,,,,0.0,0,0,0,有,無,200000,4998,,0.0,0,包含公共設施保留地用地；,RPQNMLMLJHGGFKD87DA,0.0,0.0,0.0,無,1062
永康區,土地,安康段654-3地號,101.86,都市：其他:住宅區,,,1091228,土地1建物0車位0,,,其他,,,,0.0,0,0,0,有,無,7702000,75614,,0.0,0,,RPSOMLMLJHGGFKD18DA,0.0,0.0,0.0,無,
永康區,房地(土地+建物)+車位,鹽行里新行街１２７號二樓,11.52,都市：其他:住宅區,,,1100111,土地1建物1車位1,二層,十六層,住宅大樓(11層含以上有電梯),住家用,鋼筋混凝土造,0820827,119.22,3,2,2,有,有,5300000,44456,坡道平面,0.0,0,,RPPPMLMLJHGGFKD97DA,81.73,0.0,7.13,有,
永康區,土地,蜈蜞潭段2065-2地號,856.25,都市：其他:道路用地,,,1091228,土地10建物0車位0,,,其他,,,,0.0,0,0,0,有,無,22624734,26423,,0.0,0,包含公共設施保留地用地；,RPRNMLQLKIPFFKD76DA,0.0,0.0,0.0,無,0140
永康區,房地(土地+建物),復國路５０號二樓之５,44.36,都市：其他:住宅區,,,1091108,土地1建物1車位0,二層,十四層,住宅大樓(11層含以上有電梯),住家用,鋼筋混凝土造,0960920,156.24,3,2,2,有,有,5500000,35202,,0.0,0,,RPSNMLNLKIPFFKD56DA,86.09,0.0,10.52,有,
新營區,房地(土地+建物),太子宮２９７之１１號,72.0,都市：其他:住宅區,,,1091220,土地1建物1車位0,全,三層,透天厝,住家用,鋼筋混凝土造,1090830,151.24,4,2,3,有,無,6300000,41656,,0.0,0,,RPPNMLKLJHGGFDD96EA,137.84,0.0,13.4,無,
柳營區,房地(土地+建物),光福里１９鄰柳營路二段２５２巷１７號,106.57,都市：其他:住宅區,,,1091229,土地2建物1車位0,全,二層,透天厝,住商用,加強磚造,0691022,92.07,4,2,2,有,無,2900000,31498,,0.0,0,,RPOOMLLLJHGGFDD07EA,92.07,0.0,0.0,無,
鹽水區,房地(土地+建物),歡雅６３之３３號,118.46,,鄉村區,乙種建築用地,1100111,土地1建物1車位0,全,四層,透天厝,住家用,鋼筋混凝土造,0830516,189.89,5,2,2,有,無,2000000,10532,,0.0,0,親友、員工、共有人或其他特殊關係間之交易；,RPQNMLMLJHGGFDD27EA,170.39,0.0,19.5,無,
新營區,房地(土地+建物),富強街４８號,86.82,都市：其他:住宅區,,,1100113,土地1建物1車位0,全,三層,透天厝,住家用,鋼筋混凝土造,1090223,187.11,4,1,3,有,無,8600000,45962,,0.0,0,,RPTNMLMLJHGGFDD57EA,179.43,0.0,7.68,無,
新營區,房地(土地+建物),太子宮２９７之１８號,92.0,都市：其他:住宅區,,,1091016,土地1建物1車位0,全,三層,透天厝,住家用,鋼筋混凝土造,1090830,156.49,4,2,3,有,無,7400000,47287,,0.0,0,,RPVNMLMLJHGGFDD77EA,146.94,0.0,9.55,無,
鹽水區,房地(土地+建物),和平路４０７巷７號,106.88,都市：其他:住宅區,,,1100109,土地1建物1車位0,全,三層,透天厝,住家用,鋼筋混凝土造,1090424,190.06,4,2,3,有,無,8600000,45249,,0.0,0,,RPWNMLMLJHGGFDD87EA,173.58,0.0,16.48,無,
新營區,房地(土地+建物),復興路１６１巷２２號,40.97,都市：其他:住宅區,,,1100111,土地1建物1車位0,全,一層,透天厝,住家用,木造,,40.31,1,1,1,有,無,800000,19846,,0.0,0,,RPPNMLPLJHGGFDD47EA,40.31,0.0,0.0,無,
新營區,房地(土地+建物),三仙里育德九街２７之５號,77.23,都市：其他:住宅區,,,1091204,土地1建物1車位0,全,二層,透天厝,住家用,加強磚造,0690701,105.52,3,2,2,有,無,1300000,12320,,0.0,0,親友、員工、共有人或其他特殊關係間之交易；頂樓加蓋；,RPOOMLSKJHGGFDD67EA,99.52,0.0,6.0,無,
東區,房地(土地+建物),崇德三十二街８８號,56.0,都市：其他:第五種住宅區,,,1091210,土地1建物1車位0,全,二層,透天厝,住商用,鋼筋混凝土造,0680205,79.8,3,1,2,有,無,5650000,70802,,0.0,0,,RPROMLMLJHGGFCD37EA,79.8,0.0,0.0,無,
安南區,土地,學東段1007地號,71.61,都市：其他:住宅區,,,1091229,土地1建物0車位0,,,其他,,,,0.0,0,0,0,有,無,2382820,33275,,0.0,0,,RPQNMLLLJHGGFBD96EA,0.0,0.0,0.0,無,
安南區,土地,學東段953地號,185.44,都市：其他:住宅區,,,1091229,土地1建物0車位0,,,其他,,,,0.0,0,0,0,有,無,8414340,45375,,0.0,0,,RPRNMLLLJHGGFBD07EA,0.0,0.0,0.0,無,
安南區,土地,國安段1473-1地號,149.4,都市：其他:主要計畫道路用地,,,1100115,土地1建物0車位0,,,其他,,,,0.0,0,0,0,有,無,2610014,17470,,0.0,0,公共設施保留地道路用地包含公共設施保留地用地；,RPVPMLLLJHGGFBD67EA,0.0,0.0,0.0,無,0836
北區,土地,小北段1131地號,766.79,都市：其他:細部計畫道路用地,,,1100105,土地4建物0車位0,,,其他,,,,0.0,0,0,0,有,無,8280000,10798,,0.0,0,包含公共設施保留地用地；,RPSOMLKLJHGGFAD07EA,0.0,0.0,0.0,無,1065
北區,土地,小北段1066-2地號,618.19,都市：其他:細部計畫道路用地,,,1100105,土地3建物0車位0,,,其他,,,,0.0,0,0,0,有,無,7580000,12262,,0.0,0,包含公共設施保留地用地；,RPWOMLKLJHGGFAD47EA,0.0,0.0,0.0,無,1066
安定區,土地,六塊寮段3165-1地號,910.67,,鄉村區,乙種建築用地,1091221,土地2建物0車位0,,,其他,,,,0.0,0,0,0,有,無,25168411,27637,,0.0,0,,RPQOMLMLJHGGFHD77EA,0.0,0.0,0.0,無,
善化區,房地(土地+建物),公園路２５３號十一樓之８,14.56,都市：其他:商業區,,,1091215,土地1建物1車位0,十一層,十三層,住宅大樓(11層含以上有電梯),住家用,鋼筋混凝土造,0980504,88.74000000000001,2,1,1,有,有,4600000,51837,,0.0,0,,RPQOMLLLJHGGFHD67EA,53.2,2.81,3.58,有,
永康區,土地,正強段585地號,94.53,都市：其他:道路用地,,,1100102,土地1建物0車位0,,,其他,,,,0.0,0,0,0,有,無,1500000,15868,,0.0,0,包含公共設施保留地用地；,RPTOMLPKJHGGFKD58EA,0.0,0.0,0.0,無,1067
南化區,土地,中坑段105-1地號,1024.5,,山坡地保育區,農牧用地,1100115,土地1建物0車位0,,,其他,,,,0.0,0,0,0,有,無,250000,244,,0.0,0,,RPPNMLLLJHGGFJD67EA,0.0,0.0,0.0,無,0131
東山區,土地,二重溪段197地號,1684.0,,一般農業區,農牧用地,1100115,土地1建物0車位0,,,其他,,,,0.0,0,0,0,有,無,500000,297,,0.0,0,親友、員工、共有人或其他特殊關係間之交易；,RPQNMLMLJHGGFED37EA,0.0,0.0,0.0,無,
後壁區,土地,侯伯段811地號,73.6,都市：其他:停車場用地,,,1100115,土地3建物0車位0,,,其他,,,,0.0,0,0,0,有,無,400000,5435,,0.0,0,親友、員工、共有人或其他特殊關係間之交易；,RPPNMLPLJHGGFED57EA,0.0,0.0,0.0,無,
後壁區,土地,侯伯段809地號,245.09,都市：其他:溝渠用地,,,1100115,土地2建物0車位0,,,其他,,,,0.0,0,0,0,有,無,1000000,4080,,0.0,0,親友、員工、共有人或其他特殊關係間之交易；,RPQNMLPLJHGGFED67EA,0.0,0.0,0.0,無,
六甲區,土地,港子頭段1001地號,358.7,,特定農業區,農牧用地,1091130,土地1建物0車位0,,,其他,,,,0.0,0,0,0,有,無,1085000,3025,,0.0,0,畸零地或有合併使用效益；,RPVNMLLLJHGGFFD87EA,0.0,0.0,0.0,無,
六甲區,土地,中社段170-17地號,205.0,,鄉村區,乙種建築用地,1091231,土地3建物0車位0,,,其他,,,,0.0,0,0,0,有,無,820000,4000,,0.0,0,親友、員工、共有人或其他特殊關係間之交易；,RPVNMLMLJHGGFFD97EA,0.0,0.0,0.0,無,
下營區,土地,茅港尾段560-114地號,372.0,,鄉村區,乙種建築用地,1091222,土地1建物0車位0,,,其他,,,,0.0,0,0,0,有,無,1674000,4500,,0.0,0,親友、員工、共有人或其他特殊關係間之交易；,RPPOMLMLJHGGFFD47EA,0.0,0.0,0.0,無,
歸仁區,土地,歸仁南段1171地號,1765.0,,一般農業區,農牧用地,1091230,土地1建物0車位0,,,其他,,,,0.0,0,0,0,有,無,19415000,11000,,0.0,0,,RPRNMLLLJHGGFID67DA,0.0,0.0,0.0,無,
仁德區,房地(土地+建物),二行里行大街３０８號,387.41,都市：其他:計畫道路用地,,,1090222,土地4建物1車位0,全,二層,透天厝,住家用,加強磚造,0621000,81.44,9,2,2,有,無,9600000,117878,,0.0,0,未登記建物；,RPOOMLTKJHGGFID18DA,81.44,0.0,0.0,無,
歸仁區,土地,歸仁北段1428-15地號,2000.0,都市：其他:工業區,,,1091224,土地2建物0車位0,,,其他,,,,0.0,0,0,0,有,無,93775000,46888,,0.0,0,,RPTNMLLLJHGGFID87DA,0.0,0.0,0.0,無,
仁德區,房地(土地+建物),仁義四街１０１號,71.02,都市：其他:住宅區,,,1100109,土地2建物1車位0,全,四層,透天厝,見其他登記事項,見其他登記事項,1090602,164.7,5,2,4,有,無,11860000,72010,,0.0,0,,RPUNMLLLJHGGFID97DA,142.33,0.0,22.37,無,
歸仁區,土地,豬厝段807-2地號,30.7,,一般農業區,農牧用地,1091231,土地1建物0車位0,,,其他,,,,0.0,0,0,0,有,無,185740,6050,,0.0,0,,RPXNMLPKJHGGFID58DA,0.0,0.0,0.0,無,1005
仁德區,土地,正義段468地號,249.92,都市：其他:住宅區,,,1100112,土地1建物0車位0,,,其他,,,,0.0,0,0,0,有,無,12550982,50220,,0.0,0,政府機關標讓售；,RPPNMLMLJHGGFID57DA,0.0,0.0,0.0,無,
仁德區,房地(土地+建物),仁義里中山路５３９巷５號九樓之４,16.0,都市：其他:商業區,,,1091217,土地1建物1車位0,九層,九層,華廈(10層含以下有電梯),住家用,鋼筋混凝土造,0840829,81.98,4,2,2,有,有,4250000,51842,,0.0,0,夾層；,RPQOMLLLJHGGFID67DA,54.08,2.37,7.05,有,1070
仁德區,房地(土地+建物),保安里保學一街１７巷１１號,309.4,都市：其他:住宅區,,,1091127,土地2建物1車位0,全,四層,透天厝,住家用,鋼筋混凝土造,0960420,666.67,38,0,38,有,有,22800000,34200,,0.0,0,,RPWOMLKLJHGGFID18DA,594.41,0.0,72.26,無,
仁德區,房地(土地+建物),仁德里中山路９１０巷１０號,73.72,都市：其他:農業區,,,1091220,土地2建物1車位0,全,四層,透天厝,住家用,鋼筋混凝土造,0870928,186.39999999999998,4,2,3,有,有,9380000,50322,,0.0,0,其他增建；,RPVNMLMLJHGGFID18DA,142.51,28.92,14.8,無,
仁德區,房地(土地+建物),中正西路３６０巷２０弄４３號一樓之５,5.02,都市：其他:住宅區,,,1100108,土地2建物1車位0,一層,四層,華廈(10層含以下有電梯),見其他登記事項,鋼筋混凝土造,0960920,14.149999999999999,1,0,1,有,有,400000,28269,,0.0,0,夾層；,RPSPMLMLJHGGFID08DA,7.14,0.9,0.0,有,1071
仁德區,房地(土地+建物),亞航街１９８巷１９０號,73.53,都市：其他:住宅區,,,1091213,土地1建物1車位0,全,二層,透天厝,住家用,加強磚造,0661000,83.07,5,2,3,有,無,5200000,62598,,0.0,0,頂樓加蓋；其他增建；,RPXNMLPLJHGGFID68DA,83.07,0.0,0.0,無,
仁德區,房地(土地+建物),仁義三街３４巷１９號,64.68,都市：其他:住宅區,,,1091212,土地1建物1車位0,全,二層,透天厝,住家用,加強磚造,0690300,83.7,3,2,2,有,無,4000000,47790,,0.0,0,,RPPOMLPJJHGGFID77DA,83.7,0.0,0.0,無,
關廟區,土地,文衡段1246地號,535.0,都市：其他:住宅區,,,1090930,土地3建物0車位0,,,其他,,,,0.0,0,0,0,有,無,14300000,26729,,0.0,0,包含公共設施保留地用地；,RPXOMLQJJHGGFID68DA,0.0,0.0,0.0,無,
關廟區,土地,文衡段1244地號,13.33,都市：其他:住宅區,,,1090930,土地1建物0車位0,,,其他,,,,0.0,0,0,0,有,無,480000,36009,,0.0,0,包含公共設施保留地用地；,RPOPMLQJJHGGFID87DA,0.0,0.0,0.0,無,
仁德區,土地,太子段492-1地號,29.01,都市：其他:住宅區,,,1091228,土地1建物0車位0,,,其他,,,,0.0,0,0,0,有,無,3200000,110307,,0.0,0,,RPPOMLNKJHGGFID67DA,0.0,0.0,0.0,無,
仁德區,建物,長興四街９０巷１號五樓之１,0.0,,,,1091228,土地0建物1車位0,五層,五層,華廈(10層含以下有電梯),見其他登記事項,見其他登記事項,1090115,88.3,2,2,1,有,有,3500000,39638,,0.0,0,,RPQOMLNKJHGGFID77DA,62.37,0.0,3.7,有,
關廟區,土地,文衡段1214地號,135.0,都市：其他:住宅區,,,1091031,土地1建物0車位0,,,其他,,,,0.0,0,0,0,有,無,4500000,33333,,0.0,0,,RPUNMLRJJHGGFID38DA,0.0,0.0,0.0,無,
關廟區,土地,文衡段1247地號,471.0,都市：其他:保護區,,,1091005,土地1建物0車位0,,,其他,,,,0.0,0,0,0,有,無,1000000,2123,,0.0,0,,RPVNMLRJJHGGFID48DA,0.0,0.0,0.0,無,
善化區,房地(土地+建物),六分寮２６０之３號三樓,59.68,,鄉村區,乙種建築用地,1091223,土地1建物1車位0,三層,六層,華廈(10層含以下有電梯),見其他登記事項,鋼筋混凝土造,1070425,88.66,2,1,2,有,有,4200000,47372,,0.0,0,,RPWOMLKLJHGGFHD08DA,54.85,0.0,5.44,有,
善化區,土地,善新段34地號,438.68,都市：其他:生活服務區(第三種住宅區),,,1091027,土地1建物0車位0,,,其他,,,,0.0,0,0,0,有,無,21500000,49011,,0.0,0,,RPXOMLKLJHGGFHD18DA,0.0,0.0,0.0,無,1072
善化區,房地(土地+建物),六分寮２６０之１號二樓,59.68,,鄉村區,乙種建築用地,1091223,土地1建物1車位0,二層,六層,華廈(10層含以下有電梯),見其他登記事項,鋼筋混凝土造,1070425,105.47,3,1,3,有,有,5100000,48355,,0.0,0,,RPPPMLKLJHGGFHD47DA,69.82,0.0,5.3,有,
新市區,房地(土地+建物),三民路５０巷１０弄５號,71.8,都市：其他:住宅區,,,1100108,土地1建物1車位0,全,三層,透天厝,見其他登記事項,鋼筋混凝土造,0780710,132.38,5,2,2,有,無,5850000,44191,,0.0,0,,RPTNMLMLJHGGFHD87DA,115.24,0.0,17.14,無,1073
安定區,土地,蘇安段815地號,231.67,,鄉村區,乙種建築用地,1091115,土地1建物0車位0,,,其他,,,,0.0,0,0,0,有,無,6912000,29836,,0.0,0,親友、員工、共有人或其他特殊關係間之交易；未登記建物；,RPPOMLMLJHGGFHD57DA,0.0,0.0,0.0,無,
新市區,房地(土地+建物),豐華４７之１０８號,85.0,都市：其他:農業區,,,1091204,土地2建物1車位0,全,三層,透天厝,住家用,鋼筋混凝土造,0800918,180.02,5,2,3,有,無,6500000,36107,,0.0,0,頂樓加蓋；,RPVSMLSKJHGGFHD09DA,171.18,0.0,8.84,無,1074
新市區,房地(土地+建物)+車位,長安街３６巷３５號五樓之２,29.59,都市：其他:住宅區,,,1091231,土地1建物1車位1,五層,五層,華廈(10層含以下有電梯),見其他登記事項,鋼筋混凝土造,1050531,84.23,2,2,1,有,有,4700000,55800,坡道平面,16.59,0,陽台外推；,RPOTMLSKJHGGFHD48DA,43.6,0.0,4.64,有,
新市區,房地(土地+建物),豐榮１８９之１１８號,285.64,,一般農業區,丁種建築用地,1090729,土地4建物1車位0,全,一層,透天厝,見其他登記事項,見其他登記事項,1080502,161.74,0,0,2,有,有,11680000,72215,,0.0,0,,RPOPMLTKJHGGFHD18DA,161.74,0.0,0.0,無,
新市區,房地(土地+建物),豐榮１８９之１２１號,287.64,,一般農業區,丁種建築用地,1091017,土地4建物1車位0,全,一層,透天厝,見其他登記事項,見其他登記事項,1080502,161.74,0,0,2,有,有,11420000,70607,,0.0,0,,RPPPMLTKJHGGFHD28DA,161.74,0.0,0.0,無,
新市區,房地(土地+建物),豐榮１８９之１１６號,284.64,,一般農業區,丁種建築用地,1091019,土地4建物1車位0,全,一層,透天厝,見其他登記事項,見其他登記事項,1080502,161.74,0,0,2,有,有,11382000,70372,,0.0,0,,RPQPMLTKJHGGFHD38DA,161.74,0.0,0.0,無,
善化區,房地(土地+建物),永福路２號,98.16,都市：其他:商業區,,,1091223,土地1建物1車位0,全,三層,透天厝,住商用,鋼筋混凝土造,0780517,239.84,4,2,6,有,無,12500000,52118,,0.0,0,,RPOPMLPLJHGGFHD87DA,231.38,0.0,8.46,無,1075
新市區,土地,大營段2332-4地號,1219.0,,一般農業區,農牧用地,1091230,土地1建物0車位0,,,其他,,,,0.0,0,0,0,有,無,5370000,4405,,0.0,0,,RPTNMLQLJHGGFHD28DA,0.0,0.0,0.0,無,
新市區,土地,大營段2216地號,77.81,,特定農業區,農牧用地,1091230,土地1建物0車位0,,,其他,,,,0.0,0,0,0,有,無,280000,3599,,0.0,0,,RPVNMLQLJHGGFHD48DA,0.0,0.0,0.0,無,
新市區,土地,永就段876地號,2496.0,,特定農業區,農牧用地,1091121,土地1建物0車位0,,,其他,,,,0.0,0,0,0,有,無,13000000,5208,,0.0,0,,RPTPMLMLKIPFFHD09DA,0.0,0.0,0.0,無,
善化區,房地(土地+建物)+車位,益民寮２５號三樓之１,29.71,都市：其他:住宅區,,,1091015,土地1建物1車位1,三層,十二層,住宅大樓(11層含以上有電梯),見其他登記事項,鋼筋混凝土造,1090114,134.64000000000001,3,2,2,有,有,6800000,50652,坡道平面,21.12,1050000,,RPOOMLRJJHGGFHD77DA,70.75,0.0,5.9,有,
善化區,房地(土地+建物)+車位,益民寮２５號三樓之３,22.77,都市：其他:住宅區,,,1080623,土地1建物1車位1,三層,十二層,住宅大樓(11層含以上有電梯),見其他登記事項,鋼筋混凝土造,1090114,111.05000000000001,2,2,1,有,有,5690000,52941,坡道平面,22.46,1000000,,RPQOMLRJJHGGFHD97DA,53.22,0.0,6.55,有,
善化區,房地(土地+建物)+車位,益民寮２５號八樓之６,29.35,都市：其他:住宅區,,,1090216,土地1建物1車位1,八層,十二層,住宅大樓(11層含以上有電梯),見其他登記事項,鋼筋混凝土造,1090114,138.44,3,2,2,有,有,6420000,47694,坡道平面,24.8,1000000,,RPROMLRJJHGGFHD08DA,69.74,0.0,7.03,有,
新市區,房地(土地+建物)+車位,復興路１０５號,49.71,都市：其他:住宅區,,,1091012,土地1建物1車位3,一層，二層,十四層,住宅大樓(11層含以上有電梯),見其他登記事項,鋼筋混凝土造,1091021,343.22,0,0,0,無,有,28570000,103543,坡道平面,96.27,3000000,預售屋、或土地及建物分次登記案件；,RPVNMLMKJHGGFHD97DA,190.42,0.0,0.0,有,
新市區,房地(土地+建物)+車位,復興路１０３號,33.54,都市：其他:住宅區,,,1091012,土地1建物1車位2,一層，二層,十四層,住宅大樓(11層含以上有電梯),見其他登記事項,鋼筋混凝土造,1091021,229.19,0,0,0,無,有,19300000,103545,坡道平面,61.63,1950000,預售屋、或土地及建物分次登記案件；,SPVNMLMKJHGGFHD08DA,127.25,0.0,2.57,有,
新市區,土地,新北段235地號,356.66,都市：其他:住宅區,,,1091210,土地1建物0車位0,,,其他,,,,0.0,0,0,0,有,無,37480000,105086,,0.0,0,,RPUPMLMKJHGGFHD08DA,0.0,0.0,0.0,無,0194
新市區,房地(土地+建物),陽光大道６８號七樓之９,18.13,都市：其他:生活服務區(產業服務專用),,,1091119,土地1建物1車位0,七層,十五層,住宅大樓(11層含以上有電梯),見其他登記事項,鋼筋混凝土造,1080227,66.24000000000001,2,2,2,有,有,4950000,74728,,0.0,0,,RPOOMLNKJHGGFHD47DA,35.45,0.0,3.75,有,1077
善化區,房地(土地+建物),中興路１２３號,75.8,都市：其他:商業區,,,1091229,土地2建物1車位0,全,五層,透天厝,住商用,鋼筋混凝土造,0831220,224.9,4,2,4,有,無,13500000,60027,,0.0,0,,RPWPMLRJJHGGFHD68DA,217.92,0.0,6.98,無,
佳里區,土地,塭子內段2126地號,2037.0,,特定農業區,農牧用地,1091223,土地1建物0車位0,,,其他,,,,0.0,0,0,0,有,無,3422160,1680,,0.0,0,,RPRNMLLLJHGGFGD47DA,0.0,0.0,0.0,無,
佳里區,房地(土地+建物),安西里２７鄰安西路３３５巷２號,76.71,都市：其他:住宅區,,,1091224,土地2建物1車位0,全,三層,透天厝,住家用,鋼筋混凝土造,0820819,144.71,4,2,4,有,無,5500000,38007,,0.0,0,,RPTOMLLLJHGGFGD77DA,128.19,0.0,16.52,無,
將軍區,土地,忠興段900地號,456.0,,特定農業區,農牧用地,1091229,土地1建物0車位0,,,其他,,,,0.0,0,0,0,有,無,500000,1096,,0.0,0,,RPPNMLMLJHGGFGD37DA,0.0,0.0,0.0,無,1078
七股區,土地,七股段613-7地號,11941.0,,一般農業區,農牧用地,1091013,土地16建物0車位0,,,其他,,,,0.0,0,0,0,有,無,9500000,796,,0.0,0,,RPUNMLKLJHGGFGD67DA,0.0,0.0,0.0,無,
七股區,土地,下山子寮段70-7地號,4921.8,,一般農業區,養殖用地,1100108,土地5建物0車位0,,,其他,,,,0.0,0,0,0,有,無,2264028,460,,0.0,0,親友、員工、共有人或其他特殊關係間之交易；,RPPOMLLLJHGGFGD37DA,0.0,0.0,0.0,無,1036
七股區,土地,竹子港段1233地號,1493.0,,一般農業區,農牧用地,1091226,土地1建物0車位0,,,其他,,,,0.0,0,0,0,有,無,3135300,2100,,0.0,0,,RPUNMLMLJHGGFGD87DA,0.0,0.0,0.0,無,
學甲區,房地(土地+建物),明宜里９鄰信義路５５號之１２,10.87,都市：其他:商業區,,,1100113,土地1建物1車位0,三層,五層,華廈(10層含以下有電梯),住家用,鋼筋混凝土造,0801012,53.29,1,0,1,有,無,380000,7131,,0.0,0,,RPWNMLMLJHGGFGD08DA,34.04,0.0,0.0,有,
新市區,土地,大榮段443-1地號,724.93,都市：其他:住宅區,,,1091113,土地2建物0車位0,,,其他,,,,0.0,0,0,0,有,無,43858000,60500,,0.0,0,,RPQOMLOLJIPFFHD78DA,0.0,0.0,0.0,無,
麻豆區,土地,磚子井段27-13地號,17.99,,特定農業區,交通用地,1100106,土地3建物0車位0,,,其他,,,,0.0,0,0,0,有,無,423500,23541,,0.0,0,畸零地或有合併使用效益；,RPSNMLMLJHGGFFD57DA,0.0,0.0,0.0,無,
下營區,土地,十六甲段196-2地號,64.41,,鄉村區,乙種建築用地,1100107,土地1建物0車位0,,,其他,,,,0.0,0,0,0,有,無,585000,9082,,0.0,0,親友、員工、共有人或其他特殊關係間之交易；未登記建物；,RPTNMLMLJHGGFFD67DA,0.0,0.0,0.0,無,
麻豆區,土地,謝厝寮段1178-3地號,767.72,,一般農業區,農牧用地,1091229,土地3建物0車位0,,,其他,,,,0.0,0,0,0,有,無,1500000,1954,,0.0,0,親友、員工、共有人或其他特殊關係間之交易；,RPPNMLMLJHGGFFD27DA,0.0,0.0,0.0,無,
後壁區,土地,福安段1385地號,1679.32,,一般農業區,農牧用地,1091210,土地4建物0車位0,,,其他,,,,0.0,0,0,0,有,無,170000,101,,0.0,0,,RPUNMLLLJHGGFED57DA,0.0,0.0,0.0,無,
後壁區,土地,福安段406地號,5.44,,鄉村區,乙種建築用地,1091210,土地1建物0車位0,,,其他,,,,0.0,0,0,0,有,無,15000,2757,,0.0,0,,RPVNMLLLJHGGFED67DA,0.0,0.0,0.0,無,
白河區,房地(土地+建物),關嶺里關子嶺４１８號,42.62,都市：其他:住宅區,,,1100106,土地1建物1車位0,一層,二層,公寓(5樓含以下無電梯),住家用,鋼筋混凝土造,0810504,54.56,1,1,1,有,無,1900000,34824,,0.0,0,,RPPNMLMLJHGGFED17DA,38.15,0.0,0.0,無,1080
白河區,土地,詔安段31地號,815.89,,特定農業區,甲種建築用地,1091228,土地1建物0車位0,,,其他,,,,0.0,0,0,0,有,無,1882000,2307,,0.0,0,稅費及代書費皆由買方支付賣清親友、員工、共有人或其他特殊關係間之交易；,RPPNMLKLJHGGFED96DA,0.0,0.0,0.0,無,
大內區,土地,頭社段15-71地號,10000.0,,山坡地保育區,農牧用地,1091128,土地2建物0車位0,,,其他,,,,0.0,0,0,0,有,無,10300000,1030,,0.0,0,,RPRNMLSLJIPFFFD98DA,0.0,0.0,0.0,無,
白河區,土地,馬稠後段50地號,665.88,,山坡地保育區,農牧用地,1100115,土地1建物0車位0,,,其他,,,,0.0,0,0,0,有,無,90000,135,,0.0,0,親友、員工、共有人或其他特殊關係間之交易；,RPUNMLPKJHGGFED87DA,0.0,0.0,0.0,無,
白河區,土地,糞箕湖段木屐寮小段459地號,60.36,,一般農業區,丁種建築用地,1091231,土地3建物0車位0,,,其他,,,,0.0,0,0,0,有,無,150888,2500,,0.0,0,,RPRNMLSKJHGGFED87DA,0.0,0.0,0.0,無,
佳里區,房地(土地+建物),六安里六安４７之５號,121.71,都市：其他:住宅區,,,1091103,土地1建物1車位0,全,二層,透天厝,住商用,加強磚造,0730731,154.3,5,2,2,有,無,2350000,15230,,0.0,0,親友、員工、共有人或其他特殊關係間之交易；,RPVNMLMLKIPFFGD98DA,148.1,0.0,6.2,無,
南區,房地(土地+建物),新興路１１３巷６０號,69.0,都市：其他:住宅區,,,1091225,土地1建物2車位0,全,二層,透天厝,住家用,見其他登記事項,0571230,80.54,3,2,1,有,無,3100000,38490,,0.0,0,頂樓加蓋；,RPXNMLKLJHGGFCD57DA,80.54,0.0,0.0,無,
南區,房地(土地+建物),新興路３６１號三樓之４,13.1,都市：其他:住宅區,,,1091212,土地1建物1車位0,三層,五層,公寓(5樓含以下無電梯),住家用,鋼筋混凝土造,0700630,46.79,1,1,1,有,無,1200000,25647,,0.0,0,,RPROMLTKJHGGFCD87DA,37.16,0.0,0.0,無,
東區,房地(土地+建物),裕農路６２１巷３２之３號,90.0,都市：其他:細部計畫道路用地,,,1091229,土地2建物1車位0,全,二層,透天厝,住商用,加強磚造,0640114,89.82,3,2,3,有,無,8600000,95747,,0.0,0,頂樓加蓋；其他增建；包含公共設施保留地用地；,RPTOMLTKJHGGFCD08DA,89.82,0.0,0.0,無,
東區,房地(土地+建物)+車位,自由路二段２６號七樓之７,20.2,都市：其他:第五種住宅區,,,1091221,土地2建物1車位1,七層,十四層,住宅大樓(11層含以上有電梯),住家用,鋼筋混凝土造,0890829,131.37,3,2,2,有,有,6680000,50849,坡道平面,21.33,0,,RPUOMLTKJHGGFCD18DA,69.79,1.7,10.11,有,
東區,房地(土地+建物),裕華三街８７號,109.5,都市：其他:虎尾寮第一種住宅區,,,1100111,土地2建物1車位0,全,四層,透天厝,見其他登記事項,見其他登記事項,0930428,221.51,5,2,5,有,無,6300000,28441,,0.0,0,1.土地增值稅251212元由買方負擔繳納2.買方須讓雙親安居至終老含裝潢費；含傢俱設備費；親友、員工、共有人或其他特殊關係間之交易；,RPTNMLLLJHGGFCD27DA,202.16,0.0,19.35,無,
南區,房地(土地+建物),新建路３０巷６之４號,42.06,都市：其他:住宅區,,,1091215,土地2建物1車位0,五層,五層,公寓(5樓含以下無電梯),見其他登記事項,鋼筋混凝土造,0711125,93.38,3,2,1,有,無,2850000,30520,,0.0,0,,RPQQMLSKJHGGFCD87DA,76.54,0.0,10.48,無,
東區,土地,德高段782-3地號,5.51,都市：其他:細部計畫道路用地,,,1100112,土地3建物0車位0,,,其他,,,,0.0,0,0,0,有,無,50000,9074,,0.0,0,包含公共設施保留地用地；,RPOPMLOKJHGGFCD17DA,0.0,0.0,0.0,無,
東區,房地(土地+建物),東和路４９號五樓,7.21,都市：其他:第五種住宅區,,,1091215,土地4建物1車位0,五層,八層,華廈(10層含以下有電梯),住家用,鋼筋混凝土造,0810914,74.49,2,2,2,有,有,4700000,63096,,0.0,0,,RPTOMLMKJHGGFCD37DA,54.36,0.0,5.54,有,
南區,房地(土地+建物)+車位,西門路一段２８６號二樓之３,17.02,都市：其他:商業區,,,1080825,土地2建物1車位1,二層,十五層,住宅大樓(11層含以上有電梯),見其他登記事項,見其他登記事項,1091123,133.17000000000002,2,2,1,有,有,5950000,45761,坡道平面,33.74,1400000,預售屋、或土地及建物分次登記案件；,RPVOMLSKJHGGFCD18DA,58.38,1.74,7.3,有,
南區,房地(土地+建物)+車位,西門路一段２８６號六樓之２,15.57,都市：其他:商業區,,,1080831,土地2建物1車位1,六層,十五層,住宅大樓(11層含以上有電梯),見其他登記事項,見其他登記事項,1091123,125.9,2,2,1,有,有,6060000,50564,坡道平面,33.74,1400000,預售屋、或土地及建物分次登記案件；,RPWOMLSKJHGGFCD28DA,54.12,1.74,6.69,有,
南區,房地(土地+建物)+車位,西門路一段２９２號二樓之２,21.72,都市：其他:商業區,,,1081208,土地2建物1車位1,二層,十五層,住宅大樓(11層含以上有電梯),見其他登記事項,見其他登記事項,1091123,163.07,3,2,2,有,有,7380000,47012,坡道平面,33.74,1300000,預售屋、或土地及建物分次登記案件；,RPXOMLSKJHGGFCD38DA,77.59,2.56,7.7,有,
南區,房地(土地+建物)+車位,西門路一段２９２號九樓之３,27.52,都市：其他:商業區,,,1081026,土地2建物1車位2,九層,十五層,住宅大樓(11層含以上有電梯),見其他登記事項,見其他登記事項,1091123,228.68,4,2,2,有,有,10350000,50357,坡道平面,68.82,2300000,車位總價無法拆分個別車位價格。,RPPPMLSKJHGGFCD67DA,95.64,1.44,10.9,有,
南區,房地(土地+建物)+車位,西門路一段２９２號九樓之２,21.72,都市：其他:商業區,,,1081011,土地2建物1車位1,九層,十五層,住宅大樓(11層含以上有電梯),見其他登記事項,見其他登記事項,1091123,163.07,3,2,2,有,有,7650000,49099,坡道平面,33.74,1300000,預售屋、或土地及建物分次登記案件；,RPQPMLSKJHGGFCD77DA,77.59,2.56,7.7,有,
南區,房地(土地+建物)+車位,西門路一段２７６號八樓之３,15.57,都市：其他:商業區,,,1080817,土地2建物1車位1,八層,十五層,住宅大樓(11層含以上有電梯),見其他登記事項,見其他登記事項,1091123,125.44999999999999,2,2,1,有,有,6100000,52339,坡道平面,33.74,1300000,預售屋、或土地及建物分次登記案件；,RPRPMLSKJHGGFCD87DA,54.12,1.74,6.37,有,
東區,房地(土地+建物)+車位,東門路三段１７９巷１０３號五樓之３,24.91,都市：其他:第五種住宅區,,,1091224,土地4建物1車位1,五層,五層,華廈(10層含以下有電梯),住家用,鋼筋混凝土造,0820424,112.31,3,2,2,有,有,4380000,38999,升降平面,0.0,0,陽台外推；其他增建；,RPPOMLMLJHGGFCD07DA,64.06,0.0,7.08,有,
東區,土地,竹篙厝段1225地號,97.0,都市：其他:第五種住宅區,,,1091118,土地1建物0車位0,,,其他,,,,0.0,0,0,0,有,無,5500000,56701,,0.0,0,,RPQNMLOLJHGGFCD27DA,0.0,0.0,0.0,無,1081
柳營區,土地,重溪段715地號,359.97,,鄉村區,乙種建築用地,1100107,土地5建物0車位0,,,其他,,,,0.0,0,0,0,有,無,8000000,22224,,0.0,0,,RPXNMLKLJHGGFDD67DA,0.0,0.0,0.0,無,
新營區,房地(土地+建物),隋唐街３７號,91.0,都市：其他:住宅區,,,1091231,土地2建物1車位0,全,四層,透天厝,住商用,鋼筋混凝土造,0810603,260.74,6,2,5,有,無,10000000,38352,,0.0,0,親友、員工、共有人或其他特殊關係間之交易；,RPSNMLMLJHGGFDD37DA,236.39,4.5,19.85,無,
新營區,土地,新營段949-24地號,321.0,都市：其他:住宅區,,,1091028,土地1建物0車位0,,,其他,,,,0.0,0,0,0,有,無,13300000,41433,,0.0,0,,RPOOMLLJKHGGFDD86DA,0.0,0.0,0.0,無,
東區,房地(土地+建物),崇明十一街１０巷１１弄２７號,41.0,都市：其他:第五種住宅區,,,1091208,土地1建物1車位0,全,三層,透天厝,住商用,鋼筋混凝土造,0690314,75.49,6,2,2,有,無,2150000,28481,,0.0,0,交易權利範圍1/2親友、員工、共有人或其他特殊關係間之交易；,RPPOMLSKKIPFFCD58DA,75.49,0.0,0.0,無,
安南區,房地(土地+建物),環館路３６４巷２３號,151.55,都市：其他:住宅區,,,1090926,土地4建物1車位0,全,四層,透天厝,見其他登記事項,鋼筋混凝土造,1090924,295.19,4,2,3,有,有,19000000,64365,,0.0,0,,RPSPMLPJKIPFFBD48DA,280.49,0.0,13.42,有,
安南區,房地(土地+建物),環館路３６０巷３６號,123.12,都市：其他:住宅區,,,1061116,土地4建物1車位0,全,四層,透天厝,集合住宅、停車空間,鋼筋混凝土造,1090924,269.85999999999996,4,2,3,有,有,16300000,60402,,0.0,0,,RPQSMLRJKIPFFBD78DA,257.32,0.0,11.26,有,
安南區,房地(土地+建物),環館路３６２巷７號,158.09,都市：其他:住宅區,,,1090806,土地4建物1車位0,全,四層,透天厝,見其他登記事項,鋼筋混凝土造,1090924,303.53999999999996,4,2,3,有,有,19100000,62924,,0.0,0,,RPVRMLRJKIPFFBD56DA,288.93,0.0,13.33,有,
安南區,房地(土地+建物),環館路３６２巷８號,130.83,都市：其他:住宅區,,,1090810,土地4建物1車位0,全,四層,透天厝,見其他登記事項,鋼筋混凝土造,1090924,257.27,4,2,3,有,有,16660000,64757,,0.0,0,,RPSPMLRJKIPFFBD68DA,244.73,0.0,11.26,有,
安南區,房地(土地+建物),環館路３６４巷７號,130.93,都市：其他:住宅區,,,1081117,土地4建物1車位0,全,四層,透天厝,見其他登記事項,鋼筋混凝土造,1090924,257.27,4,2,3,有,有,15950000,61997,,0.0,0,,RPQQMLPJKIPFFBD38DA,244.73,0.0,11.26,有,
安南區,房地(土地+建物),環館路３６４巷３號,130.26,都市：其他:住宅區,,,1090510,土地4建物1車位0,全,四層,透天厝,見其他登記事項,鋼筋混凝土造,1090924,257.27,4,2,3,有,有,16120000,62658,,0.0,0,,RPRQMLPJKIPFFBD48DA,244.73,0.0,11.26,有,
安南區,土地,神榕段1226-4地號,109.21,都市：其他:住宅區,,,1090920,土地1建物0車位0,,,其他,,,,0.0,0,0,0,有,無,4450000,40747,,0.0,0,親友、員工、共有人或其他特殊關係間之交易；,RPPOMLLLJHGGFBD86DA,0.0,0.0,0.0,無,
安南區,房地(土地+建物),公學路一段１６０巷２３號,88.72,都市：其他:住宅區,,,1091211,土地2建物1車位0,全,三層,透天厝,住家用,鋼筋混凝土造,1090914,148.28,5,2,3,有,無,7500000,50580,,0.0,0,陽台外推；其他增建；,RPSPMLTKJHGGFBD97DA,120.57,0.0,27.71,無,
安南區,土地,公學段980地號,558.5,都市：其他:細部計畫道路用地,,,1100113,土地3建物0車位0,,,其他,,,,0.0,0,0,0,有,無,1857013,3325,,0.0,0,包含公共設施保留地用地；,RPSOMLKLJHGGFBD07DA,0.0,0.0,0.0,無,
安南區,房地(土地+建物),公學路一段１６０巷２１號,87.6,都市：其他:住宅區,,,1091214,土地2建物1車位0,全,三層,透天厝,住家用,鋼筋混凝土造,1090914,148.28,5,2,3,有,無,8300000,55975,,0.0,0,陽台外推；其他增建；,RPQPMLTKJHGGFBD77DA,120.57,0.0,27.71,無,
安南區,土地,淵南段271-7地號,369.69,都市：其他:主要計畫道路用地,,,1091219,土地2建物0車位0,,,其他,,,,0.0,0,0,0,有,無,6300000,17041,,0.0,0,,RPUOMLSKJHGGFBD97DA,0.0,0.0,0.0,無,
安南區,土地,州北段1402-1地號,1965.67,都市：其他:農業區,,,1091209,土地1建物0車位0,,,其他,,,,0.0,0,0,0,有,無,17800000,9055,,0.0,0,,RPROMLOKJHGGFBD27DA,0.0,0.0,0.0,無,
安南區,土地,新順段1220-1地號,188.71,都市：其他:住宅區,,,1100106,土地2建物0車位0,,,其他,,,,0.0,0,0,0,有,無,16267800,86205,,0.0,0,,RPTOMLOKJHGGFBD47DA,0.0,0.0,0.0,無,
安南區,房地(土地+建物),安中路一段７０１巷５９號,63.88,都市：其他:住宅區,,,1091228,土地14建物1車位0,一層,四層,公寓(5樓含以下無電梯),住商用,鋼筋混凝土造,0700907,95.69999999999999,1,2,1,有,無,5000000,52247,,0.0,0,賣方賣清，買方繳增值稅代書費,RPSNMLKMKIPFFBD08DA,76.71,7.71,0.0,無,
北區,房地(土地+建物)+車位,育賢街８８號十六樓之３,62.52,都市：其他:商業區,,,1091216,土地1建物1車位2,十六層,二十一層,住宅大樓(11層含以上有電梯),集合住宅,鋼筋混凝土構造,1060706,364.28,3,2,2,有,有,27880000,76535,坡道平面,75.46,0,其他增建；,RPTPMLTKJHGGFAD97DA,177.0,0.0,25.74,有,1082
安平區,土地,金華段60-19地號,127.0,都市：其他:住宅區,,,1091128,土地1建物0車位0,,,其他,,,,0.0,0,0,0,有,無,10940000,86142,,0.0,0,,RPUPMLTKJHGGFAD08DA,0.0,0.0,0.0,無,1083
安平區,房地(土地+建物)+車位,國平北路６０號十三樓,28.28,都市：其他:商業區,,,1091207,土地1建物1車位2,十三層,二十四層,住宅大樓(11層含以上有電梯),見其他登記事項,見其他登記事項,1070214,338.55,0,0,0,無,有,19350000,57726,坡道平面,50.12,2700000,毛胚屋；,RPWOMLTKJHGGFAD18DA,161.21,4.04,21.49,有,
安平區,房地(土地+建物)+車位,國平北路６０號十四樓,25.17,都市：其他:商業區,,,1091221,土地1建物1車位1,十四層,二十四層,住宅大樓(11層含以上有電梯),見其他登記事項,見其他登記事項,1070214,313.48,3,2,3,有,有,20380000,65807,坡道平面,25.06,1400000,,RPXOMLTKJHGGFAD28DA,161.21,4.04,21.49,有,
北區,房地(土地+建物),中華北路一段１８１巷３６號,228.92,都市：其他:住宅區,,,1091114,土地1建物1車位0,全,五層,透天厝,見其他登記事項,見其他登記事項,1060405,750.39,35,0,35,有,無,61000000,81291,,0.0,0,,RPSNMLKLJHGGFAD86DA,687.4,0.0,62.99,有,
中西區,房地(土地+建物),大同路一段７０巷９號三樓,23.98,都市：其他:商業區,,,1091228,土地1建物1車位0,三層,五層,公寓(5樓含以下無電梯),住家用,鋼筋混凝土造,0740618,99.89,3,2,2,有,無,3800000,38042,,0.0,0,,RPSQMLTKJHGGFAD97DA,76.14,0.0,11.27,無,
安平區,房地(土地+建物),建平八街５５１號十九樓之１３,3.85,都市：其他:住宅區,,,1091229,土地1建物1車位0,十九層,二十六層,住宅大樓(11層含以上有電梯),見其他登記事項,鋼筋混凝土造,0870105,53.69,3,2,2,有,有,1750000,32588,,0.0,0,親友、員工、共有人或其他特殊關係間之交易；,RPWPMLTKJHGGFAD28DA,37.21,0.0,5.21,有,1084
北區,房地(土地+建物)+車位,海安路三段８１２號八樓之３,15.21,都市：其他:住宅區,,,1100109,土地1建物1車位1,八層,二十四層,住宅大樓(11層含以上有電梯),見其他登記事項,見其他登記事項,1090131,164.53,2,2,2,有,有,11500000,69896,坡道平面,33.38,0,,RPQQMLKLJHGGFAD96DA,80.67,2.55,7.14,有,1085
中西區,房地(土地+建物),西華南街３６巷１０號三樓之１,36.29,都市：其他:商業區,,,1091031,土地1建物1車位0,三層,三層,公寓(5樓含以下無電梯),住家用,鋼筋混凝土造,0840313,84.94999999999999,2,2,2,有,無,3200000,37674,,0.0,0,,RPQNMLLLJHGGFAD76DA,73.08,0.0,2.99,無,
安平區,建物,永華路二段１０７５號,0.0,,,,1100104,土地0建物1車位0,全,四層,透天厝,見其他登記事項,見其他登記事項,0950127,244.44,3,2,4,有,無,3100000,12682,,0.0,0,,RPQOMLLLJHGGFAD86DA,230.27,0.0,14.17,無,1086
北區,房地(土地+建物),臨安路二段５３號四樓之１１,7.64,都市：其他:住宅區,,,1100111,土地1建物1車位0,四層,十五層,住宅大樓(11層含以上有電梯),商業用,鋼筋混凝土造,0821119,70.73,2,2,2,有,有,3150000,44536,,0.0,0,,RPQOMLNKJHGGFAD96DA,52.67,0.0,6.67,有,1087
北區,房地(土地+建物),開元路５２３號三樓之９,6.31,都市：其他:住宅區,,,1091220,土地3建物1車位0,三層,二十四層,住宅大樓(11層含以上有電梯),見其他登記事項,見其他登記事項,1041105,86.96000000000001,2,2,1,有,有,5020000,57728,,0.0,0,,RPPNMLOKJHGGFAD86DA,49.47,0.0,11.57,有,1088
安平區,土地,石門段726地號,208.23,都市：其他:特定住宅專用區,,,1091015,土地3建物0車位0,,,其他,,,,0.0,0,0,0,有,無,35800000,171925,,0.0,0,未登記建物；,RPXNMLSKJHGGFAD08DA,0.0,0.0,0.0,無,
安平區,房地(土地+建物),郡平路１４７號七樓之２,25.85,都市：其他:住宅區,,,1091209,土地1建物1車位0,七層,七層,華廈(10層含以下有電梯),住家用,鋼筋混凝土造,0811118,156.98000000000002,3,2,2,有,有,6350000,40451,,0.0,0,,RPSNMLSLKIPFFAD68DA,109.57,0.0,10.33,有,
北區,房地(土地+建物)+車位,開元路５２３號十樓之８,11.27,都市：其他:住宅區,,,1091213,土地3建物1車位1,十層,二十四層,住宅大樓(11層含以上有電梯),見其他登記事項,見其他登記事項,1041105,149.22,3,2,2,有,有,8200000,59998,坡道平面,32.55,1200000,,RPRNMLNKKIPFFAD97DA,71.09,1.64,8.97,有,1089
安平區,房地(土地+建物)+車位,華平路２１巷３２弄１０之１號,32.6,都市：其他:住宅區,,,1091214,土地1建物1車位1,二層,六層,華廈(10層含以下有電梯),住家用,鋼筋混凝土造,0820129,156.54000000000002,4,2,2,有,有,5900000,37690,升降平面,0.0,800000,陽台外推；,RPPQMLOKKIPFFAD18DA,102.83,0.0,11.85,有,
中西區,房地(土地+建物),頂美三街２２６之１號,72.78,都市：其他:住宅區,,,1091221,土地2建物1車位0,全,四層,透天厝,見其他登記事項,見其他登記事項,0920924,200.75,4,2,5,有,無,15350000,76463,,0.0,0,陽台外推；頂樓加蓋；其他增建；,RPWOMLLLKIPFFAD48DA,169.03,0.0,31.72,無,
中西區,房地(土地+建物),觀亭街６１之３號,21.16,都市：其他:商業區,,,1091226,土地1建物1車位0,一層,七層,華廈(10層含以下有電梯),住家用,鋼筋混凝土造,0850117,143.37,3,2,2,有,有,5400000,37665,,0.0,0,,RPUOMLQJJHGGFAD57DA,94.86,0.0,2.64,有,1090
安平區,土地,金城段48-23地號,108.0,都市：其他:住宅區,,,1100111,土地1建物0車位0,,,其他,,,,0.0,0,0,0,有,無,9147600,84700,,0.0,0,,RPVNMLKLJHGGFAD17DA,0.0,0.0,0.0,無,
中西區,房地(土地+建物)+車位,民權路四段１３０號三樓之３,12.12,都市：其他:住宅區,,,1100114,土地1建物1車位1,三層,十層,華廈(10層含以下有電梯),見其他登記事項,見其他登記事項,1070531,121.06,2,1,2,有,有,7500000,61953,坡道機械,29.15,0,,RPWNMLKLJHGGFAD27DA,49.79,3.83,8.14,有,1091
北區,房地(土地+建物),和路五段２６巷９號,109.44,都市：其他:住宅區,,,1091223,土地1建物1車位0,全,四層,透天厝,住家用,見其他登記事項,1090107,290.16,5,2,6,有,無,28230000,97291,,0.0,0,,RPOPMLLLJHGGFAD76DA,266.51,0.0,23.65,有,
安平區,房地(土地+建物),健康三街４６０巷１６號,143.0,都市：其他:住宅區,,,1091215,土地1建物1車位0,全,五層,透天厝,見其他登記事項,見其他登記事項,1070108,452.59,6,2,6,有,無,32200000,71146,,0.0,0,陽台外推；其他增建；,RPWNMLLLJHGGFAD37DA,416.19,0.0,36.4,有,
北區,房地(土地+建物),林森路三段２８２號,96.0,都市：其他:住宅區,,,1091119,土地1建物1車位0,全,二層,透天厝,住商用,加強磚造,0630710,140.05,0,0,0,無,無,16700000,119243,,0.0,0,頂樓加蓋；其他增建；,RPOOMLLLJHGGFAD66DA,140.05,0.0,0.0,無,
北區,房地(土地+建物),林森路三段２８４號,152.0,都市：其他:細部計畫道路用地,,,1091119,土地2建物1車位0,全,二層,透天厝,住商用,加強磚造,0630718,195.05,5,3,3,有,無,28300000,145091,,0.0,0,頂樓加蓋；其他增建；包含公共設施保留地用地；,SPOOMLLLJHGGFAD76DA,195.05,0.0,0.0,無,
北區,房地(土地+建物)+車位,實踐街２８號四樓之１,31.65,都市：其他:住宅區,,,1091229,土地1建物1車位1,四層,十二層,住宅大樓(11層含以上有電梯),見其他登記事項,鋼筋混凝土造,0911227,142.88,3,1,2,有,有,6000000,41993,坡道平面,0.0,0,實際支付380萬，不足款220萬，為視同贈與祖母對孫子之贈與親友、員工、共有人或其他特殊關係間之交易；,RPPOMLLLJHGGFAD76DA,86.89,0.0,8.61,有,
安平區,房地(土地+建物)+車位,國平北路６６號十四樓,23.31,都市：其他:商業區,,,1091010,土地1建物1車位1,十四層,二十四層,住宅大樓(11層含以上有電梯),見其他登記事項,見其他登記事項,1070214,287.88,0,0,0,無,有,25100000,90366,坡道平面,25.06,1350000,毛胚屋；,RPQPMLTKJHGGFAD67DA,149.1,3.89,16.93,有,
中西區,房地(土地+建物),南門路２３３號四樓之９,13.78,都市：其他:細部計畫道路用地,,,1100109,土地2建物1車位0,四層,七層,華廈(10層含以下有電梯),住家用,鋼筋混凝土造,0701217,69.42,2,1,1,有,無,4030000,58052,,0.0,0,陽台外推；包含公共設施保留地用地；,RPUOMLPLJHGGFAD67DA,53.3,0.0,8.84,有,1092
北區,建物,公園路５９７巷２號四樓之９,0.0,,,,1091215,土地0建物1車位0,四層,五層,公寓(5樓含以下無電梯),住家用,鋼筋混凝土造,0701027,106.63,3,2,1,有,無,1800000,16881,,0.0,0,土地為向仁愛之家租賃使用,RPPNMLMLJHGGFAD76DA,69.62,0.0,8.49,無,
中西區,房地(土地+建物),國華街三段２５０巷２０號,26.48,都市：其他:商業區,,,1091229,土地2建物1車位0,全,二層,透天厝,住家用,磚造,0510000,36.0,2,2,1,有,無,2080000,57778,,0.0,0,,RPQOMLMLJHGGFAD96DA,36.0,0.0,0.0,無,0212
北區,房地(土地+建物)+車位,北門路二段５７７巷３號六樓之２,31.38,都市：其他:住宅區,,,1091123,土地1建物1車位1,六層,十一層,住宅大樓(11層含以上有電梯),見其他登記事項,鋼筋混凝土造,0930521,145.28,3,2,2,有,有,6300000,43365,坡道平面,0.0,0,,RPQPMLMLJHGGFAD07DA,86.01,0.0,11.01,有,
北區,土地,公園段878地號,212.0,都市：其他:商業區,,,1091230,土地1建物0車位0,,,其他,,,,0.0,0,0,0,有,無,17000000,80189,,0.0,0,,RPSPMLMLJHGGFAD27DA,0.0,0.0,0.0,無,
安平區,土地,妙壽段150地號,4.77,都市：其他:特定住宅專用區,,,1091231,土地1建物0車位0,,,其他,,,,0.0,0,0,0,有,無,142146,29800,,0.0,0,親友、員工、共有人或其他特殊關係間之交易；,RPVNMLRLJHGGFAD87DA,0.0,0.0,0.0,無,
安南區,土地,外塭段531-9地號,283.25,都市：其他:廣場兼停車場用地,,,1091230,土地9建物0車位0,,,其他,,,,0.0,0,0,0,有,無,8568376,30250,,0.0,0,,RPUOMLOKJHGGFBD57DA,0.0,0.0,0.0,無,1094
安南區,房地(土地+建物),開安路５１號,1851.06,都市：其他:細部計畫道路用地,,,1091130,土地3建物1車位0,全,四層,透天厝,見其他登記事項,見其他登記事項,0850902,2048.92,6,2,7,有,無,90000000,43926,,0.0,0,未登記建物；未登記建物；,RPTOMLMKJHGGFBD27DA,2032.29,0.0,16.63,無,
安南區,土地,神榕段1224-1地號,159.35,都市：其他:住宅區,,,1100106,土地1建物0車位0,,,其他,,,,0.0,0,0,0,有,無,7200000,45184,,0.0,0,,RPXNMLQJJHGGFBD87DA,0.0,0.0,0.0,無,1095
安南區,土地,原西段822地號,181.55,都市：其他:住宅區,,,1091223,土地1建物0車位0,,,其他,,,,0.0,0,0,0,有,無,8700000,47921,,0.0,0,親友、員工、共有人或其他特殊關係間之交易；,SPPNMLRKJHGGFBD37DA,0.0,0.0,0.0,無,
安南區,房地(土地+建物),本原街三段２３４巷１０６弄２０之２１號,147.36,都市：其他:住宅區,,,1091215,土地1建物1車位0,全,四層,透天厝,住家用,鋼筋混凝土造,1021209,245.87,5,2,6,有,無,13500000,54907,,0.0,0,,RPSNMLKLJHGGFBD96DA,216.76,0.0,29.11,無,
安南區,房地(土地+建物),鹽田路３２９巷６弄６號,72.74,都市：其他:住宅區,,,1091122,土地2建物1車位0,全,三層,透天厝,住家用,鋼筋混凝土造,0950908,109.21,4,2,3,有,無,5680000,52010,,0.0,0,,RPTNMLMLJHGGFBD27DA,94.11,0.0,15.1,無,
安南區,房地(土地+建物),海環街３１７巷１６號,102.81,都市：其他:住宅區,,,1091218,土地1建物1車位0,全,三層,透天厝,住家用,鋼筋混凝土造,1080531,175.56,5,2,3,有,無,11100000,63226,,0.0,0,,RPOQMLLLJHGGFBD96DA,159.12,0.0,16.44,無,1096
安南區,土地,淵西段846地號,633.76,都市：其他:住宅區,,,1090926,土地1建物0車位0,,,其他,,,,0.0,0,0,0,有,無,21280000,33577,,0.0,0,,RPPNMLMLJHGGFBD86DA,0.0,0.0,0.0,無,
安南區,房地(土地+建物),環館路３６０巷２２號,138.24,都市：其他:住宅區,,,1061218,土地4建物1車位0,全,四層,透天厝,見其他登記事項,鋼筋混凝土造,1090924,269.85999999999996,4,2,3,有,有,16800000,62255,,0.0,0,,RPUSMLRJKIPFFBD56DA,257.32,0.0,11.26,有,
安南區,房地(土地+建物),環館路３６０巷８號,149.86,都市：其他:住宅區,,,1081026,土地4建物1車位0,全,四層,透天厝,見其他登記事項,鋼筋混凝土造,1090924,295.19,4,2,3,有,有,19460000,65924,,0.0,0,,RPQTMLRJKIPFFBD88DA,280.49,0.0,13.42,有,
新營區,房地(土地+建物),和平路１０４巷１５號,72.48,都市：其他:住宅區,,,1100101,土地9建物1車位0,一層，二層,四層,公寓(5樓含以下無電梯),見其他登記事項,加強磚造,0670621,81.76,3,2,2,有,無,1500000,18346,,0.0,0,其他增建；,RPUNMLMLJHGGFDD57DA,81.76,0.0,0.0,無,
柳營區,土地,代天段58地號,184.81,都市：其他:住宅區,,,1091223,土地1建物0車位0,,,其他,,,,0.0,0,0,0,有,無,2600000,14069,,0.0,0,,RPPOMLLLJHGGFDD07DA,0.0,0.0,0.0,無,
新營區,房地(土地+建物),王公里義和街１之１１號,72.98,都市：其他:住宅區,,,1091207,土地1建物1車位0,全,二層,透天厝,住商用,加強磚造,0671201,103.74,6,3,3,有,無,1562704,15064,,0.0,0,親友、員工、共有人或其他特殊關係間之交易；,RPQOMLLLJHGGFDD17DA,103.74,0.0,0.0,無,
新營區,房地(土地+建物),康樂街１巷１號四樓,10.49,都市：其他:商業區,,,1091229,土地1建物1車位0,四層,七層,華廈(10層含以下有電梯),住家用,鋼筋混凝土造,0811204,78.99,2,1,1,有,無,1500000,18990,,0.0,0,母女關係’有申報贈與稅。,RPPNMLMLJHGGFDD07DA,54.08,0.0,4.58,有,
柳營區,土地,大腿段830地號,3173.0,,特定農業區,農牧用地,1091231,土地1建物0車位0,,,其他,,,,0.0,0,0,0,有,無,7700000,2427,,0.0,0,,RPTNMLQLJHGGFDD87DA,0.0,0.0,0.0,無,
鹽水區,土地,田寮段50-7地號,379.0,,一般農業區,農牧用地,1091231,土地4建物0車位0,,,其他,,,,0.0,0,0,0,有,無,250140,660,,0.0,0,協議價購；,RPVNMLTKJHGGFDD28DA,0.0,0.0,0.0,無,
鹽水區,土地,歡雅段657地號,111.19,,鄉村區,乙種建築用地,1100104,土地2建物0車位0,,,其他,,,,0.0,0,0,0,有,無,600000,5396,,0.0,0,,RPUNMLLKJHGGFDD37DA,0.0,0.0,0.0,無,0790
新營區,土地,太子段1302-14地號,2.3,都市：其他:住宅區,,,1100115,土地2建物0車位0,,,其他,,,,0.0,0,0,0,有,無,46754,20328,,0.0,0,,RPOOMLPKJHGGFDD27DA,0.0,0.0,0.0,無,
南區,土地,南華段234地號,218.25,都市：其他:住宅區,,,1091110,土地2建物0車位0,,,其他,,,,0.0,0,0,0,有,無,12500000,57274,,0.0,0,包含公共設施保留地用地；,RPTNMLPLJHGGFCD67DA,0.0,0.0,0.0,無,1098
東區,房地(土地+建物),生產路３６７巷１４之１號,26.48,都市：其他:第五種住宅區,,,1091228,土地1建物1車位0,二層,五層,公寓(5樓含以下無電梯),住家用,鋼筋混凝土造,0710701,95.18,4,2,4,有,無,4300000,45178,,0.0,0,陽台外推；,RPUOMLPLJHGGFCD87DA,70.96,0.0,10.83,無,
南區,房地(土地+建物),灣裡路８８巷１３５號,693.6,都市：其他:細部計畫道路用地,,,1091118,土地6建物1車位0,全,二層,透天厝,住家用,加強磚造,0670825,175.28,4,2,2,有,無,28000000,159744,,0.0,0,其他增建；包含公共設施保留地用地；,RPRNMLMLJHGGFCD17DA,175.28,0.0,0.0,無,1099
南區,土地,新都段266地號,152.05,都市：其他:公墓用地,,,1091118,土地1建物0車位0,,,其他,,,,0.0,0,0,0,有,無,600000,3946,,0.0,0,,RPSNMLMLJHGGFCD27DA,0.0,0.0,0.0,無,1100
東區,房地(土地+建物)+車位,東成街５８號四樓之１,41.32,都市：其他:第五種住宅區,,,1091025,土地1建物1車位1,四層,五層,華廈(10層含以下有電梯),見其他登記事項,見其他登記事項,1070928,148.48000000000002,3,2,2,有,有,12500000,84186,一樓平面,16.53,0,,RPVOMLMLJHGGFCD67DA,90.92,0.0,7.14,有,1101
南區,房地(土地+建物),尊南街２５３號二樓之７,18.09,都市：其他:住宅區,,,1100116,土地1建物1車位0,二層,五層,公寓(5樓含以下無電梯),住家用,鋼筋混凝土造,0771107,66.04,1,1,1,有,無,3800000,57541,,0.0,0,,RPXNMLSKJHGGFCD28DA,49.41,0.0,7.4,無,0151
東區,土地,新東段32-2地號,4.0,都市：其他:沿街商業區,,,1100105,土地1建物0車位0,,,其他,,,,0.0,0,0,0,有,無,850000,212500,,0.0,0,,RPXNMLLLJHGGFCD67DA,0.0,0.0,0.0,無,0407
東區,房地(土地+建物)+車位,長榮路一段１８１號十樓之２,14.34,都市：其他:第五種住宅區,,,1091215,土地3建物1車位1,十層,二十五層,住宅大樓(11層含以上有電梯),住家用,鋼筋混凝土造,0860919,218.42000000000002,4,2,3,有,有,12500000,57229,坡道平面,24.86,0,,RPXOMLTKJHGGFCD48DA,123.53,0.0,23.08,有,
南區,房地(土地+建物),明興路１０５５巷１７弄１９號,59.65,都市：其他:住宅區,,,1100105,土地1建物1車位0,全,二層,透天厝,住家用,鋼筋混凝土造,0770614,82.16,4,2,2,有,無,2300000,27994,,0.0,0,親友、員工、共有人或其他特殊關係間之交易；,RPPNMLKLJHGGFCD76DA,80.34,0.0,1.82,無,1104
南區,房地(土地+建物),金華路一段３５２巷１１１弄２１號,226.0,都市：其他:細部計畫道路用地,,,1100104,土地2建物1車位0,全,二層,透天厝,住家用,見其他登記事項,0850503,155.05,5,2,2,有,無,11200000,72235,,0.0,0,頂樓加蓋；其他增建；,RPRNMLKLJHGGFCD96DA,155.05,0.0,0.0,無,
東區,房地(土地+建物)+車位,崇德十六街６０號七樓之２,22.09,都市：其他:第五種住宅區,,,1091230,土地1建物1車位1,七層,七層,華廈(10層含以下有電梯),住家用,鋼筋混凝土造,0821005,146.24,2,2,2,有,有,6660000,45542,坡道平面,0.0,800000,陽台外推；,RPOOMLKMKIPFFCD87DA,83.08,0.57,17.81,有,1105
東區,房地(土地+建物),崇明十三街４號四樓之４,20.62,都市：其他:第五種住宅區,,,1091213,土地2建物1車位0,四層,五層,公寓(5樓含以下無電梯),住家用,鋼筋混凝土造,0691217,80.88,3,2,2,有,無,2300000,28437,,0.0,0,,RPQNMLMJJHGGFCD86DA,75.16,0.0,0.0,無,
南區,土地,新興段269-9地號,195.0,都市：其他:住宅區,,,1091224,土地1建物0車位0,,,其他,,,,0.0,0,0,0,有,無,22580000,115795,,0.0,0,,RPVNMLOLKIPFFCD78DA,0.0,0.0,0.0,無,
七股區,土地,竹橋段2384地號,2850.0,,特定農業區,農牧用地,1091226,土地2建物0車位0,,,其他,,,,0.0,0,0,0,有,無,5380000,1888,,0.0,0,農作物；,RPVOMLMKJHGGFGD97DA,0.0,0.0,0.0,無,
學甲區,土地,大灣段1359地號,326.0,,鄉村區,乙種建築用地,1091204,土地3建物0車位0,,,其他,,,,0.0,0,0,0,有,無,3500000,10736,,0.0,0,,RPSOMLPJJHGGFGD87DA,0.0,0.0,0.0,無,
佳里區,房地(土地+建物),海澄里番子寮１３６之６８號,104.14,,鄉村區,乙種建築用地,1091130,土地2建物1車位0,全,四層,透天厝,住家用,鋼筋混凝土造,0830812,163.36,4,2,2,有,無,3150000,19283,,0.0,0,,RPQNMLSJJHGGFGD87DA,137.99,7.76,17.61,無,
白河區,房地(土地+建物),外角里１０鄰三民路６５號,93.0,都市：其他:住宅區,,,1100113,土地1建物1車位0,全,三層,透天厝,見其他登記事項,見其他登記事項,1060525,173.36,3,3,3,有,無,7500000,43263,,0.0,0,建物價格新台幣3253760元，土地價格新台幣4246240元合計新台幣7500000元。,RPPNMLNLJHGGFED27DA,161.38,0.0,11.98,無,
白河區,土地,埤子頭段五汴頭小段860地號,2885.0,,特定農業區,農牧用地,1100118,土地1建物0車位0,,,其他,,,,0.0,0,0,0,有,無,2600000,901,,0.0,0,,RPRNMLPLJHGGFED67DA,0.0,0.0,0.0,無,
六甲區,土地,中社段911地號,3291.0,,特定農業區,農牧用地,1100112,土地2建物0車位0,,,其他,,,,0.0,0,0,0,有,無,3860000,1173,,0.0,0,含地政士服務費；,RPRNMLMLJHGGFFD47DA,0.0,0.0,0.0,無,
麻豆區,土地,油車段560地號,56.75,都市：其他:第三種住宅區。,,,1100108,土地4建物0車位0,,,其他,,,,0.0,0,0,0,有,無,400000,7048,,0.0,0,親友、員工、共有人或其他特殊關係間之交易；,RPTOMLLLJHGGFFD67DA,0.0,0.0,0.0,無,
下營區,土地,十六甲段107-5地號,739.44,,鄉村區,乙種建築用地,1090923,土地2建物0車位0,,,其他,,,,0.0,0,0,0,有,無,5600000,7573,,0.0,0,,RPUOMLLLJHGGFFD77DA,0.0,0.0,0.0,無,1106
麻豆區,房地(土地+建物),東角里民生路２之２１號,85.36,都市：其他:第三種住宅區。,,,1091222,土地1建物1車位0,全,二層,透天厝,住家用,加強磚造,0690527,98.88,3,2,2,有,無,2500000,25283,,0.0,0,親友、員工、共有人或其他特殊關係間之交易；,RPPNMLOLJHGGFFD47DA,98.88,0.0,0.0,無,
六甲區,房地(土地+建物),水林村民族街１８鄰１６巷２６號,102.73,都市：其他:住宅區,,,1091228,土地1建物1車位0,全,三層,透天厝,住家用,鋼筋混凝土造,0800420,198.2,5,2,3,有,無,5500000,27750,,0.0,0,,RPQNMLPLJHGGFFD67DA,175.38,7.5,15.32,無,
大內區,土地,大內段1254地號,3000.0,,一般農業區,農牧用地,1090823,土地1建物0車位0,,,其他,,,,0.0,0,0,0,有,無,2760000,920,,0.0,0,集村農舍之配地,RPUNMLMLJHGGFFD77DA,0.0,0.0,0.0,無,
六甲區,房地(土地+建物),龜港里２鄰龜子港８０巷３８弄２６之３號,96.1,,鄉村區,乙種建築用地,1091204,土地1建物1車位0,全,三層,透天厝,住家用,見其他登記事項,1081120,162.57,4,1,4,有,無,6500000,39983,,0.0,0,,RPXNMLKLJHGGFFD87DA,149.5,13.07,0.0,無,
大內區,土地,蒙正段163-3地號,116.0,,一般農業區,農牧用地,1091029,土地1建物0車位0,,,其他,,,,0.0,0,0,0,有,無,100000,862,,0.0,0,地清或未辦繼承標售；,RPPNMLLLJHGGFFD17DA,0.0,0.0,0.0,無,
六甲區,房地(土地+建物),龜子港８０巷２３弄６之１號,79.36,,鄉村區,乙種建築用地,1091202,土地1建物1車位0,全,三層,透天厝,住家用,見其他登記事項,1081001,162.83,4,2,3,有,無,6300000,38691,,0.0,0,,RPWNMLLLJHGGFFD87DA,148.27,14.56,0.0,無,
六甲區,房地(土地+建物),龜子港８０巷２３弄６之２號,79.36,,鄉村區,乙種建築用地,1091205,土地1建物1車位0,全,三層,透天厝,住家用,見其他登記事項,1081001,162.83,4,2,3,有,無,6300000,38691,,0.0,0,,RPOOMLLLJHGGFFD17DA,148.27,14.56,0.0,無,
麻豆區,房地(土地+建物),大山７１之８號,102.32,都市：其他:第三種住宅區。,,,1100104,土地3建物1車位0,全,三層,透天厝,住家用,見其他登記事項,1090728,161.78,4,2,4,有,無,6900000,42651,,0.0,0,,RPSOMLMLJHGGFFD67DA,148.0,0.0,13.78,無,
麻豆區,房地(土地+建物),大山７１之３０號,130.11,都市：其他:第三種住宅區。,,,1081229,土地2建物1車位0,全,三層,透天厝,住家用,見其他登記事項,1090728,172.03,4,2,4,有,無,7200000,41853,,0.0,0,預售屋、或土地及建物分次登記案件；,RPVNMLPKJHGGFFD08DA,157.73,0.0,14.3,無,
大內區,土地,二重溪段21地號,12558.0,,山坡地保育區,農牧用地,1091226,土地1建物0車位0,,,其他,,,,0.0,0,0,0,有,無,5430000,432,,0.0,0,,RPTPMLLKJHGGFFD67DA,0.0,0.0,0.0,無,1107
麻豆區,土地,麻口段1087-2地號,4321.2,都市：其他:農業區,,,1091112,土地1建物0車位0,,,其他,,,,0.0,0,0,0,有,無,10700000,2476,,0.0,0,,RPSNMLPJJHGGFFD67DA,0.0,0.0,0.0,無,
西港區,房地(土地+建物),新港２２之８號,114.31,,鄉村區,乙種建築用地,1090917,土地1建物1車位0,全,三層,透天厝,住家用,鋼筋混凝土造,1090823,183.0,5,2,4,有,無,7500000,40984,,0.0,0,,RPOOMLMLJHGGFGD37DA,172.76,0.0,10.26,無,
佳里區,房地(土地+建物),安西里１９鄰光華街２２巷２４號,68.0,都市：其他:住宅區,,,1091222,土地1建物1車位0,全,一層,透天厝,住家用,磚造,0590620,33.0,3,1,1,有,無,2500000,75758,,0.0,0,親友、員工、共有人或其他特殊關係間之交易；,RPROMLMLJHGGFGD67DA,30.27,2.73,0.0,無,
七股區,土地,竹子港段2034地號,1581.0,,特定農業區,農牧用地,1091220,土地1建物0車位0,,,其他,,,,0.0,0,0,0,有,無,3162000,2000,,0.0,0,親友、員工、共有人或其他特殊關係間之交易；,RPRNMLPLJHGGFGD87DA,0.0,0.0,0.0,無,
七股區,土地,龍山段1024地號,4571.76,,一般農業區,農牧用地,1091230,土地7建物0車位0,,,其他,,,,0.0,0,0,0,有,無,2743000,600,,0.0,0,,RPSNMLMLJHGGFGD67DA,0.0,0.0,0.0,無,
七股區,土地,龍山段919地號,1703.71,,一般農業區,農牧用地,1091231,土地6建物0車位0,,,其他,,,,0.0,0,0,0,有,無,2000000,1174,,0.0,0,,RPTNMLMLJHGGFGD77DA,0.0,0.0,0.0,無,
將軍區,土地,角帶圍段1190地號,1305.0,,一般農業區,農牧用地,1091229,土地1建物0車位0,,,其他,,,,0.0,0,0,0,有,無,3630000,2782,,0.0,0,,RPOOMLLLJHGGFGD27DA,0.0,0.0,0.0,無,
將軍區,土地,漚汪段中甲小段1125地號,1928.0,,特定農業區,農牧用地,1091221,土地1建物0車位0,,,其他,,,,0.0,0,0,0,有,無,2313600,1200,,0.0,0,,RPUOMLTKJHGGFGD58DA,0.0,0.0,0.0,無,1108
佳里區,房地(土地+建物),佳里興３６８之２０號,92.55,,鄉村區,乙種建築用地,1100106,土地2建物1車位0,全,三層,透天厝,見其他登記事項,鋼筋混凝土造,1090721,146.64,4,2,3,有,無,6580000,44872,,0.0,0,,RPRNMLMJKHGGFGD47DA,135.61,0.0,11.03,無,
安定區,土地,海寮段1373地號,1163.0,,一般農業區,農牧用地,1091230,土地1建物0車位0,,,其他,,,,0.0,0,0,0,有,無,7036000,6050,,0.0,0,親友、員工、共有人或其他特殊關係間之交易；,RPUOMLSJJHGGFHD48DA,0.0,0.0,0.0,無,
善化區,土地,文正段1057-1地號,809.08,都市：其他:計畫道路用地,,,1100113,土地4建物0車位0,,,其他,,,,0.0,0,0,0,有,無,6290806,7775,,0.0,0,包含公共設施保留地用地；,RPTNMLMKJHGGFHD77DA,0.0,0.0,0.0,無,1109
善化區,房地(土地+建物)+車位,益民寮２５號十二樓之１,29.89,都市：其他:住宅區,,,1091012,土地1建物1車位1,十二層,十二層,住宅大樓(11層含以上有電梯),見其他登記事項,鋼筋混凝土造,1090114,139.9,3,2,2,有,有,7550000,56473,坡道平面,24.8,1050000,,RPPOMLRJJHGGFHD87DA,70.68,0.0,5.87,有,
安定區,房地(土地+建物),蘇厝７３之２６號,107.69,,鄉村區,乙種建築用地,1091218,土地1建物1車位0,全,三層,透天厝,住家用,鋼筋混凝土造,1070705,172.35,4,1,4,有,無,9000000,52219,,0.0,0,含土地增值稅或其他稅費968元；含地政士服務費9000元；其他                    ；,RPWPMLPLJHGGFHD68DA,168.97,0.0,3.38,無,1110
新市區,土地,港子墘段650-6地號,138.68,,鄉村區,乙種建築用地,1080806,土地2建物0車位0,,,其他,,,,0.0,0,0,0,有,無,2625000,18928,,0.0,0,含私設巷道。私設巷道價格為新台幣5萬元整。,RPQNMLMLJHGGFHD57DA,0.0,0.0,0.0,無,1111
善化區,房地(土地+建物),溪尾１１６之１６號,90.91,,鄉村區,乙種建築用地,1091212,土地1建物1車位0,全,三層,透天厝,住家用,鋼筋混凝土造,0820403,156.44,5,2,3,有,無,6800000,43467,,0.0,0,,RPTNMLPLJHGGFHD18DA,150.48,0.0,5.96,無,
善化區,房地(土地+建物),公園路２５３號二樓之２,15.43,都市：其他:商業區,,,1091222,土地1建物1車位0,二層,十三層,住宅大樓(11層含以上有電梯),住家用,鋼筋混凝土造,0980504,92.53,2,2,1,有,有,4400000,47552,,0.0,0,含租約；,RPVOMLKLJHGGFHD97DA,52.95,2.89,5.66,有,1112
善化區,房地(土地+建物),中華路８９號二樓之２,22.64,都市：其他:住宅區,,,1091226,土地1建物1車位0,二層,五層,華廈(10層含以下有電梯),見其他登記事項,鋼筋混凝土造,1041120,63.54,2,0,2,有,有,3960000,62323,,0.0,0,,RPPOMLLLJHGGFHD47DA,41.75,0.0,4.57,有,
新化區,房地(土地+建物),正新路３６３巷２２號,33.53,都市：其他:道路用地,,,1091216,土地2建物1車位0,一層，二層，騎樓,十二層,住宅大樓(11層含以上有電梯),住家用,鋼筋混凝土造,0821207,194.73999999999998,3,2,2,有,有,5100000,26189,,0.0,0,包含公共設施保留地用地；,RPTOMLLLJHGGFHD87DA,172.67,0.0,9.53,有,
新市區,房地(土地+建物),南昌街６２號,82.5,都市：其他:住宅區,,,1100102,土地1建物1車位0,全,三層,透天厝,住家用,鋼筋混凝土造,1090721,185.06,4,2,4,有,無,15100000,81595,,0.0,0,,RPQNMLPKJHGGFHD77DA,173.63,0.0,11.43,無,
安定區,土地,管寮段1038地號,1374.0,,一般農業區,農牧用地,1100112,土地1建物0車位0,,,其他,,,,0.0,0,0,0,有,無,6622680,4820,,0.0,0,,RPOOMLPKJHGGFHD67DA,0.0,0.0,0.0,無,
關廟區,土地,文衡段1237地號,7.57,都市：其他:住宅區,,,1090930,土地1建物0車位0,,,其他,,,,0.0,0,0,0,有,無,37000,4888,,0.0,0,包含公共設施保留地用地；,RPWNMLRJJHGGFID58DA,0.0,0.0,0.0,無,1113
關廟區,土地,文衡段1237地號,37.86,都市：其他:住宅區,,,1091005,土地1建物0車位0,,,其他,,,,0.0,0,0,0,有,無,185000,4886,,0.0,0,包含公共設施保留地用地；,RPXNMLRJJHGGFID68DA,0.0,0.0,0.0,無,1113
仁德區,房地(土地+建物)+車位,上崙里德崙路４４２巷３５弄６號十一樓之３,28.65,都市：其他:農業區,,,1091218,土地3建物1車位1,十一層,十四層,住宅大樓(11層含以上有電梯),見其他登記事項,鋼筋混凝土造,1041230,149.05,3,2,2,有,有,6700000,44951,坡道平面,29.19,0,,RPTOMLSJJHGGFID48DA,75.51,0.0,8.36,有,
仁德區,建物,新田一街６１巷７５號,0.0,,,,1091125,土地0建物2車位0,全,二層,透天厝,工業用,見其他登記事項,0900423,3517.78,0,0,0,無,無,3232000,919,,0.0,0,契稅由出賣人補貼承買人新台幣壹拾萬元正餘由買方負擔親友、員工、共有人或其他特殊關係間之交易；,RPQNMLQKKIPFFID98DA,3457.21,60.57,0.0,無,
仁德區,房地(土地+建物),保學一街４５巷１０號,101.97,都市：其他:住宅區,,,1091218,土地5建物1車位0,全,三層,透天厝,住家用,鋼筋混凝土造,0950929,160.8,8,0,8,有,無,7900000,49129,,0.0,0,陽台外推；頂樓加蓋；其他增建；,RPROMLPLJHGGFID18DA,149.42,1.26,10.12,無,1115
關廟區,土地,龜洞段48-45地號,406.0,,鄉村區,乙種建築用地,1100111,土地2建物0車位0,,,其他,,,,0.0,0,0,0,有,無,4643984,11438,,0.0,0,含土地增值稅或其他稅費43984元；未登記建物；,RPPNMLPLJHGGFID87DA,0.0,0.0,0.0,無,
歸仁區,房地(土地+建物),仁愛六街３６號,84.0,都市：其他:住宅區,,,1100107,土地2建物1車位0,全,二層,透天厝,住商用,加強磚造,0680621,107.2,3,2,2,有,無,4800000,44776,,0.0,0,,RPSNMLPLJHGGFID18DA,107.2,0.0,0.0,無,
關廟區,房地(土地+建物),園中街５２巷１１號,102.7,都市：其他:住宅區,,,1080312,土地3建物1車位0,全,三層,透天厝,住家用,見其他登記事項,1090708,167.77,5,2,3,有,無,8000000,47684,,0.0,0,,RPUNMLMLJHGGFID08DA,157.98,0.0,9.79,無,
歸仁區,土地,六甲段711地號,86.45,,鄉村區,乙種建築用地,1100106,土地2建物0車位0,,,其他,,,,0.0,0,0,0,有,無,1884567,21800,,0.0,0,親友、員工、共有人或其他特殊關係間之交易；未登記建物；,RPQNMLMLJHGGFID67DA,0.0,0.0,0.0,無,
歸仁區,土地,沙崙段1015地號,1969.0,,一般農業區,農牧用地,1091221,土地1建物0車位0,,,其他,,,,0.0,0,0,0,有,無,8000000,4063,,0.0,0,,RPRNMLMLJHGGFID77DA,0.0,0.0,0.0,無,1116
歸仁區,土地,豬厝段807-2地號,30.7,,一般農業區,農牧用地,1091231,土地1建物0車位0,,,其他,,,,0.0,0,0,0,有,無,185740,6050,,0.0,0,,RPSNMLPKJHGGFID08DA,0.0,0.0,0.0,無,1005
歸仁區,土地,媽祖廟段一小段1030地號,784.0,,鄉村區,乙種建築用地,1091231,土地3建物0車位0,,,其他,,,,0.0,0,0,0,有,無,22530000,28737,,0.0,0,,RPVNMLLLJHGGFID08DA,0.0,0.0,0.0,無,
歸仁區,土地,沙崙段674地號,497.0,,特定專用區,甲種建築用地,1091124,土地1建物0車位0,,,其他,,,,0.0,0,0,0,有,無,9170893,18453,,0.0,0,,RPPNMLKLJHGGFID37DA,0.0,0.0,0.0,無,
關廟區,土地,新埔段865-3地號,4156.0,,一般農業區,農牧用地,1100103,土地1建物0車位0,,,其他,,,,0.0,0,0,0,有,無,5260000,1266,,0.0,0,,RPVNMLPLJHGGFID48DA,0.0,0.0,0.0,無,
仁德區,房地(土地+建物),裕忠路６９０號,131.98,都市：其他:農業區,,,1091205,土地2建物1車位0,全,三層,透天厝,住家用,見其他登記事項,1090113,226.13,5,2,5,有,無,25600000,113209,,0.0,0,,RPWNMLQLJHGGFID68DA,205.41,0.0,20.72,無,
仁德區,土地,長興段1094地號,108.35,都市：其他:住宅區,,,1091201,土地1建物0車位0,,,其他,,,,0.0,0,0,0,有,無,4258800,39306,,0.0,0,未登記建物；,RPWNMLLJKIPFFID98DA,0.0,0.0,0.0,無,
麻豆區,土地,麻安段625地號,38.75,都市：其他:第三種住宅區。,,,1100110,土地3建物0車位0,,,其他,,,,0.0,0,0,0,有,無,45700,1179,,0.0,0,包含公共設施保留地用地；,RPQOMLMLJHGGFFD57EA,0.0,0.0,0.0,無,1118
麻豆區,土地,麻安段625地號,268.84,都市：其他:第三種住宅區。,,,1100110,土地4建物0車位0,,,其他,,,,0.0,0,0,0,有,無,455500,1694,,0.0,0,包含公共設施保留地用地；,RPROMLMLJHGGFFD67EA,0.0,0.0,0.0,無,1118
官田區,土地,西庄段270地號,310.25,,鄉村區,乙種建築用地,1100113,土地2建物0車位0,,,其他,,,,0.0,0,0,0,有,無,600000,1934,,0.0,0,,RPSOMLMLJHGGFFD77EA,0.0,0.0,0.0,無,
佳里區,土地,新安段1324地號,41.63,,鄉村區,乙種建築用地,1090804,土地1建物0車位0,,,其他,,,,0.0,0,0,0,有,無,191497,4600,,0.0,0,畸零地或有合併使用效益；地清或未辦繼承標售；,RPPNMLPLJHGGFGD77EA,0.0,0.0,0.0,無,0814
北門區,土地,玉港段662地號,2866.67,,一般農業區,農牧用地,1100114,土地2建物0車位0,,,其他,,,,0.0,0,0,0,有,無,1480000,516,,0.0,0,因申請農地農用證明，公契日110年01月14日，  私契日109年11月15日。,RPTNMLPLJHGGFGD18EA,0.0,0.0,0.0,無,
北門區,土地,溪底寮段二重港小段88-3地號,2951.0,,一般農業區,特定目的事業用地,1100112,土地1建物0車位0,,,其他,,,,0.0,0,0,0,有,無,1500000,508,,0.0,0,親友、員工、共有人或其他特殊關係間之交易；,RPVNMLQLJHGGFGD48EA,0.0,0.0,0.0,無,
南化區,土地,中坑段111-1地號,3000.0,,山坡地保育區,農牧用地,1100107,土地1建物0車位0,,,其他,,,,0.0,0,0,0,有,無,840000,280,,0.0,0,,RPRNMLMKJHGGFJD87EA,0.0,0.0,0.0,無,
永康區,房地(土地+建物),龍中街６５１巷５２號,95.0,都市：其他:住宅區,,,1091230,土地1建物1車位0,全,四層,透天厝,住家用,見其他登記事項,1080603,192.08,4,2,3,有,無,16800000,87464,,0.0,0,,RPQPMLMLJHGGFKD18EA,179.93,0.0,12.15,無,
左鎮區,土地,左鎮段570-118地號,66.0,,一般農業區,丙種建築用地,1091231,土地1建物1車位0,一層，二層，騎樓,二層,其他,住商用,加強磚造,0720301,100.72,0,0,0,有,無,1280000,19394,,0.0,0,,RPOOMLPLJHGGFHD87EA,0.0,0.0,0.0,無,
仁德區,房地(土地+建物),保安里文賢路一段５５４巷８弄５號,64.18,都市：其他:住宅區,,,1091203,土地1建物1車位0,全,三層,透天厝,住家用,鋼筋混凝土造,0830422,157.39,4,2,4,有,無,6600000,41934,,0.0,0,親友、員工、共有人或其他特殊關係間之交易；,RPVOMLNJKIPFFID66EA,130.68,16.1,10.61,無,
仁德區,土地,崁腳北段1366地號,1989.29,都市：其他:農業區,,,1091223,土地1建物0車位0,,,其他,,,,0.0,0,0,0,有,無,72211000,36300,,0.0,0,,RPWNMLMLJHGGFID38EA,0.0,0.0,0.0,無,
安南區,房地(土地+建物),長溪路二段５７０巷５４號,86.1,都市：其他:住宅區,,,1091227,土地1建物1車位0,全,二層,透天厝,住家用,加強磚造,0711213,106.33,5,2,5,有,無,2520000,23700,,0.0,0,,RPSOMLMLJHGGFBD37EA,99.07,0.0,7.26,無,1121
東區,土地,東光段475-1地號,106.1,都市：其他:細部計畫道路用地,,,1100115,土地1建物0車位0,,,其他,,,,0.0,0,0,0,有,無,2907246,27401,,0.0,0,公共設施保留地，道路用地包含公共設施保留地用地；,RPOOMLPLJHGGFCD37EA,0.0,0.0,0.0,無,
新營區,土地,新營段1304地號,312.96,都市：其他:住宅區,,,1091206,土地1建物0車位0,,,其他,,,,0.0,0,0,0,有,無,12591110,40232,,0.0,0,買方負擔增值稅1212042元，仲介費25萬，代書費2000元，鑑界費4040元等費用。,RPQNMLPLJHGGFDD57EA,0.0,0.0,0.0,無,
新營區,房地(土地+建物),東泰八街６號,89.4,都市：其他:住宅區,,,1091225,土地1建物1車位0,全,四層,透天厝,住家用,鋼筋混凝土造,0841128,187.47,5,2,4,有,無,5500000,29338,,0.0,0,,RPRNMLPLJHGGFDD67EA,172.53,0.0,14.94,無,
鹽水區,土地,月津段296地號,26.51,都市：其他:計畫道路用地,,,1100116,土地1建物0車位0,,,其他,,,,0.0,0,0,0,有,無,561349,21175,,0.0,0,畸零地或有合併使用效益；,RPPNMLQLJHGGFDD57EA,0.0,0.0,0.0,無,
永康區,房地(土地+建物),新民街６６巷２號六樓之３,18.3,都市：其他:住宅區,,,1091126,土地1建物1車位0,六層,九層,華廈(10層含以下有電梯),住家用,鋼筋混凝土造,0821230,120.78,3,1,2,有,有,4000000,33118,,0.0,0,親友、員工、共有人或其他特殊關係間之交易；,RPQOMLMLKIPFFKD98DA,75.41,0.0,4.4,有,
永康區,房地(土地+建物),大灣路８７９巷２０號,63.43,都市：其他:住宅區,,,1091112,土地1建物1車位0,全,二層,透天厝,住家用,加強磚造,0630100,89.06,8,0,8,有,無,7280000,81743,,0.0,0,頂樓加蓋；,RPSOMLQKKIPFFKD86DA,89.06,0.0,0.0,無,
永康區,房地(土地+建物),中華二路３５８巷８號十二樓之１,16.16,都市：其他:住宅區,,,1091223,土地1建物1車位0,十二層,二十層,住宅大樓(11層含以上有電梯),住家用,鋼筋混凝土造,0810919,150.45000000000002,2,2,2,有,有,5400000,35892,,0.0,0,,RPSOMLLMKIPFFKD56DA,112.09,0.57,14.52,有,
永康區,房地(土地+建物),復華三街６６號十六樓之６,6.45,都市：其他:市場用地,,,1100114,土地1建物1車位0,十六層,十九層,住宅大樓(11層含以上有電梯),住家用,鋼筋混凝土造,0840908,73.78,2,1,1,有,有,2100000,28463,,0.0,0,,RPTOMLMLJHGGFKD28DA,50.49,0.0,4.03,有,
永康區,房地(土地+建物)+車位,王行路８９８巷５１號二樓之１,38.9,都市：其他:住宅區,,,1091129,土地1建物1車位1,二層,五層,華廈(10層含以下有電梯),集合住宅,鋼筋混凝土構造,1091203,124.32,3,2,2,有,有,5890000,45928,一樓平面,17.85,1000000,,RPSPMLMLJHGGFKD28DA,71.67,9.33,0.0,有,
永康區,土地,鹽新段339地號,38.48,都市：其他:道路用地,,,1100111,土地2建物0車位0,,,其他,,,,0.0,0,0,0,有,無,320000,8316,,0.0,0,包含公共設施保留地用地；,RPSNMLOLJHGGFKD28DA,0.0,0.0,0.0,無,0135
永康區,房地(土地+建物),五福街１１０巷２２號,59.68,都市：其他:住宅區,,,1091231,土地1建物1車位0,全,二層,透天厝,住家用,加強磚造,0710218,76.98,5,2,2,有,無,5000000,64952,,0.0,0,其他增建；,RPTPMLLLJHGGFKD28DA,72.66,0.0,4.32,無,
永康區,土地,埔園段429地號,26.31,都市：其他:住宅區,,,1090923,土地1建物0車位0,,,其他,,,,0.0,0,0,0,有,無,800000,30407,,0.0,0,1.購買共有持分土地2.買方負擔增值稅59018元,RPXPMLLLJHGGFKD68DA,0.0,0.0,0.0,無,
永康區,房地(土地+建物)+車位,復國路５０號六樓之３,44.36,都市：其他:住宅區,,,1091225,土地1建物1車位1,六層,十四層,住宅大樓(11層含以上有電梯),住家用,鋼筋混凝土造,0960920,156.24,3,2,2,有,有,5900000,37762,坡道平面,0.0,0,,RPPQMLLLJHGGFKD97DA,86.09,0.0,10.52,有,
永康區,土地,西勢段1495-4地號,136.59,都市：其他:道路用地,,,1091208,土地2建物0車位0,,,其他,,,,0.0,0,0,0,有,無,2311740,16925,,0.0,0,包含公共設施保留地用地；,RPTNMLMLJHGGFKD18DA,0.0,0.0,0.0,無,
永康區,房地(土地+建物)+車位,網寮里文化路１２８巷２號五樓之３,25.79,都市：其他:住宅區,,,1091208,土地1建物1車位1,五層,八層,華廈(10層含以下有電梯),住家用,鋼筋混凝土造,0840109,144.53,3,2,2,有,有,6400000,44281,坡道機械,0.0,0,,RPUNMLMLJHGGFKD28DA,90.55,0.0,11.89,有,
永康區,土地,埔園段466地號,6.13,都市：其他:道路用地,,,1090917,土地5建物0車位0,,,其他,,,,0.0,0,0,0,有,無,219400,35791,,0.0,0,購買共有持分土地,RPQPMLLLJHGGFKD97DA,0.0,0.0,0.0,無,0513
永康區,土地,二王段192-1地號,128.61,都市：其他:住宅區,,,1091024,土地1建物0車位0,,,其他,,,,0.0,0,0,0,有,無,9500000,73867,,0.0,0,,RPSOMLKLJHGGFKD97DA,0.0,0.0,0.0,無,
永康區,房地(土地+建物),中山南路４３巷１０弄１５號三樓,24.3,都市：其他:住宅區,,,1091212,土地1建物1車位0,三層,五層,公寓(5樓含以下無電梯),住家用,鋼筋混凝土造,0700311,84.41,3,2,1,有,無,3650000,43241,,0.0,0,陽台外推；,RPSPMLTKJHGGFKD88DA,67.47,0.0,0.0,無,
永康區,房地(土地+建物)+車位,中正南路７７９巷１０弄３號五樓之８,35.73,都市：其他:住宅區,,,1091219,土地1建物1車位1,五層,五層,華廈(10層含以下有電梯),住家用,見其他登記事項,1090513,111.02000000000001,2,2,2,有,有,7500000,67555,坡道平面,9.91,0,,RPTPMLTKJHGGFKD98DA,68.96,0.0,6.18,有,1124
永康區,房地(土地+建物),六合里新興街６之１號三樓之２,4.58,都市：其他:住宅區,,,1091219,土地1建物1車位0,三層,十一層,住宅大樓(11層含以上有電梯),住家用,鋼筋混凝土造,0880519,47.02,2,2,2,有,有,3200000,68056,,0.0,0,,RPQOMLQKJHGGFKD28DA,28.42,2.19,1.91,有,
永康區,土地,廣興段213地號,138.73,都市：其他:道路用地,,,1091114,土地2建物0車位0,,,其他,,,,0.0,0,0,0,有,無,1250000,9010,,0.0,0,包含公共設施保留地用地；,RPQOMLPKJHGGFKD18DA,0.0,0.0,0.0,無,
永康區,房地(土地+建物)+車位,龍安街２９２號九樓之２,20.83,都市：其他:住宅區,,,1091107,土地1建物1車位1,九層,九層,華廈(10層含以下有電梯),住家用,鋼筋混凝土造,0841130,128.10000000000002,3,2,2,有,有,4020000,31382,坡道平面,0.0,0,,RPUPMLTKJHGGFKD09DA,78.36,0.0,10.68,有,
永康區,土地,自強段535地號,114.86,都市：其他:道路用地,,,1091007,土地3建物0車位0,,,其他,,,,0.0,0,0,0,有,無,993800,8652,,0.0,0,包含公共設施保留地用地；,RPQOMLMLJHGGFKD97DA,0.0,0.0,0.0,無,
永康區,土地,鹽新段339地號,50.44,都市：其他:道路用地,,,1100117,土地2建物0車位0,,,其他,,,,0.0,0,0,0,有,無,400000,7930,,0.0,0,包含公共設施保留地用地；,RPUNMLOLJHGGFKD48DA,0.0,0.0,0.0,無,0135
永康區,房地(土地+建物)+車位,六合里中華二路３４０巷１５弄８號八樓之３,22.79,都市：其他:住宅區,,,1100101,土地1建物1車位1,八層,十八層,住宅大樓(11層含以上有電梯),住家用,鋼筋混凝土造,0811015,185.06,4,2,2,有,有,7500000,40527,坡道平面,32.28,0,,RPPNMLPLJHGGFKD08DA,143.58,15.09,0.0,有,
永康區,房地(土地+建物),鹽行里中正北路１９巷１之３號六樓之１,11.54,都市：其他:住宅區,,,1091126,土地1建物1車位0,六層,十四層,住宅大樓(11層含以上有電梯),住家用,鋼筋混凝土造,0830922,107.18,4,0,4,有,有,4300000,40119,,0.0,0,,RPVQMLMLJHGGFKD68DA,65.27,0.0,13.93,有,
永康區,土地,鹽新段95-4地號,176.2,都市：其他:住宅區,,,1091124,土地1建物0車位0,,,其他,,,,0.0,0,0,0,有,無,19188180,108900,,0.0,0,,RPWQMLMLJHGGFKD78DA,0.0,0.0,0.0,無,
永康區,房地(土地+建物),鹽洲一街６３巷３１弄２３號,81.18,都市：其他:住宅區,,,1091218,土地1建物1車位0,全,四層,透天厝,見其他登記事項,見其他登記事項,1010920,189.55,4,1,5,有,無,13600000,71749,,0.0,0,,RPQOMLPLJHGGFKD28DA,171.7,0.0,17.85,無,1126
永康區,土地,永強段950地號,253.64,都市：其他:高速公路用地,,,1091006,土地2建物0車位0,,,其他,,,,0.0,0,0,0,有,無,5580000,22000,,0.0,0,,RPROMLPLJHGGFKD38DA,0.0,0.0,0.0,無,
永康區,土地,正強段1081地號,133.59,都市：其他:住宅區,,,1091209,土地1建物0車位0,,,其他,,,,0.0,0,0,0,有,無,12000000,89827,,0.0,0,親友、員工、共有人或其他特殊關係間之交易；,RPSOMLPLJHGGFKD48DA,0.0,0.0,0.0,無,
永康區,土地,大灣段4668地號,125.0,都市：其他:住宅區,,,1091209,土地1建物0車位0,,,其他,,,,0.0,0,0,0,有,無,6000000,48000,,0.0,0,親友、員工、共有人或其他特殊關係間之交易；,RPUOMLPLJHGGFKD68DA,0.0,0.0,0.0,無,
永康區,土地,大灣段4886-52地號,98.0,都市：其他:住宅區,,,1091209,土地1建物0車位0,,,其他,,,,0.0,0,0,0,有,無,4300000,43878,,0.0,0,親友、員工、共有人或其他特殊關係間之交易；,RPVOMLPLJHGGFKD78DA,0.0,0.0,0.0,無,
永康區,土地,鹽行段1312-4地號,1381.77,都市：其他:道路用地,,,1091124,土地44建物0車位0,,,其他,,,,0.0,0,0,0,有,無,130174691,94209,,0.0,0,,RPSQMLMLJHGGFKD38DA,0.0,0.0,0.0,無,1127
永康區,房地(土地+建物)+車位,復國路６８號七樓之３,44.36,都市：其他:住宅區,,,1100104,土地1建物1車位1,七層,十四層,住宅大樓(11層含以上有電梯),住家用,鋼筋混凝土造,0960920,156.24,3,2,2,有,有,6000000,38402,坡道平面,0.0,0,,RPRPMLMLJHGGFKD18DA,86.09,0.0,10.52,有,
永康區,房地(土地+建物)+車位,大橋三街３８號二樓,23.39,都市：其他:住宅區,,,1091206,土地1建物1車位1,二層,六層,華廈(10層含以下有電梯),住家用,鋼筋混凝土造,0821227,117.92999999999999,3,2,2,有,有,5500000,46638,坡道平面,0.0,0,,RPWPMLRLJHGGFKD56DA,82.98,0.0,7.7,有,
永康區,房地(土地+建物),尚頂里正南一街１１８巷１５號,333.69,都市：其他:工業區,,,1091116,土地1建物2車位0,全,二層,透天厝,見其他登記事項,鋼筋混凝土造,0740905,215.13,0,0,0,無,無,19500000,90643,,0.0,0,,RPWNMLPLJHGGFKD78DA,212.49,0.0,2.64,無,
永康區,土地,蜈蜞潭段2002-1地號,401.0,都市：其他:道路用地,,,1091118,土地1建物0車位0,,,其他,,,,0.0,0,0,0,有,無,5600000,13965,,0.0,0,包含公共設施保留地用地；,RPPNMLQLJHGGFKD18DA,0.0,0.0,0.0,無,
永康區,土地,崑山段1298地號,340.13,都市：其他:住宅區,,,1091215,土地2建物0車位0,,,其他,,,,0.0,0,0,0,有,無,16460000,48393,,0.0,0,,RPWOMLTLKIPFFKD67DA,0.0,0.0,0.0,無,
永康區,房地(土地+建物)+車位,中華路７巷８號十二樓之２,10.18,都市：其他:住宅區,,,1091219,土地1建物1車位1,十二層,十九層,住宅大樓(11層含以上有電梯),見其他登記事項,見其他登記事項,1010817,134.70999999999998,2,2,2,有,有,9400000,68487,坡道平面,16.44,1300000,,RPUNMLTKKIPFFKD27DA,72.65,0.0,5.26,有,
楠西區,房地(土地+建物),茄拔路５２巷２號,107.24,都市：其他:住宅區,,,1091216,土地1建物1車位0,全,三層,透天厝,住家用,見其他登記事項,0880501,206.84,5,1,3,有,無,3900000,18855,,0.0,0,,RPPNMLMLJHGGFJD67DA,184.14,9.62,13.08,無,
鹽水區,土地,南港段92地號,541.51,,一般農業區,農牧用地,1100105,土地1建物0車位0,,,其他,,,,0.0,0,0,0,有,無,216600,400,,0.0,0,,RPRNMLQLJHGGFDD77EA,0.0,0.0,0.0,無,
柳營區,房地(土地+建物),十美街１８６巷１６號,114.6,都市：其他:住宅區,,,1080525,土地2建物1車位0,全,三層,透天厝,住家用,鋼筋混凝土造,1090907,154.73,4,2,3,有,無,6880000,44465,,0.0,0,預售屋、或土地及建物分次登記案件；,RPPNMLRLJHGGFDD67EA,128.32,0.0,26.41,無,
柳營區,房地(土地+建物),十美街１８６巷１２弄３號,80.0,都市：其他:住宅區,,,1080519,土地1建物1車位0,全,三層,透天厝,住家用,鋼筋混凝土造,1090907,152.79,4,2,4,有,無,6900000,45160,,0.0,0,預售屋、或土地及建物分次登記案件；,RPSNMLPLJHGGFDD77EA,132.15,0.0,20.64,無,
柳營區,房地(土地+建物),十美街１８６巷２號,90.0,都市：其他:住宅區,,,1080615,土地1建物1車位0,全,三層,透天厝,住家用,鋼筋混凝土造,1090907,164.04,5,2,5,有,無,7500000,45721,,0.0,0,預售屋、或土地及建物分次登記案件；,RPTNMLPLJHGGFDD87EA,145.22,0.0,18.82,無,
安南區,土地,鎮安段1949地號,2450.18,都市：其他:住宅區,,,1091005,土地2建物0車位0,,,其他,,,,0.0,0,0,0,有,無,114885600,46889,,0.0,0,,RPTNMLSJKHGGFBD87EA,0.0,0.0,0.0,無,
安南區,土地,十字段632-5地號,229.12,都市：其他:住宅區,,,1091224,土地2建物0車位0,,,其他,,,,0.0,0,0,0,有,無,17000000,74197,,0.0,0,親友、員工、共有人或其他特殊關係間之交易；,RPPOMLPLJHGGFBD37EA,0.0,0.0,0.0,無,
安南區,土地,公塭段1016-3地號,72.09,都市：其他:細部計畫道路用地,,,1091229,土地4建物0車位0,,,其他,,,,0.0,0,0,0,有,無,600000,8323,,0.0,0,親友、員工、共有人或其他特殊關係間之交易；,RPQOMLPLJHGGFBD47EA,0.0,0.0,0.0,無,
安南區,房地(土地+建物),功安三街１０１號,95.83,都市：其他:住宅區,,,1091226,土地1建物1車位0,全,四層,透天厝,住家用,鋼筋混凝土造,0911129,231.63,5,2,4,有,無,8000000,34538,,0.0,0,,RPSOMLPLJHGGFBD67EA,204.25,0.0,27.38,無,
安南區,房地(土地+建物),長和路二段１２巷３２３弄７０號,91.98,都市：其他:住宅區,,,1091106,土地2建物1車位0,全,三層,透天厝,見其他登記事項,鋼筋混凝土造,1090825,178.37,5,2,3,有,有,10700000,59988,,0.0,0,預售屋、或土地及建物分次登記案件；,RPXPMLRLJHGGFBD48EA,151.3,0.0,27.07,無,
安南區,房地(土地+建物),長和路二段１２巷３２３弄２８號,99.89,都市：其他:住宅區,,,1091106,土地2建物1車位0,全,三層,透天厝,見其他登記事項,鋼筋混凝土造,1090825,181.95,5,2,5,有,有,11600000,63754,,0.0,0,預售屋、或土地及建物分次登記案件；,RPROMLLLJHGGFBD17EA,155.29,0.0,26.66,無,
北區,房地(土地+建物)+車位,開元路４４２巷２６弄２號六樓,9.97,都市：其他:住宅區,,,1100108,土地1建物1車位1,六層,八層,華廈(10層含以下有電梯),住家用,鋼筋混凝土造,0801206,221.66,4,2,2,有,有,6300000,28422,坡道平面,0.0,0,親友、員工、共有人或其他特殊關係間之交易；,RPOOMLPLJHGGFAD17EA,133.58,5.19,16.48,有,1128
北區,土地,自強段570地號,73.5,都市：其他:商業區,,,1100104,土地1建物0車位0,,,其他,,,,0.0,0,0,0,有,無,2200000,29932,,0.0,0,,RPTNMLQLJHGGFAD67EA,0.0,0.0,0.0,無,1129
仁德區,房地(土地+建物),中正路二段１２２９號,65.24,都市：其他:住宅區,,,1091210,土地2建物1車位0,全,二層,透天厝,住家用,加強磚造,06404,74.4,2,1,2,有,無,10800000,145161,,0.0,0,包含公共設施保留地用地；,RPRNMLMKJHGGFID77EA,74.4,0.0,0.0,無,
歸仁區,土地,大潭段124地號,915.0,,一般農業區,農牧用地,1091105,土地1建物0車位0,,,其他,,,,0.0,0,0,0,有,無,10000000,10929,,0.0,0,親友、員工、共有人或其他特殊關係間之交易；,RPWOMLNJKIPFFID76EA,0.0,0.0,0.0,無,
七股區,土地,榔段1085地號,1222.0,,一般農業區,農牧用地,1091227,土地1建物0車位0,,,其他,,,,0.0,0,0,0,有,無,1930000,1579,,0.0,0,,RPTNMLQLJHGGFGD28EA,0.0,0.0,0.0,無,
麻豆區,房地(土地+建物),大山里大山６７之２、６７之３號,31760.93,都市：其他:農業區,,,1091121,土地47建物4車位0,全,二層,透天厝,見其他登記事項,鋼骨鋼筋混凝土造,0810502,6320.95,0,0,0,無,無,415000000,65655,,0.0,0,其他增建；未登記建物；機電設備；,RPSNMLPLJHGGFFD97EA,6185.14,0.0,135.81,無,
白河區,土地,關帝段537-6地號,73.17,,特定農業區,甲種建築用地,1100120,土地2建物0車位0,,,其他,,,,0.0,0,0,0,有,無,250000,3417,,0.0,0,,RPSNMLQLJHGGFED97EA,0.0,0.0,0.0,無,
後壁區,土地,上茄苳段上茄苳小段855地號,2200.0,,一般農業區,農牧用地,1100115,土地1建物0車位0,,,其他,,,,0.0,0,0,0,有,無,2750000,1250,,0.0,0,,RPRNMLRLJHGGFED97EA,0.0,0.0,0.0,無,
新市區,房地(土地+建物)+車位,紫楝路１７號一樓之５,11497.92,都市：其他:工業區(供生產事業使用),,,1091119,土地3建物1車位6,一層,四層,華廈(10層含以下有電梯),見其他登記事項,鋼骨鋼筋混凝土造,1050608,1269.31,0,0,0,無,無,79000000,62239,一樓平面,0.0,0,,RPQNMLMJKHGGFHD47DA,1040.57,0.0,0.0,有,
仁德區,土地,中洲西段875-6地號,11.67,,鄉村區,交通用地,1100115,土地1建物0車位0,,,其他,,,,0.0,0,0,0,有,無,334929,28700,,0.0,0,政府機關標讓售；,RPOPMLPLJHGGFID97DA,0.0,0.0,0.0,無,
仁德區,房地(土地+建物),民安路一段３１０巷３４弄４號,112.22,都市：其他:零星工業區,,,1091203,土地1建物1車位0,全,三層,透天厝,工商用,鋼筋混凝土造,0811024,164.77,5,2,3,有,無,8500000,51587,,0.0,0,其他增建；,RPPRMLPLJHGGFID28DA,158.93,0.0,5.84,無,
仁德區,房地(土地+建物),土庫里大發路１７７巷１９號,269.17,都市：其他:甲種工業區,,,1091210,土地1建物1車位0,全,一層,透天厝,工業用,鋼筋混凝土造,0931026,155.1,1,2,4,有,無,14800000,95422,,0.0,0,夾層；,RPWNMLLLJHGGFID18DA,155.1,0.0,0.0,無,
歸仁區,土地,沙崙段51地號,2538.0,,一般農業區,農牧用地,1091215,土地1建物0車位0,,,其他,,,,0.0,0,0,0,有,無,8000000,3152,,0.0,0,,RPWNMLSKJHGGFID78DA,0.0,0.0,0.0,無,
歸仁區,土地,豬厝段1350地號,7806.0,,特定專用區,農牧用地,1091205,土地3建物0車位0,,,其他,,,,0.0,0,0,0,有,無,47000000,6021,,0.0,0,,RPOOMLPLJHGGFID87DA,0.0,0.0,0.0,無,
仁德區,土地,二空段967地號,51.53,都市：其他:住宅區,,,1100111,土地1建物0車位0,,,其他,,,,0.0,0,0,0,有,無,2350000,45605,,0.0,0,未登記建物；,RPQOMLPLJHGGFID08DA,0.0,0.0,0.0,無,
安定區,土地,六塊寮段3677-7地號,325.0,,鄉村區,乙種建築用地,1091123,土地1建物0車位0,,,其他,,,,0.0,0,0,0,有,無,8313435,25580,,0.0,0,,RPUOMLLLJHGGFHD97DA,0.0,0.0,0.0,無,
善化區,土地,圳西段836地號,996.59,,特定農業區,農牧用地,1100117,土地1建物0車位0,,,其他,,,,0.0,0,0,0,有,無,13560000,13606,,0.0,0,,RPWOMLLLJHGGFHD18DA,0.0,0.0,0.0,無,
新市區,土地,三舍段451-5地號,506.0,,鄉村區,乙種建築用地,1091211,土地4建物0車位0,,,其他,,,,0.0,0,0,0,有,無,15300000,30237,,0.0,0,包含公共設施保留地用地；,RPUNMLMLJHGGFHD97DA,0.0,0.0,0.0,無,
新市區,房地(土地+建物),陽光南一路２巷１號,257.72,都市：其他:生活服務區(產業服務專用),,,1091208,土地5建物1車位0,全,五層,透天厝,見其他登記事項,鋼筋混凝土造,1050909,517.43,19,1,20,有,無,39000000,75373,,0.0,0,頂樓加蓋；,RPWNMLMLJHGGFHD18DA,487.07,0.0,30.36,無,
安定區,土地,光榮段147地號,858.53,,特定農業區,甲種建築用地,1091029,土地2建物0車位0,,,其他,,,,0.0,0,0,0,有,無,35800000,41699,,0.0,0,,RPPOMLKLJHGGFHD37DA,0.0,0.0,0.0,無,
善化區,房地(土地+建物),東勢寮５３之２號,102.0,,鄉村區,乙種建築用地,1100116,土地1建物1車位0,全,二層,透天厝,住家用,加強磚造,0740508,105.67,2,1,2,有,無,3500000,33122,,0.0,0,,RPPTMLSKJHGGFHD58DA,102.31,0.0,3.36,無,
新市區,房地(土地+建物),永福街９０巷１號,76.82,都市：其他:住宅區,,,1091230,土地1建物1車位0,全,二層,透天厝,住家用,加強磚造,0680608,90.48,3,2,2,有,無,8650000,95601,,0.0,0,未登記建物；,RPPOMLPLJHGGFHD87DA,90.48,0.0,0.0,無,
新化區,土地,竹子腳段1249地號,2207.0,,特定農業區,甲種建築用地,1091119,土地7建物0車位0,,,其他,,,,0.0,0,0,0,無,無,91000000,41232,,0.0,0,未登記建物；,RPTOMLMLJHGGFHD97DA,0.0,0.0,0.0,無,
新市區,土地,橋頭段210-4地號,606.0,都市：其他:農業區(供申請變更開發為生活服務區),,,1100119,土地2建物0車位0,,,其他,,,,0.0,0,0,0,有,無,14664800,24199,,0.0,0,,RPVOMLMLJHGGFHD18DA,0.0,0.0,0.0,無,
新市區,土地,橋頭段196-15地號,58.0,都市：其他:農業區(供申請變更開發為生活服務區),,,1100112,土地2建物0車位0,,,其他,,,,0.0,0,0,0,有,無,1403200,24193,,0.0,0,,RPWOMLMLJHGGFHD28DA,0.0,0.0,0.0,無,
新市區,土地,橋頭段210-5地號,596.0,都市：其他:農業區(供申請變更開發為生活服務區),,,1100119,土地1建物0車位0,,,其他,,,,0.0,0,0,0,有,無,14423200,24200,,0.0,0,,RPXOMLMLJHGGFHD38DA,0.0,0.0,0.0,無,
新市區,土地,北社內段1240地號,4985.31,都市：其他:農業區,,,1091014,土地1建物0車位0,,,其他,,,,0.0,0,0,0,有,無,21000000,4212,,0.0,0,,RPPQMLPLJHGGFHD08DA,0.0,0.0,0.0,無,
善化區,房地(土地+建物),三民路南興巷１４號,72.69,都市：其他:住宅區,,,1091207,土地1建物1車位0,全,二層,透天厝,住家用,加強磚造,0661006,95.94,2,2,2,有,無,3000000,31270,,0.0,0,親友、員工、共有人或其他特殊關係間之交易；,RPQQMLPLJHGGFHD18DA,95.94,0.0,0.0,無,
新市區,房地(土地+建物),龍目井路４１５號,101.73,都市：其他:生活服務區(產業服務專用),,,1091129,土地2建物1車位0,全,四層,透天厝,見其他登記事項,鋼筋混凝土造,1050909,232.06,7,1,5,有,無,19000000,81875,,0.0,0,,RPPOMLQLJHGGFHD97DA,220.74,0.0,11.28,無,
善化區,土地,文正段645-1地號,182.03,都市：其他:住宅區,,,1091205,土地2建物0車位0,,,其他,,,,0.0,0,0,0,有,無,7500000,41202,,0.0,0,,RPURMLPJJHGGFHD48DA,0.0,0.0,0.0,無,1130
安定區,土地,港口段3430地號,350.0,,鄉村區,乙種建築用地,1091229,土地1建物0車位0,,,其他,,,,0.0,0,0,0,有,無,3870000,11057,,0.0,0,本案土地面臨之道路狹窄。,RPPNMLNKJHGGFHD47DA,0.0,0.0,0.0,無,
善化區,房地(土地+建物),進學路９９巷１０號,107.91,都市：其他:住宅區,,,1091224,土地9建物1車位0,全,四層,透天厝,見其他登記事項,鋼筋混凝土造,0940110,214.41,4,2,4,有,無,10880000,50744,,0.0,0,,RPPRMLLMKIPFFHD88DA,156.24,0.0,58.17,無,
西港區,土地,營段347-1地號,37.11,,鄉村區,交通用地,1100112,土地2建物0車位0,,,其他,,,,0.0,0,0,0,有,無,322486,8690,,0.0,0,政府機關標讓售；,RPPNMLTKJHGGFGD97DA,0.0,0.0,0.0,無,
七股區,房地(土地+建物),玉成村玉成３５之１５號　,118.65,,鄉村區,乙種建築用地,1091227,土地1建物1車位0,全,五層,透天厝,住家用,鋼筋混凝土造,0831215,240.3,6,1,4,有,無,6200000,25801,,0.0,0,,RPSNMLPLJHGGFGD97DA,224.48,0.0,15.82,無,
七股區,土地,後港東段263地號,44.44,,特定農業區,甲種建築用地,1100117,土地1建物0車位0,,,其他,,,,0.0,0,0,0,有,無,120000,2700,,0.0,0,親友、員工、共有人或其他特殊關係間之交易；,RPVNMLPLJHGGFGD28DA,0.0,0.0,0.0,無,
七股區,土地,後港東段265地號,369.82,,特定農業區,甲種建築用地,1100117,土地5建物0車位0,,,其他,,,,0.0,0,0,0,有,無,800000,2163,,0.0,0,親友、員工、共有人或其他特殊關係間之交易；,RPWNMLPLJHGGFGD38DA,0.0,0.0,0.0,無,
佳里區,房地(土地+建物),安西里光復路２２４號,83.0,都市：其他:商業區,,,1091218,土地1建物1車位0,全,二層,透天厝,住商用,鋼造,0820612,135.39,3,2,2,有,無,12000000,88633,,0.0,0,,RPXNMLMLJHGGFGD18DA,135.39,0.0,0.0,無,
佳里區,土地,佳里段1088-3地號,8.44,都市：其他:商業區,,,1100120,土地1建物0車位0,,,其他,,,,0.0,0,0,0,有,無,481789,57084,,0.0,0,親友、員工、共有人或其他特殊關係間之交易；,RPSNMLQLJHGGFGD08DA,0.0,0.0,0.0,無,
麻豆區,房地(土地+建物),寮子６０之２５號,98.0,,鄉村區,乙種建築用地,1091218,土地2建物1車位0,全,三層,透天厝,住家用,見其他登記事項,1090318,151.7,4,2,3,有,無,7300000,48121,,0.0,0,,RPRNMLPLKIPFFFD78DA,134.2,0.0,17.48,無,
麻豆區,房地(土地+建物),南勢５之２６號,95.3,都市：其他:農業區,,,1080224,土地2建物1車位0,全,三層,透天厝,住家用,見其他登記事項,1091118,166.21,4,1,4,有,無,8580000,51621,,0.0,0,,RPXNMLSJJHGGFFD48DA,136.93,0.0,29.28,無,
六甲區,土地,甲南段318地號,729.91,都市：其他:住宅區,,,1091201,土地3建物0車位0,,,其他,,,,0.0,0,0,0,有,無,6500000,8905,,0.0,0,,RPXNMLQJJHGGFFD28DA,0.0,0.0,0.0,無,
官田區,土地,湖山段412地號,332.69,都市：其他:住宅區,,,1091229,土地5建物0車位0,,,其他,,,,0.0,0,0,0,有,無,1400000,4208,,0.0,0,親友、員工、共有人或其他特殊關係間之交易；,RPPNMLNLJHGGFFD37DA,0.0,0.0,0.0,無,
麻豆區,房地(土地+建物)+車位,東角里２鄰文昌路６之９號七樓,20.74,都市：其他:商業區,,,1091223,土地2建物1車位1,七層,八層,華廈(10層含以下有電梯),住家用,鋼筋混凝土造,0840310,122.72,3,2,2,有,有,3580000,29172,坡道平面,0.0,0,,RPXNMLPLJHGGFFD38DA,70.68,0.0,9.58,有,
大內區,土地,嗚頭段264地號,9902.67,,山坡地保育區,農牧用地,1091030,土地3建物0車位0,,,其他,,,,0.0,0,0,0,有,無,8000000,808,,0.0,0,,RPTNMLPLJHGGFFD97DA,0.0,0.0,0.0,無,
大內區,房地(土地+建物),石城里１３鄰石子瀨１１７之２７號,75.96,都市：其他:住宅區,,,1091231,土地1建物1車位0,全,三層,透天厝,住家用,鋼筋混凝土造,0821229,172.46,5,2,3,有,無,3000000,17395,,0.0,0,,RPUNMLPLJHGGFFD08DA,165.26,7.2,0.0,無,
麻豆區,土地,謝厝寮段749-4地號,1404.0,,特定農業區,農牧用地,1091218,土地2建物0車位0,,,其他,,,,0.0,0,0,0,有,無,2200000,1567,,0.0,0,包含公共設施保留地用地；,RPVNMLPLJHGGFFD18DA,0.0,0.0,0.0,無,
六甲區,土地,甲南段326地號,465.7,都市：其他:住宅區,,,1091201,土地8建物0車位0,,,其他,,,,0.0,0,0,0,有,無,800000,1718,,0.0,0,現供道路使用及包含公共設施保留地。包含公共設施保留地用地；,RPPNMLQLJHGGFFD67DA,0.0,0.0,0.0,無,
官田區,土地,隆田段380-4地號,0.83,都市：其他:住宅區,,,1091204,土地1建物0車位0,,,其他,,,,0.0,0,0,0,有,無,14000,0,,0.0,0,,RPRNMLQLJHGGFFD87DA,0.0,0.0,0.0,無,
下營區,土地,十六甲段107-2地號,370.22,,鄉村區,乙種建築用地,1090910,土地2建物0車位0,,,其他,,,,0.0,0,0,0,有,無,3580000,9670,,0.0,0,,RPXNMLQLJHGGFFD48DA,0.0,0.0,0.0,無,1106
麻豆區,土地,磚子井段423地號,3489.0,,一般農業區,農牧用地,1091125,土地1建物0車位0,,,其他,,,,0.0,0,0,0,有,無,4320000,1238,,0.0,0,,RPXNMLLLJHGGFFD97DA,0.0,0.0,0.0,無,
官田區,土地,神農段259地號,1428.47,都市：其他:住宅區,,,1091231,土地8建物0車位0,,,其他,,,,0.0,0,0,0,有,無,20525000,14369,,0.0,0,,RPWNMLTKJHGGFFD58DA,0.0,0.0,0.0,無,
大內區,土地,大內段94地號,4069.0,,一般農業區,農牧用地,1091123,土地1建物0車位0,,,其他,,,,0.0,0,0,0,有,無,2700000,664,,0.0,0,集村農舍之配地,RPVNMLMLJHGGFFD87DA,0.0,0.0,0.0,無,0358
大內區,土地,大內段94-1地號,3000.0,,一般農業區,農牧用地,1091124,土地1建物0車位0,,,其他,,,,0.0,0,0,0,有,無,2700000,900,,0.0,0,集村農舍之配地,RPWNMLMLJHGGFFD97DA,0.0,0.0,0.0,無,
大內區,土地,大內段94-2地號,3000.0,,一般農業區,農牧用地,1091122,土地1建物0車位0,,,其他,,,,0.0,0,0,0,有,無,3000000,1000,,0.0,0,集村農舍之配地,RPXNMLMLJHGGFFD08DA,0.0,0.0,0.0,無,
大內區,土地,大內段94-3地號,3000.0,,一般農業區,農牧用地,1091122,土地1建物0車位0,,,其他,,,,0.0,0,0,0,有,無,3000000,1000,,0.0,0,集村農舍之配地,RPOOMLMLJHGGFFD27DA,0.0,0.0,0.0,無,
白河區,土地,長安段1416-4地號,35.0,都市：其他:住宅區,,,1100108,土地1建物0車位0,,,其他,,,,0.0,0,0,0,有,無,600000,17143,,0.0,0,,RPSNMLMLJHGGFED47DA,0.0,0.0,0.0,無,
後壁區,土地,菁寮段3690地號,1400.0,,特定農業區,農牧用地,1100106,土地1建物0車位0,,,其他,,,,0.0,0,0,0,有,無,2240000,1600,,0.0,0,,RPQNMLQLJHGGFED67DA,0.0,0.0,0.0,無,
白河區,土地,詔安段2108地號,3055.0,,特定農業區,農牧用地,1090101,土地1建物0車位0,,,其他,,,,0.0,0,0,0,有,無,3480000,1139,,0.0,0,,RPRNMLQLJHGGFED77DA,0.0,0.0,0.0,無,
佳里區,土地,新安段535地號,3248.99,,鄉村區,乙種建築用地,1091113,土地3建物0車位0,,,其他,,,,0.0,0,0,0,有,無,40732800,12537,,0.0,0,,RPSNMLSJJHGGFGD08DA,0.0,0.0,0.0,無,
佳里區,房地(土地+建物)+車位,新生路４４１巷２９號五樓之６,14.98,都市：其他:住宅區,,,1091222,土地2建物1車位1,五層,十二層,住宅大樓(11層含以上有電梯),住家用,鋼筋混凝土造,0830429,144.89000000000001,3,2,2,有,有,4050000,27952,坡道平面,0.0,0,,RPUNMLSJJHGGFGD28DA,87.68,0.8,12.64,有,
佳里區,房地(土地+建物),佳里興２５９之１號,109.0,,鄉村區,乙種建築用地,1081130,土地1建物1車位0,全,三層,透天厝,見其他登記事項,鋼筋混凝土造,1090702,187.25,4,2,4,有,無,8950000,47797,,0.0,0,預售屋、或土地及建物分次登記案件；,RPXOMLNKIIPFFGD09DA,171.84,0.0,15.41,無,
南區,房地(土地+建物),大成路二段１４３巷３３號四樓,26.83,都市：其他:住宅區,,,1091214,土地1建物1車位0,四層,五層,公寓(5樓含以下無電梯),住家用,鋼筋混凝土造,0730430,105.16000000000001,3,2,1,有,無,3250000,30905,,0.0,0,,RPRNMLMJJHGGFCD96DA,76.95,0.0,12.95,無,
東區,房地(土地+建物),文化二街１９８巷１５號,77.82,都市：其他:第五種住宅區,,,1091230,土地3建物1車位0,全,五層,透天厝,見其他登記事項,鋼筋混凝土造,0990319,208.41000000000003,5,2,4,有,有,14500000,69574,,0.0,0,頂樓加蓋；其他增建；,RPWNMLKMKIPFFCD58DA,202.45,0.0,5.88,無,
東區,房地(土地+建物),東光路二段６９號,128.0,都市：其他:第五種住宅區,,,1091212,土地1建物1車位0,全,四層,透天厝,住商用,鋼筋混凝土造,0781108,468.07,8,3,4,有,無,28000000,59820,,0.0,0,陽台外推；頂樓加蓋；夾層；其他增建；,RPOQMLRJJHGGFCD47DA,428.65,0.0,39.42,無,
東區,房地(土地+建物),崇明二十三街４３號二樓,25.17,都市：其他:第五種住宅區,,,1091222,土地1建物1車位0,二層,六層,華廈(10層含以下有電梯),住家用,鋼筋混凝土造,0790922,128.38,3,2,2,有,有,4800000,37389,,0.0,0,,RPQNMLPJJHGGFCD17DA,87.91,0.0,13.8,有,
南區,房地(土地+建物),中華南路一段４１巷１４號,119.03,都市：其他:住宅區,,,1100115,土地1建物1車位0,全,二層,透天厝,住家用,加強磚造,0711220,120.25,5,2,4,有,無,3260000,27110,,0.0,0,親友、員工、共有人或其他特殊關係間之交易；未登記建物；,RPPOMLLLJHGGFCD96DA,110.08,0.0,10.17,無,
南區,房地(土地+建物)+車位,萬年五街３４３號二樓,32.88,都市：其他:住宅區,,,1091205,土地1建物1車位1,二層,十五層,住宅大樓(11層含以上有電梯),見其他登記事項,鋼筋混凝土造,1060905,184.79000000000002,3,1,2,有,有,7200000,38963,坡道平面,24.43,0,,RPWOMLLLJHGGFCD67DA,94.33,0.0,12.48,有,1133
南區,房地(土地+建物)+車位,西門路一段３００巷５６號八樓之５,34.1,都市：其他:住宅區,,,1091220,土地1建物1車位1,八層,十三層,住宅大樓(11層含以上有電梯),見其他登記事項,見其他登記事項,1080823,161.01,3,2,2,有,有,10400000,64592,坡道平面,31.73,0,,RPPNMLMLJHGGFCD96DA,77.48,1.44,8.15,有,1134
東區,房地(土地+建物)+車位,府連路４２３號七樓之３,23.56,都市：其他:第五種住宅區,,,1100119,土地2建物1車位1,七層,八層,華廈(10層含以下有電梯),住家用,鋼筋混凝土造,0861015,166.98000000000002,4,2,2,有,無,10000000,59887,坡道機械,6.31,0,,RPVNMLTKJHGGFCD18DA,118.04,0.0,11.45,有,
南區,房地(土地+建物),金華路二段５７巷４１號,65.0,都市：其他:住宅區,,,1091228,土地1建物1車位0,全,二層,透天厝,住家用,見其他登記事項,0640716,72.48,2,1,2,有,無,5360000,73951,,0.0,0,其他增建；,RPRQMLSKJHGGFCD97DA,72.48,0.0,0.0,無,
南區,房地(土地+建物)+車位,興昌路９８號十三樓,15.92,都市：其他:商業區,,,1091221,土地1建物1車位2,十三層,十四層,住宅大樓(11層含以上有電梯),見其他登記事項,鋼筋混凝土造,1060531,179.41,2,1,2,有,有,7500000,41804,坡道平面,80.0,0,,RPUPMLMKJHGGFCD57DA,50.31,2.15,15.0,有,
南區,房地(土地+建物)+車位,大同路二段１７４號四樓之３,33.47,都市：其他:住宅區,,,1091227,土地1建物1車位1,四層,十三層,住宅大樓(11層含以上有電梯),見其他登記事項,鋼筋混凝土造,0881021,139.63,3,2,2,有,有,6200000,44403,坡道平面,0.0,0,,RPOOMLNKJHGGFCD96DA,82.16,0.0,8.24,有,1135
東區,房地(土地+建物),東榮街７號八樓之２,6.26,都市：其他:第五種住宅區,,,1091229,土地1建物1車位0,八層,八層,華廈(10層含以下有電梯),住家用,鋼筋混凝土造,0830901,37.4,1,1,1,有,有,1500000,40107,,0.0,0,陽台外推；,RPPNMLOKJHGGFCD07DA,21.54,0.0,1.45,有,
南區,房地(土地+建物),國民路１３９號,131.31,都市：其他:住宅區,,,1100102,土地1建物1車位0,全,四層,透天厝,見其他登記事項,見其他登記事項,1081001,298.6,4,1,5,有,無,23500000,78701,,0.0,0,,RPSNMLOKJHGGFCD37DA,273.2,0.0,25.4,無,
南區,房地(土地+建物),金華路一段３５２巷１０２弄２６號,129.0,都市：其他:住宅區,,,1091124,土地1建物1車位0,全,三層,透天厝,住家用,見其他登記事項,1090708,212.54,4,3,4,有,無,16150000,75986,,0.0,0,,RPPNMLNLJHGGFCD07DA,208.0,0.0,4.54,無,
南區,房地(土地+建物)+車位,水交社路２０巷４７號,12.91,都市：其他:住宅區,,,1100104,土地2建物1車位1,一層,七層,華廈(10層含以下有電梯),見其他登記事項,見其他登記事項,1071114,90.99000000000001,1,1,1,有,有,5060000,55611,坡道平面,35.45,0,其他增建；,RPUOMLKLJHGGFCD37DA,37.59,0.0,0.0,有,1136
東區,房地(土地+建物),裕忠路２３３號,99.5,都市：其他:虎尾寮第三種住宅區,,,1091219,土地1建物1車位0,全,四層,透天厝,見其他登記事項,鋼筋混凝土造,0900116,239.93,0,0,0,無,無,20000000,83358,,0.0,0,,RPOOMLPLJHGGFCD27DA,206.37,6.86,26.7,無,
南區,房地(土地+建物),新城街５９號,198.0,都市：其他:住宅區,,,1091118,土地1建物1車位0,全,四層,透天厝,見其他登記事項,鋼筋混凝土造,1070302,384.82,5,5,2,有,無,39800000,103425,,0.0,0,,RPQOMLPLJHGGFCD47DA,348.75,0.0,36.07,有,
南區,房地(土地+建物),鯤鯓路１０１巷２０號,1045.0,都市：其他:住宅區,,,1100117,土地4建物1車位0,全,四層,透天厝,住家用,鋼筋混凝土造,1040429,1031.3,9,3,8,有,無,30000000,29089,,0.0,0,,RPSOMLPLJHGGFCD67DA,965.18,0.0,66.12,有,
東區,土地,裕南段1859地號,30.45,都市：其他:第五種住宅區,,,1091117,土地1建物0車位0,,,其他,,,,0.0,0,0,0,有,無,220000,7225,,0.0,0,包含公共設施保留地用地；,RPPNMLQLJHGGFCD37DA,0.0,0.0,0.0,無,
南區,土地,大山段348地號,290.16,都市：其他:住宅區,,,1091127,土地1建物0車位0,,,其他,,,,0.0,0,0,0,有,無,15800000,54453,,0.0,0,,RPPOMLQLJHGGFCD47DA,0.0,0.0,0.0,無,1137
東區,土地,仁和段895-18地號,77.0,都市：其他:第五種住宅區,,,1091123,土地1建物0車位0,,,其他,,,,0.0,0,0,0,有,無,4000000,51948,,0.0,0,,RPUPMLQLJHGGFCD08DA,0.0,0.0,0.0,無,
鹽水區,房地(土地+建物)+車位,岸內里１５鄰蔦松路５６巷３２號五樓之二,25.65,都市：其他:住宅區,,,1091221,土地2建物1車位1,五層,六層,華廈(10層含以下有電梯),住家用,鋼筋混凝土造,0881109,119.89999999999999,3,2,2,有,有,2500000,20851,坡道機械,11.62,0,,RPSNMLQLJHGGFDD77DA,70.95,0.0,8.29,有,
新營區,土地,新營段770-8地號,1759.0,都市：其他:住宅區,,,1091122,土地1建物0車位0,,,其他,,,,0.0,0,0,0,有,無,88000000,50028,,0.0,0,,RPPOMLQLJHGGFDD57DA,0.0,0.0,0.0,無,
柳營區,土地,柳中段178地號,209.45,都市：其他:住宅區,,,1091223,土地2建物0車位0,,,其他,,,,0.0,0,0,0,有,無,4000000,19098,,0.0,0,,RPQNMLRLJHGGFDD67DA,0.0,0.0,0.0,無,
安南區,房地(土地+建物),本原街二段１１６巷３７弄１０號,127.54,都市：其他:住宅區,,,1091128,土地1建物1車位0,全,四層,透天厝,見其他登記事項,鋼筋混凝土造,1040212,305.62,5,2,5,有,無,16700000,54643,,0.0,0,,RPSNMLTJKIPFFBD68DA,277.3,0.0,28.32,無,
安南區,房地(土地+建物),環館路３６４巷４２號,146.31,都市：其他:住宅區,,,1090912,土地4建物1車位0,全,四層,透天厝,見其他登記事項,鋼筋混凝土造,1090924,257.27,4,2,3,有,有,17360000,67478,,0.0,0,,RPQOMLOJKIPFFBD08DA,244.73,0.0,11.26,有,
安南區,土地,國安段1681地號,1532.8,都市：其他:住宅區,,,1091102,土地2建物0車位0,,,其他,,,,0.0,0,0,0,有,無,178977392,116765,,0.0,0,,RPTOMLMLJHGGFBD37DA,0.0,0.0,0.0,無,1138
安南區,房地(土地+建物)+車位,環福街１２號五樓之１,35.55,都市：其他:住宅區,,,1091231,土地2建物1車位1,五層,五層,華廈(10層含以下有電梯),見其他登記事項,鋼筋混凝土造,1070524,101.59,2,2,2,有,有,5650000,55616,一樓平面,0.0,0,,RPUOMLMLJHGGFBD47DA,58.85,0.0,4.31,有,1139
安南區,土地,農場段773地號,2156.05,都市：其他:農業區,,,1091114,土地1建物0車位0,,,其他,,,,0.0,0,0,0,有,無,9000000,4174,,0.0,0,,RPUNMLMLJHGGFBD37DA,0.0,0.0,0.0,無,
安南區,房地(土地+建物),公學路二段１２３巷４６弄２６號,120.6,都市：其他:住宅區,,,1091230,土地2建物1車位0,全,四層,透天厝,見其他登記事項,鋼筋混凝土造,1090624,222.0,4,2,3,有,無,12000000,54054,,0.0,0,,RPTNMLLLJHGGFBD17DA,200.25,0.0,21.75,無,
安南區,房地(土地+建物),公學路二段１２３巷４６弄２２號,125.14,都市：其他:住宅區,,,1091230,土地2建物1車位0,全,四層,透天厝,見其他登記事項,鋼筋混凝土造,1090624,225.67,4,2,3,有,無,12000000,53175,,0.0,0,,RPUNMLLLJHGGFBD27DA,203.55,0.0,22.12,無,
安南區,房地(土地+建物),安昌街２６巷２５號,98.79,都市：其他:住宅區,,,1091020,土地1建物1車位0,全,三層,透天厝,住家用,鋼筋混凝土造,1090921,169.66,6,2,5,有,無,16700000,98432,,0.0,0,,RPSOMLLLJHGGFBD17DA,159.5,0.0,10.16,無,
安南區,房地(土地+建物),安昌街２６巷２３號,93.38,都市：其他:住宅區,,,1091102,土地1建物1車位0,全,三層,透天厝,住家用,鋼筋混凝土造,1090921,169.66,6,2,5,有,無,16300000,96075,,0.0,0,,RPSPMLLLJHGGFBD27DA,159.5,0.0,10.16,無,
安南區,房地(土地+建物),安昌街２６巷２９弄１號,144.52,都市：其他:住宅區,,,1091001,土地2建物1車位0,全,三層,透天厝,住家用,鋼筋混凝土造,1090921,180.85,5,2,5,有,無,14800000,81836,,0.0,0,,RPTPMLLLJHGGFBD37DA,165.63,0.0,15.22,無,
安南區,房地(土地+建物),長和路二段１２巷３２３弄８０號,91.87,都市：其他:住宅區,,,1091106,土地2建物1車位0,全,三層,透天厝,見其他登記事項,鋼筋混凝土造,1090825,178.37,5,2,3,有,有,10680000,59876,,0.0,0,預售屋、或土地及建物分次登記案件；,RPQOMLSKJHGGFBD57DA,151.3,0.0,27.07,無,
安南區,土地,州北段630-4地號,133.84,都市：其他:住宅區,,,1091215,土地2建物0車位0,,,其他,,,,0.0,0,0,0,有,無,7200000,53796,,0.0,0,親友、員工、共有人或其他特殊關係間之交易；未登記建物；,RPOOMLOKJHGGFBD96DA,0.0,0.0,0.0,無,
安南區,土地,溪墘段968-1地號,67.46,都市：其他:細部計畫道路用地,,,1100111,土地2建物0車位0,,,其他,,,,0.0,0,0,0,有,無,2770000,41061,,0.0,0,,RPPNMLPLJHGGFBD17DA,0.0,0.0,0.0,無,
中西區,房地(土地+建物)+車位,民生路二段４２２號十八樓之１,26.3,都市：其他:商業區,,,1090903,土地1建物1車位1,十八層,二十七層,住宅大樓(11層含以上有電梯),見其他登記事項,見其他登記事項,1091029,281.96,3,2,3,有,有,27000000,100055,坡道平面,25.6,1350000,預售屋、或土地及建物分次登記案件；,RPRNMLQLJHGGFAD37DA,155.7,0.0,19.77,有,
中西區,房地(土地+建物)+車位,民生路二段４２０號二十一樓之１,26.35,都市：其他:商業區,,,1090503,土地1建物1車位2,二十一層,二十七層,住宅大樓(11層含以上有電梯),見其他登記事項,見其他登記事項,1091029,307.74,3,2,3,有,有,24500000,84197,坡道平面,51.2,2900000,預售屋、或土地及建物分次登記案件；,RPSNMLQLJHGGFAD47DA,155.7,0.0,19.76,有,
北區,房地(土地+建物)+車位,成功路６８巷６１號五樓之９,4.86,都市：其他:商業區,,,1091216,土地1建物1車位1,五層,五層,華廈(10層含以下有電梯),住家用,鋼筋混凝土造,0791201,23.83,1,0,1,有,有,1060000,44482,升降機械,0.0,0,,RPUOMLMLJHGGFAD37DA,17.56,0.0,0.0,有,1140
北區,土地,北元段566-6地號,464.68,都市：其他:住宅區,,,1091126,土地2建物0車位0,,,其他,,,,0.0,0,0,0,有,無,66063200,142169,,0.0,0,,RPQNMLMLJHGGFAD86DA,0.0,0.0,0.0,無,
北區,土地,北元段565地號,1093.46,都市：其他:住宅區,,,1091126,土地2建物0車位0,,,其他,,,,0.0,0,0,0,有,無,155461900,142174,,0.0,0,,RPRNMLMLJHGGFAD96DA,0.0,0.0,0.0,無,
北區,房地(土地+建物),開元路３３３巷８弄６號,59.0,都市：其他:住宅區,,,1091219,土地1建物1車位0,全,二層,透天厝,住家用,加強磚造,0620421,84.67,8,0,8,有,無,8000000,94484,,0.0,0,頂樓加蓋；其他增建；含租約；,RPSNMLMLJHGGFAD07DA,84.67,0.0,0.0,無,1141
北區,房地(土地+建物),和路四段１１７巷４６號,72.4,都市：其他:住宅區,,,1091218,土地2建物1車位0,全,三層,透天厝,住商用,鋼筋混凝土造,0701007,153.7,4,1,2,有,無,2600000,16916,,0.0,0,親友、員工、共有人或其他特殊關係間之交易；,RPUNMLMLJHGGFAD27DA,138.5,0.0,15.2,無,
北區,房地(土地+建物),和緯路四段１１７巷４９號,71.2,都市：其他:住宅區,,,1091228,土地1建物1車位0,全,三層,透天厝,住商用,鋼筋混凝土造,0701007,153.7,5,3,4,有,無,7500000,48796,,0.0,0,,RPXOMLMLJHGGFAD67DA,138.5,0.0,15.2,無,
中西區,房地(土地+建物)+車位,中華西路二段６５１號十四樓之３,28.42,都市：其他:住宅區,,,1100110,土地1建物1車位2,十四層,二十四層,住宅大樓(11層含以上有電梯),集合住宅,鋼筋混凝土構造,1051104,344.61,3,2,2,有,有,19570000,69667,坡道平面,89.54,1800000,,RPSNMLOLJHGGFAD27DA,159.17,0.0,21.61,有,
中西區,房地(土地+建物)+車位,中華西路二段４１６號十八樓之５,28.01,都市：其他:住宅區,,,1100109,土地1建物1車位2,十八層,二十五層,住宅大樓(11層含以上有電梯),集合住宅,鋼筋混凝土構造,1060817,316.94,3,2,3,有,有,20480000,72511,坡道平面,67.6,2400000,,RPTNMLOLJHGGFAD37DA,161.91,0.0,14.14,有,
中西區,房地(土地+建物)+車位,中華西路二段４１６號二十四樓之２,27.27,都市：其他:住宅區,,,1100112,土地1建物1車位2,二十四層,二十五層,住宅大樓(11層含以上有電梯),集合住宅,鋼筋混凝土構造,1060817,310.99,3,2,3,有,有,22600000,82173,坡道平面,67.6,2600000,,RPUNMLOLJHGGFAD47DA,157.37,0.0,14.43,有,
中西區,房地(土地+建物)+車位,中華西路二段４１２號四樓之５,28.01,都市：其他:住宅區,,,1100112,土地1建物1車位2,四層,二十五層,住宅大樓(11層含以上有電梯),集合住宅,鋼筋混凝土構造,1060817,316.45,3,2,3,有,有,17430000,62005,坡道平面,67.6,2000000,,RPVNMLOLJHGGFAD57DA,161.85,0.0,13.71,有,
安平區,房地(土地+建物),古堡街１２２巷３９號,185.4,都市：其他:特定商業專用區,,,1091120,土地2建物1車位0,全,四層,透天厝,見其他登記事項,見其他登記事項,1091126,381.70000000000005,5,2,6,有,無,31500000,82526,,0.0,0,,RPWNMLOLJHGGFAD67DA,350.63,0.0,30.85,有,
安平區,房地(土地+建物),健康路三段３１７號四樓之２,7.37,都市：其他:商業區,,,1100104,土地1建物1車位0,四層,二十七層,住宅大樓(11層含以上有電梯),見其他登記事項,見其他登記事項,1051109,86.52000000000001,2,1,1,有,有,5760000,66574,,0.0,0,,RPSOMLPLJHGGFAD47DA,50.44,1.25,6.66,有,1142
中西區,房地(土地+建物)+車位,國華街二段４５號五樓之３,17.21,都市：其他:商業區,,,1091213,土地1建物1車位1,五層,七層,華廈(10層含以下有電梯),住家用,鋼筋混凝土造,0880423,119.13999999999999,3,2,2,有,無,5900000,49522,升降機械,15.5,0,,RPRNMLPLJHGGFAD27DA,73.1,0.0,2.86,有,1143
中西區,土地,五條港段925地號,5.81,都市：其他:商業區,,,1100113,土地1建物0車位0,,,其他,,,,0.0,0,0,0,有,無,1200000,206540,,0.0,0,,RPSNMLPLJHGGFAD37DA,0.0,0.0,0.0,無,
中西區,房地(土地+建物),永福路二段１１６號七樓之３,10.37,都市：其他:細部計畫道路用地,,,1091220,土地9建物1車位0,七層,十層,華廈(10層含以下有電梯),住家用,鋼筋混凝土造,0711129,84.62,3,2,1,有,有,4250000,50225,,0.0,0,,RPPNMLPLJHGGFAD07DA,69.37,0.0,0.0,有,1144
安平區,房地(土地+建物),育平路６８號十三樓之６,18.43,都市：其他:住宅區,,,1100102,土地1建物1車位0,十三層，十四層,十四層,住宅大樓(11層含以上有電梯),見其他登記事項,見其他登記事項,1021225,125.58,2,2,2,有,有,7100000,56538,,0.0,0,,RPQPMLPLJHGGFAD37DA,75.44,0.0,9.09,有,1145
北區,房地(土地+建物),公園南路１５９巷２號十一樓之３,18.87,都市：其他:商業區,,,1081002,土地2建物1車位0,十一層,十一層,住宅大樓(11層含以上有電梯),見其他登記事項,見其他登記事項,1091027,86.23,2,1,2,有,有,6200000,71901,,0.0,0,預售屋、或土地及建物分次登記案件；,RPUNMLKLJHGGFAD07DA,51.63,0.0,5.59,有,
北區,房地(土地+建物),海安路三段３３８巷１７號,581.59,都市：其他:住宅區,,,1090706,土地6建物1車位0,全,五層,透天厝,見其他登記事項,見其他登記事項,0951229,1225.07,26,27,2,有,無,80000000,65302,,0.0,0,,RPVOMLLLJHGGFAD37DA,1207.52,6.99,10.56,有,
北區,房地(土地+建物),公園南路１５９巷２號九樓之３,18.87,都市：其他:商業區,,,1080420,土地2建物1車位0,九層,十一層,住宅大樓(11層含以上有電梯),見其他登記事項,見其他登記事項,1091027,86.23,2,1,2,有,有,6000000,69581,,0.0,0,預售屋、或土地及建物分次登記案件；,RPROMLKLJHGGFAD86DA,51.63,0.0,5.59,有,
北區,房地(土地+建物)+車位,公園南路１５９巷２號十樓之２,20.95,都市：其他:商業區,,,1080601,土地2建物1車位1,十層,十一層,住宅大樓(11層含以上有電梯),見其他登記事項,見其他登記事項,1091027,107.78999999999999,2,1,2,有,有,7670000,71849,塔式車位,14.26,950000,預售屋、或土地及建物分次登記案件；,RPUOMLKLJHGGFAD17DA,55.43,0.0,6.65,有,
北區,建物,公園路７４６巷２７之６０號,0.0,,,,1100114,土地0建物1車位0,全,二層,透天厝,住家用,加強磚造,0580610,112.19,3,2,1,有,無,1150000,10250,,0.0,0,土地為向仁愛之家租賃使用,RPWOMLKLJHGGFAD37DA,112.19,0.0,0.0,無,
安平區,土地,漁港段909-2地號,143.6,都市：其他:特定住宅專用區,,,1100106,土地2建物0車位0,,,其他,,,,0.0,0,0,0,有,無,9800000,68245,,0.0,0,,RPOPMLKLJHGGFAD66DA,0.0,0.0,0.0,無,
北區,房地(土地+建物),北園街１７１號,62.0,都市：其他:細部計畫道路用地,,,1091212,土地2建物1車位0,全,三層,透天厝,住家用,鋼筋混凝土造,0690417,118.7,4,2,2,有,無,6250000,52654,,0.0,0,其他增建；,RPSOMLLKJHGGFAD96DA,118.7,0.0,0.0,無,1146
北區,房地(土地+建物)+車位,公園南路１５９巷２號九樓之１,20.89,都市：其他:商業區,,,1080630,土地2建物1車位1,九層,十一層,住宅大樓(11層含以上有電梯),見其他登記事項,見其他登記事項,1091027,106.97999999999999,2,1,2,有,有,7550000,71182,塔式車位,14.26,950000,預售屋、或土地及建物分次登記案件；,RPRPMLMKJHGGFAD07DA,55.0,0.0,6.37,有,
北區,房地(土地+建物)+車位,公園南路１５９巷２號五樓之２,20.95,都市：其他:商業區,,,1080709,土地2建物1車位1,五層,十一層,住宅大樓(11層含以上有電梯),見其他登記事項,見其他登記事項,1091027,107.78999999999999,2,1,2,有,有,7110000,66075,塔式車位,14.26,930000,預售屋、或土地及建物分次登記案件；,RPSPMLMKJHGGFAD17DA,55.43,0.0,6.65,有,
北區,房地(土地+建物),公園南路１５９巷２號四樓之３,18.87,都市：其他:商業區,,,1070707,土地2建物1車位0,四層,十一層,住宅大樓(11層含以上有電梯),見其他登記事項,見其他登記事項,1091027,86.23,2,1,2,有,有,5870000,68074,,0.0,0,預售屋、或土地及建物分次登記案件；,RPTPMLMKJHGGFAD27DA,51.63,0.0,5.59,有,
北區,房地(土地+建物)+車位,公園南路１５９巷２號四樓之２,20.95,都市：其他:商業區,,,1081015,土地2建物1車位1,四層,十一層,住宅大樓(11層含以上有電梯),見其他登記事項,見其他登記事項,1091027,107.78999999999999,2,1,2,有,有,6910000,64792,塔式車位,14.26,850000,預售屋、或土地及建物分次登記案件；,RPUPMLMKJHGGFAD37DA,55.43,0.0,6.65,有,
中西區,房地(土地+建物),民生路一段１８號,88.3,都市：其他:商業區,,,1091227,土地1建物1車位0,全,二層,透天厝,商業用,磚造,0140000,146.78,5,2,3,有,無,18000000,122633,,0.0,0,頂樓加蓋；其他增建；,RPQNMLNJJHGGFAD76DA,137.55,9.23,0.0,無,
安平區,房地(土地+建物),郡平路１８１號九樓之１２,9.03,都市：其他:住宅區,,,1091228,土地1建物1車位0,九層,十四層,住宅大樓(11層含以上有電梯),見其他登記事項,鋼筋混凝土造,0880622,92.14000000000001,2,2,1,有,有,4470000,48513,,0.0,0,,RPTOMLPJJHGGFAD37DA,58.78,3.0,10.15,有,
安平區,房地(土地+建物),健康路三段３２９號二樓之２,7.34,都市：其他:商業區,,,1091219,土地1建物1車位0,二層,二十三層,住宅大樓(11層含以上有電梯),見其他登記事項,見其他登記事項,1060124,83.07,2,1,1,有,有,4800000,57783,,0.0,0,,RPSNMLTKKIPFFAD68DA,50.62,0.0,4.89,有,1147
安平區,土地,金城段32-2地號,1518.0,都市：其他:住宅區,,,1090915,土地1建物0車位0,,,其他,,,,0.0,0,0,0,有,無,151532700,99824,,0.0,0,,RPQNMLQKKIPFFAD18DA,0.0,0.0,0.0,無,1148
北區,房地(土地+建物),立賢路二段９９巷３０號,121.5,都市：其他:住宅區,,,1091110,土地1建物1車位0,全,四層,透天厝,住家用,見其他登記事項,1010112,252.0,5,2,5,有,無,22880000,90794,,0.0,0,其他增建；,RPQNMLLJKIPFFAD57DA,233.85,0.0,18.15,無,1149
安平區,房地(土地+建物),健康一街７２之２號,133.95,都市：其他:住宅區,,,1091029,土地1建物1車位0,全,五層,透天厝,住家用,見其他登記事項,1090817,411.9,6,3,6,有,無,39800000,96625,,0.0,0,,RPQOMLSJJHGGFAD37DA,363.63,0.0,48.27,有,
安平區,房地(土地+建物),健康一街７２之１號,166.55,都市：其他:住宅區,,,1091029,土地1建物1車位0,全,五層,透天厝,住家用,見其他登記事項,1090817,504.23,6,3,6,有,無,54000000,107094,,0.0,0,,RPROMLSJJHGGFAD47DA,448.18,0.0,56.05,有,
安平區,房地(土地+建物)+車位,健康路三段１３８號七樓之５,57.48,都市：其他:住宅區,,,1091217,土地1建物1車位2,七層,二十層,住宅大樓(11層含以上有電梯),見其他登記事項,見其他登記事項,1040903,386.33000000000004,3,2,4,有,有,24500000,63417,坡道平面,61.0,0,,RPPPMLSJJHGGFAD37DA,208.07,0.0,27.71,有,1150
中西區,房地(土地+建物),興華街１６號五樓之４,34.04,都市：其他:商業區,,,1100107,土地3建物1車位0,五層,六層,華廈(10層含以下有電梯),住家用,鋼筋混凝土造,0780911,165.7,3,2,2,有,有,5000000,30175,,0.0,0,,RPPOMLNKJHGGFAD86DA,110.38,0.0,8.78,有,
安平區,房地(土地+建物)+車位,永華路二段７６８號九樓之１,38.18,都市：其他:住宅區,,,1100105,土地1建物1車位2,九層,二十四層,住宅大樓(11層含以上有電梯),見其他登記事項,見其他登記事項,0940408,435.31000000000006,5,1,3,有,有,22380000,51412,坡道平面,54.78,0,,RPWQMLNKJHGGFAD77DA,279.17,0.0,28.06,有,
安平區,房地(土地+建物),健康三街１０號,100.3,都市：其他:住宅區,,,1091217,土地1建物1車位0,全,五層,透天厝,見其他登記事項,鋼筋混凝土造,0990513,287.44,4,2,4,有,無,22000000,76538,,0.0,0,,RPXQMLNKJHGGFAD87DA,249.07,5.01,33.36,無,
北區,房地(土地+建物),小東路３０７巷１８弄２號,56.0,都市：其他:住宅區,,,1091215,土地1建物1車位0,全,一層,透天厝,住家用,加強磚造,0580930,41.81,2,1,1,有,無,2710370,64826,,0.0,0,產權持有期間曾發生自殺致死之情事含土地增值稅或其他稅費210370元；頂樓加蓋；未登記建物；,RPORMLNKJHGGFAD07DA,41.81,0.0,0.0,無,
安平區,房地(土地+建物),健康二街４００號,151.72,都市：其他:住宅區,,,1091231,土地1建物1車位0,全,五層,透天厝,見其他登記事項,見其他登記事項,1000929,440.49,4,2,5,有,無,33300000,75598,,0.0,0,,RPXPMLKLJHGGFAD57DA,404.18,0.0,36.31,有,1151
安平區,房地(土地+建物),永華八街２號六樓之１,6.99,都市：其他:社區商業區,,,1100102,土地1建物1車位0,六層,十四層,住宅大樓(11層含以上有電梯),見其他登記事項,鋼筋混凝土造,0960719,72.63,1,1,1,有,有,4050000,55762,,0.0,0,,RPTNMLKLJHGGFAD96DA,47.86,0.54,2.67,有,1152
北區,房地(土地+建物)+車位,公園南路１５９巷２號七樓之３,22.09,都市：其他:商業區,,,1080117,土地2建物1車位1,七層,十一層,住宅大樓(11層含以上有電梯),見其他登記事項,見其他登記事項,1091027,103.19999999999999,2,1,2,有,有,7400000,70741,坡道平面,16.97,1300000,本件買賣有轉讓，轉讓之權利買賣契約價格850萬元。預售屋、或土地及建物分次登記案件；,RPQOMLKLJHGGFAD76DA,51.63,0.0,5.59,有,
北區,房地(土地+建物),公園南路１５９巷２號十一樓之１,20.36,都市：其他:商業區,,,1080703,土地2建物1車位0,十一層,十一層,住宅大樓(11層含以上有電梯),見其他登記事項,見其他登記事項,1091027,92.72,2,1,2,有,有,6800000,73339,,0.0,0,預售屋、或土地及建物分次登記案件；,RPQNMLKLJHGGFAD66DA,55.0,0.0,6.37,有,
安平區,房地(土地+建物)+車位,國平北路６０號十二樓,28.28,都市：其他:商業區,,,1091128,土地1建物1車位2,十二層,二十四層,住宅大樓(11層含以上有電梯),見其他登記事項,見其他登記事項,1070214,338.55,3,2,3,有,有,25380000,79326,坡道平面,50.12,2500000,,RPUOMLTKJHGGFAD97DA,161.21,4.04,21.49,有,
安平區,房地(土地+建物)+車位,國平南路９８號十樓之３,33.91,都市：其他:商業區,,,1090901,土地2建物1車位2,十層,二十四層,住宅大樓(11層含以上有電梯),見其他登記事項,見其他登記事項,1070529,390.54999999999995,3,2,3,有,有,23490000,60371,坡道平面,43.86,2560000,,RPOOMLTKJHGGFAD37DA,190.68,0.0,45.8,有,
中西區,房地(土地+建物),康樂街３０２號,39.05,都市：其他:住宅區,,,1091201,土地1建物1車位0,全,二層,透天厝,住家用,加強磚造,0570315,61.91,4,2,2,有,無,5500000,88839,,0.0,0,,RPXOMLPLJHGGFAD97DA,61.91,0.0,0.0,無,
中西區,房地(土地+建物),府前路二段２５８巷３１號三樓之３,5.47,都市：其他:住宅區,,,1100116,土地4建物1車位0,三層,六層,華廈(10層含以下有電梯),住家用,鋼筋混凝土造,0790615,24.65,1,0,1,有,有,820000,33266,,0.0,0,,RPVPMLPLJHGGFAD87DA,13.9,0.0,2.0,有,1153
安平區,房地(土地+建物),平通路３５６號四樓之２,10.63,都市：其他:商業區,,,1091213,土地1建物1車位0,四層,十層,華廈(10層含以下有電梯),住家用,鋼筋混凝土造,0820701,99.74,3,2,2,有,有,4050000,40606,,0.0,0,,RPXPMLPLJHGGFAD08DA,67.97,0.0,13.0,有,
中西區,房地(土地+建物),正興街１８號五樓之３,3.78,都市：其他:商業區,,,1100115,土地1建物1車位0,五層,七層,華廈(10層含以下有電梯),住家用,鋼筋混凝土造,0800729,25.22,1,1,1,有,有,970000,38462,,0.0,0,,RPOQMLPLJHGGFAD27DA,16.57,0.0,0.0,有,1154
安平區,土地,金城段57-1地號,113.0,都市：其他:住宅區,,,1090827,土地1建物0車位0,,,其他,,,,0.0,0,0,0,有,無,7800000,69027,,0.0,0,,RPPQMLPLJHGGFAD37DA,0.0,0.0,0.0,無,1155
中西區,房地(土地+建物),健康路一段１７８號之３,30.11,都市：其他:住宅區,,,1100108,土地1建物1車位0,五層,五層,公寓(5樓含以下無電梯),住家用,鋼筋混凝土造,0730420,124.19,3,2,2,有,無,4380000,35269,,0.0,0,陽台外推；其他增建；,RPPNMLQLJHGGFAD17DA,92.17,0.0,14.15,無,1156
中西區,土地,萬昌段222地號,45.34,都市：其他:商業區,,,1091121,土地1建物0車位0,,,其他,,,,0.0,0,0,0,有,無,7000000,154389,,0.0,0,親友、員工、共有人或其他特殊關係間之交易；未登記建物；,RPQNMLQLJHGGFAD27DA,0.0,0.0,0.0,無,
北區,房地(土地+建物),北園街８７巷１５３弄２１號,70.0,都市：其他:住宅區,,,1100116,土地1建物1車位0,全,二層,透天厝,住家用,加強磚造,0671019,86.0,3,1,1,有,無,4200000,48837,,0.0,0,,RPWNMLQLJHGGFAD87DA,86.0,0.0,0.0,無,
北區,土地,大豐段1081-3地號,13555.93,都市：其他:細部計畫道路用地,,,1091223,土地11建物0車位0,,,其他,,,,0.0,0,0,0,有,無,1189200000,87725,,0.0,0,包含公共設施保留地用地；,RPUNMLPLJHGGFAD57DA,0.0,0.0,0.0,無,
北區,房地(土地+建物)+車位,中華北路一段７８巷５５號十六樓,17.81,都市：其他:商業區,,,1091129,土地1建物1車位1,十六層,二十二層,住宅大樓(11層含以上有電梯),見其他登記事項,見其他登記事項,1090109,203.2,3,2,2,有,有,15450000,83737,坡道平面,36.01,1450000,,RPQOMLPLJHGGFAD27DA,91.78,8.45,11.3,有,
安平區,房地(土地+建物)+車位,育平路５２號六樓之３,13.74,都市：其他:住宅區,,,1100106,土地1建物1車位1,六層,十四層,住宅大樓(11層含以上有電梯),見其他登記事項,見其他登記事項,1021125,122.28,3,2,1,有,有,6500000,53157,坡道平面,0.0,0,夾層；,RPPNMLOLJHGGFAD96DA,53.65,0.0,7.51,有,1157
安平區,房地(土地+建物),建平十七街１６５號十一樓之３,2.86,都市：其他:商業區,,,1091218,土地1建物1車位0,十一層,十二層,住宅大樓(11層含以上有電梯),住家用,鋼筋混凝土造,0841121,33.07,1,1,1,有,有,2110000,63804,,0.0,0,,RPOQMLMLJHGGFAD96DA,24.31,0.0,0.0,有,1158
北區,房地(土地+建物),公園路７６９巷３３號,66.09,都市：其他:細部計畫道路用地,,,1100101,土地2建物1車位0,全,二層,透天厝,,加強磚造,0680730,91.04,6,3,2,有,無,5200000,57118,,0.0,0,頂樓加蓋；其他增建；,RPTPMLMLJHGGFAD37DA,91.04,0.0,0.0,無,1159
北區,房地(土地+建物),文賢路７９９巷５７弄１３號,81.0,都市：其他:住宅區,,,1100105,土地1建物1車位0,全,二層,透天厝,住家用,加強磚造,0760514,121.53,3,2,2,有,無,7600000,62536,,0.0,0,,RPUOMLQLJHGGFAD77DA,113.32,0.0,8.21,無,1160
中西區,房地(土地+建物),中成路１８號十一樓之７,2.97,都市：其他:商業區,,,1100114,土地1建物1車位0,十一層,二十層,住宅大樓(11層含以上有電梯),住家用,鋼筋混凝土造,0860127,38.010000000000005,1,1,1,有,有,2300000,60510,,0.0,0,,RPWOMLQLJHGGFAD97DA,21.39,0.0,5.39,有,1161
安南區,土地,總頭段291-6地號,99.18,都市：其他:住宅區,,,1091216,土地1建物0車位0,,,其他,,,,0.0,0,0,0,有,無,1350000,13612,,0.0,0,親友、員工、共有人或其他特殊關係間之交易；,RPRNMLPLJHGGFBD37DA,0.0,0.0,0.0,無,0059
安南區,土地,總頭段291-6地號,99.18,都市：其他:住宅區,,,1091216,土地1建物0車位0,,,其他,,,,0.0,0,0,0,有,無,1350000,13612,,0.0,0,親友、員工、共有人或其他特殊關係間之交易；,RPUNMLPLJHGGFBD67DA,0.0,0.0,0.0,無,0059
安南區,土地,總頭段291-8地號,66.75,都市：其他:住宅區,,,1091216,土地6建物0車位0,,,其他,,,,0.0,0,0,0,有,無,908550,13611,,0.0,0,親友、員工、共有人或其他特殊關係間之交易；,RPVNMLPLJHGGFBD77DA,0.0,0.0,0.0,無,0061
安南區,房地(土地+建物),義安街２２６巷１０號,84.59,都市：其他:住宅區,,,1091229,土地1建物1車位0,全,二層,透天厝,住商用,加強磚造,0701228,106.89,5,2,4,有,無,8600000,80457,,0.0,0,,RPOOMLPLJHGGFBD17DA,101.76,0.0,5.13,無,1165
安南區,土地,砂崙段301-1地號,1617.02,都市：其他:主要計畫道路用地,,,1091221,土地2建物0車位0,,,其他,,,,0.0,0,0,0,有,無,6448800,3988,,0.0,0,,RPTOMLPLJHGGFBD67DA,0.0,0.0,0.0,無,1166
安南區,土地,總頭段291-6地號,99.18,都市：其他:住宅區,,,1091216,土地1建物0車位0,,,其他,,,,0.0,0,0,0,有,無,1350000,13612,,0.0,0,親友、員工、共有人或其他特殊關係間之交易；,RPSNMLQLJHGGFBD57DA,0.0,0.0,0.0,無,0059
安南區,土地,鹽田段1262地號,260.0,都市：其他:遊樂區,,,1091126,土地1建物0車位0,,,其他,,,,0.0,0,0,0,有,無,500000,1923,,0.0,0,親友、員工、共有人或其他特殊關係間之交易；未登記建物；,RPTNMLQLJHGGFBD67DA,0.0,0.0,0.0,無,
安南區,房地(土地+建物),公學路七段１１３巷１１號,84.88,都市：其他:住宅區,,,1091101,土地1建物1車位0,全,三層,透天厝,住家用,鋼筋混凝土造,1090916,136.33,5,2,3,有,無,7200000,52813,,0.0,0,,RPUNMLQLJHGGFBD77DA,121.21,0.0,15.12,無,
安南區,房地(土地+建物),公學路七段１１３巷１３號,86.33,都市：其他:住宅區,,,1091101,土地1建物1車位0,全,三層,透天厝,住家用,鋼筋混凝土造,1090916,136.33,5,2,3,有,無,7500000,55014,,0.0,0,,RPVNMLQLJHGGFBD87DA,121.21,0.0,15.12,無,
安南區,房地(土地+建物)+車位,館前二路１９０號五樓之２,47.26,都市：其他:住宅區,,,1091217,土地1建物1車位1,五層,五層,華廈(10層含以下有電梯),見其他登記事項,鋼筋混凝土造,1041204,170.71,2,2,2,有,有,7500000,43934,坡道平面,34.07,0,,RPUOMLNJKHGGFBD47DA,84.66,0.0,8.18,有,
南區,房地(土地+建物),喜樹路９６巷４號,76.0,都市：其他:住宅區,,,1091129,土地1建物1車位0,全,二層,透天厝,住家用,鋼筋混凝土造,0711210,88.51,4,2,2,有,無,6100000,68919,,0.0,0,頂樓加蓋；,RPOOMLLLKIPFFCD87DA,79.4,0.0,9.11,無,
南區,房地(土地+建物),新建路２７巷５之４號,27.4,都市：其他:住宅區,,,1091201,土地1建物1車位0,五層,五層,公寓(5樓含以下無電梯),見其他登記事項,鋼筋混凝土造,0720820,75.45,3,2,1,有,無,2150000,28496,,0.0,0,,RPTOMLLJKIPFFCD18DA,61.43,0.0,8.23,無,
東區,房地(土地+建物),裕信六街１０８號,89.22,都市：其他:虎尾寮第二種住宅區,,,1091211,土地2建物1車位0,全,四層,透天厝,住家用,鋼筋混凝土造,1031009,228.71,5,2,5,有,無,19800000,86573,,0.0,0,陽台外推；頂樓加蓋；其他增建；,RPSNMLLKKIPFFCD08DA,200.68,0.0,28.03,無,
安南區,土地,國安段1751-4地號,141.07,都市：其他:住宅區,,,1091129,土地1建物0車位0,,,其他,,,,0.0,0,0,0,有,無,11730000,83150,,0.0,0,,RPSOMLOKJHGGFBD37DA,0.0,0.0,0.0,無,1168
安南區,房地(土地+建物),仁安一街１２２巷１１號,83.41,都市：其他:住宅區,,,1091227,土地2建物1車位0,全,四層,透天厝,住家用,鋼筋混凝土造,1060602,175.63,4,2,4,有,無,11000000,62632,,0.0,0,頂樓加蓋；,RPSOMLNKJHGGFBD27DA,144.76,0.0,30.87,無,
安南區,土地,淵中段698地號,524.25,都市：其他:農業區,,,1100105,土地1建物0車位0,,,其他,,,,0.0,0,0,0,有,無,980000,1869,,0.0,0,親友、員工、共有人或其他特殊關係間之交易；,RPTNMLNKJHGGFBD27DA,0.0,0.0,0.0,無,
安南區,土地,國安段1464-2地號,43.94,都市：其他:主要計畫道路用地,,,1100107,土地2建物0車位0,,,其他,,,,0.0,0,0,0,有,無,667009,15180,,0.0,0,包含公共設施保留地用地；,RPWNMLRJJHGGFBD87DA,0.0,0.0,0.0,無,
安南區,土地,佃東段516地號,66.12,都市：其他:住宅區,,,1091123,土地1建物0車位0,,,其他,,,,0.0,0,0,0,有,無,600000,9074,,0.0,0,親友、員工、共有人或其他特殊關係間之交易；,RPTPMLLKJHGGFBD27DA,0.0,0.0,0.0,無,1169
安南區,房地(土地+建物),安昌街２６巷２９弄３號,143.88,都市：其他:住宅區,,,1090802,土地2建物1車位0,全,三層,透天厝,住家用,鋼筋混凝土造,1090921,181.58,5,2,5,有,無,14900000,82057,,0.0,0,,RPUPMLLLJHGGFBD47DA,166.28,0.0,15.3,無,
安南區,房地(土地+建物),安昌街２６巷２９弄５號,143.82,都市：其他:住宅區,,,1091020,土地2建物1車位0,全,三層,透天厝,住家用,鋼筋混凝土造,1090921,181.58,5,2,5,有,無,14980000,82498,,0.0,0,,RPWOMLMLJHGGFBD67DA,166.28,0.0,15.3,無,
安南區,房地(土地+建物),海東八街５３號,99.79,都市：其他:住宅區,,,1100104,土地1建物1車位0,全,四層,透天厝,見其他登記事項,鋼筋混凝土造,1010905,218.99,4,2,4,有,無,12300000,56167,,0.0,0,親友、員工、共有人或其他特殊關係間之交易；,RPROMLKLJHGGFBD96DA,196.35,0.0,22.64,無,
安南區,房地(土地+建物),環福街８２巷１５號,92.62,都市：其他:住宅區,,,1090619,土地1建物1車位0,全,二層,透天厝,住家用,加強磚造,0750408,125.41,3,2,2,有,無,6000000,47843,,0.0,0,,RPRNMLMLJHGGFBD07DA,117.73,0.0,7.68,無,
安南區,房地(土地+建物),環館路３６４巷２１號,153.49,都市：其他:住宅區,,,1090927,土地4建物1車位0,全,四層,透天厝,見其他登記事項,鋼筋混凝土造,1090924,295.19,4,2,3,有,有,19000000,64365,,0.0,0,,RPTPMLPJKIPFFBD58DA,280.49,0.0,13.42,有,
安南區,房地(土地+建物),環館路３６４巷１３號,154.48,都市：其他:住宅區,,,1090630,土地4建物1車位0,全,四層,透天厝,見其他登記事項,鋼筋混凝土造,1090924,297.69,4,2,3,有,有,19800000,66512,,0.0,0,,RPXPMLPJKIPFFBD98DA,282.7,0.0,13.71,有,
安南區,房地(土地+建物),環館路３６４巷２６號,147.29,都市：其他:住宅區,,,1091030,土地4建物1車位0,全,四層,透天厝,見其他登記事項,鋼筋混凝土造,1090924,257.27,4,2,3,有,有,17320000,67322,,0.0,0,,RPTNMLPJKIPFFBD38DA,244.73,0.0,11.26,有,
安南區,土地,溪東段1665地號,338.15,都市：其他:住宅區,,,1091125,土地2建物0車位0,,,其他,,,,0.0,0,0,0,有,無,30200000,89309,,0.0,0,,RPWOMLPLJIPFFBD88DA,0.0,0.0,0.0,無,1170
安南區,房地(土地+建物),環館路３６２巷３２號,149.92,都市：其他:住宅區,,,1080903,土地4建物1車位0,全,四層,透天厝,見其他登記事項,鋼筋混凝土造,1090924,295.19,4,2,3,有,有,18990000,64331,,0.0,0,,RPQRMLPJKIPFFBD48DA,280.49,0.0,13.42,有,
安南區,房地(土地+建物),環館路３６２巷１０號,130.94,都市：其他:住宅區,,,1061111,土地4建物1車位0,全,四層,透天厝,見其他登記事項,鋼筋混凝土造,1090924,257.27,4,2,3,有,有,16360000,63591,,0.0,0,,RPRPMLRJKIPFFBD58DA,244.73,0.0,11.26,有,
新營區,房地(土地+建物),新東里６鄰東學路１４８巷３２號,156.28,都市：其他:住宅區,,,1100109,土地1建物1車位0,全,四層,透天厝,住家用,鋼筋混凝土造,1041124,239.32,5,2,5,有,無,15550000,64976,,0.0,0,,RPSNMLRLJHGGFDD87DA,225.38,0.0,13.94,無,
新營區,土地,姑爺段697地號,1734.0,,特定農業區,農牧用地,1091228,土地1建物0車位0,,,其他,,,,0.0,0,0,0,有,無,1900000,1096,,0.0,0,,RPUNMLQLJHGGFDD97DA,0.0,0.0,0.0,無,
新營區,房地(土地+建物),東興三街２２巷１５號,26.08,都市：其他:住宅區,,,1100111,土地1建物1車位0,一層,十三層,住宅大樓(11層含以上有電梯),見其他登記事項,鋼筋混凝土造,0890317,142.29000000000002,3,1,2,有,有,4180000,29377,,0.0,0,,RPQNMLOKJHGGFDD27DA,92.3,0.0,4.38,有,
鹽水區,房地(土地+建物),土庫６８之１６號,88.93,都市：其他:農業區,,,1091221,土地2建物1車位0,全,三層,透天厝,住家用,鋼筋混凝土造,1081210,158.23,5,2,3,有,無,7150000,45187,,0.0,0,,RPUNMLOJJHGGFDD57DA,145.04,0.0,13.19,無,
鹽水區,房地(土地+建物),土庫６８之９號,125.13,都市：其他:農業區,,,1091206,土地2建物1車位0,全,三層,透天厝,住家用,鋼筋混凝土造,1081210,161.26,5,2,3,有,無,7670000,47563,,0.0,0,,RPQNMLKMKIPFFDD08DA,148.07,0.0,13.19,無,
東區,房地(土地+建物),崇明路２６６巷１號十三樓之２,14.98,都市：其他:第五種住宅區,,,1100108,土地1建物1車位0,十三層,十五層,住宅大樓(11層含以上有電梯),住家用,鋼筋混凝土造,0830825,117.72,3,3,2,有,有,5200000,44173,,0.0,0,親友、員工、共有人或其他特殊關係間之交易；,RPSOMLQLJHGGFCD77DA,80.28,0.0,12.66,有,
東區,土地,德高段170地號,1799.08,都市：其他:第五種住宅區,,,1090918,土地1建物0車位0,,,其他,,,,0.0,0,0,0,有,無,244899000,136125,,0.0,0,,RPQNMLQLJHGGFCD47DA,0.0,0.0,0.0,無,1171
南區,房地(土地+建物),新興路５３３巷３３弄３６號,71.11,都市：其他:細部計畫道路用地,,,1091130,土地3建物1車位0,全,三層,透天厝,住商用,鋼筋混凝土造,0700313,159.7,5,2,3,有,無,5600000,35066,,0.0,0,,RPPOMLPLJHGGFCD37DA,159.7,0.0,0.0,無,1172
東區,土地,虎尾段1871地號,624.87,都市：其他:第五種住宅區,,,1091102,土地1建物0車位0,,,其他,,,,0.0,0,0,0,有,無,77500000,124026,,0.0,0,土地價格為新台幣7710萬元整。建物價格為新台幣40萬元整。未登記建物；,RPRNMLPLJHGGFCD47DA,0.0,0.0,0.0,無,
東區,房地(土地+建物),東門路三段２３７號,426.52,都市：其他:第五種住宅區,,,1091102,土地1建物1車位0,全,三層,透天厝,住商用,鋼筋混凝土造,0650113,183.88,8,2,3,有,無,60500000,329019,,0.0,0,土地價格為新台幣5950萬元整。建物價格為新台幣100萬元整。未登記建物；,RPSNMLPLJHGGFCD57DA,183.88,0.0,0.0,無,
東區,房地(土地+建物),長榮路二段１５７號六樓,20.75,都市：其他:沿街商業區,,,1091208,土地1建物1車位0,六層,七層,華廈(10層含以下有電梯),商業用,鋼筋混凝土造,0790228,139.41,3,2,2,有,無,6500000,46625,,0.0,0,,RPXNMLPLJHGGFCD08DA,105.63,0.0,11.88,有,1173
東區,房地(土地+建物),崇明二十四街４７號,102.0,都市：其他:第五種住宅區,,,1091019,土地1建物1車位0,全,五層,透天厝,見其他登記事項,見其他登記事項,0950519,301.56,5,2,4,有,無,20500000,67980,,0.0,0,含傢俱設備費；含土地增值稅或其他稅費；親友、員工、共有人或其他特殊關係間之交易；陽台外推；頂樓加蓋；,RPUPMLPLJHGGFCD97DA,267.22,4.32,30.02,無,
東區,房地(土地+建物),仁東街３２號,102.0,都市：其他:第五種住宅區,,,1091209,土地1建物1車位0,全,五層,透天厝,住商用,鋼筋混凝土造,0871124,260.58,7,3,8,有,無,18800000,72147,,0.0,0,陽台外推；其他增建；,RPTOMLMLJHGGFCD47DA,222.71,7.81,30.06,無,
東區,房地(土地+建物),林森路一段１６０號十樓之４,2.76,都市：其他:沿街商業區,,,1091231,土地1建物1車位0,十層,十二層,住宅大樓(11層含以上有電梯),住家用,鋼筋混凝土造,0790926,20.14,1,0,1,有,有,1100000,54618,,0.0,0,,RPQPMLTKJHGGFCD87DA,11.31,0.0,2.14,有,1174
南區,土地,建南段226地號,15.19,都市：其他:保護區,,,1091208,土地1建物0車位0,,,其他,,,,0.0,0,0,0,有,無,46000,3028,,0.0,0,含仲介費16000元；含地政士服務費20000元；,RPRNMLQLKIPFFCD58DA,0.0,0.0,0.0,無,
白河區,土地,海豐厝段1280地號,1121.0,,特定農業區,農牧用地,1100111,土地1建物0車位0,,,其他,,,,0.0,0,0,0,有,無,1600000,1427,,0.0,0,,RPPNMLRLJHGGFED67DA,0.0,0.0,0.0,無,
下營區,土地,麻豆寮段1351地號,1936.0,,特定農業區,農牧用地,1100121,土地1建物0車位0,,,其他,,,,0.0,0,0,0,有,無,3450000,1782,,0.0,0,,RPPOMLLLJHGGFFD27DA,0.0,0.0,0.0,無,
麻豆區,土地,大埕段897-2地號,81.03,都市：其他:第三種住宅區。,,,1091218,土地2建物0車位0,,,其他,,,,0.0,0,0,0,有,無,350000,4319,,0.0,0,親友、員工、共有人或其他特殊關係間之交易；,RPSNMLQLJHGGFFD97DA,0.0,0.0,0.0,無,
六甲區,土地,信義段787地號,476.66,都市：其他:住宅區,,,1091217,土地2建物0車位0,,,其他,,,,0.0,0,0,0,有,無,11000000,23077,,0.0,0,,RPUNMLQLJHGGFFD18DA,0.0,0.0,0.0,無,
麻豆區,土地,安業段99地號,249.4,,鄉村區,乙種建築用地,1091218,土地1建物0車位0,,,其他,,,,0.0,0,0,0,有,無,6100000,24459,,0.0,0,,RPWNMLQLJHGGFFD38DA,0.0,0.0,0.0,無,
西港區,土地,營段939地號,29.92,,鄉村區,乙種建築用地,1091228,土地1建物0車位0,,,其他,,,,0.0,0,0,0,有,無,470642,15730,,0.0,0,畸零地或有合併使用效益；,RPVOMLQLJHGGFGD48DA,0.0,0.0,0.0,無,0665
西港區,土地,營段940地號,1.93,,鄉村區,乙種建築用地,1091228,土地1建物0車位0,,,其他,,,,0.0,0,0,0,有,無,5827,3019,,0.0,0,畸零地或有合併使用效益；,SPVOMLQLJHGGFGD58DA,0.0,0.0,0.0,無,0666
學甲區,房地(土地+建物),中華路二段２６３巷６弄１９號,98.51,都市：其他:住宅區,,,1100106,土地2建物1車位0,全,四層,透天厝,住家用,鋼筋混凝土造,1070720,179.42,4,2,3,有,無,6600000,36785,,0.0,0,其他增建；,RPQNMLPLJHGGFGD77DA,141.47,0.0,37.95,無,1177
七股區,土地,後港東段208地號,674.16,,特定農業區,甲種建築用地,1091214,土地1建物0車位0,,,其他,,,,0.0,0,0,0,有,無,3800000,5637,,0.0,0,,RPQOMLPLJHGGFGD87DA,0.0,0.0,0.0,無,
學甲區,土地,光明段585地號,1015.0,,特定農業區,甲種建築用地,1100118,土地1建物0車位0,,,其他,,,,0.0,0,0,0,有,無,2030000,2000,,0.0,0,親友、員工、共有人或其他特殊關係間之交易；,RPQOMLLLJHGGFGD47DA,0.0,0.0,0.0,無,
七股區,土地,十一份段627地號,617.0,,特定農業區,甲種建築用地,1091230,土地1建物0車位0,,,其他,,,,0.0,0,0,0,有,無,3000000,4862,,0.0,0,,RPXNMLPLJHGGFGD48DA,0.0,0.0,0.0,無,
七股區,土地,十一份段626地號,1177.0,,特定農業區,農牧用地,1091230,土地1建物0車位0,,,其他,,,,0.0,0,0,0,有,無,2070000,1759,,0.0,0,,SPXNMLPLJHGGFGD58DA,0.0,0.0,0.0,無,
七股區,土地,十一份段628地號,1176.0,,特定農業區,農牧用地,1091230,土地1建物0車位0,,,其他,,,,0.0,0,0,0,有,無,2058000,1750,,0.0,0,,TPXNMLPLJHGGFGD68DA,0.0,0.0,0.0,無,
七股區,土地,竹橋段1948地號,1789.0,,特定農業區,農牧用地,1091202,土地1建物0車位0,,,其他,,,,0.0,0,0,0,有,無,2683500,1500,,0.0,0,,RPVNMLLLJHGGFGD87DA,0.0,0.0,0.0,無,
七股區,土地,竹橋段2233地號,1790.0,,特定農業區,農牧用地,1091202,土地1建物0車位0,,,其他,,,,0.0,0,0,0,有,無,2685000,1500,,0.0,0,,RPWNMLLLJHGGFGD97DA,0.0,0.0,0.0,無,
學甲區,土地,溪洲子寮段286地號,1994.5,,一般農業區,農牧用地,1091221,土地2建物0車位0,,,其他,,,,0.0,0,0,0,有,無,400000,201,,0.0,0,都市外農牧用地本件土地四周有大型樹木 當圍籬 承買人僱工拆除費用自行負擔,RPSPMLQLJHGGFGD28DA,0.0,0.0,0.0,無,
佳里區,土地,建南段151地號,183.94,都市：其他:住宅區,,,1100104,土地1建物0車位0,,,其他,,,,0.0,0,0,0,有,無,7511400,40836,,0.0,0,,RPUOMLRLJHGGFGD48DA,0.0,0.0,0.0,無,
善化區,房地(土地+建物),小新營２１５號,117.04,都市：其他:住宅區,,,1091203,土地4建物1車位0,全,三層,透天厝,住家用,鋼筋混凝土造,1000120,160.03,4,2,4,有,無,9000000,56239,,0.0,0,,RPOPMLQLJHGGFHD97DA,132.72,9.63,17.68,無,
善化區,土地,六分寮段19地號,8317.0,,一般農業區,農牧用地,1100104,土地2建物0車位0,,,其他,,,,0.0,0,0,0,有,無,3992160,480,,0.0,0,農業設施；,RPRNMLRLJHGGFHD18DA,0.0,0.0,0.0,無,
善化區,房地(土地+建物),建業路１９０巷７０號,1462.0,,特定農業區,農牧用地,1091118,土地1建物1車位0,全,一層,透天厝,農舍,加強磚造,0700704,88.07,2,1,1,有,無,6800000,77211,,0.0,0,其他增建；未登記建物；,RPTNMLRLJHGGFHD38DA,88.07,0.0,0.0,無,
新市區,房地(土地+建物)+車位,仁愛街７９號八樓之４,24.59,都市：其他:住宅區,,,1100109,土地3建物1車位1,八層,八層,華廈(10層含以下有電梯),住家用,鋼筋混凝土造,0830806,153.63,3,2,2,有,有,5000000,32546,坡道平面,0.0,0,,RPOOMLRLJHGGFHD97DA,89.9,0.0,13.15,有,
新市區,土地,大洲段1006-2地號,0.52,都市：其他:計畫道路用地,,,1100120,土地1建物0車位0,,,其他,,,,0.0,0,0,0,有,無,3090,0,,0.0,0,協議價購；,RPXOMLRLJHGGFHD88DA,0.0,0.0,0.0,無,1178
新市區,房地(土地+建物),龍目井路４２７號,132.32,都市：其他:生活服務區(產業服務專用),,,1091121,土地2建物1車位0,全,四層,透天厝,見其他登記事項,鋼筋混凝土造,1050909,270.13,17,2,18,有,無,23500000,86995,,0.0,0,頂樓加蓋；,RPUQMLPLJHGGFHD58DA,248.02,0.0,22.11,無,
新市區,房地(土地+建物),龍目井路４２５號,128.09,都市：其他:生活服務區(產業服務專用),,,1091121,土地2建物1車位0,全,四層,透天厝,見其他登記事項,鋼筋混凝土造,1050909,270.68,17,2,18,有,無,23500000,86818,,0.0,0,頂樓加蓋；,RPVQMLPLJHGGFHD68DA,248.54,0.0,22.14,無,
安定區,土地,中榮段130-3地號,219.32,,鄉村區,乙種建築用地,1091124,土地1建物0車位0,,,其他,,,,0.0,0,0,0,有,無,10500000,47875,,0.0,0,,RPWNMLQLJHGGFHD58DA,0.0,0.0,0.0,無,
新市區,房地(土地+建物),中山路７８巷２５之９號,86.08,都市：其他:住宅區,,,1091114,土地3建物1車位0,全,三層,透天厝,住家用,鋼筋混凝土造,1030915,161.53,7,0,7,有,無,11500000,71194,,0.0,0,其他增建；含租約；,RPXNMLQLJHGGFHD68DA,146.7,0.0,14.83,無,
新市區,房地(土地+建物),社內１４５號四樓之６,26.06,,鄉村區,乙種建築用地,1100102,土地1建物1車位0,四層,五層,華廈(10層含以下有電梯),見其他登記事項,鋼筋混凝土造,1060105,82.13,2,1,2,有,有,4750000,57835,,0.0,0,,RPPPMLPLJHGGFHD97DA,49.32,0.0,10.8,有,
善化區,房地(土地+建物),大信路６９號四樓之二,15.41,都市：其他:住宅區,,,1100115,土地2建物1車位0,四層,十三層,住宅大樓(11層含以上有電梯),住家用,鋼筋混凝土造,0840124,137.82,3,2,2,有,有,3700000,26847,,0.0,0,,RPUPMLPLJHGGFHD48DA,77.65,10.8,5.1,有,
安定區,房地(土地+建物),許中營３５之１５號,83.15,,鄉村區,乙種建築用地,1091221,土地1建物1車位0,全,三層,透天厝,住家用,鋼筋混凝土造,0940707,173.88,5,2,3,有,無,8500000,48884,,0.0,0,,RPVPMLPLJHGGFHD58DA,156.49,4.93,12.46,無,
善化區,土地,光華段1363地號,36.99,都市：其他:計畫道路用地,,,1091228,土地11建物0車位0,,,其他,,,,0.0,0,0,0,有,無,200000,5407,,0.0,0,包含公共設施保留地用地；,RPSOMLMLJHGGFHD87DA,0.0,0.0,0.0,無,1179
安定區,土地,蘇興段1055地號,12.7,,鄉村區,乙種建築用地,1100118,土地1建物0車位0,,,其他,,,,0.0,0,0,0,有,無,370000,29134,,0.0,0,,RPTOMLPLJHGGFHD28DA,0.0,0.0,0.0,無,
新市區,土地,三民段384地號,22.16,都市：其他:計畫道路用地,,,1100109,土地2建物0車位0,,,其他,,,,0.0,0,0,0,有,無,60000,2708,,0.0,0,包含公共設施保留地用地；,RPXNMLPLJHGGFHD58DA,0.0,0.0,0.0,無,0182
安定區,土地,海寮段1340地號,1100.0,,一般農業區,農牧用地,1091213,土地1建物0車位0,,,其他,,,,0.0,0,0,0,有,無,8000000,7273,,0.0,0,農業設施；,RPQNMLPLJHGGFHD87DA,0.0,0.0,0.0,無,
善化區,房地(土地+建物),西拉雅大道４０６號三樓之７,29.33,都市：其他:生活服務區(第一種商業區),,,1091225,土地1建物1車位0,三層,十一層,住宅大樓(11層含以上有電梯),見其他登記事項,鋼筋混凝土造,1051118,93.41,2,2,2,有,有,5300000,56739,,0.0,0,,RPSOMLSLJHGGFHD48DA,53.47,0.0,5.25,有,1181
善化區,房地(土地+建物),大信路６７號十一樓之一　,14.83,都市：其他:住宅區,,,1091201,土地2建物1車位0,十一層,十三層,住宅大樓(11層含以上有電梯),住家用,鋼筋混凝土造,0840124,123.25999999999999,4,2,2,有,無,5380000,43648,,0.0,0,,RPOPMLSKJHGGFHD08DA,82.16,1.09,18.38,有,
善化區,土地,灣裡段40地號,3770.26,,特定農業區,農牧用地,1091124,土地1建物0車位0,,,其他,,,,0.0,0,0,0,有,無,14500000,3846,,0.0,0,,RPOOMLSKJHGGFHD97DA,0.0,0.0,0.0,無,1182
歸仁區,土地,豬厝段807-2地號,30.7,,一般農業區,農牧用地,1091224,土地1建物0車位0,,,其他,,,,0.0,0,0,0,有,無,185740,6050,,0.0,0,,RPSNMLMLJHGGFID87DA,0.0,0.0,0.0,無,1005
仁德區,建物,保生東路７０號十一樓之１,0.0,,,,1050705,土地0建物1車位2,十一層,十四層,住宅大樓(11層含以上有電梯),集合住宅,鋼筋混凝土構造,1090218,369.08000000000004,4,2,4,有,有,21564000,65205,坡道平面,62.71,1587000,本案買賣之土地係為贈與取得總價不含土地價款親友、員工、共有人或其他特殊關係間之交易；,RPPOMLMLJHGGFID67DA,176.36,0.0,29.2,有,
歸仁區,土地,歸仁北段652-2地號,22.12,都市：其他:道路用地,,,1091231,土地2建物0車位0,,,其他,,,,0.0,0,0,0,有,無,69677,3150,,0.0,0,包含公共設施保留地用地；,RPSNMLLLJHGGFID77DA,0.0,0.0,0.0,無,1184
歸仁區,土地,媽祖廟段三小段1395地號,118.0,,特定農業區,農牧用地,1091209,土地1建物0車位0,,,其他,,,,0.0,0,0,0,有,無,1050000,8898,,0.0,0,,RPPPMLPLJHGGFID08DA,0.0,0.0,0.0,無,
仁德區,土地,崑崙段407地號,2815.36,都市：其他:住宅區,,,1090623,土地1建物0車位0,,,其他,,,,0.0,0,0,0,有,無,102197500,36300,,0.0,0,,RPXOMLPLJHGGFID78DA,0.0,0.0,0.0,無,1185
仁德區,土地,二行段1387地號,45.05,都市：其他:計畫道路用地,,,1100106,土地2建物0車位0,,,其他,,,,0.0,0,0,0,有,無,620000,13762,,0.0,0,親友、員工、共有人或其他特殊關係間之交易；包含公共設施保留地用地；,RPPNMLQLJHGGFID97DA,0.0,0.0,0.0,無,
仁德區,土地,中清段279地號,259.38,都市：其他:計畫道路用地,,,1100112,土地2建物0車位0,,,其他,,,,0.0,0,0,0,有,無,2325000,8964,,0.0,0,包含公共設施保留地用地；,RPSNMLQLJHGGFID28DA,0.0,0.0,0.0,無,1186
歸仁區,房地(土地+建物),七甲一街３６巷５５弄６５號,69.45,,一般農業區,甲種建築用地,1091108,土地2建物1車位0,全,四層,透天厝,見其他登記事項,見其他登記事項,1090327,150.02,4,2,3,有,有,8300000,55326,,0.0,0,,RPSPMLQLJHGGFID48DA,132.7,0.0,17.32,無,
仁德區,土地,牛稠段621地號,126.87,都市：其他:計畫道路用地,,,1100115,土地2建物0車位0,,,其他,,,,0.0,0,0,0,有,無,4500000,35469,,0.0,0,親友、員工、共有人或其他特殊關係間之交易；,RPVPMLQLJHGGFID78DA,0.0,0.0,0.0,無,
歸仁區,房地(土地+建物),文化街三段５９２巷８弄３號,103.7,都市：其他:住宅區,,,1091229,土地2建物1車位0,全,三層,透天厝,住家用,見其他登記事項,1090512,180.85,4,2,3,有,無,9800000,54189,,0.0,0,,RPUNMLRLJHGGFID58DA,166.44,0.0,14.41,無,
歸仁區,房地(土地+建物),民生八街３號,67.0,,鄉村區,乙種建築用地,1100111,土地1建物1車位0,全,二層,透天厝,住家用,加強磚造,0710225,89.46,2,1,2,有,無,1329500,14861,,0.0,0,親友、員工、共有人或其他特殊關係間之交易；,RPVNMLQLJHGGFID58DA,82.32,0.0,7.14,無,
仁德區,房地(土地+建物),德成路１５６號,432.38,都市：其他:第一種住宅區,,,1091120,土地2建物1車位0,全,三層,透天厝,見其他登記事項,見其他登記事項,1070502,506.75,4,2,4,有,有,49880000,98431,,0.0,0,,RPWOMLMKJHGGFID28DA,492.04,0.0,7.2,有,
新市區,房地(土地+建物),富林路３５７號六樓之２,20.23,都市：其他:住宅區,,,1100120,土地1建物1車位0,六層,七層,華廈(10層含以下有電梯),住家用,鋼筋混凝土造,0831021,124.53999999999999,3,2,2,有,有,3150000,25293,,0.0,0,,RPOTMLTLJHGGFHD68DA,84.3,0.0,8.69,有,
六甲區,土地,甲南段858地號,160.41,都市：其他:計畫道路用地,,,1091013,土地27建物0車位0,,,其他,,,,0.0,0,0,0,有,無,2910000,18141,,0.0,0,親友、員工、共有人或其他特殊關係間之交易；未登記建物；,RPPNMLQLJHGGFFD77EA,0.0,0.0,0.0,無,1187
大內區,土地,二重溪段552-37地號,4673.0,,山坡地保育區,農牧用地,1100115,土地2建物0車位0,,,其他,,,,0.0,0,0,0,有,無,4670000,999,,0.0,0,,RPVNMLQLJHGGFFD38EA,0.0,0.0,0.0,無,
六甲區,土地,水漆林段1559地號,1350.0,,特定農業區,農牧用地,1091229,土地1建物0車位0,,,其他,,,,0.0,0,0,0,有,無,2025000,1500,,0.0,0,親友、員工、共有人或其他特殊關係間之交易；,RPPNMLRLJHGGFFD87EA,0.0,0.0,0.0,無,1188
六甲區,土地,赤山段218-2地號,39.96,都市：其他:住宅區,,,1091221,土地2建物0車位0,,,其他,,,,0.0,0,0,0,有,無,1494504,37400,,0.0,0,政府機關標讓售；,RPWNMLRLJHGGFFD58EA,0.0,0.0,0.0,無,
佳里區,土地,新安段1324地號,114.48,,鄉村區,乙種建築用地,1090804,土地1建物0車位0,,,其他,,,,0.0,0,0,0,有,無,526616,4600,,0.0,0,,RPWNMLQLJHGGFGD58EA,0.0,0.0,0.0,無,0814
佳里區,房地(土地+建物),義民街７４號,191.25,都市：其他:計畫道路用地,,,1091226,土地4建物1車位0,全,四層,透天厝,住商用,鋼筋混凝土造,0691111,203.18,4,1,2,有,無,5000000,24609,,0.0,0,,RPSOMLQLJHGGFGD28EA,192.08,0.0,11.1,無,
北門區,土地,永隆段820地號,207.92,,一般農業區,甲種建築用地,1091027,土地1建物0車位0,,,其他,,,,0.0,0,0,0,有,無,399206,1920,,0.0,0,地清或未辦繼承標售；,RPPNMLRLJHGGFGD97EA,0.0,0.0,0.0,無,
左鎮區,土地,草山段105-5地號,414.75,,森林區,農牧用地,1100112,土地1建物0車位0,,,其他,,,,0.0,0,0,0,有,無,116000,280,,0.0,0,,RPOOMLSLJHGGFHD18EA,0.0,0.0,0.0,無,0579
安南區,房地(土地+建物),長和路二段１２巷３２３弄３０號,99.89,都市：其他:住宅區,,,1091106,土地2建物1車位0,全,三層,透天厝,見其他登記事項,鋼筋混凝土造,1090825,182.36,5,2,4,有,有,11650000,63885,,0.0,0,預售屋、或土地及建物分次登記案件；,RPTOMLLLJHGGFBD37EA,155.29,0.0,27.07,無,
安南區,房地(土地+建物),長和路二段１２巷３２３弄３８號,99.89,都市：其他:住宅區,,,1091106,土地2建物1車位0,全,三層,透天厝,見其他登記事項,鋼筋混凝土造,1090825,181.95,5,2,4,有,有,12400000,68151,,0.0,0,預售屋、或土地及建物分次登記案件；,RPWOMLLLJHGGFBD67EA,155.29,0.0,26.66,無,
安南區,房地(土地+建物),長和路二段１２巷３２３弄５２號,91.91,都市：其他:住宅區,,,1091106,土地2建物1車位0,全,三層,透天厝,見其他登記事項,鋼筋混凝土造,1090825,177.96,4,2,3,有,有,10700000,60126,,0.0,0,預售屋、或土地及建物分次登記案件；,RPOPMLLLJHGGFBD96EA,151.3,0.0,26.66,無,
安南區,房地(土地+建物),長和路二段１２巷３２３弄５８號,94.53,都市：其他:住宅區,,,1091106,土地2建物1車位0,全,三層,透天厝,見其他登記事項,鋼筋混凝土造,1090825,181.03,5,2,3,有,有,11200000,61868,,0.0,0,預售屋、或土地及建物分次登記案件；,RPQPMLLLJHGGFBD17EA,154.0,0.0,27.03,無,
安南區,房地(土地+建物),長和路二段１２巷３２３弄３２號,99.89,都市：其他:住宅區,,,1091106,土地2建物1車位0,全,三層,透天厝,集合住宅,鋼筋混凝土造,1090825,181.95,5,2,4,有,有,11500000,63204,,0.0,0,預售屋、或土地及建物分次登記案件；,RPSPMLLLJHGGFBD37EA,155.29,0.0,26.66,無,
鹽水區,土地,岸南段209-1地號,132.0,,特定農業區,特定目的事業用地,1100115,土地1建物0車位0,,,其他,,,,0.0,0,0,0,有,無,638880,4840,,0.0,0,水利地承購；,RPPNMLSLJHGGFDD77EA,0.0,0.0,0.0,無,
新營區,房地(土地+建物),三仙里正義街２４之１號,34.1,都市：其他:商業區,,,1100114,土地1建物1車位0,全,三層,透天厝,住商用,加強磚造,0650904,82.39,4,1,3,有,無,1900000,23061,,0.0,0,,RPRNMLSLJHGGFDD97EA,82.39,0.0,0.0,無,
玉井區,土地,玄天段206-4地號,1891.85,,一般農業區,農牧用地,1090105,土地1建物0車位0,,,其他,,,,0.0,0,0,0,有,無,4790000,2532,,0.0,0,,RPQNMLPKJHGGFJD97DA,0.0,0.0,0.0,無,
永康區,房地(土地+建物)+車位,竹園一街４５之３號,17.53,都市：其他:住宅區,,,1091125,土地1建物1車位1,三層,九層,華廈(10層含以下有電梯),住家用,鋼筋混凝土造,0871109,116.87,3,2,2,有,有,6200000,53050,坡道平面,0.0,0,,RPTNMLKMKIPFFKD09DA,72.47,0.0,9.89,有,1191
永康區,房地(土地+建物),鹽行里新行街１３３號十樓之４,2.43,都市：其他:住宅區,,,1091229,土地1建物1車位0,十層,十五層,住宅大樓(11層含以上有電梯),住家用,鋼筋混凝土造,0820827,31.79,1,0,1,有,有,1520000,47814,,0.0,0,,RPQQMLQLJHGGFKD58DA,20.07,0.0,3.39,有,1192
永康區,房地(土地+建物),中山南路７４之２８號,27.26,都市：其他:住宅區,,,1091215,土地2建物1車位0,五層,五層,公寓(5樓含以下無電梯),住家用,鋼筋混凝土造,0710202,107.17,3,2,2,有,無,2500000,23327,,0.0,0,,RPUQMLQLJHGGFKD98DA,90.44,0.0,0.0,無,
永康區,房地(土地+建物),永二街２６７巷１６號,129.01,都市：其他:住宅區,,,1091013,土地3建物1車位0,全,四層,透天厝,住家用,鋼筋混凝土構造,1040608,224.09,4,2,4,有,有,18000000,80325,,0.0,0,陽台外推；其他增建；,RPOPMLMLJHGGFKD87DA,212.74,11.2,0.0,無,
永康區,房地(土地+建物)+車位,中華路７２７巷９２號十四樓之５,10.2,都市：其他:住宅區,,,1100111,土地1建物1車位1,十四層,十四層,住宅大樓(11層含以上有電梯),住家用,鋼筋混凝土造,0880824,111.47999999999999,3,2,2,有,有,5110000,45838,坡道機械,13.14,0,,RPWOMLPLJHGGFKD88DA,67.98,0.0,10.21,有,
永康區,房地(土地+建物),西勢里富強路一段２巷８弄５號,79.0,都市：其他:住宅區,,,1091216,土地1建物1車位0,全,三層,透天厝,住家用,鋼筋混凝土造,0800925,154.08,5,2,6,有,無,7950000,51597,,0.0,0,頂樓加蓋；其他增建；,RPOPMLPLJHGGFKD18DA,138.71,15.37,0.0,無,
永康區,房地(土地+建物),大橋里中華路６６１巷１０５弄１８號,98.0,都市：其他:住宅區,,,1091220,土地1建物1車位0,全,二層,透天厝,住家用,鋼筋混凝土造,0770415,152.86,4,2,3,有,無,8850000,57896,,0.0,0,其他增建；,RPQPMLPLJHGGFKD38DA,124.19,28.67,0.0,無,1193
永康區,房地(土地+建物),勝利里勝利街１９７巷８弄２之８號４樓,7.77,都市：其他:住宅區,,,1091221,土地1建物1車位0,四層,六層,華廈(10層含以下有電梯),住家用,鋼筋混凝土造,0790619,42.58,1,1,1,有,有,1660000,38985,,0.0,0,含租約；,RPRPMLPLJHGGFKD48DA,24.4,0.0,3.89,有,
永康區,土地,安康段697地號,102.73,都市：其他:道路用地,,,1091030,土地5建物0車位0,,,其他,,,,0.0,0,0,0,有,無,1630000,15867,,0.0,0,包含公共設施保留地用地；,RPRNMLMLJHGGFKD97DA,0.0,0.0,0.0,無,0189
永康區,土地,鹽中段1463地號,158.49,都市：其他:道路用地,,,1100121,土地3建物0車位0,,,其他,,,,0.0,0,0,0,有,無,3161140,19945,,0.0,0,包含公共設施保留地用地；,RPRNMLLLJHGGFKD87DA,0.0,0.0,0.0,無,0288
永康區,房地(土地+建物),崑山里大仁街１１巷５弄１５號,85.47,都市：其他:住宅區,,,1091129,土地2建物1車位0,全,四層,透天厝,住家用,鋼筋混凝土造,0931112,214.11,9,0,9,有,有,13100000,61184,,0.0,0,,RPXOMLSKJHGGFKD56DA,201.21,0.0,12.9,無,
永康區,房地(土地+建物),中正路２３６號三樓,18.63,都市：其他:住宅區,,,1091218,土地1建物1車位0,三層,十一層,住宅大樓(11層含以上有電梯),住家用,鋼筋混凝土造,0801024,108.44,3,2,1,有,有,3750000,34581,,0.0,0,,RPPNMLRJJHGGFKD08DA,63.3,24.87,3.31,有,
永康區,房地(土地+建物),永大路二段６７７巷７號十二樓之２,7.35,都市：其他:商業區,,,1091207,土地1建物1車位0,十二層,十五層,住宅大樓(11層含以上有電梯),住家用,鋼筋混凝土造,0830204,95.58,3,2,2,有,有,3900000,40804,,0.0,0,其他增建；,RPSOMLLKJHGGFKD97DA,65.11,0.57,10.13,有,
永康區,房地(土地+建物),行里永安一街８１巷１８號,96.14,都市：其他:住宅區,,,1091220,土地2建物1車位0,全,四層,透天厝,住家用,鋼筋混凝土造,0941011,217.48,5,2,5,有,無,12800000,58856,,0.0,0,頂樓加蓋；,RPOOMLSJJHGGFKD18DA,207.04,0.0,10.44,無,
永康區,土地,北極段123地號,79.86,都市：其他:道路用地,,,1091204,土地2建物0車位0,,,其他,,,,0.0,0,0,0,有,無,1000000,12522,,0.0,0,包含公共設施保留地用地；,RPOOMLMKJHGGFKD67DA,0.0,0.0,0.0,無,
永康區,土地,永華段1263地號,568.92,都市：其他:道路用地,,,1091109,土地5建物0車位0,,,其他,,,,0.0,0,0,0,有,無,7900000,13886,,0.0,0,包含公共設施保留地用地；,RPWOMLPKJHGGFKD78DA,0.0,0.0,0.0,無,1196
永康區,土地,竹行段1865地號,1692.47,都市：其他:農業區,,,1100114,土地1建物0車位0,,,其他,,,,0.0,0,0,0,有,無,13500000,7977,,0.0,0,,RPWOMLLLJHGGFKD48DA,0.0,0.0,0.0,無,1197
永康區,土地,蜈蜞潭段1990-5地號,1896.0,都市：其他:道路用地,,,1091116,土地9建物0車位0,,,其他,,,,0.0,0,0,0,有,無,128004000,67513,,0.0,0,交易總價分住宅區用地價款＄1億1107萬8仟元、道路用地價款＄1692萬6仟元,RPOOMLLLJHGGFKD67DA,0.0,0.0,0.0,無,
永康區,土地,安康段697地號,34.12,都市：其他:道路用地,,,1091030,土地1建物0車位0,,,其他,,,,0.0,0,0,0,有,無,280000,8206,,0.0,0,包含公共設施保留地用地；,RPSNMLMLJHGGFKD08DA,0.0,0.0,0.0,無,
永康區,土地,蔦松南段683地號,82.81,都市：其他:道路用地,,,1091104,土地1建物0車位0,,,其他,,,,0.0,0,0,0,有,無,600000,7246,,0.0,0,包含公共設施保留地用地；,RPORMLQLJHGGFKD48DA,0.0,0.0,0.0,無,
永康區,房地(土地+建物)+車位,大安街４６８巷１２號二樓之５,23.33,都市：其他:住宅區,,,1091225,土地1建物1車位1,二層,十層,華廈(10層含以下有電梯),住家用,見其他登記事項,1080131,105.63999999999999,2,2,1,有,有,5600000,53010,坡道平面,24.83,0,,RPSOMLQLJHGGFKD58DA,47.22,0.0,6.44,有,
永康區,土地,大灣段4748地號,62.0,都市：其他:道路用地,,,1100120,土地1建物0車位0,,,其他,,,,0.0,0,0,0,有,無,1358110,21905,,0.0,0,,RPOOMLPLJHGGFKD08DA,0.0,0.0,0.0,無,
永康區,房地(土地+建物),勝學路１４７號,22.91,都市：其他:住宅區,,,1100118,土地1建物1車位0,全,二層,透天厝,住商用,加強磚造,0710226,33.43,4,1,2,有,無,2069300,61899,,0.0,0,親友、員工、共有人或其他特殊關係間之交易；,RPUNMLPLJHGGFKD58DA,30.56,0.0,2.87,無,
永康區,土地,埔園段972地號,73.95,都市：其他:道路用地,,,1091112,土地3建物0車位0,,,其他,,,,0.0,0,0,0,有,無,1000000,13523,,0.0,0,包含公共設施保留地用地；,RPQSMLRLJHGGFKD88DA,0.0,0.0,0.0,無,
永康區,土地,大灣段1536-6地號,64.89,都市：其他:道路用地,,,1091202,土地3建物0車位0,,,其他,,,,0.0,0,0,0,有,無,660000,10171,,0.0,0,包含公共設施保留地用地；,RPPNMLSLJHGGFKD38DA,0.0,0.0,0.0,無,
永康區,土地,埔園段1364地號,24.39,都市：其他:道路用地,,,1100119,土地1建物0車位0,,,其他,,,,0.0,0,0,0,有,無,500000,20500,,0.0,0,包含公共設施保留地用地；,RPRNMLSLJHGGFKD58DA,0.0,0.0,0.0,無,1198
永康區,土地,大灣段3513地號,1289.0,都市：其他:農業區,,,1091218,土地1建物0車位0,,,其他,,,,0.0,0,0,0,有,無,17000000,13189,,0.0,0,,RPOPMLSLJHGGFKD48DA,0.0,0.0,0.0,無,
永康區,房地(土地+建物),忠義街６０巷１號六樓之７,4.73,都市：其他:商業區,,,1091207,土地1建物1車位0,六層,十五層,住宅大樓(11層含以上有電梯),見其他登記事項,鋼筋混凝土造,0840331,53.69,1,0,1,有,有,1600000,29801,,0.0,0,含土地增值稅或其他稅費；含仲介費；含地政士服務費；親友、員工、共有人或其他特殊關係間之交易；,RPUSMLQLJHGGFKD56DA,30.64,11.0,4.96,有,
永康區,房地(土地+建物),永科東路９號,3912.83,都市：其他:工業區,,,1091203,土地2建物1車位0,全,一層,透天厝,見其他登記事項,見其他登記事項,1081112,813.87,0,1,1,有,無,171626300,210877,,0.0,0,,RPPNMLRLJHGGFKD28DA,813.87,0.0,0.0,無,
永康區,房地(土地+建物)+車位,王行路８９８巷５１號五樓之１,38.9,都市：其他:住宅區,,,1091122,土地1建物1車位1,五層,五層,華廈(10層含以下有電梯),集合住宅,鋼筋混凝土構造,1091203,124.32,3,2,2,有,有,6200000,48840,一樓平面,17.85,1000000,,RPSNMLRLJHGGFKD58DA,71.67,9.33,0.0,有,
永康區,房地(土地+建物),王行路８９８巷５１號五樓之３,33.01,都市：其他:住宅區,,,1091122,土地1建物1車位0,五層,五層,華廈(10層含以下有電梯),見其他登記事項,見其他登記事項,1091203,95.15,3,2,2,有,有,4720000,49606,,0.0,0,土地款227萬房屋款245萬,RPTNMLRLJHGGFKD68DA,67.22,0.0,5.06,有,
永康區,房地(土地+建物),王行路８９８巷５１號二樓之２,32.72,都市：其他:住宅區,,,1091122,土地1建物1車位0,二層,五層,華廈(10層含以下有電梯),見其他登記事項,見其他登記事項,1091203,94.02,3,2,2,有,有,4450000,47330,,0.0,0,土地款214萬房屋款231萬,RPUNMLRLJHGGFKD78DA,65.27,0.0,6.08,有,
永康區,房地(土地+建物),甲頂里中正南路３８１巷２之１號,2729.39,都市：其他:工業區,,,1100105,土地8建物3車位0,全,一層,透天厝,見其他登記事項,見其他登記事項,0790226,1415.38,1,4,3,有,無,126000000,89022,,0.0,0,,RPWOMLRLJHGGFKD09DA,1397.28,18.1,0.0,無,
永康區,房地(土地+建物)+車位,東橋三路１３０號六樓之１,16.68,都市：其他:商業區,,,1091113,土地1建物1車位1,六層,二十層,住宅大樓(11層含以上有電梯),住家用,見其他登記事項,1050512,160.1,3,1,1,有,有,11150000,69644,坡道平面,22.0,0,,RPOPMLRLJHGGFKD38DA,79.69,5.59,9.32,有,
永康區,土地,鹽行段1312-4地號,2049.19,都市：其他:道路用地,,,1091124,土地42建物0車位0,,,其他,,,,0.0,0,0,0,有,無,202055038,98602,,0.0,0,,RPUQMLMLJHGGFKD58DA,0.0,0.0,0.0,無,1127
永康區,房地(土地+建物),忠義街６０巷３號十二樓之３,4.73,都市：其他:商業區,,,1100119,土地1建物1車位0,十二層,十五層,住宅大樓(11層含以上有電梯),見其他登記事項,鋼筋混凝土造,0840331,43.58,1,0,1,有,有,2140000,49105,,0.0,0,,RPVPMLRLJHGGFKD09DA,30.64,0.0,4.96,有,
永康區,土地,頂溪段744地號,19.34,都市：其他:道路用地,,,1091225,土地1建物0車位0,,,其他,,,,0.0,0,0,0,有,無,230000,11892,,0.0,0,包含公共設施保留地用地；,RPQNMLPLKIPFFKD56DA,0.0,0.0,0.0,無,
永康區,土地,北灣段646地號,27.58,都市：其他:住宅區,,,1090919,土地4建物0車位0,,,其他,,,,0.0,0,0,0,有,無,1233720,44732,,0.0,0,,RPVOMLRKKIPFFKD27DA,0.0,0.0,0.0,無,
安南區,土地,幸福段1403-1地號,84.71,都市：其他:主要計畫道路用地,,,1100120,土地2建物0車位0,,,其他,,,,0.0,0,0,0,有,無,2060000,24318,,0.0,0,預售屋、或土地及建物分次登記案件；,RPPNMLRLJHGGFBD47EA,0.0,0.0,0.0,無,
安南區,土地,和成段79-2地號,1.03,都市：其他:工業區,,,1100113,土地3建物0車位0,,,其他,,,,0.0,0,0,0,有,無,32550,31602,,0.0,0,包含公共設施保留地用地；,RPSPMLRLJHGGFBD97EA,0.0,0.0,0.0,無,0376
安南區,土地,和成段79-2地號,4.41,都市：其他:工業區,,,1100113,土地3建物0車位0,,,其他,,,,0.0,0,0,0,有,無,139650,31667,,0.0,0,包含公共設施保留地用地；,RPTPMLRLJHGGFBD08EA,0.0,0.0,0.0,無,0376
南區,房地(土地+建物),國民路２７０巷２２弄１３號,84.0,都市：其他:住宅區,,,1100113,土地1建物1車位0,全,二層,透天厝,住家用,加強磚造,0731106,116.11,3,2,2,有,無,7260000,62527,,0.0,0,,RPOPMLQLJHGGFCD57EA,108.07,0.0,8.04,無,
中西區,土地,青年段369地號,149.68,都市：其他:商業區,,,1091113,土地2建物0車位0,,,其他,,,,0.0,0,0,0,有,無,10000000,66809,,0.0,0,未登記建物；,RPVOMLQLJHGGFAD97EA,0.0,0.0,0.0,無,
左鎮區,土地,山豹段270-2地號,196.0,,山坡地保育區,丙種建築用地,1100114,土地1建物0車位0,,,其他,,,,0.0,0,0,0,有,無,100000,510,,0.0,0,,RPXOMLSLJHGGFHD09EA,0.0,0.0,0.0,無,
仁德區,土地,中清段279地號,518.71,都市：其他:計畫道路用地,,,1100126,土地2建物0車位0,,,其他,,,,0.0,0,0,0,有,無,5000000,9639,,0.0,0,包含公共設施保留地用地；,RPXOMLNJKIPFFID86EA,0.0,0.0,0.0,無,1186
仁德區,土地,義林段51地號,221.78,都市：其他:住宅區,,,1100104,土地1建物0車位0,,,其他,,,,0.0,0,0,0,有,無,6650000,29985,,0.0,0,二親等買賣母子親友、員工、共有人或其他特殊關係間之交易；,RPOOMLKLJHGGFID47EA,0.0,0.0,0.0,無,
永康區,建物,環工路３６之１號,0.0,,,,1091008,土地0建物1車位0,全,一層,透天厝,見其他登記事項,見其他登記事項,0831111,2004.17,1,0,0,有,無,3904600,1948,,0.0,0,,RPWNMLSLJHGGFKD56EA,2004.17,0.0,0.0,無,
六甲區,土地,赤山段218-5地號,42.8,都市：其他:住宅區,,,1091228,土地1建物0車位0,,,其他,,,,0.0,0,0,0,有,無,1694880,39600,,0.0,0,政府機關標讓售；,RPVNMLRLJHGGFFD48EA,0.0,0.0,0.0,無,
柳營區,土地,果毅後段4077-3地號,13.0,,鄉村區,乙種建築用地,1100115,土地1建物0車位0,,,其他,,,,0.0,0,0,0,有,無,80000,6154,,0.0,0,親友、員工、共有人或其他特殊關係間之交易；農業設施；,RPQNMLTLJHGGFDD97EA,0.0,0.0,0.0,無,
柳營區,房地(土地+建物),重溪村小腿３６之２９號,196.13,,鄉村區,乙種建築用地,1100118,土地1建物1車位0,全,三層,透天厝,住家用,鋼筋混凝土造,0800625,158.58,4,2,2,有,無,3900000,24593,,0.0,0,,RPTNMLSLJHGGFDD18EA,146.32,4.59,7.67,無,
新營區,房地(土地+建物),忠政里１９鄰長榮路二段２５巷１２號,96.75,都市：其他:住宅區,,,1100113,土地1建物1車位0,全,二層,透天厝,住家用,加強磚造,0660923,113.63,6,2,3,有,無,1840925,16201,,0.0,0,親友、員工、共有人或其他特殊關係間之交易；,RPUNMLSLJHGGFDD28EA,113.64,0.0,0.0,無,
歸仁區,房地(土地+建物),仁愛六街１０９號,90.0,都市：其他:住宅區,,,1091103,土地1建物1車位0,全,四層,透天厝,住家用,見其他登記事項,1090504,195.19,4,2,5,有,無,13800000,70700,,0.0,0,,RPSNMLNLJIPFFID88DA,171.75,0.0,23.44,無,
歸仁區,房地(土地+建物),仁愛六街７１號,80.0,都市：其他:住宅區,,,1091018,土地1建物1車位0,全,四層,透天厝,住家用,見其他登記事項,1090504,181.61,5,2,5,有,無,12660000,69710,,0.0,0,,RPUPMLSJKIPFFID07DA,160.91,0.0,20.7,無,
仁德區,房地(土地+建物),仁義里仁義六街５６巷３５號,85.56,都市：其他:住宅區,,,1091204,土地1建物1車位0,全,三層,透天厝,住商用,鋼筋混凝土加強磚造,0710715,155.04,4,2,2,有,無,5600000,36120,,0.0,0,,RPQTMLMKKIPFFID56DA,147.52,0.0,7.52,無,1203
關廟區,房地(土地+建物),南雄路一段１２巷５５號,3307.0,,特定農業區,農牧用地,1091218,土地1建物1車位0,全,一層,透天厝,見其他登記事項,見其他登記事項,1071115,73.67,0,0,0,無,無,10400000,141170,,0.0,0,農作物；農業設施；,RPWPMLLLKIPFFID76DA,73.67,0.0,0.0,無,
仁德區,土地,二行段570-3地號,77.13,都市：其他:道路用地,,,1100110,土地1建物0車位0,,,其他,,,,0.0,0,0,0,有,無,699000,9063,,0.0,0,,RPQOMLRLJHGGFID28DA,0.0,0.0,0.0,無,
龍崎區,土地,中坑子段548-3地號,6840.11,,山坡地保育區,農牧用地,1100119,土地1建物0車位0,,,其他,,,,0.0,0,0,0,有,無,2800000,409,,0.0,0,,RPTOMLRLJHGGFID58DA,0.0,0.0,0.0,無,
歸仁區,房地(土地+建物),中正北路二段１４８號,78.0,,鄉村區,乙種建築用地,1091216,土地2建物1車位0,全,四層,透天厝,住商用,鋼筋混凝土造,0821104,172.82,4,2,3,有,無,7580000,43861,,0.0,0,,RPUOMLRLJHGGFID68DA,163.51,0.77,8.54,無,
仁德區,土地,二行段494地號,77.13,都市：其他:計畫道路用地,,,1100110,土地1建物0車位0,,,其他,,,,0.0,0,0,0,有,無,699000,9063,,0.0,0,,RPVOMLRLJHGGFID78DA,0.0,0.0,0.0,無,
歸仁區,土地,沙崙段1144-15地號,2500.0,,一般農業區,農牧用地,1091105,土地1建物0車位0,,,其他,,,,0.0,0,0,0,有,無,1600000,640,,0.0,0,,RPOPMLRLJHGGFID18DA,0.0,0.0,0.0,無,
歸仁區,房地(土地+建物),保興一街２０之９號,110.06,都市：其他:住宅區,,,1100107,土地2建物1車位0,全,四層,透天厝,住家用,見其他登記事項,1070906,181.54,3,2,4,有,無,13000000,71610,,0.0,0,,RPVNMLRLJHGGFID68DA,164.45,0.0,17.09,無,1204
仁德區,土地,如意段891地號,3912.23,,一般農業區,農牧用地,1091210,土地1建物0車位0,,,其他,,,,0.0,0,0,0,有,無,41287280,10553,,0.0,0,,RPPNMLRLJHGGFID08DA,0.0,0.0,0.0,無,
仁德區,土地,太子段212地號,107.44,都市：其他:住宅區,,,1091214,土地1建物0車位0,,,其他,,,,0.0,0,0,0,有,無,3930000,36579,,0.0,0,原因：共有土地買賣。,RPQNMLRLJHGGFID18DA,0.0,0.0,0.0,無,
仁德區,土地,車頭段207地號,18.59,都市：其他:住宅區,,,1100104,土地1建物0車位0,,,其他,,,,0.0,0,0,0,有,無,1009800,54320,,0.0,0,,RPWPMLQLJHGGFID88DA,0.0,0.0,0.0,無,
歸仁區,土地,八甲段137-1地號,900.0,,鄉村區,乙種建築用地,1091019,土地1建物0車位0,,,其他,,,,0.0,0,0,0,有,無,32670000,36300,,0.0,0,,RPOOMLMLJHGGFID57DA,0.0,0.0,0.0,無,
關廟區,土地,新園段1086-7地號,2.85,,一般農業區,交通用地,1100112,土地1建物0車位0,,,其他,,,,0.0,0,0,0,有,無,51600,18105,,0.0,0,,RPUOMLMLJHGGFID18DA,0.0,0.0,0.0,無,
關廟區,土地,新園段1086-6地號,9.52,,一般農業區,交通用地,1100112,土地1建物0車位0,,,其他,,,,0.0,0,0,0,有,無,172200,18088,,0.0,0,,RPVOMLMLJHGGFID28DA,0.0,0.0,0.0,無,
關廟區,土地,新園段1086-5地號,8.91,,一般農業區,交通用地,1100112,土地1建物0車位0,,,其他,,,,0.0,0,0,0,有,無,161400,18114,,0.0,0,,RPWOMLMLJHGGFID38DA,0.0,0.0,0.0,無,
關廟區,土地,新園段1086-4地號,8.98,,一般農業區,交通用地,1100112,土地1建物0車位0,,,其他,,,,0.0,0,0,0,有,無,162600,18107,,0.0,0,,RPXOMLMLJHGGFID48DA,0.0,0.0,0.0,無,
關廟區,土地,新園段1086-2地號,7.63,,一般農業區,交通用地,1100112,土地1建物0車位0,,,其他,,,,0.0,0,0,0,有,無,138000,18087,,0.0,0,,RPOPMLMLJHGGFID67DA,0.0,0.0,0.0,無,
仁德區,土地,甘厝段639地號,16.24,,鄉村區,乙種建築用地,1091227,土地1建物0車位0,,,其他,,,,0.0,0,0,0,有,無,221000,13608,,0.0,0,,RPRNMLPLJHGGFID08DA,0.0,0.0,0.0,無,1205
關廟區,土地,新園段1086-1地號,5.61,,一般農業區,交通用地,1100112,土地1建物0車位0,,,其他,,,,0.0,0,0,0,有,無,101400,18075,,0.0,0,,RPQPMLMLJHGGFID87DA,0.0,0.0,0.0,無,
安定區,房地(土地+建物),港口２７７之９號,103.0,,鄉村區,乙種建築用地,1091225,土地1建物1車位0,全,三層,透天厝,住家用,鋼筋混凝土造,1040629,201.68,5,1,5,有,無,9200000,45617,,0.0,0,,RPRNMLLLJHGGFHD57DA,186.54,0.0,15.14,無,
善化區,土地,光文段648地號,1077.19,都市：其他:住宅區,,,1091112,土地4建物0車位0,,,其他,,,,0.0,0,0,0,有,無,64000000,59414,,0.0,0,包含公共設施保留地用地；,RPVOMLLLJHGGFHD08DA,0.0,0.0,0.0,無,
善化區,土地,善文段785-1地號,39.19,都市：其他:商業區,,,1100113,土地1建物0車位0,,,其他,,,,0.0,0,0,0,有,無,2978900,76012,,0.0,0,政府機關標讓售；,RPUOMLSLJHGGFHD68DA,0.0,0.0,0.0,無,
安定區,土地,港口段1352地號,95.03,,特定農業區,農牧用地,1091212,土地1建物0車位0,,,其他,,,,0.0,0,0,0,有,無,388200,4085,,0.0,0,,RPPOMLTLJHGGFHD28DA,0.0,0.0,0.0,無,1206
新市區,房地(土地+建物),富中街１１６號二樓之３,25.3,都市：其他:住宅區,,,1100109,土地1建物1車位0,二層,五層,華廈(10層含以下有電梯),住家用,鋼筋混凝土造,1050406,82.13,2,2,2,有,有,4950000,60270,,0.0,0,,RPWQMLTLJHGGFHD56DA,50.31,0.0,5.87,有,
新市區,房地(土地+建物),大洲４３之２９號,109.11,,鄉村區,乙種建築用地,1100109,土地4建物1車位0,全,三層,透天厝,住家用,鋼筋混凝土造,1090921,176.16,5,2,3,有,無,9720000,55177,,0.0,0,其他增建：一樓陽台外推其他增建；,RPSNMLPLJHGGFHD08DA,163.14,0.0,13.02,無,
新市區,土地,大洲段1006-2地號,0.52,都市：其他:計畫道路用地,,,1100120,土地1建物0車位0,,,其他,,,,0.0,0,0,0,有,無,3090,0,,0.0,0,協議價購；,RPOPMLRLJHGGFHD08DA,0.0,0.0,0.0,無,1178
新化區,土地,礁坑子段804-15地號,1756.0,非都市：山坡地保育區 ; 非都市編定：農牧用地,,,1100122,土地2建物0車位0,,,其他,,,,0.0,0,0,0,有,無,1168300,665,,0.0,0,,RPVOMLRLJHGGFHD68DA,0.0,0.0,0.0,無,
安定區,土地,蘇厝段1760-6地號,1092.0,都市：其他:計畫道路用地,,,1091129,土地1建物0車位0,,,其他,,,,0.0,0,0,0,有,無,18900000,17308,,0.0,0,,RPTOMLRLJHGGFHD48DA,0.0,0.0,0.0,無,
新市區,土地,大洲段1006-2地號,1.05,都市：其他:計畫道路用地,,,1100120,土地1建物0車位0,,,其他,,,,0.0,0,0,0,有,無,6181,5887,,0.0,0,協議價購；,RPQPMLRLJHGGFHD28DA,0.0,0.0,0.0,無,1178
新市區,土地,大洲段1006-2地號,0.52,都市：其他:計畫道路用地,,,1100120,土地1建物0車位0,,,其他,,,,0.0,0,0,0,有,無,3090,0,,0.0,0,協議價購；,RPSPMLRLJHGGFHD48DA,0.0,0.0,0.0,無,1178
新市區,土地,大洲段1006-2地號,0.52,都市：其他:計畫道路用地,,,1100120,土地1建物0車位0,,,其他,,,,0.0,0,0,0,有,無,3090,0,,0.0,0,協議價購；,RPTPMLRLJHGGFHD58DA,0.0,0.0,0.0,無,1178
善化區,土地,圳西段90-1地號,195.76,都市：其他:農業區,,,1091229,土地2建物0車位0,,,其他,,,,0.0,0,0,0,有,無,3849000,19662,,0.0,0,,RPTNMLSLJHGGFHD48DA,0.0,0.0,0.0,無,
新市區,土地,大洲段234-6地號,1171.83,,鄉村區,乙種建築用地,1091027,土地7建物0車位0,,,其他,,,,0.0,0,0,0,有,無,40140200,34254,,0.0,0,,RPQOMLSLJHGGFHD28DA,0.0,0.0,0.0,無,
善化區,土地,曾文段1058-7地號,2538.0,,特定農業區,農牧用地,1091113,土地2建物0車位0,,,其他,,,,0.0,0,0,0,有,無,12000000,4728,,0.0,0,農作物；,RPXNMLRLJHGGFHD78DA,0.0,0.0,0.0,無,
安定區,房地(土地+建物),安定４１８之４號,298.81,都市：其他:住宅區,,,1091116,土地1建物1車位0,全,二層,透天厝,住家用,加強磚造,0790816,143.76,3,1,2,有,無,4000000,27824,,0.0,0,親友、員工、共有人或其他特殊關係間之交易；未登記建物；,RPVNMLRLJHGGFHD58DA,143.76,0.0,0.0,無,
新市區,房地(土地+建物),三民街１０巷１９號,89.72,都市：其他:住宅區,,,1091208,土地1建物1車位0,全,二層,透天厝,住家用,加強磚造,0710200,111.01,4,3,2,有,無,5200000,46843,,0.0,0,頂樓加蓋；,RPSNMLRLJHGGFHD28DA,103.9,0.0,7.11,無,1211
安定區,土地,中沙段873地號,169.47,,一般農業區,甲種建築用地,1091211,土地1建物0車位0,,,其他,,,,0.0,0,0,0,有,無,5712000,33705,,0.0,0,未登記建物；,RPQOMLQLJHGGFHD08DA,0.0,0.0,0.0,無,
善化區,土地,茄拔段一小段50地號,4065.0,,特定農業區,農牧用地,1100121,土地3建物0車位0,,,其他,,,,0.0,0,0,0,有,無,4500000,1107,,0.0,0,親友、員工、共有人或其他特殊關係間之交易；農作物；,RPROMLQLJHGGFHD18DA,0.0,0.0,0.0,無,
新市區,房地(土地+建物),大洲４３之１６號,98.0,,鄉村區,乙種建築用地,1100109,土地3建物1車位0,全,四層,透天厝,住家用,鋼筋混凝土造,1090522,173.88,5,2,3,有,無,11800000,67863,,0.0,0,陽台外推；,RPWNMLNKJHGGFHD18DA,153.62,0.0,20.26,無,
安定區,房地(土地+建物),許中營１之７１號,67.75,,鄉村區,乙種建築用地,1091212,土地1建物1車位0,全,四層,透天厝,見其他登記事項,鋼筋混凝土造,1090508,169.22,4,2,4,有,無,9650000,57026,,0.0,0,,RPROMLLKJHGGFHD57DA,151.82,0.0,17.4,無,
將軍區,土地,巷口段二小段435地號,2024.0,,特定農業區,農牧用地,1100104,土地1建物0車位0,,,其他,,,,0.0,0,0,0,有,無,1660000,820,,0.0,0,,RPWNMLRLJHGGFGD58DA,0.0,0.0,0.0,無,
學甲區,房地(土地+建物),民族路72號,270.02,都市：其他:計畫道路用地,,,1100119,土地7建物1車位0,全,一層,透天厝,住家用,磚造,0580313,32.21,5,1,1,有,無,3100000,96243,,0.0,0,親友、員工、共有人或其他特殊關係間之交易；包含公共設施保留地用地；,RPTNMLSLJHGGFGD38DA,32.21,0.0,0.0,無,
西港區,房地(土地+建物),慶安路１７１巷６０弄１６號,126.33,都市：其他:住宅區,,,1070714,土地4建物1車位0,全,三層,透天厝,見其他登記事項,鋼筋混凝土造,1090629,166.29,5,2,3,有,無,8280000,49793,,0.0,0,預售屋、或土地及建物分次登記案件；,RPOOMLRLJHGGFGD87DA,156.6,0.0,9.69,無,
西港區,土地,子林段1189地號,993.0,,特定農業區,農牧用地,1100102,土地1建物0車位0,,,其他,,,,0.0,0,0,0,有,無,2000000,2014,,0.0,0,賣方賣清，地政士服務費及各項稅費額外由買方負擔。親友、員工、共有人或其他特殊關係間之交易；,RPPOMLRLJHGGFGD97DA,0.0,0.0,0.0,無,
北門區,土地,蚵寮段1407-34地號,20437.0,,一般農業區,養殖用地,1091219,土地1建物0車位0,,,其他,,,,0.0,0,0,0,有,無,13284000,650,,0.0,0,,RPQOMLRLJHGGFGD08DA,0.0,0.0,0.0,無,
北門區,土地,溪底寮段三寮灣小段1458地號,4048.0,,一般農業區,農牧用地,1100110,土地2建物0車位0,,,其他,,,,0.0,0,0,0,有,無,3036000,750,,0.0,0,,RPSOMLRLJHGGFGD28DA,0.0,0.0,0.0,無,
西港區,房地(土地+建物),新興街８之１１１號,84.73,都市：其他:住宅區,,,1091224,土地1建物1車位0,全,四層,透天厝,住商用,鋼筋混凝土造,0841223,215.77,5,1,4,有,無,7000000,32442,,0.0,0,賣方賣清。親友、員工、共有人或其他特殊關係間之交易；未登記建物；,RPTOMLRLJHGGFGD38DA,194.3,0.0,21.47,無,
佳里區,土地,民安段331地號,1521.0,,特定農業區,農牧用地,1100113,土地1建物0車位0,,,其他,,,,0.0,0,0,0,有,無,4182750,2750,,0.0,0,,RPSOMLLLJHGGFGD67DA,0.0,0.0,0.0,無,
學甲區,房地(土地+建物),民族路１１巷９號,141.99,都市：其他:住宅區,,,1090723,土地2建物1車位0,全,三層,透天厝,見其他登記事項,鋼筋混凝土造,1090902,187.66,4,2,3,有,無,7480000,39859,,0.0,0,預售屋、或土地及建物分次登記案件；,RPPNMLNLJHGGFGD47DA,173.0,0.0,14.66,無,
學甲區,房地(土地+建物),建國東路２２２號,78.98,都市：其他:住宅區,,,1080929,土地1建物1車位0,全,三層,透天厝,見其他登記事項,鋼筋混凝土造,1090902,190.81,4,2,5,有,無,9200000,48216,,0.0,0,預售屋、或土地及建物分次登記案件；,RPPNMLOLJHGGFGD57DA,179.14,0.0,11.67,無,
學甲區,土地,西進段1893地號,1391.0,,特定農業區,農牧用地,1091219,土地1建物0車位0,,,其他,,,,0.0,0,0,0,有,無,1030000,740,,0.0,0,,RPWOMLQLJHGGFGD58DA,0.0,0.0,0.0,無,
麻豆區,房地(土地+建物),客子寮２２５號,189.0,,鄉村區,乙種建築用地,1091226,土地1建物1車位0,全,三層,透天厝,住家用,見其他登記事項,1081106,240.8,5,2,5,有,有,15000000,62292,,0.0,0,,RPOOMLPLJHGGFFD57DA,207.37,33.43,0.0,無,
麻豆區,土地,大埕段96-1地號,4.0,都市：其他:第二種住宅區,,,1100120,土地1建物0車位0,,,其他,,,,0.0,0,0,0,有,無,133000,33250,,0.0,0,畸零地或有合併使用效益；,RPROMLRLJHGGFFD08DA,0.0,0.0,0.0,無,
麻豆區,房地(土地+建物),南勢５之２５號,95.29,都市：其他:農業區,,,1080315,土地2建物1車位0,全,三層,透天厝,住家用,見其他登記事項,1091118,146.52,4,1,4,有,無,8010000,54668,,0.0,0,,RPWNMLSJJHGGFFD38DA,117.24,0.0,29.28,無,
麻豆區,房地(土地+建物),麻口里番子寮２７號,1461.0,,鄉村區,乙種建築用地,1091109,土地2建物1車位0,全,一層,透天厝,住家用,竹造,,51.0,2,1,0,有,無,23300000,456863,,0.0,0,,RPRNMLOKJHGGFFD57DA,51.0,0.0,0.0,無,
後壁區,土地,四安段754地號,6833.68,,一般農業區,農牧用地,1100105,土地3建物0車位0,,,其他,,,,0.0,0,0,0,有,無,4200000,615,,0.0,0,農作物；,RPQNMLSLJHGGFED87DA,0.0,0.0,0.0,無,
白河區,土地,長安段428地號,1561.33,,一般農業區,農牧用地,1100122,土地1建物0車位0,,,其他,,,,0.0,0,0,0,有,無,150000,96,,0.0,0,親友、員工、共有人或其他特殊關係間之交易；,RPRNMLSLJHGGFED97DA,0.0,0.0,0.0,無,
白河區,土地,糞箕湖段木屐寮小段631-24地號,286.0,,鄉村區,乙種建築用地,1091223,土地1建物0車位0,,,其他,,,,0.0,0,0,0,有,無,4900000,17133,,0.0,0,,RPSNMLSLJHGGFED08DA,0.0,0.0,0.0,無,
白河區,土地,糞箕湖段木屐寮小段631-25地號,287.0,,鄉村區,乙種建築用地,1091223,土地1建物0車位0,,,其他,,,,0.0,0,0,0,有,無,3500000,12195,,0.0,0,,RPTNMLSLJHGGFED18DA,0.0,0.0,0.0,無,
白河區,土地,糞箕湖段糞箕湖小段233-2地號,213.0,,鄉村區,乙種建築用地,1091208,土地1建物0車位0,,,其他,,,,0.0,0,0,0,有,無,639000,3000,,0.0,0,,RPPNMLPLKIPFFED48DA,0.0,0.0,0.0,無,
南區,房地(土地+建物),大成路二段１７７巷７２之１號,28.81,都市：其他:細部計畫道路用地,,,1091216,土地2建物1車位0,二層,五層,公寓(5樓含以下無電梯),住家用,鋼筋混凝土造,0700604,95.11,3,2,2,有,無,4480000,47103,,0.0,0,陽台外推；,RPQNMLNLJHGGFCD17DA,85.96,0.0,0.0,無,1212
東區,土地,竹篙厝段4270-2地號,122.32,都市：其他:第五種住宅區,,,1090110,土地1建物0車位0,,,其他,,,,0.0,0,0,0,有,無,12765000,104357,,0.0,0,同等面積交換,RPUNMLPLJHGGFCD77DA,0.0,0.0,0.0,無,1213
南區,房地(土地+建物),金華路二段２８９巷３８之４號,23.28,都市：其他:住宅區,,,1091217,土地1建物1車位0,五層,五層,公寓(5樓含以下無電梯),住家用,鋼筋混凝土造,0710915,85.84,3,2,1,有,無,3500000,40774,,0.0,0,,RPQOMLQLJHGGFCD57DA,66.69,0.0,5.15,無,1214
東區,土地,裕南段696地號,231.69,都市：其他:第五種住宅區,,,1091202,土地1建物0車位0,,,其他,,,,0.0,0,0,0,有,無,9200000,39708,,0.0,0,親友、員工、共有人或其他特殊關係間之交易；,RPPNMLRLJHGGFCD47DA,0.0,0.0,0.0,無,
南區,房地(土地+建物),永成路三段３７２巷５１弄５５號,50.62,都市：其他:住宅區,,,1091109,土地2建物1車位0,全,三層,透天厝,住家用,鋼筋混凝土造,1041105,92.27,5,2,5,有,無,4500000,48770,,0.0,0,,RPVNMLRLJHGGFCD08DA,87.46,0.0,4.81,無,
南區,房地(土地+建物)+車位,興昌路２號七樓,41.27,都市：其他:商業區,,,1091218,土地1建物1車位1,七層,十二層,住宅大樓(11層含以上有電梯),見其他登記事項,鋼筋混凝土造,1061026,292.74,3,2,2,有,有,26200000,89499,坡道平面,35.53,0,,RPQOMLRLJHGGFCD67DA,143.37,8.3,24.84,有,1215
東區,房地(土地+建物),裕農路６２１巷４５弄１１號,74.0,都市：其他:細部計畫道路用地,,,1091020,土地2建物1車位0,全,三層,透天厝,住家用,加強磚造,0581005,168.52,5,2,3,有,無,5200000,30857,,0.0,0,頂樓加蓋；,RPSOMLRLJHGGFCD87DA,168.52,0.0,0.0,無,1216
東區,房地(土地+建物),大同路二段６０３號五樓之５,7.47,都市：其他:鄰里商業區,,,1091231,土地2建物1車位0,五層,二十四層,住宅大樓(11層含以上有電梯),國民住宅,鋼筋混凝土造,0840107,108.46,3,2,2,有,有,4260000,39277,,0.0,0,,RPVOMLRLJHGGFCD18DA,80.48,3.77,4.08,有,
南區,土地,中和段455地號,54.0,都市：其他:住宅區,,,1091222,土地1建物0車位0,,,其他,,,,0.0,0,0,0,有,無,700000,12963,,0.0,0,未登記建物；,RPUOMLSLJHGGFCD18DA,0.0,0.0,0.0,無,
新營區,房地(土地+建物)+車位,隋唐街１３號十三樓之五,25.95,都市：其他:住宅區,,,1091020,土地1建物1車位1,十三層,十五層,住宅大樓(11層含以上有電梯),見其他登記事項,鋼筋混凝土造,1090331,167.82999999999998,3,2,2,有,有,8900000,53682,坡道平面,22.53,1100000,房地總價含管理費,RPVNMLQLJHGGFDD08DA,87.18,0.0,11.21,有,
新營區,房地(土地+建物)+車位,隋唐街１１號二樓之三,27.18,都市：其他:住宅區,,,1091221,土地1建物1車位1,二層,十五層,住宅大樓(11層含以上有電梯),見其他登記事項,鋼筋混凝土造,1090331,170.86,3,2,2,有,有,8260000,48271,坡道平面,22.53,1100000,房地總價含管理費,RPWNMLQLJHGGFDD18DA,90.1,0.0,10.25,有,
新營區,土地,周武段765地號,2141.64,都市：其他:住宅區,,,1091030,土地1建物0車位0,,,其他,,,,0.0,0,0,0,有,無,103656000,48400,,0.0,0,,RPSNMLNLJHGGFDD47DA,0.0,0.0,0.0,無,
新營區,土地,周武段766地號,303.02,都市：其他:住宅區,,,1091030,土地1建物0車位0,,,其他,,,,0.0,0,0,0,有,無,19065280,62918,,0.0,0,,RPTNMLNLJHGGFDD57DA,0.0,0.0,0.0,無,
安南區,房地(土地+建物),環館路３６２巷５號,151.63,都市：其他:住宅區,,,1090623,土地4建物1車位0,全,四層,透天厝,見其他登記事項,鋼筋混凝土造,1090924,295.19,4,2,3,有,有,19000000,64365,,0.0,0,,RPWRMLRJKIPFFBD66DA,280.49,0.0,13.42,有,
安南區,房地(土地+建物),環館路３６２巷３號,151.62,都市：其他:住宅區,,,1080618,土地4建物1車位0,全,四層,透天厝,見其他登記事項,鋼筋混凝土造,1090924,295.19,4,2,3,有,有,18800000,63688,,0.0,0,,RPXRMLRJKIPFFBD76DA,280.49,0.0,13.42,有,
安南區,房地(土地+建物),環館路３６２巷１５號,158.78,都市：其他:住宅區,,,1061112,土地4建物1車位0,全,四層,透天厝,見其他登記事項,鋼筋混凝土造,1090924,306.09,4,2,3,有,有,18950000,61910,,0.0,0,,RPRRMLRJKIPFFBD78DA,291.48,0.0,13.33,有,
安南區,房地(土地+建物),安昌街２６巷２９弄７號,143.77,都市：其他:住宅區,,,1090207,土地2建物1車位0,全,三層,透天厝,住家用,鋼筋混凝土造,1090921,181.58,5,2,5,有,無,14650000,80681,,0.0,0,,RPXOMLMLJHGGFBD77DA,166.28,0.0,15.3,無,
安南區,房地(土地+建物),安昌街２６巷２９弄１１號,143.66,都市：其他:住宅區,,,1090925,土地2建物1車位0,全,三層,透天厝,住家用,鋼筋混凝土造,1090921,181.58,5,2,5,有,無,14880000,81947,,0.0,0,,RPOPMLMLJHGGFBD96DA,166.28,0.0,15.3,無,
安南區,土地,學東段550-30地號,691.06,都市：其他:農業區,,,1091220,土地3建物0車位0,,,其他,,,,0.0,0,0,0,有,無,2000000,2894,,0.0,0,,RPVOMLSKJHGGFBD08DA,0.0,0.0,0.0,無,1217
安南區,房地(土地+建物),環館路３６６巷１０號,182.55,都市：其他:住宅區,,,1100112,土地3建物1車位0,全,四層,透天厝,見其他登記事項,鋼筋混凝土造,1041027,359.78999999999996,3,3,3,有,有,23850000,66289,,0.0,0,,RPOPMLTKJHGGFBD57DA,333.83,0.0,24.06,有,
安南區,土地,海中段1284地號,66.6,都市：其他:細部計畫道路用地,,,1091007,土地1建物0車位0,,,其他,,,,0.0,0,0,0,有,無,400000,6006,,0.0,0,包含公共設施保留地用地；,RPSNMLPKJHGGFBD37DA,0.0,0.0,0.0,無,
南區,土地,白雪段537地號,40.68,都市：其他:住宅區,,,1091116,土地1建物0車位0,,,其他,,,,0.0,0,0,0,有,無,984434,24199,,0.0,0,包含公共設施保留地用地；,RPVOMLOKKIPFFCD78DA,0.0,0.0,0.0,無,1218
安南區,土地,總頭段291-8地號,85.71,都市：其他:住宅區,,,1091216,土地10建物0車位0,,,其他,,,,0.0,0,0,0,有,無,1166400,13609,,0.0,0,親友、員工、共有人或其他特殊關係間之交易；,RPXNMLPLJHGGFBD97DA,0.0,0.0,0.0,無,0061
安南區,房地(土地+建物),安昌街２６巷２９弄１５號,143.55,都市：其他:住宅區,,,1090926,土地2建物1車位0,全,三層,透天厝,住家用,鋼筋混凝土造,1090921,181.58,5,2,5,有,無,14700000,80956,,0.0,0,,RPQPMLMLJHGGFBD17DA,166.28,0.0,15.3,無,
安南區,土地,總頭段291-7地號,112.47,都市：其他:細部計畫道路用地,,,1091216,土地7建物0車位0,,,其他,,,,0.0,0,0,0,有,無,1530900,13612,,0.0,0,親友、員工、共有人或其他特殊關係間之交易；,RPRNMLQLJHGGFBD47DA,0.0,0.0,0.0,無,0061
安南區,房地(土地+建物)+車位,館前二路１９２號五樓之２,47.26,都市：其他:住宅區,,,1091220,土地1建物1車位1,五層,五層,華廈(10層含以下有電梯),見其他登記事項,鋼筋混凝土造,1041204,170.71,3,2,2,有,有,8600000,50378,坡道平面,34.07,0,,RPQPMLRLJHGGFBD67DA,84.66,0.0,8.18,有,
安南區,土地,怡安段109地號,31.1,都市：其他:細部計畫道路用地,,,1091230,土地2建物0車位0,,,其他,,,,0.0,0,0,0,有,無,150000,4823,,0.0,0,包含公共設施保留地用地；,RPPNMLSLJHGGFBD47DA,0.0,0.0,0.0,無,
安南區,土地,總安段690地號,279.97,都市：其他:主要計畫道路用地,,,1091130,土地3建物0車位0,,,其他,,,,0.0,0,0,0,有,無,2308000,8244,,0.0,0,,RPSPMLTLJHGGFBD08DA,0.0,0.0,0.0,無,
中西區,土地,新臨安段650地號,11.4,都市：其他:住宅區,,,1100111,土地1建物0車位0,,,其他,,,,0.0,0,0,0,有,無,862000,75614,,0.0,0,未登記建物；,RPQPMLQLJHGGFAD47DA,0.0,0.0,0.0,無,1221
中西區,房地(土地+建物)+車位,金華路三段２１８號七樓之６,9.37,都市：其他:商業區,,,1091031,土地1建物2車位1,七層,十八層,住宅大樓(11層含以上有電梯),住家用,鋼筋混凝土造,0840704,136.34,2,2,2,有,有,4930000,36160,坡道平面,0.0,0,,RPVOMLRLJHGGFAD97DA,58.13,0.0,7.77,有,
中西區,房地(土地+建物)+車位,中華西路二段４１６號二十一樓之１,35.04,都市：其他:住宅區,,,1100106,土地1建物1車位2,二十一層,二十五層,住宅大樓(11層含以上有電梯),集合住宅,鋼筋混凝土構造,1060817,386.42,4,2,4,有,有,26700000,75591,坡道平面,67.6,2600000,,RPWPMLRLJHGGFAD18DA,204.35,0.0,21.74,有,
中西區,房地(土地+建物)+車位,中華西路二段４１６號十七樓之５,27.22,都市：其他:住宅區,,,1100109,土地1建物1車位1,十七層,二十五層,住宅大樓(11層含以上有電梯),集合住宅,鋼筋混凝土構造,1060817,283.14,3,2,3,有,有,19300000,72592,坡道平面,33.8,1200000,,RPXPMLRLJHGGFAD28DA,161.91,14.14,0.0,有,
安平區,土地,金城段58-4地號,99.0,都市：其他:住宅區,,,1091221,土地1建物0車位0,,,其他,,,,0.0,0,0,0,有,無,7200000,72727,,0.0,0,,RPTOMLSLJHGGFAD87DA,0.0,0.0,0.0,無,
北區,房地(土地+建物),力行三街３７號,96.0,都市：其他:住宅區,,,1091220,土地1建物1車位0,全,二層,透天厝,住家用,加強磚造,0740307,118.61,3,2,3,有,無,6900000,58174,,0.0,0,,RPUOMLSLJHGGFAD97DA,112.76,0.0,5.85,無,
北區,土地,大豐段1313-49地號,335.38,都市：其他:商業區,,,1091117,土地1建物0車位0,,,其他,,,,0.0,0,0,0,有,無,30435000,90748,,0.0,0,,RPXNMLMLJHGGFAD57DA,0.0,0.0,0.0,無,
中西區,房地(土地+建物),西華南街２０號,27.67,都市：其他:商業區,,,1091222,土地1建物1車位0,一層，騎樓，夾層，地下一層,六層,華廈(10層含以下有電梯),見其他登記事項,鋼筋混凝土造,0790404,174.95,3,1,2,有,有,12800000,73164,,0.0,0,含租約；,RPWQMLMLJHGGFAD77DA,126.08,0.0,6.62,有,
北區,房地(土地+建物),大興街１７４巷６９號,83.64,都市：其他:住宅區,,,1091125,土地1建物1車位0,全,三層,透天厝,住商用,鋼筋混凝土造,0791108,171.12,5,2,3,有,無,10500000,61360,,0.0,0,,RPTQMLMLJHGGFAD47DA,160.0,2.48,8.64,無,
北區,房地(土地+建物),開元路３３３巷２號之２，３樓之２,28.0,都市：其他:住宅區,,,1091210,土地1建物1車位0,三層,五層,華廈(10層含以下有電梯),住家用,鋼筋混凝土造,0820611,88.51,3,2,2,有,無,4100000,46322,,0.0,0,,RPXNMLQLJHGGFAD97DA,70.16,0.0,3.6,有,
安平區,房地(土地+建物)+車位,育平五街６８號十七樓之８,9.81,都市：其他:住宅區,,,1091226,土地1建物1車位1,十七層,二十層,住宅大樓(11層含以上有電梯),住家用,鋼筋混凝土造,0871121,135.97,3,2,2,有,有,6600000,48540,坡道平面,19.22,0,陽台外推；,RPPOMLQLJHGGFAD27DA,82.8,0.0,8.67,有,1222
北區,房地(土地+建物),長北街２１２號三樓之７,10.24,都市：其他:住宅區,,,1091017,土地1建物1車位0,三層,五層,公寓(5樓含以下無電梯),住家用,鋼筋混凝土造,0690312,41.21,1,1,1,有,有,1860000,45135,,0.0,0,,RPQQMLPLJHGGFAD47DA,29.64,0.0,0.0,無,
中西區,房地(土地+建物),西門路一段４６６號四樓之１,5.14,都市：其他:住宅區,,,1100118,土地5建物1車位0,四層,七層,華廈(10層含以下有電梯),住家用,鋼筋混凝土造,0700605,28.07,1,0,1,有,有,1200000,42750,,0.0,0,,RPRQMLPLJHGGFAD57DA,22.23,0.0,0.0,有,1223
中西區,房地(土地+建物),康樂街２６８號五樓之２,30.48,都市：其他:住宅區,,,1100111,土地2建物1車位0,五層，走廊,五層,公寓(5樓含以下無電梯),住家用,鋼筋混凝土造,0750915,104.46000000000001,3,2,1,有,無,3100000,29676,,0.0,0,,RPPPMLPLJHGGFAD27DA,87.01,0.0,3.38,無,
安平區,房地(土地+建物)+車位,永華路二段５０１號二十樓之１,21.7,都市：其他:住宅區,,,1091221,土地1建物1車位1,二十層,二十三層,住宅大樓(11層含以上有電梯),見其他登記事項,見其他登記事項,1070202,222.09,0,0,0,無,有,15080000,72353,坡道平面,28.87,1100000,毛胚屋,RPSPMLPLJHGGFAD57DA,112.1,3.88,9.97,有,
安平區,房地(土地+建物)+車位,永華路二段５０３號二十三樓之１,22.65,都市：其他:住宅區,,,1091221,土地1建物1車位2,二十三層,二十三層,住宅大樓(11層含以上有電梯),見其他登記事項,見其他登記事項,1070202,253.45,4,2,2,有,有,20000000,92995,坡道平面,57.74,1800000,含裝潢費1860000元；,RPUPMLPLJHGGFAD77DA,112.76,4.76,9.97,有,
中西區,房地(土地+建物),康樂街１２２號八樓,25.42,都市：其他:商業區,,,1091230,土地1建物1車位0,八層,九層,華廈(10層含以下有電梯),住商用,鋼筋混凝土造,0800110,246.36,6,0,6,有,有,8700000,35314,,0.0,0,陽台外推；,RPUNMLKMKIPFFAD18DA,201.67,0.0,16.26,有,
北區,房地(土地+建物)+車位,小東路４２３巷３號八樓之１,58.5,都市：其他:住宅區,,,1091121,土地1建物1車位1,八層,十二層,住宅大樓(11層含以上有電梯),見其他登記事項,見其他登記事項,1000310,185.97,3,2,2,有,有,11700000,62913,坡道平面,0.0,0,,RPTNMLQLKIPFFAD58DA,102.89,0.0,11.88,有,1224
北區,土地,光賢段719地號,117.51,都市：其他:住宅區,,,1091228,土地1建物0車位0,,,其他,,,,0.0,0,0,0,有,無,9954000,84708,,0.0,0,,RPWNMLTLKIPFFAD56DA,0.0,0.0,0.0,無,
北區,土地,華興段734-7地號,928.5,都市：其他:細部計畫道路用地,,,1100108,土地4建物0車位0,,,其他,,,,0.0,0,0,0,有,無,8500000,9155,,0.0,0,包含公共設施保留地用地；,RPXNMLSJJHGGFAD97DA,0.0,0.0,0.0,無,
安平區,房地(土地+建物)+車位,郡平路５６號四樓之１,9.5,都市：其他:社區商業區,,,1091222,土地1建物1車位1,四層,十四層,住宅大樓(11層含以上有電梯),見其他登記事項,鋼筋混凝土造,0960719,124.27,3,2,2,有,有,6650000,53513,坡道平面,0.0,0,,RPQOMLQJJHGGFAD17DA,65.63,0.0,2.92,有,
中西區,房地(土地+建物)+車位,中華西路二段５２０號十三樓之１,12.14,都市：其他:住宅區,,,1091207,土地1建物1車位1,十三層,十五層,住宅大樓(11層含以上有電梯),見其他登記事項,見其他登記事項,1020620,120.06,2,2,1,有,有,8450000,70381,坡道平面,28.34,0,,RPUPMLPJJHGGFAD57DA,54.34,0.0,5.98,有,1225
北區,房地(土地+建物),公園北路１５６號八樓之２０,19.42,都市：其他:商業區,,,1091221,土地1建物1車位0,八層,十四層,住宅大樓(11層含以上有電梯),集合住宅,ＲＣ造,0951001,118.79,3,2,2,有,有,7700000,64820,,0.0,0,,RPSQMLOJJHGGFAD37DA,74.69,2.41,10.63,有,1226
北區,車位,公園北路１５６之２號,0.4,都市：其他:商業區,,,1091222,土地1建物1車位1,一層,十四層,其他,集合住宅,ＲＣ造,0951001,13.069999999999999,0,0,0,有,有,600000,,坡道機械,0.0,600000,僅車位交易；,RPOOMLLMKIPFFAD77DA,0.0,0.0,0.0,有,
安平區,房地(土地+建物),永華路二段７３０號,98.0,都市：其他:住宅區,,,1091110,土地1建物1車位0,全,四層,透天厝,住商用,鋼筋混凝土造,0761117,259.81,6,2,4,有,無,16250000,62546,,0.0,0,其他增建；,RPWPMLKKJIPFFAD28DA,248.11,0.0,11.7,無,1227
中西區,房地(土地+建物),忠孝街７８巷１３號,15.0,都市：其他:住宅區,,,1091230,土地2建物1車位0,全,一層,透天厝,住家用,加強磚造,0500810,8.76,1,1,1,有,無,3100000,353881,,0.0,0,,RPVQMLMLJHGGFAD67DA,8.76,0.0,0.0,無,
安平區,房地(土地+建物)+車位,永華路二段２８８號十四樓,9.3,都市：其他:商業區,,,1090802,土地1建物1車位1,十四層,二十九層,住宅大樓(11層含以上有電梯),見其他登記事項,見其他登記事項,1070921,185.26,3,2,2,有,有,16050000,91414,坡道機械,23.36,1250000,,RPXNMLPLJHGGFAD87DA,100.35,0.77,10.42,有,
中西區,房地(土地+建物)+車位,青年路４７巷６號四樓之３,21.14,都市：其他:商業區,,,1091214,土地5建物1車位1,四層，走廊,十二層,住宅大樓(11層含以上有電梯),住家用,鋼筋混凝土造,0790421,190.26,4,2,3,有,有,7200000,37843,坡道平面,0.0,0,,RPXPMLMLJHGGFAD77DA,163.72,0.0,4.44,有,1228
中西區,土地,成光段696-2地號,99.81,都市：其他:住宅區,,,1091120,土地1建物0車位0,,,其他,,,,0.0,0,0,0,有,無,13000000,130247,,0.0,0,,RPPPMLNKJHGGFAD96DA,0.0,0.0,0.0,無,
中西區,土地,成光段696-1地號,119.77,都市：其他:住宅區,,,1091120,土地2建物0車位0,,,其他,,,,0.0,0,0,0,有,無,15890000,132671,,0.0,0,,RPQPMLNKJHGGFAD07DA,0.0,0.0,0.0,無,1229
北區,房地(土地+建物),文賢路３１３巷３４弄２４號,86.04,都市：其他:住宅區,,,1091222,土地1建物1車位0,全,四層,透天厝,住商用,鋼筋混凝土造,0781121,182.59,4,2,3,有,無,12500000,68459,,0.0,0,陽台外推；其他增建；,RPXNMLNKJHGGFAD57DA,152.36,9.77,20.46,無,
中西區,房地(土地+建物),中成路１８號十二樓之８,2.97,都市：其他:商業區,,,1100111,土地1建物1車位0,十二層,二十層,住宅大樓(11層含以上有電梯),住家用,鋼筋混凝土造,0860127,38.010000000000005,1,0,1,有,有,2300000,60510,,0.0,0,,RPPNMLNKJHGGFAD76DA,21.39,0.0,5.39,有,
北區,房地(土地+建物),長榮路四段１３３號,64.0,都市：其他:商業區,,,1091227,土地1建物1車位0,全,二層,透天厝,,加強磚造,,110.52,3,2,2,有,無,13800000,124864,,0.0,0,頂樓加蓋；其他增建；,RPOOMLSLJHGGFAD37DA,110.52,0.0,0.0,無,
中西區,房地(土地+建物),西門路二段３０８號,85.58,都市：其他:商業區,,,1091227,土地1建物1車位0,全,四層,透天厝,住商用,加強磚造,0570401,329.3,5,3,4,有,無,19200000,58305,,0.0,0,其他增建；,RPSOMLSLJHGGFAD77DA,329.3,0.0,0.0,無,
北區,房地(土地+建物),和緯路四段９５巷１８號五樓,23.7,都市：其他:住宅區,,,1100122,土地1建物1車位0,五層,五層,公寓(5樓含以下無電梯),住家用,鋼筋混凝土造,0701017,88.92,3,1,1,有,無,3250000,36550,,0.0,0,,RPRNMLSLJHGGFAD57DA,66.36,0.0,10.48,無,1230
安平區,房地(土地+建物),國平路３８７號五樓之４,16.39,都市：其他:住宅區,,,1091223,土地1建物1車位0,五層，走廊,八層,華廈(10層含以下有電梯),住家用,鋼筋混凝土造,0840401,93.22,3,2,2,有,有,4100000,43982,,0.0,0,,RPTPMLRLJHGGFAD87DA,62.59,0.0,12.52,有,1231
北區,土地,北安段1735地號,84.54,都市：其他:住宅區,,,1100125,土地1建物0車位0,,,其他,,,,0.0,0,0,0,有,無,8183666,96802,,0.0,0,,RPUPMLRLJHGGFAD97DA,0.0,0.0,0.0,無,
安平區,房地(土地+建物),平通路５８０巷４６號,104.0,都市：其他:住宅區,,,1091223,土地1建物1車位0,全,三層,透天厝,住商用,鋼筋混凝土造,0790801,209.93,4,1,3,有,無,11500000,54780,,0.0,0,其他增建；,RPXOMLQLJHGGFAD08DA,197.4,0.0,12.53,無,
中西區,土地,三民段505地號,7.92,都市：其他:細部計畫道路用地,,,1100115,土地1建物0車位0,,,其他,,,,0.0,0,0,0,有,無,470000,59343,,0.0,0,政府機關標讓售；,RPQQMLSLJHGGFAD77DA,0.0,0.0,0.0,無,
安平區,房地(土地+建物),建平八街５５１號十九樓之１２,9.0,都市：其他:住宅區,,,1091223,土地1建物1車位0,十九層,二十六層,住宅大樓(11層含以上有電梯),集合住宅,鋼筋混凝土造,0870105,124.97,3,2,2,有,有,3500000,28007,,0.0,0,,RPQPMLSLJHGGFAD67DA,85.59,0.0,12.96,有,1232
中西區,房地(土地+建物),頂美一街７號四樓之１０,8.18,都市：其他:住宅區,,,1100112,土地1建物1車位0,四層，陽台,七層,華廈(10層含以下有電梯),住家用,鋼筋混凝土造,0661202,43.809999999999995,1,0,1,有,無,2250000,51358,,0.0,0,,RPXPMLSLJHGGFAD38DA,37.66,0.0,0.0,有,1233
中西區,房地(土地+建物),頂美一街７號四樓之１２,7.98,都市：其他:住宅區,,,1100114,土地1建物1車位0,四層，陽台,七層,華廈(10層含以下有電梯),住家用,鋼筋混凝土造,0661202,34.34,1,0,1,有,有,1950000,56785,,0.0,0,,RPOQMLSLJHGGFAD57DA,28.19,0.0,0.0,有,1234
北區,房地(土地+建物),文賢路１０９２號,118.22,都市：其他:主要計畫道路用地,,,1100116,土地2建物1車位0,全,三層,透天厝,住商用,鋼筋混凝土造,0691231,229.22,5,2,3,有,無,21000000,91615,,0.0,0,其他增建；包含公共設施保留地用地；,RPXOMLPJKHGGFAD87DA,229.18,0.0,0.0,無,1235
安南區,土地,怡安段786-1地號,116.0,都市：其他:住宅區,,,1100111,土地1建物0車位0,,,其他,,,,0.0,0,0,0,有,無,8100000,69828,,0.0,0,親友、員工、共有人或其他特殊關係間之交易；,RPQNMLTLJHGGFBD67DA,0.0,0.0,0.0,無,
安南區,房地(土地+建物),十二佃路２１３巷１９號,84.0,都市：其他:住宅區,,,1100103,土地1建物1車位0,全,三層,透天厝,住家用,鋼筋混凝土造,1020207,160.37,4,2,3,有,無,7300000,45520,,0.0,0,,RPSNMLTLJHGGFBD87DA,160.37,0.0,0.0,無,
安南區,房地(土地+建物),公學路一段１６０巷１９號,121.84,都市：其他:住宅區,,,1090827,土地2建物1車位0,全,三層,透天厝,住家用,鋼筋混凝土造,1090914,192.28,5,2,4,有,無,8800000,45767,,0.0,0,包含公共設施保留地用地；,RPRPMLRLJHGGFBD77DA,182.16,0.0,10.12,無,
安南區,房地(土地+建物),安中路四段２１０巷４５弄４０號,92.82,都市：其他:住宅區,,,1090220,土地2建物1車位0,全,三層,透天厝,住家用,鋼筋混凝土造,1090922,187.43,3,2,2,有,無,9690000,51699,,0.0,0,預售屋、或土地及建物分次登記案件；,RPRNMLOLJHGGFBD27DA,172.45,0.0,14.98,無,
安南區,房地(土地+建物),安中路四段２１０巷４５弄３２號,71.56,都市：其他:住宅區,,,1090222,土地2建物1車位0,全,三層,透天厝,住家用,鋼筋混凝土造,1090922,152.44,4,2,2,有,無,8600000,56416,,0.0,0,預售屋、或土地及建物分次登記案件；,RPSNMLOLJHGGFBD37DA,139.75,0.0,12.69,無,
安南區,房地(土地+建物),安中路四段２１０巷４５弄３０號,71.56,都市：其他:住宅區,,,1090407,土地2建物1車位0,全,三層,透天厝,住家用,鋼筋混凝土造,1090922,152.44,4,2,2,有,無,8200000,53792,,0.0,0,預售屋、或土地及建物分次登記案件；,RPUNMLOLJHGGFBD57DA,139.75,0.0,12.69,無,
安南區,房地(土地+建物),安中路四段２１０巷４５弄２８號,71.56,都市：其他:住宅區,,,1080226,土地2建物1車位0,全,三層,透天厝,住家用,鋼筋混凝土造,1090922,152.44,4,2,2,有,無,8000000,52480,,0.0,0,預售屋、或土地及建物分次登記案件；,RPVNMLOLJHGGFBD67DA,139.75,0.0,12.69,無,
安南區,房地(土地+建物),安中路四段２１０巷４５弄２６號,71.56,都市：其他:住宅區,,,1081026,土地2建物1車位0,全,三層,透天厝,住家用,鋼筋混凝土造,1090922,152.44,4,2,2,有,無,7980000,52348,,0.0,0,預售屋、或土地及建物分次登記案件；,RPWNMLOLJHGGFBD77DA,139.75,0.0,12.69,無,
安南區,房地(土地+建物),安中路四段２１０巷４５弄２２號,82.07,都市：其他:住宅區,,,1090407,土地2建物1車位0,全,三層,透天厝,住家用,鋼筋混凝土造,1090922,145.25,4,2,2,有,無,8050000,55422,,0.0,0,預售屋、或土地及建物分次登記案件；,RPXNMLOLJHGGFBD87DA,135.59,0.0,9.66,無,
安南區,房地(土地+建物),安中路四段２１０巷４５弄６號,71.56,都市：其他:住宅區,,,1081121,土地2建物1車位0,全,三層,透天厝,住家用,鋼筋混凝土造,1090922,152.44,4,2,2,有,無,8150000,53464,,0.0,0,預售屋、或土地及建物分次登記案件；,RPOOMLOLJHGGFBD07DA,139.74,0.0,12.68,無,
安南區,房地(土地+建物),安中路四段２１０巷４５弄２０號,82.32,都市：其他:住宅區,,,1090515,土地2建物1車位0,全,三層,透天厝,住家用,鋼筋混凝土造,1090922,155.1,4,2,2,有,無,8200000,52869,,0.0,0,預售屋、或土地及建物分次登記案件；,RPPOMLOLJHGGFBD17DA,142.19,0.0,12.91,無,
安南區,土地,總頭段555地號,621.91,都市：其他:細部計畫道路用地,,,1100105,土地14建物0車位0,,,其他,,,,0.0,0,0,0,有,無,10252540,16486,,0.0,0,,RPSQMLRLJHGGFBD97DA,0.0,0.0,0.0,無,
安南區,土地,怡安段786地號,49.71,都市：其他:住宅區,,,1100107,土地1建物0車位0,,,其他,,,,0.0,0,0,0,有,無,3300000,66385,,0.0,0,親友、員工、共有人或其他特殊關係間之交易；,RPRNMLOKJHGGFBD17DA,0.0,0.0,0.0,無,1236
安南區,土地,頂安段186地號,501.12,都市：其他:住宅區,,,1091113,土地3建物0車位0,,,其他,,,,0.0,0,0,0,有,無,27280000,54438,,0.0,0,,RPQNMLOLKIPFFBD18DA,0.0,0.0,0.0,無,
新營區,房地(土地+建物),南紙里太子路１３９巷９２號,45.25,都市：其他:住宅區,,,1091231,土地2建物1車位0,全,二層,透天厝,住商用,加強磚造,0690612,48.48,4,2,2,有,無,1100000,22690,,0.0,0,,RPQNMLNLJHGGFDD27DA,96.96,0.0,0.0,無,1237
新營區,房地(土地+建物),南紙里太子路１３９巷９２號,45.25,都市：其他:住宅區,,,1091231,土地2建物1車位0,全,二層,透天厝,住商用,加強磚造,0690612,48.48,4,2,2,有,無,2100000,43317,,0.0,0,,RPRNMLNLJHGGFDD37DA,48.48,0.0,0.0,無,1237
新營區,房地(土地+建物),新南里民治路２３０巷５３號,147.0,都市：其他:住宅區,,,1100106,土地1建物1車位0,全,四層,透天厝,住家用,鋼筋混凝土造,0930927,256.26,5,3,4,有,無,13300000,51900,,0.0,0,,RPWNMLRLJHGGFDD28DA,222.83,0.0,33.43,無,
鹽水區,土地,下林段943地號,3099.0,,一般農業區,農牧用地,1100115,土地2建物0車位0,,,其他,,,,0.0,0,0,0,有,無,3563850,1150,,0.0,0,,RPVNMLSLJHGGFDD28DA,0.0,0.0,0.0,無,
鹽水區,土地,大埔段178地號,3302.0,,一般農業區,農牧用地,1100107,土地1建物0車位0,,,其他,,,,0.0,0,0,0,有,無,3302000,1000,,0.0,0,,RPWNMLSLJHGGFDD38DA,0.0,0.0,0.0,無,
新營區,土地,王公段239-7地號,203.91,都市：其他:住宅區,,,1091126,土地2建物0車位0,,,其他,,,,0.0,0,0,0,有,無,6538000,32063,,0.0,0,,RPQOMLMKJHGGFDD17DA,0.0,0.0,0.0,無,
柳營區,房地(土地+建物),太康６６號,131.34,,鄉村區,乙種建築用地,1100108,土地1建物1車位0,全,二層,透天厝,住商用,加強磚造,0540101,67.28,3,1,1,有,無,2000000,29727,,0.0,0,,RPOOMLLKJHGGFDD86DA,67.28,0.0,0.0,無,
柳營區,土地,外環段659地號,124.05,,一般農業區,農牧用地,1100105,土地1建物0車位0,,,其他,,,,0.0,0,0,0,有,無,450300,3630,,0.0,0,,RPSNMLRJJHGGFDD67DA,0.0,0.0,0.0,無,
東區,土地,竹篙厝段2323-13地號,72.96,都市：其他:第五種住宅區,,,1091215,土地1建物0車位0,,,其他,,,,0.0,0,0,0,有,無,2196096,30100,,0.0,0,親友、員工、共有人或其他特殊關係間之交易；,RPVOMLSLJHGGFCD28DA,0.0,0.0,0.0,無,
東區,房地(土地+建物),中華東路三段１０７巷２９號,87.04,都市：其他:工業區,,,1100109,土地1建物1車位0,全,一層,透天厝,廠房,鋼鐵造,0680627,112.13,0,0,0,無,無,2774632,24745,,0.0,0,親友、員工、共有人或其他特殊關係間之交易；,RPWOMLSLJHGGFCD38DA,112.13,0.0,0.0,無,
東區,房地(土地+建物),裕忠路２５３號,98.92,都市：其他:虎尾寮第三種住宅區,,,1100107,土地2建物1車位0,全,五層,透天厝,見其他登記事項,鋼筋混凝土造,0920828,265.98,4,2,3,有,有,16800000,63163,,0.0,0,陽台外推；頂樓加蓋；,RPVNMLSLJHGGFCD18DA,235.25,0.0,30.73,無,
東區,房地(土地+建物),長榮路二段３２巷６６號,73.0,都市：其他:第五種住宅區,,,1091211,土地1建物1車位0,全,二層,透天厝,住家用,加強磚造,0621210,94.81,4,2,5,有,無,8800000,92817,,0.0,0,,RPQNMLSLJHGGFCD67DA,94.81,0.0,0.0,無,1239
東區,房地(土地+建物),仁和路１０９巷１３５弄１０５號,76.7,都市：其他:第五種住宅區,,,1091221,土地4建物1車位0,全,四層,透天厝,住家用,鋼筋混凝土造,1020606,199.01,4,2,3,有,無,17250000,86679,,0.0,0,,RPSNMLRLJHGGFCD77DA,160.87,0.0,38.04,無,
東區,土地,路東段747地號,142.01,都市：其他:第五種住宅區,,,1091225,土地1建物0車位0,,,其他,,,,0.0,0,0,0,有,無,4800000,33800,,0.0,0,土地增值稅由買方負擔未登記建物；,RPTNMLSLJHGGFCD97DA,0.0,0.0,0.0,無,
南區,房地(土地+建物),鹽埕路２９１巷３２弄５８號,160.64,都市：其他:細部計畫道路用地,,,1100104,土地3建物1車位0,全,二層,透天厝,住家用,加強磚造,0601229,107.25,5,1,1,有,無,6240000,58182,,0.0,0,,RPQNMLTLJHGGFCD77DA,107.25,0.0,0.0,無,
東區,房地(土地+建物),中華東路二段１９３號十樓之１,7.4,都市：其他:道路用地,,,1091225,土地3建物1車位0,十層,二十層,住宅大樓(11層含以上有電梯),住家用,鋼筋混凝土造,0841106,97.58000000000001,2,2,1,有,有,4800000,49190,,0.0,0,,RPPOMLRLJHGGFCD57DA,56.74,0.0,8.52,有,
南區,房地(土地+建物),國民路２３８巷６號,69.63,都市：其他:住宅區,,,1091231,土地1建物1車位0,全,二層,透天厝,住家用,加強磚造,0711117,93.59,3,1,3,有,無,1934469,20670,,0.0,0,親友、員工、共有人或其他特殊關係間之交易；頂樓加蓋；其他增建；,RPOQMLQLJHGGFCD57DA,87.78,5.81,0.0,無,
東區,房地(土地+建物),崇明路３３號,79.0,都市：其他:第五種住宅區,,,1091230,土地1建物1車位0,全,二層,透天厝,住商用,鋼筋混凝土造,0750325,125.81,4,3,4,有,無,21000000,166918,,0.0,0,,RPQOMLMLJHGGFCD17DA,121.08,0.0,4.73,無,
南區,房地(土地+建物),國民路１４７號,85.42,都市：其他:住宅區,,,1091229,土地1建物1車位0,全,三層,透天厝,見其他登記事項,見其他登記事項,1081001,193.66,3,1,5,有,無,17200000,88815,,0.0,0,,RPPNMLLLJHGGFCD86DA,181.28,0.0,12.38,無,
東區,房地(土地+建物),裕平一街１２３號,38.2,都市：其他:虎尾寮第三種住宅區,,,1091225,土地2建物1車位0,全,四層,透天厝,見其他登記事項,鋼筋混凝土造,0880310,94.86,4,2,4,有,無,9000000,94877,,0.0,0,親友、員工、共有人或其他特殊關係間之交易；,RPWOMLOKJHGGFCD87DA,82.93,0.0,11.91,無,
東山區,土地,吉貝耍段1135地號,3804.0,,特定農業區,農牧用地,1091230,土地2建物0車位0,,,其他,,,,0.0,0,0,0,有,無,6466000,1700,,0.0,0,,RPPNMLPKJHGGFED37DA,0.0,0.0,0.0,無,
白河區,房地(土地+建物),關嶺里關子嶺４５之６８號二樓,67.08,都市：其他:住宅區,,,1100117,土地3建物1車位0,二層,二層,公寓(5樓含以下無電梯),住家用,鋼筋混凝土造,0810312,69.17,1,0,1,有,有,1080000,15614,,0.0,0,,RPUNMLSLJHGGFED28DA,48.68,0.0,5.71,無,
後壁區,房地(土地+建物),福安里下寮２００之２７號,168.65,,特定農業區,甲種建築用地,1091229,土地1建物1車位0,全,四層,透天厝,見其他登記事項,鋼筋混凝土造,0850111,262.75,6,2,4,有,無,5300000,20171,,0.0,0,,RPVNMLSLJHGGFED38DA,248.91,0.0,13.84,無,
後壁區,土地,安溪寮段下寮小段1010地號,634.0,,特定農業區,農牧用地,1100124,土地2建物0車位0,,,其他,,,,0.0,0,0,0,有,無,600000,946,,0.0,0,,RPSNMLPLJHGGFED77DA,0.0,0.0,0.0,無,0599
白河區,土地,詔安段2156地號,1232.75,,特定農業區,農牧用地,1100117,土地2建物0車位0,,,其他,,,,0.0,0,0,0,有,無,880000,714,,0.0,0,,RPPNMLSLJHGGFED77DA,0.0,0.0,0.0,無,
麻豆區,房地(土地+建物),安業里安業８９之２號,189.0,,鄉村區,乙種建築用地,1091222,土地1建物1車位0,全,二層,透天厝,住家用,加強磚造,0680611,127.21,3,2,2,有,無,2300000,18080,,0.0,0,親友、員工、共有人或其他特殊關係間之交易；,RPPNMLTKJHGGFFD87DA,127.21,0.0,0.0,無,
官田區,土地,鎮田段387地號,10218.1,都市：其他:農業區,,,1091202,土地1建物0車位0,,,其他,,,,0.0,0,0,0,有,無,6000000,587,,0.0,0,,RPTNMLSLJHGGFFD28DA,0.0,0.0,0.0,無,
大內區,土地,大內段159-16地號,2975.0,,一般農業區,農牧用地,1091211,土地1建物0車位0,,,其他,,,,0.0,0,0,0,有,無,2100000,706,,0.0,0,,RPOOMLRLJHGGFFD77DA,0.0,0.0,0.0,無,
下營區,土地,大屯寮段3627-1地號,1812.0,,特定農業區,農牧用地,1091226,土地2建物0車位0,,,其他,,,,0.0,0,0,0,有,無,5000000,2759,,0.0,0,,RPTNMLTLJHGGFFD38DA,0.0,0.0,0.0,無,
下營區,房地(土地+建物),營前里中山路二段１８７巷２８號,82.6,都市：其他:住宅區,,,1091217,土地1建物1車位0,全,四層,透天厝,住家用,鋼筋混凝土造,1060331,207.43,4,2,4,有,無,8200000,39531,,0.0,0,,RPOOMLQLJHGGFFD67DA,193.33,0.0,14.1,無,1241
官田區,土地,社子段362-5地號,3711.0,,一般農業區,農牧用地,1091203,土地3建物0車位0,,,其他,,,,0.0,0,0,0,有,無,4451582,1200,,0.0,0,,RPRNMLPLJHGGFFD77DA,0.0,0.0,0.0,無,
官田區,土地,社子段361-2地號,3625.0,,一般農業區,農牧用地,1091203,土地1建物0車位0,,,其他,,,,0.0,0,0,0,有,無,4348418,1200,,0.0,0,,RPSNMLPLJHGGFFD87DA,0.0,0.0,0.0,無,
大內區,土地,嗚頭段297-32地號,307.0,,鄉村區,乙種建築用地,1091215,土地3建物0車位0,,,其他,,,,0.0,0,0,0,有,無,2500000,8143,,0.0,0,,RPOOMLSLJHGGFFD87DA,0.0,0.0,0.0,無,1242
北門區,土地,永隆段423地號,316.56,,鄉村區,乙種建築用地,1100108,土地3建物0車位0,,,其他,,,,0.0,0,0,0,有,無,1360000,4296,,0.0,0,包含公共設施保留地用地；,RPOOMLSJJHGGFGD77DA,0.0,0.0,0.0,無,
學甲區,房地(土地+建物),民族路１１巷１９號,131.81,都市：其他:住宅區,,,1081109,土地2建物1車位0,全,三層,透天厝,見其他登記事項,鋼筋混凝土造,1090902,175.21,4,2,4,有,無,7380000,42121,,0.0,0,預售屋、或土地及建物分次登記案件；,RPQNMLRKJHGGFGD87DA,168.43,0.0,6.78,無,
北門區,土地,麗湖段197地號,7140.57,,一般農業區,農牧用地,1091121,土地2建物0車位0,,,其他,,,,0.0,0,0,0,有,無,5140000,720,,0.0,0,,RPRNMLQKJHGGFGD87DA,0.0,0.0,0.0,無,
西港區,房地(土地+建物),南海里１８鄰中港１１之５號,85.3,,鄉村區,乙種建築用地,1100103,土地1建物1車位0,全,三層,透天厝,住家用,鋼筋混凝土造,0820707,133.98,4,2,3,有,無,4000000,29855,,0.0,0,,RPPPMLQLJHGGFGD97DA,123.54,0.0,10.44,無,1243
學甲區,房地(土地+建物),建國東路２２０號,78.31,都市：其他:住宅區,,,1081215,土地1建物1車位0,全,三層,透天厝,見其他登記事項,鋼筋混凝土造,1090902,190.78,4,2,5,有,無,9450000,49533,,0.0,0,預售屋、或土地及建物分次登記案件；,RPQNMLOLJHGGFGD67DA,179.16,0.0,11.62,無,
學甲區,房地(土地+建物),民族路１１巷１１號,140.06,都市：其他:住宅區,,,1090806,土地2建物1車位0,全,三層,透天厝,見其他登記事項,鋼筋混凝土造,1090902,186.34,4,2,3,有,無,7080000,37995,,0.0,0,預售屋、或土地及建物分次登記案件；,RPRNMLNLJHGGFGD67DA,171.84,0.0,14.5,無,
七股區,土地,後港段930地號,2191.0,,一般農業區,農牧用地,1091223,土地1建物0車位0,,,其他,,,,0.0,0,0,0,有,無,2400000,1095,,0.0,0,,RPQOMLKLJHGGFGD37DA,0.0,0.0,0.0,無,1244
將軍區,房地(土地+建物),長榮里１３鄰長榮２０３之１８號,114.67,都市：其他:住宅區,,,1100107,土地1建物1車位0,全,三層,透天厝,見其他登記事項,鋼筋混凝土造,1070611,208.8,4,1,4,有,無,7000000,33525,,0.0,0,,RPPPMLRLJHGGFGD08DA,194.97,0.0,13.83,無,1245
七股區,土地,十一份段353地號,1860.0,,特定農業區,農牧用地,1091228,土地1建物0車位0,,,其他,,,,0.0,0,0,0,有,無,2420000,1301,,0.0,0,,RPPNMLSLJHGGFGD97DA,0.0,0.0,0.0,無,
西港區,土地,檨林段1148地號,320.51,,特定農業區,甲種建築用地,1081009,土地3建物0車位0,,,其他,,,,0.0,0,0,0,有,無,2800000,8736,,0.0,0,,RPSNMLSLJHGGFGD28DA,0.0,0.0,0.0,無,
北門區,土地,仁里段135地號,5.48,,鄉村區,交通用地,1100114,土地5建物0車位0,,,其他,,,,0.0,0,0,0,有,無,3470,633,,0.0,0,雙方約定，本案增值稅137元，由買方於買賣價金之外另行負擔繳納之。,RPQOMLSLJHGGFGD18DA,0.0,0.0,0.0,無,
佳里區,房地(土地+建物),光明街１００號二樓之３,31.73,都市：其他:住宅區,,,1090121,土地1建物1車位0,二層,五層,華廈(10層含以下有電梯),見其他登記事項,鋼筋混凝土造,1090914,98.59,3,2,2,有,有,4700000,47672,,0.0,0,預售屋、或土地及建物分次登記案件；,RPWNMLSLJHGGFGD68DA,67.32,0.0,7.61,有,
西港區,土地,劉厝段2176地號,1045.0,,特定農業區,農牧用地,1100109,土地1建物0車位0,,,其他,,,,0.0,0,0,0,有,無,3800000,3636,,0.0,0,,RPXNMLSLJHGGFGD78DA,0.0,0.0,0.0,無,
佳里區,房地(土地+建物),安西里３０鄰佳西路５０８號,83.6,都市：其他:住宅區,,,1100114,土地1建物1車位0,全,三層,透天厝,住商用,鋼筋混凝土造,0870602,195.79,6,3,4,有,無,8500000,43414,,0.0,0,賣清,RPWNMLTLJHGGFGD78DA,165.78,17.33,12.68,無,
新市區,房地(土地+建物),信義街１７８號二樓之１０,23.95,都市：其他:住宅區,,,1091229,土地1建物1車位0,二層,八層,華廈(10層含以下有電梯),住家用,鋼筋混凝土造,1040427,82.41,2,2,2,有,有,4920000,59701,,0.0,0,陽台外推；含租約；,RPSSMLOJJHGGFHD28DA,50.02,0.0,5.4,有,
安定區,房地(土地+建物),六塊寮５７之３號,133.0,,鄉村區,乙種建築用地,1100109,土地3建物1車位0,全,二層,透天厝,住家用,加強磚造,0720108,106.68,4,2,2,有,無,6000000,56243,,0.0,0,頂樓加蓋；其他增建；,RPWOMLQLJHGGFHD68DA,106.68,0.0,0.0,無,0092
新市區,土地,大洲段1006-2地號,0.52,都市：其他:計畫道路用地,,,1100120,土地1建物0車位0,,,其他,,,,0.0,0,0,0,有,無,3090,0,,0.0,0,協議價購；,RPUPMLRLJHGGFHD68DA,0.0,0.0,0.0,無,1178
安定區,土地,蘇厝段1626地號,1351.0,都市：其他:農業區(供申請變更開發為產業支援區),,,1091105,土地1建物0車位0,,,其他,,,,0.0,0,0,0,有,無,28170000,20851,,0.0,0,,RPVNMLTLJHGGFHD78DA,0.0,0.0,0.0,無,
安定區,土地,港口段1386地號,60.46,,特定農業區,農牧用地,1091212,土地1建物0車位0,,,其他,,,,0.0,0,0,0,有,無,265800,4396,,0.0,0,,RPXNMLTLJHGGFHD98DA,0.0,0.0,0.0,無,1248
新化區,土地,洋子段748地號,2257.0,,特定農業區,農牧用地,1091222,土地1建物0車位0,,,其他,,,,0.0,0,0,0,有,無,15600000,6912,,0.0,0,,RPVOMLSLJHGGFHD78DA,0.0,0.0,0.0,無,
新市區,房地(土地+建物)+車位,社內７３之７號五樓之２,50.19,,鄉村區,乙種建築用地,1091216,土地1建物1車位1,五層,六層,華廈(10層含以下有電梯),見其他登記事項,鋼筋混凝土造,1041026,182.7,2,1,1,有,有,7800000,42693,坡道平面,0.0,0,親友、員工、共有人或其他特殊關係間之交易；,RPRPMLSLJHGGFHD48DA,104.51,0.0,9.6,有,1249
新市區,房地(土地+建物)+車位,國際路１３號七樓之６等１戶之公共設施,15980.76,都市：其他:乙種工業區,,,1091230,土地4建物75車位2,一層，二層,五層,華廈(10層含以下有電梯),見其他登記事項,鋼筋混凝土造,0951204,49616.18,0,0,0,無,有,2100000000,42325,坡道平面,9201.33,0,,RPVNMLTKJHGGFHD68DA,34700.78,0.0,0.0,有,
仁德區,土地,大宅段152地號,42.04,都市：其他:農業區,,,1091220,土地1建物0車位0,,,其他,,,,0.0,0,0,0,有,無,1270000,30209,,0.0,0,,RPPNMLSLJHGGFID18DA,0.0,0.0,0.0,無,
關廟區,土地,北勢段213地號,356.67,都市：其他:農業區,,,1091221,土地1建物0車位0,,,其他,,,,0.0,0,0,0,有,無,1618390,4537,,0.0,0,親屬買賣親友、員工、共有人或其他特殊關係間之交易；,RPRNMLSLJHGGFID38DA,0.0,0.0,0.0,無,
歸仁區,房地(土地+建物),六甲六街４６號,45.87,,鄉村區,乙種建築用地,1091224,土地1建物1車位0,全,四層,透天厝,住家用,見其他登記事項,1080211,104.48,5,2,4,有,無,4725000,45224,,0.0,0,,RPPNMLTLJHGGFID28DA,93.49,0.0,10.98,無,1250
仁德區,土地,虎山段277地號,1452.46,都市：其他:農業區,,,1091120,土地1建物0車位0,,,其他,,,,0.0,0,0,0,有,無,46000000,31670,,0.0,0,,RPQNMLTLJHGGFID38DA,0.0,0.0,0.0,無,
仁德區,房地(土地+建物),大甲里中正西路３６０巷２０弄４１號二樓之２３,5.02,都市：其他:住宅區,,,1100122,土地2建物1車位0,二層,四層,華廈(10層含以下有電梯),見其他登記事項,鋼筋混凝土造,0960920,14.149999999999999,1,1,1,有,有,550000,38869,,0.0,0,夾層；,RPVNMLTLJHGGFID88DA,7.14,0.9,0.0,有,
新營區,房地(土地+建物),富昌街４０號,120.44,都市：其他:住宅區,,,1080922,土地1建物1車位0,全,三層,透天厝,住家用,鋼筋混凝土造,1091007,249.15,4,3,5,有,無,13680000,54907,,0.0,0,土地價款684萬元整.房屋價款684萬元整.其他增建；未登記建物；,RPPNMLTLJHGGFDD87EA,236.8,0.0,12.35,無,
柳營區,土地,果毅後段4073-4地號,25.75,,鄉村區,乙種建築用地,1100115,土地1建物0車位0,,,其他,,,,0.0,0,0,0,有,無,160000,6214,,0.0,0,親友、員工、共有人或其他特殊關係間之交易；未登記建物；,RPRNMLTLJHGGFDD08EA,0.0,0.0,0.0,無,
鹽水區,土地,舊營段後寮小段900地號,2837.0,,特定農業區,農牧用地,1100112,土地1建物0車位0,,,其他,,,,0.0,0,0,0,有,無,3420000,1205,,0.0,0,,RPSNMLTLJHGGFDD18EA,0.0,0.0,0.0,無,
白河區,土地,關子嶺段551-11地號,58.0,,山坡地保育區,特定目的事業用地,1100106,土地1建物0車位0,,,其他,,,,0.0,0,0,0,有,無,175450,3025,,0.0,0,台電鐵塔用地協議價購；,RPPNMLTLJHGGFED97EA,0.0,0.0,0.0,無,
白河區,土地,崁子頭段1-11地號,195.0,,一般農業區,特定目的事業用地,1100106,土地1建物0車位0,,,其他,,,,0.0,0,0,0,有,無,589875,3025,,0.0,0,台電鐵塔用地協議價購；,RPQNMLTLJHGGFED08EA,0.0,0.0,0.0,無,
白河區,土地,糞箕湖段木屐寮小段442-16地號,326.67,都市：其他:農業區,,,1100119,土地2建物0車位0,,,其他,,,,0.0,0,0,0,有,無,5000000,15306,,0.0,0,未登記建物；,RPRNMLTLJHGGFED18EA,0.0,0.0,0.0,無,
白河區,土地,國泰段19地號,236.49,都市：其他:住宅區,,,1100101,土地1建物0車位0,,,其他,,,,0.0,0,0,0,有,無,8280000,35012,,0.0,0,,RPSNMLTLJHGGFED28EA,0.0,0.0,0.0,無,
後壁區,土地,頭前段153-1地號,333.82,都市：其他:住宅區,,,1100101,土地1建物0車位0,,,其他,,,,0.0,0,0,0,有,無,4800000,14379,,0.0,0,,RPVNMLTLJHGGFED58EA,0.0,0.0,0.0,無,1251
後壁區,土地,頂中段516地號,35.16,,鄉村區,乙種建築用地,1100128,土地1建物0車位0,,,其他,,,,0.0,0,0,0,有,無,600000,17065,,0.0,0,,RPPNMLLJKHGGFED07EA,0.0,0.0,0.0,無,
官田區,土地,護安段509-3地號,450.38,都市：其他:住宅區,,,1100128,土地1建物0車位0,,,其他,,,,0.0,0,0,0,有,無,2720000,6039,,0.0,0,親友、員工、共有人或其他特殊關係間之交易；受債權債務關係影響或債務抵償；,RPSNMLSLJHGGFFD28EA,0.0,0.0,0.0,無,
麻豆區,土地,麻安段622地號,44.6,都市：其他:第三種住宅區。,,,1100110,土地2建物0車位0,,,其他,,,,0.0,0,0,0,有,無,674500,15123,,0.0,0,畸零地或有合併使用效益；,RPVNMLSLJHGGFFD58EA,0.0,0.0,0.0,無,
麻豆區,土地,麻安段645地號,2.01,都市：其他:第三種住宅區。,,,1100114,土地1建物0車位0,,,其他,,,,0.0,0,0,0,有,無,30000,14925,,0.0,0,畸零地或有合併使用效益；,RPWNMLSLJHGGFFD68EA,0.0,0.0,0.0,無,1252
下營區,土地,仁里段397地號,250.86,都市：其他:計畫道路用地,,,1091224,土地2建物0車位0,,,其他,,,,0.0,0,0,0,有,無,3500000,13952,,0.0,0,,RPPNMLTLJHGGFFD08EA,0.0,0.0,0.0,無,
大內區,土地,二重溪段48-27地號,2000.0,,山坡地保育區,農牧用地,1100118,土地1建物0車位0,,,其他,,,,0.0,0,0,0,有,無,500000,250,,0.0,0,,RPQNMLTLJHGGFFD18EA,0.0,0.0,0.0,無,1253
下營區,土地,下營段3290地號,1308.0,,特定農業區,農牧用地,1091228,土地1建物0車位0,,,其他,,,,0.0,0,0,0,有,無,2616000,2000,,0.0,0,,RPPNMLLJKHGGFFD17EA,0.0,0.0,0.0,無,
西港區,土地,州海段1423地號,1410.0,都市：其他:農業區,,,1100119,土地1建物0車位0,,,其他,,,,0.0,0,0,0,有,無,13200000,9362,,0.0,0,,RPXNMLSLJHGGFGD88EA,0.0,0.0,0.0,無,
永康區,土地,西勢段1497-5地號,48.13,都市：其他:道路用地,,,1100122,土地2建物0車位0,,,其他,,,,0.0,0,0,0,有,無,633000,13152,,0.0,0,包含公共設施保留地用地；,RPQQMLSLJHGGFKD88EA,0.0,0.0,0.0,無,
永康區,土地,廣富段846地號,108.47,都市：其他:道路用地,,,1100106,土地3建物0車位0,,,其他,,,,0.0,0,0,0,有,無,1130000,10418,,0.0,0,包含公共設施保留地用地；,RPVOMLLJKHGGFKD38EA,0.0,0.0,0.0,無,
歸仁區,房地(土地+建物),仁愛六街４０號,82.0,都市：其他:住宅區,,,1100113,土地1建物1車位0,全,二層,透天厝,住商用,加強磚造,0680621,107.2,4,1,2,有,無,5000000,46642,,0.0,0,,RPQOMLKLJHGGFID67EA,107.2,0.0,0.0,無,
北區,土地,公園段832地號,30.5,都市：其他:商業區,,,1091207,土地1建物0車位0,,,其他,,,,0.0,1,1,1,有,無,3500000,114754,,0.0,0,含土地增值稅或其他稅費；未登記建物；,RPUNMLMLJHGGFAD37EA,0.0,0.0,0.0,無,1254
安南區,房地(土地+建物),國安街１５６巷９３號,87.68,都市：其他:住宅區,,,1100120,土地1建物1車位0,全,二層,透天厝,住商用,鋼筋混凝土造,0691108,99.96,4,2,2,有,無,5200000,52021,,0.0,0,親友、員工、共有人或其他特殊關係間之交易；,RPOQMLRLJHGGFBD67EA,99.96,0.0,0.0,無,
東區,房地(土地+建物),崇善一街８０號二樓,6.82,都市：其他:細部計畫道路用地,,,1100126,土地3建物1車位0,二層,十八層,住宅大樓(11層含以上有電梯),住家用,鋼筋混凝土造,0850209,79.25,2,2,1,有,有,3600000,45426,,0.0,0,,RPPOMLLJKHGGFCD96EA,52.78,1.1,8.22,有,
永康區,房地(土地+建物),小東路６８５巷６號之３２,17.92,都市：其他:住宅區,,,1091218,土地1建物1車位0,十九層，二十層,二十層,住宅大樓(11層含以上有電梯),住家用,鋼筋混凝土造,0810519,217.64,4,2,3,有,有,9000000,41353,,0.0,0,,RPUPMLSKKIPFFKD37DA,152.37,0.0,18.54,有,
永康區,房地(土地+建物)+車位,大灣東路６１３號四樓之３,36.84,都市：其他:住宅區,,,1080428,土地1建物1車位1,四層,五層,華廈(10層含以下有電梯),見其他登記事項,見其他登記事項,1090819,118.66,3,2,2,有,有,5980000,50166,一樓平面,19.39,1000000,預售屋、或土地及建物分次登記案件；,RPSOMLKMKIPFFKD09DA,62.15,0.0,9.28,有,
楠西區,土地,楠中段307-4地號,79.91,都市：其他:住宅區,,,1100113,土地3建物0車位0,,,其他,,,,0.0,0,0,0,有,無,1150000,14391,,0.0,0,未登記建物；,RPPNMLNKJHGGFJD67DA,0.0,0.0,0.0,無,
南化區,土地,菁埔寮段41-7地號,3010.0,,山坡地保育區,農牧用地,1091105,土地1建物0車位0,,,其他,,,,0.0,0,0,0,有,無,1250000,415,,0.0,0,,RPPNMLSLJHGGFJD28DA,0.0,0.0,0.0,無,
永康區,房地(土地+建物)+車位,勝學路２３７號八樓之１,14.79,都市：其他:住宅區,,,1091112,土地1建物1車位1,八層,十三層,住宅大樓(11層含以上有電梯),見其他登記事項,鋼筋混凝土造,0880701,150.79,4,2,2,有,有,5280000,35016,坡道平面,0.0,0,,RPSOMLSJKIPFFKD96DA,83.68,2.54,10.67,有,
永康區,房地(土地+建物),大灣路４０巷２０８弄２２號,82.25,,,,1100112,土地2建物1車位0,全,四層,透天厝,住家用,見其他登記事項,1091014,178.16,5,2,5,有,無,13800000,77458,,0.0,0,,RPWSMLQLJHGGFKD76DA,170.98,0.0,7.18,無,
永康區,房地(土地+建物),五王里成功路６０號三樓之１,13.89,都市：其他:住宅區,,,1091220,土地1建物1車位0,三層,七層,華廈(10層含以下有電梯),住家用,鋼筋混凝土造,0801218,102.23,3,2,1,有,無,3700000,36193,,0.0,0,,RPTOMLRLJHGGFKD78DA,67.9,0.0,8.78,有,
永康區,土地,安康段812-5地號,42.06,都市：其他:住宅區,,,1100113,土地1建物0車位0,,,其他,,,,0.0,0,0,0,有,無,3898962,92700,,0.0,0,政府機關標讓售；,RPSOMLSLJHGGFKD78DA,0.0,0.0,0.0,無,
永康區,土地,安康段812-6地號,31.08,,,,1100113,土地1建物0車位0,,,其他,,,,0.0,0,0,0,有,無,2881116,92700,,0.0,0,政府機關標讓售；,RPXOMLSLJHGGFKD66DA,0.0,0.0,0.0,無,
永康區,房地(土地+建物),大灣東路６１１號三樓之１,42.4,都市：其他:住宅區,,,1071023,土地1建物1車位0,三層,五層,華廈(10層含以下有電梯),見其他登記事項,見其他登記事項,1090819,115.0,3,2,2,有,有,6080000,52870,,0.0,0,預售屋、或土地及建物分次登記案件；,RPSNMLSLJHGGFKD68DA,71.54,0.0,11.42,有,
永康區,房地(土地+建物)+車位,大灣東路６１１號五樓之１,42.52,都市：其他:住宅區,,,1091010,土地1建物1車位1,五層,五層,華廈(10層含以下有電梯),見其他登記事項,見其他登記事項,1090819,134.39,3,2,2,有,有,7100000,53043,一樓平面,19.39,1000000,,RPTNMLSLJHGGFKD78DA,71.54,0.0,11.42,有,
永康區,房地(土地+建物),安康里中華路７０３巷３弄２５之２７號,7.35,都市：其他:住宅區,,,1100122,土地1建物1車位0,四層,六層,華廈(10層含以下有電梯),住家用,鋼筋混凝土造,0831123,30.020000000000003,1,0,1,有,有,1330000,44304,,0.0,0,,RPUNMLSLJHGGFKD88DA,16.45,0.0,4.44,有,1255
永康區,房地(土地+建物)+車位,東橋七路１９５號七樓之５,23.11,都市：其他:住宅區,,,1091228,土地1建物1車位1,七層,十六層,住宅大樓(11層含以上有電梯),住家用,見其他登記事項,1061114,148.8,3,2,2,有,有,9300000,62500,坡道平面,22.39,0,,RPVNMLSLJHGGFKD98DA,74.27,5.63,4.0,有,1256
永康區,房地(土地+建物)+車位,網寮里永二街４２１號七樓之１,19.96,都市：其他:道路用地,,,1091226,土地2建物1車位1,七層,十六層,住宅大樓(11層含以上有電梯),住家用,鋼筋混凝土造,0830504,113.4,3,2,2,有,有,3990000,35185,坡道機械,0.0,0,,RPWQMLRLJHGGFKD66DA,71.84,0.0,9.08,有,
永康區,房地(土地+建物),五王里五福街２１號二樓之１０,4.22,都市：其他:住宅區,,,1100116,土地1建物1車位0,二層,七層,華廈(10層含以下有電梯),住家用,鋼筋混凝土造,0800619,37.69,1,0,1,有,無,1500000,39798,,0.0,0,,RPPRMLRLJHGGFKD68DA,19.81,0.0,10.8,有,
永康區,土地,蜈蜞潭段1291-4地號,55.0,都市：其他:道路用地,,,1091208,土地4建物0車位0,,,其他,,,,0.0,0,0,0,有,無,918500,16700,,0.0,0,,RPVNMLPLJHGGFKD68DA,0.0,0.0,0.0,無,1257
永康區,房地(土地+建物)+車位,復華一街１８０號七樓之２,29.2,都市：其他:住宅區,,,1070621,土地1建物1車位1,七層,十四層,住宅大樓(11層含以上有電梯),見其他登記事項,見其他登記事項,1090909,152.14,3,1,2,有,有,6900000,46797,坡道平面,28.2,1100000,預售屋、或土地及建物分次登記案件；,RPTNMLQLJHGGFKD58DA,75.88,0.0,7.83,有,
永康區,房地(土地+建物)+車位,大安街４６８巷１２號五樓之６,21.53,都市：其他:住宅區,,,1091225,土地1建物1車位1,五層,十層,華廈(10層含以下有電梯),住家用,見其他登記事項,1080131,103.44,2,2,1,有,有,5400000,52204,坡道平面,32.99,0,,RPVNMLQLJHGGFKD78DA,42.07,0.0,4.7,有,
永康區,房地(土地+建物)+車位,復華一街１８０號八樓之１,30.41,都市：其他:住宅區,,,1070414,土地1建物1車位1,八層,十四層,住宅大樓(11層含以上有電梯),見其他登記事項,見其他登記事項,1090909,157.13,3,1,2,有,有,7280000,47933,坡道平面,28.2,1100000,預售屋、或土地及建物分次登記案件；,RPWNMLQLJHGGFKD88DA,77.56,0.0,9.57,有,
永康區,房地(土地+建物)+車位,復華一街１８０號十四樓之２,29.2,都市：其他:住宅區,,,1080618,土地1建物1車位1,十四層,十四層,住宅大樓(11層含以上有電梯),見其他登記事項,見其他登記事項,1090909,152.14,3,1,2,有,有,7750000,52848,坡道平面,28.2,1200000,預售屋、或土地及建物分次登記案件；,RPXNMLQLJHGGFKD98DA,75.88,0.0,7.83,有,
永康區,房地(土地+建物),大安街４６８巷１２號二樓之７,23.33,都市：其他:住宅區,,,1091225,土地1建物1車位0,二層,十層,華廈(10層含以下有電梯),住家用,見其他登記事項,1080131,105.49,2,2,1,有,有,5580000,52896,,0.0,0,,RPOOMLQLJHGGFKD18DA,47.54,0.0,6.01,有,
永康區,房地(土地+建物)+車位,復華一街１８０號九樓之６,21.34,都市：其他:住宅區,,,1070513,土地1建物1車位1,九層,十四層,住宅大樓(11層含以上有電梯),集合住宅,鋼筋混凝土構造,1090909,113.63,2,1,1,有,有,5150000,49687,坡道機械,21.05,550000,權利買賣契約價格580萬元整含車位價款55萬元預售屋、或土地及建物分次登記案件；,RPTOMLQLJHGGFKD68DA,57.78,0.0,4.74,有,
永康區,房地(土地+建物)+車位,大安街４６８巷１２號二樓之６,21.53,都市：其他:住宅區,,,1091225,土地1建物1車位1,二層,十層,華廈(10層含以下有電梯),住家用,見其他登記事項,1080131,95.29,2,2,1,有,有,5050000,52996,坡道平面,24.83,0,,RPVOMLQLJHGGFKD88DA,42.07,0.0,4.7,有,
永康區,房地(土地+建物)+車位,復華一街１８０號二樓之１,29.96,都市：其他:住宅區,,,1070813,土地1建物1車位1,二層,十四層,住宅大樓(11層含以上有電梯),見其他登記事項,見其他登記事項,1090909,149.98,3,1,2,有,有,6600000,46149,坡道機械,21.05,650000,預售屋、或土地及建物分次登記案件；,RPXOMLQLJHGGFKD09DA,77.56,0.0,9.57,有,
永康區,房地(土地+建物)+車位,復華一街１８０號五樓之３,30.5,都市：其他:住宅區,,,1070425,土地1建物1車位1,五層,十四層,住宅大樓(11層含以上有電梯),見其他登記事項,見其他登記事項,1090909,158.02,3,1,2,有,有,6880000,45293,坡道平面,28.2,1000000,預售屋、或土地及建物分次登記案件；,RPQPMLQLJHGGFKD48DA,79.66,0.0,8.07,有,
永康區,房地(土地+建物)+車位,復華一街１８０號一樓之１,30.41,都市：其他:住宅區,,,1070814,土地1建物1車位1,一層,十四層,住宅大樓(11層含以上有電梯),見其他登記事項,見其他登記事項,1090909,157.13,3,1,2,有,有,7206343,47362,坡道平面,28.2,1100000,毛胚屋；預售屋、或土地及建物分次登記案件；,RPSPMLQLJHGGFKD68DA,77.56,0.0,9.57,有,
永康區,房地(土地+建物)+車位,復華一街１８０號九樓之５,30.41,都市：其他:住宅區,,,1070704,土地1建物1車位1,九層,十四層,住宅大樓(11層含以上有電梯),見其他登記事項,見其他登記事項,1090909,156.87,3,1,2,有,有,7530000,49973,坡道平面,28.2,1100000,預售屋、或土地及建物分次登記案件；,RPTPMLQLJHGGFKD78DA,78.89,0.0,8.08,有,
永康區,房地(土地+建物),中山南路４３巷７弄２３號五樓,25.34,都市：其他:住宅區,,,1100110,土地2建物1車位0,五層,五層,公寓(5樓含以下無電梯),住家用,鋼筋混凝土造,0700812,94.79,3,2,1,有,無,1990000,20994,,0.0,0,,RPSRMLQLJHGGFKD88DA,72.46,0.0,9.02,無,0128
永康區,土地,蜈蜞潭段2016地號,58.0,都市：其他:道路用地,,,1091225,土地2建物0車位0,,,其他,,,,0.0,0,0,0,有,無,777000,13397,,0.0,0,包含公共設施保留地用地；,RPWPMLLLJHGGFKD58DA,0.0,0.0,0.0,無,0021
永康區,土地,大灣段7647地號,8.01,都市：其他:住宅區,,,1100115,土地1建物0車位0,,,其他,,,,0.0,0,0,0,有,無,300000,37453,,0.0,0,廟前廣場，土地上現有金爐、舞台親友、員工、共有人或其他特殊關係間之交易；,RPTNMLLLJHGGFKD08DA,0.0,0.0,0.0,無,1260
永康區,房地(土地+建物),新興街３５巷２３弄１１號,85.7,都市：其他:住宅區,,,1091227,土地4建物1車位0,全,四層,透天厝,住家用,見其他登記事項,1011206,220.72,9,0,9,有,無,16000000,72490,,0.0,0,,RPWOMLMLJHGGFKD58DA,187.5,10.17,22.68,無,
永康區,房地(土地+建物),忠孝路７６巷６３弄２１號二樓,23.23,都市：其他:住宅區,,,1091225,土地2建物1車位0,二層,五層,公寓(5樓含以下無電梯),住家用,鋼筋混凝土造,0720224,78.6,3,2,1,有,無,3800000,48346,,0.0,0,,RPXOMLMLJHGGFKD68DA,62.6,0.0,8.93,無,1261
永康區,房地(土地+建物),中華路１３４巷５８弄８號,62.03,,,,1100104,土地1建物1車位0,全,一層,透天厝,住家用,磚造,0610400,41.92,3,1,1,有,無,3700000,88263,,0.0,0,其他增建；,RPSQMLSLJHGGFKD98DA,41.92,0.0,0.0,無,
永康區,土地,大灣段3383地號,990.0,都市：其他:農業區,,,1091218,土地1建物0車位0,,,其他,,,,0.0,0,0,0,有,無,9000000,9091,,0.0,0,,RPQNMLTLJHGGFKD58DA,0.0,0.0,0.0,無,
永康區,房地(土地+建物),東橋七路１９１號十五樓之８,14.86,都市：其他:住宅區,,,1100117,土地1建物1車位0,十五層,十六層,住宅大樓(11層含以上有電梯),住家用,見其他登記事項,1061114,87.69,2,1,1,有,有,6150000,70133,,0.0,0,,RPQNMLLJKHGGFKD67DA,49.79,1.08,7.22,有,1262
永康區,土地,蜈蜞潭段2233-4地號,36.0,都市：其他:道路用地,,,1091229,土地1建物0車位0,,,其他,,,,0.0,0,0,0,有,無,580000,16111,,0.0,0,包含公共設施保留地用地；,RPPOMLOKJHGGFKD97DA,0.0,0.0,0.0,無,
永康區,房地(土地+建物),復華七街１５３號,110.68,都市：其他:住宅區,,,1091207,土地1建物1車位0,全,四層,透天厝,住商用,鋼筋混凝土造,0820809,225.72,5,2,5,有,無,17000000,75315,,0.0,0,其他增建；,RPWOMLOKJHGGFKD68DA,194.54,16.15,15.03,無,
永康區,房地(土地+建物)+車位,中華路４２５號十樓之２,8.02,都市：其他:住宅區,,,1090930,土地1建物1車位3,十層,二十二層,住宅大樓(11層含以上有電梯),見其他登記事項,鋼筋混凝土造,0811215,375.24,0,0,0,無,有,11380000,30327,坡道平面,0.0,0,,RPPNMLSKJHGGFKD28DA,242.41,0.0,0.0,有,
永康區,房地(土地+建物)+車位,大橋里大橋一街６３號,10.39,都市：其他:住宅區,,,1091227,土地1建物1車位1,一層,十三層,住宅大樓(11層含以上有電梯),住家用,鋼筋混凝土造,0830408,110.89,3,2,2,有,有,6300000,56813,坡道機械,0.0,0,,RPPPMLLKJHGGFKD77DA,59.61,13.81,0.0,有,1263
永康區,土地,二王段133地號,193.92,都市：其他:道路用地,,,1000118,土地1建物0車位0,,,其他,,,,0.0,0,0,0,有,無,4936427,25456,,0.0,0,包含公共設施保留地用地；,RPTNMLSKJHGGFKD68DA,0.0,0.0,0.0,無,0753
永康區,土地,忠孝段18-2地號,5.47,都市：其他:道路用地,,,1100119,土地1建物0車位0,,,其他,,,,0.0,0,0,0,有,無,120000,21938,,0.0,0,包含公共設施保留地用地；,RPOOMLKLJHGGFKD57DA,0.0,0.0,0.0,無,
永康區,土地,忠孝段18-1地號,3.4,都市：其他:道路用地,,,1100119,土地1建物0車位0,,,其他,,,,0.0,0,0,0,有,無,100000,29412,,0.0,0,包含公共設施保留地用地；,RPVNMLKLJHGGFKD18DA,0.0,0.0,0.0,無,1265
永康區,土地,頂東段476地號,1853.58,都市：其他:道路用地,,,1100122,土地2建物0車位0,,,其他,,,,0.0,0,0,0,有,無,6000000,3237,,0.0,0,包含公共設施保留地用地；,RPSOMLTLJHGGFKD88DA,0.0,0.0,0.0,無,
永康區,房地(土地+建物),鹽行路１４６巷２０弄１８號,115.46,都市：其他:住宅區,,,1091227,土地2建物1車位0,全,四層,透天厝,見其他登記事項,見其他登記事項,1000106,316.1,20,0,20,有,無,17800000,56311,,0.0,0,頂樓加蓋；,RPXQMLSLJHGGFKD86DA,269.56,0.0,46.54,無,
永康區,房地(土地+建物),埔園里龍中街４３３號,89.0,都市：其他:住宅區,,,1100126,土地2建物1車位0,全,四層,透天厝,住商用,鋼筋混凝土造,0810817,206.25,5,2,5,有,無,6000000,29091,,0.0,0,親友、員工、共有人或其他特殊關係間之交易；,RPWPMLSLJHGGFKD66DA,176.72,13.94,15.59,無,
永康區,房地(土地+建物)+車位,復華里國華街１０２巷１２９弄１號二樓之１,43.68,都市：其他:住宅區,,,1091218,土地1建物1車位1,二層,五層,公寓(5樓含以下無電梯),住家用,鋼筋混凝土造,0870505,108.15,3,2,2,有,無,4700000,43458,坡道平面,0.0,0,,RPTRMLSLJHGGFKD56DA,80.1,0.0,8.32,無,
永康區,土地,埔園段864地號,9.11,都市：其他:道路用地,,,1100104,土地1建物0車位0,,,其他,,,,0.0,0,0,0,有,無,51900,5697,,0.0,0,親友、員工、共有人或其他特殊關係間之交易；包含公共設施保留地用地；,RPSNMLTLJHGGFKD78DA,0.0,0.0,0.0,無,
永康區,土地,西勢段1285地號,3000.0,都市：其他:農業區,,,1091228,土地1建物0車位0,,,其他,,,,0.0,0,0,0,有,無,37500000,12500,,0.0,0,農作物；,RPTNMLTLJHGGFKD88DA,0.0,0.0,0.0,無,
永康區,土地,蜈蜞潭段2188-3地號,686.0,都市：其他:公園兼兒童遊樂場用地,,,1100122,土地1建物0車位0,,,其他,,,,0.0,0,0,0,有,無,15098860,22010,,0.0,0,包含公共設施保留地用地；,RPWNMLLLJHGGFKD38DA,0.0,0.0,0.0,無,0138
永康區,土地,鹽東段1440地號,84.62,都市：其他:道路用地,,,1100122,土地2建物0車位0,,,其他,,,,0.0,0,0,0,有,無,2218393,26216,,0.0,0,包含公共設施保留地用地；,RPTOMLLLJHGGFKD18DA,0.0,0.0,0.0,無,1020
永康區,土地,埔園段414地號,61.67,都市：其他:住宅區,,,1090902,土地1建物0車位0,,,其他,,,,0.0,0,0,0,有,無,4103900,66546,,0.0,0,,RPRNMLPLJHGGFKD28DA,0.0,0.0,0.0,無,
永康區,房地(土地+建物),大橋里中正路２７９巷１３號,273.27,都市：其他:工業區,,,1091208,土地1建物2車位0,全,二層,透天厝,見其他登記事項,加強磚造,0771103,267.9,4,4,3,有,無,10000000,37327,,0.0,0,,RPUOMLRLJHGGFKD88DA,247.33,18.31,2.26,無,
永康區,土地,蜈蜞潭段2243-3地號,20.0,都市：其他:道路用地,,,1091223,土地1建物0車位0,,,其他,,,,0.0,0,0,0,有,無,300000,15000,,0.0,0,包含公共設施保留地用地；,RPVNMLRLJHGGFKD88DA,0.0,0.0,0.0,無,
玉井區,土地,望明段524-2地號,6250.2,,一般農業區,農牧用地,1091203,土地7建物0車位0,,,其他,,,,0.0,0,0,0,有,無,8000000,1280,,0.0,0,,RPPNMLLJKHGGFJD47DA,0.0,0.0,0.0,無,
鹽水區,土地,大埔段147地號,3047.0,,一般農業區,農牧用地,1091118,土地2建物0車位0,,,其他,,,,0.0,0,0,0,有,無,1980000,650,,0.0,0,,RPUNMLRLJHGGFDD18EA,0.0,0.0,0.0,無,
安南區,土地,溪東段1150-58地號,729.05,都市：其他:細部計畫道路用地,,,1100108,土地2建物0車位0,,,其他,,,,0.0,0,0,0,有,無,9196131,12614,,0.0,0,包含公共設施保留地用地；,RPVNMLSLJHGGFBD18EA,0.0,0.0,0.0,無,1268
安南區,土地,淵南段318地號,2124.32,都市：其他:主要計畫道路用地,,,1100114,土地4建物0車位0,,,其他,,,,0.0,0,0,0,有,無,18871923,8884,,0.0,0,包含公共設施保留地用地；,RPWNMLSLJHGGFBD28EA,0.0,0.0,0.0,無,1269
安南區,土地,佃南段175地號,20.22,都市：其他:細部計畫道路用地,,,1100121,土地6建物0車位0,,,其他,,,,0.0,0,0,0,有,無,230000,11375,,0.0,0,親友、員工、共有人或其他特殊關係間之交易；,RPPNMLTLJHGGFBD67EA,0.0,0.0,0.0,無,1270
安南區,房地(土地+建物),長和路二段１２巷３２３弄５６號,91.91,都市：其他:住宅區,,,1091106,土地2建物1車位0,全,三層,透天厝,見其他登記事項,鋼筋混凝土造,1090825,178.37,5,2,3,有,有,11000000,61670,,0.0,0,預售屋、或土地及建物分次登記案件；,RPWNMLTLJHGGFBD38EA,151.3,0.0,27.07,無,
安南區,房地(土地+建物),長和路二段１２巷３２３弄７６號,92.08,都市：其他:住宅區,,,1091106,土地2建物1車位0,全,三層,透天厝,見其他登記事項,鋼筋混凝土造,1090825,178.37,5,2,3,有,無,10500000,58866,,0.0,0,預售屋、或土地及建物分次登記案件；,RPOOMLTLJHGGFBD67EA,151.3,0.0,27.07,無,
安南區,土地,怡中段163地號,3295.2,都市：其他:農業區,,,1091203,土地2建物0車位0,,,其他,,,,0.0,0,0,0,有,無,65788668,19965,,0.0,0,,RPQPMLTLJHGGFBD97EA,0.0,0.0,0.0,無,1271
東區,土地,德高段1449-3地號,1338.78,都市：其他:細部計畫道路用地,,,1100114,土地10建物0車位0,,,其他,,,,0.0,0,0,0,有,無,30897052,23079,,0.0,0,包含公共設施保留地用地；,RPSOMLSLJHGGFCD08EA,0.0,0.0,0.0,無,1272
東區,土地,虎尾段1870地號,266.8,都市：其他:道路用地,,,1100108,土地1建物0車位0,,,其他,,,,0.0,0,0,0,有,無,15543823,58260,,0.0,0,包含公共設施保留地用地；,RPTOMLSLJHGGFCD18EA,0.0,0.0,0.0,無,1273
南區,土地,新都段28-14地號,67.5,都市：其他:住宅區,,,1090521,土地1建物0車位0,,,其他,,,,0.0,0,0,0,有,無,2100000,31111,,0.0,0,含土地增值稅或其他稅費；地上權房屋；,RPVNMLQLJHGGFCD08EA,0.0,0.0,0.0,無,
北區,土地,大興段1170地號,815.82,都市：其他:細部計畫道路用地,,,1100108,土地4建物0車位0,,,其他,,,,0.0,0,0,0,有,無,18445012,22609,,0.0,0,包含公共設施保留地用地；,RPUPMLSLJHGGFAD18EA,0.0,0.0,0.0,無,1274
北區,土地,小北段1181地號,1010.59,都市：其他:細部計畫道路用地,,,1100114,土地1建物0車位0,,,其他,,,,0.0,0,0,0,有,無,32035551,31700,,0.0,0,包含公共設施保留地用地；,RPVPMLSLJHGGFAD28EA,0.0,0.0,0.0,無,1275
中西區,房地(土地+建物),公園路７７號,156.05,都市：其他:商業區,,,1091203,土地7建物2車位0,全,三層,透天厝,住商用,加強磚造,0550000,308.64,5,1,3,有,無,28000000,90721,,0.0,0,,RPRPMLPKJHGGFAD47EA,308.64,0.0,0.0,無,
龍崎區,土地,中坑子段493-12地號,2594.0,,山坡地保育區,農牧用地,1100125,土地1建物0車位0,,,其他,,,,0.0,0,0,0,有,無,500000,193,,0.0,0,親友、員工、共有人或其他特殊關係間之交易；,RPROMLKLJHGGFID77EA,0.0,0.0,0.0,無,
歸仁區,房地(土地+建物),仁愛六街４２號,79.0,都市：其他:住宅區,,,1100113,土地1建物1車位0,全,二層,透天厝,住商用,加強磚造,0680621,104.4,4,1,2,有,無,5000000,47893,,0.0,0,,RPPOMLKLJHGGFID57EA,104.4,0.0,0.0,無,
永康區,房地(土地+建物),復國一路２５０巷１６號,97.54,都市：其他:住宅區,,,1100120,土地1建物1車位0,全,二層,透天厝,住家用,鋼筋混凝土造,0740212,102.0,4,2,2,有,無,5000000,49020,,0.0,0,親友、員工、共有人或其他特殊關係間之交易；,RPSNMLLJKHGGFKD97EA,83.52,15.24,3.24,無,
玉井區,房地(土地+建物),民族路２５１巷２８號,80.84,都市：其他:住宅區,,,1091223,土地1建物1車位0,全,二層,透天厝,住商用,加強磚造,0710503,109.6,3,1,2,有,無,2000000,18248,,0.0,0,,RPPNMLNJKHGGFJD77EA,107.26,0.0,2.34,無,
柳營區,房地(土地+建物),十美街１８６巷８號,87.0,都市：其他:住宅區,,,1080521,土地1建物1車位0,全,三層,透天厝,住家用,鋼筋混凝土造,1090907,161.33,5,2,5,有,無,7160000,44381,,0.0,0,預售屋、或土地及建物分次登記案件；,RPRNMLLJKHGGFDD17EA,142.76,0.0,18.57,無,
柳營區,房地(土地+建物),十美街１８６巷１０號,90.0,都市：其他:住宅區,,,1080519,土地1建物1車位0,全,三層,透天厝,住家用,鋼筋混凝土造,1090907,164.07,4,2,4,有,無,7380000,44981,,0.0,0,預售屋、或土地及建物分次登記案件；,RPSNMLLJKHGGFDD27EA,145.22,0.0,18.85,無,
新營區,房地(土地+建物),新進路二段４９８號四樓,13.33,都市：其他:住宅區,,,1100122,土地1建物1車位0,四層,十四層,住宅大樓(11層含以上有電梯),住家用,鋼筋混凝土造,0831227,112.01,3,2,2,有,有,3000000,26783,,0.0,0,賣方不負物之瑕疵及修繕之責.其他增建；,RPPOMLLJKHGGFDD07EA,77.72,0.0,8.59,有,
鹽水區,土地,北竹子段菜公堂小段657-1地號,1064.0,,特定農業區,農牧用地,1100126,土地1建物0車位0,,,其他,,,,0.0,0,0,0,有,無,489440,460,,0.0,0,,RPROMLLJKHGGFDD27EA,0.0,0.0,0.0,無,
仁德區,土地,保甲段473-3地號,1658.0,都市：其他:農業區,,,1091212,土地1建物0車位0,,,其他,,,,0.0,0,0,0,有,無,10000000,6031,,0.0,0,,RPXNMLTLJHGGFID09DA,0.0,0.0,0.0,無,1276
仁德區,房地(土地+建物),太子里長興路８７巷７之８號,81.22,都市：其他:住宅區,,,1091128,土地2建物1車位0,全,四層,透天厝,住家用,鋼筋混凝土造,1020102,215.35,4,2,4,有,無,12000000,55723,,0.0,0,,RPUNMLTLJHGGFID78DA,184.17,0.0,31.18,無,
關廟區,土地,龜洞段312-3地號,784.22,,一般農業區,農牧用地,1100120,土地25建物0車位0,,,其他,,,,0.0,0,0,0,有,無,1500000,1913,,0.0,0,親友、員工、共有人或其他特殊關係間之交易；,RPOOMLQLJHGGFID97DA,0.0,0.0,0.0,無,
關廟區,房地(土地+建物),民生街１８巷１３號,93.0,都市：其他:住宅區,,,1100106,土地1建物1車位0,全,四層,透天厝,住家用,見其他登記事項,1090616,209.2,4,2,3,有,無,12400000,59273,,0.0,0,預售屋、或土地及建物分次登記案件；,RPVOMLPLJHGGFID58DA,188.73,0.0,20.47,無,
關廟區,土地,新埔段396-4地號,2690.0,,一般農業區,農牧用地,1100125,土地1建物0車位0,,,其他,,,,0.0,0,0,0,有,無,7200000,2677,,0.0,0,農業設施；,RPQNMLPLJHGGFID97DA,0.0,0.0,0.0,無,1277
歸仁區,土地,歸仁北段329-5地號,146.4,都市：其他:道路用地,,,1100122,土地1建物0車位0,,,其他,,,,0.0,0,0,0,有,無,403478,2756,,0.0,0,包含公共設施保留地用地；,RPTNMLMLJHGGFID97DA,0.0,0.0,0.0,無,1008
歸仁區,土地,歸仁南段1052-13地號,70.0,,鄉村區,乙種建築用地,1091213,土地1建物0車位0,,,其他,,,,0.0,0,0,0,有,無,2250000,32143,,0.0,0,未登記建物；,RPPNMLLJKHGGFID37DA,0.0,0.0,0.0,無,
歸仁區,房地(土地+建物),武東二街２０巷３８號,100.92,,鄉村區,乙種建築用地,1091219,土地1建物1車位0,全,四層,透天厝,住家用,見其他登記事項,1080823,213.43,5,1,5,有,無,11000000,51539,,0.0,0,,RPTNMLLJKHGGFID77DA,193.59,0.0,19.84,無,
歸仁區,土地,大同段663地號,18.28,都市：其他:住宅區,,,1100119,土地1建物0車位0,,,其他,,,,0.0,0,0,0,有,無,691250,37815,,0.0,0,,RPOOMLLJKHGGFID37DA,0.0,0.0,0.0,無,0072
歸仁區,房地(土地+建物),南保里民權二街２巷１３號,81.53,都市：其他:住宅區,,,1091226,土地1建物1車位0,全,三層,透天厝,住家用,鋼筋混凝土造,0790524,160.13,5,2,3,有,無,8000000,49959,,0.0,0,其他增建；,RPWPMLLJKHGGFID28DA,150.84,0.0,9.26,無,
新市區,房地(土地+建物),大洲１７之２號,82.32,,鄉村區,乙種建築用地,1091216,土地3建物1車位0,全,四層,透天厝,見其他登記事項,鋼筋混凝土造,1060821,192.96,5,2,4,有,無,10400000,53897,,0.0,0,其他增建；,RPWSMLTLJHGGFHD76DA,175.84,0.0,17.12,無,1280
善化區,房地(土地+建物)+車位,文化路６號十樓之３,17.69,都市：其他:住宅區,,,1091227,土地1建物1車位1,十層,十二層,住宅大樓(11層含以上有電梯),住家用,鋼筋混凝土造,0960927,103.02,2,2,1,有,有,6500000,63095,坡道平面,24.02,0,,RPXSMLTLJHGGFHD86DA,52.93,0.0,7.62,有,1281
山上區,土地,牛稠埔段346-40地號,1411.0,,山坡地保育區,農牧用地,1100126,土地1建物0車位0,,,其他,,,,0.0,0,0,0,有,無,1100000,780,,0.0,0,,RPRNMLLMJHGGFHD67DA,0.0,0.0,0.0,無,
善化區,房地(土地+建物),陽光大道５９１號二十樓之３,12.86,都市：其他:住宅生活服務區(第四種住宅區)區,,,1091012,土地1建物1車位0,二十層,二十二層,住宅大樓(11層含以上有電梯),見其他登記事項,鋼筋混凝土造,1081120,87.81,2,2,1,有,有,4800000,54663,,0.0,0,,RPROMLLJKHGGFHD57DA,48.03,2.2,6.11,有,
安定區,土地,港子尾段1804地號,2400.0,,特定農業區,農牧用地,1100120,土地1建物0車位0,,,其他,,,,0.0,0,0,0,有,無,14300000,5958,,0.0,0,,RPUOMLKLJHGGFHD87DA,0.0,0.0,0.0,無,
新市區,土地,三德段583地號,180.06,都市：其他:計畫道路用地,,,1100114,土地8建物0車位0,,,其他,,,,0.0,0,0,0,有,無,3467800,19259,,0.0,0,包含公共設施保留地用地；,RPTPMLSLJHGGFHD68DA,0.0,0.0,0.0,無,1282
安定區,土地,蘇安段929地號,281.28,都市：其他:住宅區,,,1091215,土地4建物0車位0,,,其他,,,,0.0,0,0,0,有,無,3200000,11377,,0.0,0,親友、員工、共有人或其他特殊關係間之交易；未登記建物；包含公共設施保留地用地；,RPRNMLTLJHGGFHD38DA,0.0,0.0,0.0,無,
善化區,房地(土地+建物),蓮潭南街３４１號,112.16,都市：其他:生活服務區(第三種住宅區),,,1100120,土地2建物1車位0,全,四層,透天厝,住家用,鋼筋混凝土造,0991020,258.13,5,2,5,有,無,16900000,65471,,0.0,0,,RPSNMLTLJHGGFHD48DA,244.51,0.0,13.57,無,
善化區,土地,德興段757地號,404.93,,鄉村區,乙種建築用地,1091228,土地1建物0車位0,,,其他,,,,0.0,0,0,0,有,無,3279440,8099,,0.0,0,親友、員工、共有人或其他特殊關係間之交易；未登記建物；,RPQOMLTLJHGGFHD38DA,0.0,0.0,0.0,無,1035
安定區,土地,蘇厝段1446-1地號,1379.0,都市：其他:電力事業用地,,,1091207,土地2建物0車位0,,,其他,,,,0.0,0,0,0,有,無,27304200,19800,,0.0,0,,RPSOMLTLJHGGFHD58DA,0.0,0.0,0.0,無,
善化區,土地,曾文段2752-1地號,1882.0,都市：其他:農業區,,,1090723,土地2建物0車位0,,,其他,,,,0.0,0,0,0,有,無,63600000,33794,,0.0,0,,RPOOMLTLJHGGFHD18DA,0.0,0.0,0.0,無,
新市區,房地(土地+建物),三舍２０３之１６號,98.46,,鄉村區,乙種建築用地,1091214,土地3建物1車位0,全,四層,透天厝,見其他登記事項,鋼筋混凝土造,1091007,162.9,4,2,5,有,無,9500000,58318,,0.0,0,,RPVPMLRLJHGGFHD78DA,150.48,0.0,12.42,無,
新市區,房地(土地+建物),三舍２０３之８號,74.95,,鄉村區,乙種建築用地,1091122,土地3建物1車位0,全,四層,透天厝,見其他登記事項,鋼筋混凝土造,1091007,161.29,4,2,5,有,無,9500000,58900,,0.0,0,,RPUOMLRLJHGGFHD58DA,146.13,0.0,15.16,無,
新市區,房地(土地+建物),三舍２０３之９號,83.76,,鄉村區,乙種建築用地,1091203,土地3建物1車位0,全,四層,透天厝,見其他登記事項,鋼筋混凝土造,1091007,163.43,4,2,5,有,無,9500000,58129,,0.0,0,,RPROMLRLJHGGFHD28DA,148.49,0.0,14.94,無,
新市區,房地(土地+建物),三舍２０３之３號,82.29,,鄉村區,乙種建築用地,1091218,土地3建物1車位0,全,四層,透天厝,見其他登記事項,鋼筋混凝土造,1091007,160.49,4,2,5,有,無,9500000,59194,,0.0,0,,RPWNMLRLJHGGFHD68DA,146.5,0.0,14.0,無,
新化區,土地,頂山腳段417地號,127.25,,一般農業區,農牧用地,1100125,土地1建物0車位0,,,其他,,,,0.0,0,0,0,有,無,290000,2279,,0.0,0,,RPOQMLPLJHGGFHD97DA,0.0,0.0,0.0,無,1284
新化區,房地(土地+建物),中正路６６２巷１５號,73.0,,特定農業區,甲種建築用地,1091223,土地2建物1車位0,全,二層,透天厝,住家用,加強磚造,0660100,87.6,3,2,2,有,無,3950000,45091,,0.0,0,,RPXRMLOJJHGGFHD68DA,87.6,0.0,0.0,無,
新市區,土地,大榮段449地號,272.11,都市：其他:住宅區,,,1091119,土地3建物0車位0,,,其他,,,,0.0,0,0,0,有,無,12000000,44100,,0.0,0,包含公共設施保留地用地；,RPPPMLKMKIPFFHD58DA,0.0,0.0,0.0,無,
佳里區,土地,禮化段1065地號,110.14,,鄉村區,乙種建築用地,1100120,土地3建物0車位0,,,其他,,,,0.0,0,0,0,有,無,627813,5700,,0.0,0,親友、員工、共有人或其他特殊關係間之交易；,RPQOMLTLJHGGFGD28DA,0.0,0.0,0.0,無,
七股區,房地(土地+建物),大埕里大埕２９之２６號,94.0,,特定農業區,甲種建築用地,1100115,土地1建物1車位0,全,三層,透天厝,住家用,鋼筋混凝土造,0830518,185.39,4,2,4,有,無,3200000,17261,,0.0,0,,RPTNMLTLJHGGFGD48DA,172.14,7.46,5.79,無,
七股區,土地,三吉段371-1地號,82.8,,鄉村區,乙種建築用地,1091124,土地1建物0車位0,,,其他,,,,0.0,0,0,0,有,無,500000,6039,,0.0,0,親友、員工、共有人或其他特殊關係間之交易；,RPUNMLTLJHGGFGD58DA,0.0,0.0,0.0,無,
西港區,土地,下宅子段507地號,955.0,,特定農業區,農牧用地,1091229,土地1建物0車位0,,,其他,,,,0.0,0,0,0,有,無,2380000,2492,,0.0,0,,RPROMLSLJHGGFGD28DA,0.0,0.0,0.0,無,
佳里區,房地(土地+建物),信義一街６１號,103.0,都市：其他:住宅區,,,1091027,土地3建物1車位0,全,四層,透天厝,見其他登記事項,見其他登記事項,0840408,215.5,5,2,4,有,無,6880000,31926,,0.0,0,預售屋、或土地及建物分次登記案件；,RPRNMLTLJHGGFGD28DA,203.35,0.0,12.15,無,
七股區,土地,竹子港段1702地號,2264.0,,特定農業區,農牧用地,1091229,土地1建物0車位0,,,其他,,,,0.0,0,0,0,有,無,4000000,1767,,0.0,0,本案為賣方賣清，地政士服務費及各項稅費由買方另外負擔。,RPTNMLLJKHGGFGD57DA,0.0,0.0,0.0,無,
佳里區,房地(土地+建物)+車位,佳安東路６號二樓之１,21.08,,鄉村區,乙種建築用地,1100105,土地1建物1車位1,二層,十層,華廈(10層含以下有電梯),住家用,鋼筋混凝土造,0880917,146.11,3,2,2,有,有,4000000,27377,坡道平面,0.0,0,,RPPNMLRJJHGGFGD67DA,87.73,0.0,13.3,有,
官田區,土地,護安段592地號,141.35,都市：其他:商業區,,,1091127,土地1建物0車位0,,,其他,,,,0.0,0,0,0,有,無,1450000,10258,,0.0,0,,RPRNMLTLJHGGFFD18DA,0.0,0.0,0.0,無,
麻豆區,房地(土地+建物),海埔里埤子尾２３之４０號,91.24,都市：其他:第三種住宅區。,,,1091128,土地2建物1車位0,全,四層,透天厝,見其他登記事項,見其他登記事項,1051109,188.78,4,2,4,有,無,6520000,34538,,0.0,0,其他增建；,RPXNMLRLJHGGFFD58DA,174.37,2.63,11.78,無,
大內區,土地,頭社段851地號,11065.0,,山坡地保育區,農牧用地,1091218,土地2建物0車位0,,,其他,,,,0.0,0,0,0,有,無,6000000,542,,0.0,0,,RPXNMLSLJHGGFFD68DA,0.0,0.0,0.0,無,
官田區,土地,永安段325-1地號,985.0,都市：其他:農業區,,,1100120,土地2建物0車位0,,,其他,,,,0.0,0,0,0,有,無,3000000,3046,,0.0,0,,RPRNMLLJKHGGFFD27DA,0.0,0.0,0.0,無,
麻豆區,土地,小埤段400地號,242.87,都市：其他:計畫道路用地,,,1091218,土地5建物0車位0,,,其他,,,,0.0,0,0,0,有,無,2715800,11182,,0.0,0,,RPOOMLMJKHGGFFD17DA,0.0,0.0,0.0,無,
下營區,房地(土地+建物),仁里里仁南街１１號,63.06,都市：其他:住宅區,,,1090907,土地1建物1車位0,全,四層,透天厝,住家用,見其他登記事項,1040413,94.7,5,2,3,有,無,2900000,30626,,0.0,0,親友、員工、共有人或其他特殊關係間之交易；,RPRNMLLLJHGGFFD37DA,89.98,0.0,4.72,無,
官田區,房地(土地+建物),南村２鄰南３８之２號,65.51,都市：其他:第一種住宅區,,,1100105,土地1建物1車位0,全,三層,透天厝,住家用,鋼筋混凝土造,0820305,146.46,4,1,3,有,無,2200000,15021,,0.0,0,親友、員工、共有人或其他特殊關係間之交易；,RPPOMLRLJHGGFFD87DA,124.6,9.04,12.82,無,
白河區,土地,永安段652-12地號,965.5,都市：其他:農業區,,,1060104,土地2建物0車位0,,,其他,,,,0.0,0,0,0,有,無,2047500,2121,,0.0,0,本件於民國106年1月4日簽約，經法院判決共有物分割後才辦理買賣過戶登記手續。,RPQNMLLJKHGGFED07DA,0.0,0.0,0.0,無,
白河區,土地,長安段769地號,188.0,都市：其他:農業區,,,1091115,土地1建物0車位0,,,其他,,,,0.0,0,0,0,有,無,3300000,17553,,0.0,0,未登記建物；,RPTNMLPLJHGGFED87DA,0.0,0.0,0.0,無,
白河區,土地,中興段761-1地號,972.0,都市：其他:住宅區,,,1091112,土地1建物0車位0,,,其他,,,,0.0,0,0,0,有,無,21168000,21778,,0.0,0,,RPUNMLTLJHGGFED38DA,0.0,0.0,0.0,無,
南區,房地(土地+建物),國民路５８３巷３２號,67.5,都市：其他:住宅區,,,1091221,土地1建物1車位0,全,三層,透天厝,住商用,鋼筋混凝土造,0850312,134.49,3,2,2,有,無,6200000,46100,,0.0,0,,RPSNMLPKJHGGFCD47DA,128.06,0.0,6.43,無,
東區,房地(土地+建物),東寧路２０１巷２５號,75.0,都市：其他:第五種住宅區,,,1091218,土地1建物1車位0,全,三層,透天厝,住家用,鋼筋混凝土造,0750626,182.03,4,2,3,有,無,14200000,78009,,0.0,0,頂樓加蓋；其他增建；,RPVNMLLLJHGGFCD47DA,174.83,0.0,7.2,無,
東區,房地(土地+建物),仁和路１０５之６號五樓之５,30.5,都市：其他:第五種住宅區,,,1100118,土地3建物1車位0,五層,五層,公寓(5樓含以下無電梯),住家用,鋼筋混凝土造,0721212,127.77,3,2,2,有,無,3050000,23871,,0.0,0,,RPSQMLSKJHGGFCD08DA,101.01,0.0,1.52,無,1285
東區,房地(土地+建物)+車位,德昌路６８號十一樓之１,62.09,都市：其他:第五種住宅區,,,1091108,土地1建物1車位2,十一層,十三層,住宅大樓(11層含以上有電梯),見其他登記事項,見其他登記事項,1080131,296.51,4,2,3,有,有,23250000,86174,坡道平面,63.84,3200000,土地價款:9022500元 建物價款:11027500元,RPWOMLQLJHGGFCD18DA,139.78,0.0,21.15,有,
南區,房地(土地+建物),明興路１３９５巷３０號,68.48,都市：其他:住宅區,,,1091201,土地1建物1車位0,全,二層,透天厝,住商用,鋼筋混凝土造,0800225,123.64,3,2,2,有,無,4650000,37609,,0.0,0,購買人即為現住承租人。,RPRPMLSLJHGGFCD97DA,99.56,12.3,11.78,無,
南區,房地(土地+建物)+車位,大同路二段１３８號四樓之２,36.04,都市：其他:住宅區,,,1091230,土地1建物1車位1,四層,十三層,住宅大樓(11層含以上有電梯),見其他登記事項,鋼筋混凝土造,0881021,149.9,3,2,2,有,有,5800000,38692,坡道平面,0.0,0,,RPTNMLTLJHGGFCD08DA,88.01,0.0,8.24,有,
東區,房地(土地+建物),崇明六街５之３號,117.0,都市：其他:第五種住宅區,,,1091025,土地1建物1車位0,全,四層,透天厝,住家用,鋼筋混凝土造,0790806,300.39,5,2,4,有,無,17000000,56593,,0.0,0,,RPUNMLTLJHGGFCD18DA,279.69,0.0,20.7,無,
東區,房地(土地+建物),東門路二段３６５巷３３弄６號三樓,43.5,都市：其他:公園兼兒童遊樂場用地,,,1100116,土地2建物1車位0,三層,五層,公寓(5樓含以下無電梯),住家用,鋼筋混凝土造,0771224,145.68,4,2,2,有,無,5200000,35695,,0.0,0,,RPWNMLTLJHGGFCD38DA,118.11,0.0,11.98,無,
南區,土地,新興段207-27地號,6.44,都市：其他:住宅區,,,1100126,土地1建物0車位0,,,其他,,,,0.0,0,0,0,有,無,280000,43478,,0.0,0,親友、員工、共有人或其他特殊關係間之交易；,RPXNMLTLJHGGFCD48DA,0.0,0.0,0.0,無,1286
南區,房地(土地+建物),健康路一段１３３巷１０９弄１８號,190.72,都市：其他:住宅區,,,1091227,土地5建物1車位0,全,二層,透天厝,住家用,鋼筋混凝土造,0770725,268.47,4,2,3,有,無,10500000,39111,,0.0,0,,RPUNMLSLJHGGFCD08DA,249.04,0.0,19.43,無,
南區,房地(土地+建物),新興路３４６之１號,46.25,都市：其他:住宅區,,,1091224,土地1建物1車位0,二層,四層,公寓(5樓含以下無電梯),住家用,鋼筋混凝土造,0670509,76.48,3,2,1,有,無,3500000,45764,,0.0,0,,RPXOMLRLJHGGFCD38DA,76.48,0.0,0.0,無,1287
東區,房地(土地+建物),東榮街５９號四樓,12.81,都市：其他:第五種住宅區,,,1100105,土地1建物1車位0,四層,七層,華廈(10層含以下有電梯),住家用,鋼筋混凝土造,0830901,80.51,2,1,1,有,無,2200000,27326,,0.0,0,,RPXNMLSLJHGGFCD38DA,53.07,0.0,6.57,有,
東區,房地(土地+建物),大同路一段３２９巷２４號,31.48,都市：其他:中心商業區,,,1091231,土地2建物1車位0,一層，騎樓,五層,公寓(5樓含以下無電梯),住家用,鋼筋混凝土造,0710415,106.41,5,0,5,有,無,4550000,42759,,0.0,0,,RPSNMLLKJHGGFCD07DA,79.6,0.0,0.0,無,
鹽水區,房地(土地+建物),橋南里１６鄰月津路１２７巷２之１號,98.73,都市：其他:住宅區,,,1100103,土地1建物1車位0,全,三層,透天厝,住家用,鋼筋混凝土造,0791219,182.42,4,2,3,有,無,4000000,21927,,0.0,0,親友、員工、共有人或其他特殊關係間之交易；頂樓加蓋；其他增建；,RPVNMLRLJHGGFDD18DA,163.99,10.07,8.36,無,
鹽水區,房地(土地+建物),和平路２５５號,106.9,都市：其他:住宅區,,,1100119,土地1建物1車位0,全,三層,透天厝,住商用,鋼筋混凝土造,1090228,199.53,4,2,4,有,無,8400000,42099,,0.0,0,,RPPNMLLJKHGGFDD86DA,186.67,0.0,12.86,無,
安南區,房地(土地+建物),安寧街７９巷５０號,36.94,都市：其他:住宅區,,,1081129,土地1建物1車位0,全,二層,透天厝,住家用,加強磚造,0800703,88.86,2,1,2,有,無,3217512,36209,,0.0,0,,RPXNMLQLJHGGFBD08DA,85.6,0.0,3.26,無,
安南區,土地,十二佃段16地號,3256.38,都市：其他:工業區,,,1100113,土地1建物0車位0,,,其他,,,,0.0,0,0,0,有,無,57921232,17787,,0.0,0,政府機關標讓售；,RPUPMLRLJHGGFBD08DA,0.0,0.0,0.0,無,
安南區,土地,媽宮段113-1地號,13.36,都市：其他:住宅區,,,1091225,土地1建物0車位0,,,其他,,,,0.0,0,0,0,有,無,400000,29940,,0.0,0,,RPQNMLRLJHGGFBD47DA,0.0,0.0,0.0,無,
安南區,土地,國安段1750-1地號,134.04,都市：其他:住宅區,,,1091214,土地1建物0車位0,,,其他,,,,0.0,0,0,0,有,無,11350000,84676,,0.0,0,,RPPOMLSLJHGGFBD57DA,0.0,0.0,0.0,無,1288
安南區,土地,青砂段1006-12地號,1417.28,都市：其他:細部計畫道路用地,,,1100106,土地13建物0車位0,,,其他,,,,0.0,0,0,0,有,無,6981900,4926,,0.0,0,,RPQOMLSLJHGGFBD67DA,0.0,0.0,0.0,無,
中西區,房地(土地+建物),金華路三段２０９號八樓,42.74,都市：其他:商業區,,,1091221,土地2建物1車位0,八層,十二層,住宅大樓(11層含以上有電梯),商業用,鋼筋混凝土造,0800321,482.03999999999996,11,0,11,有,無,14500000,30080,,0.0,0,陽台外推；,RPPQMLSLJHGGFAD67DA,312.63,22.08,40.75,有,
北區,房地(土地+建物),中華北路二段１６９號,89.36,都市：其他:住宅區,,,1091213,土地1建物1車位0,全,四層,透天厝,住商用,鋼筋混凝土造,0871126,248.69,6,4,6,有,無,16100000,64739,,0.0,0,陽台外推；其他增建；,RPPNMLTLJHGGFAD47DA,229.03,0.0,19.66,無,
北區,土地,小北段998-48地號,281.68,都市：其他:住宅區,,,1091221,土地1建物0車位0,,,其他,,,,0.0,0,0,0,有,無,34585900,122784,,0.0,0,,RPTNMLTLJHGGFAD87DA,0.0,0.0,0.0,無,
北區,土地,小北段998-49地號,194.83,都市：其他:住宅區,,,1091221,土地1建物0車位0,,,其他,,,,0.0,0,0,0,有,無,23922100,122784,,0.0,0,,SPTNMLTLJHGGFAD97DA,0.0,0.0,0.0,無,
安平區,土地,漁港段740-1地號,1166.62,都市：其他:特定住宅專用區,,,1100125,土地4建物0車位0,,,其他,,,,0.0,0,0,0,有,無,71103875,60949,,0.0,0,親友、員工、共有人或其他特殊關係間之交易；,RPPPMLRLJHGGFAD47DA,0.0,0.0,0.0,無,1047
北區,房地(土地+建物),育德二路８１０巷２弄６號,71.35,都市：其他:住宅區,,,1091125,土地3建物1車位0,全,四層,透天厝,見其他登記事項,鋼筋混凝土造,0910724,200.67,5,1,4,有,無,14700000,73255,,0.0,0,,RPPOMLRLJHGGFAD37DA,185.74,0.0,14.93,無,
北區,房地(土地+建物),賢北街６２巷３７號,87.72,都市：其他:住宅區,,,1091130,土地1建物1車位0,全,三層,透天厝,住商用,鋼筋混凝土造,0821204,180.33,5,2,4,有,無,12750000,70704,,0.0,0,陽台外推；頂樓加蓋；其他增建；,RPXNMLSLJHGGFAD18DA,169.14,0.0,11.19,無,
中西區,房地(土地+建物)+車位,成功路４５７號九樓之２,10.67,都市：其他:商業區,,,1100124,土地4建物1車位1,九層,十七層,住宅大樓(11層含以上有電梯),商業用,鋼筋混凝土造,0801212,144.68,0,0,0,無,有,4500000,31103,坡道機械,0.0,0,陽台外推；其他增建；,RPPNMLSLJHGGFAD37DA,98.41,0.0,12.47,有,
安平區,房地(土地+建物)+車位,育平九街２２巷５號八樓之５,24.28,都市：其他:住宅區,,,1090927,土地1建物1車位1,八層,八層,華廈(10層含以下有電梯),住家用,鋼筋混凝土造,0850210,159.19,3,2,2,有,有,4500000,28268,坡道平面,0.0,0,陽台外推；,RPWOMLSLJHGGFAD18DA,87.58,1.6,12.77,有,
安平區,房地(土地+建物)+車位,育平九街２２巷５號八樓之６,14.62,都市：其他:住宅區,,,1090927,土地1建物1車位1,八層,八層,華廈(10層含以下有電梯),住家用,鋼筋混凝土造,0850210,111.02,3,2,2,有,有,3100000,27923,坡道平面,0.0,0,陽台外推；,RPPPMLSLJHGGFAD57DA,54.18,0.9,7.64,有,
北區,房地(土地+建物)+車位,北園街８巷２８號十五樓之８,15.35,都市：其他:商業區,,,1091213,土地1建物1車位2,十五層,十九層,住宅大樓(11層含以上有電梯),見其他登記事項,鋼筋混凝土造,0961227,195.43,4,2,2,有,有,9400000,48099,坡道平面,26.8,0,,RPSQMLMLJHGGFAD37DA,108.22,0.0,11.45,有,
北區,房地(土地+建物),育德二路２００巷６號,77.06,都市：其他:住宅區,,,1091223,土地2建物1車位0,全,四層,透天厝,見其他登記事項,見其他登記事項,0921212,167.12,5,2,4,有,無,13580000,81259,,0.0,0,頂樓加蓋；其他增建；,RPQNMLOLJHGGFAD07DA,160.68,0.46,5.98,無,
北區,房地(土地+建物),大武街５４４號,69.46,都市：其他:住宅區,,,1091231,土地1建物1車位0,全,二層,透天厝,住家用,加強磚造,0681207,84.36,6,2,2,有,無,4000000,47416,,0.0,0,親友、員工、共有人或其他特殊關係間之交易；,RPXNMLKLJHGGFAD37DA,84.36,0.0,0.0,無,
北區,房地(土地+建物)+車位,北門路三段２號,139.51,都市：其他:住宅區,,,1091231,土地1建物2車位2,一層，二層，屋頂突出物，騎樓,十二層,住宅大樓(11層含以上有電梯),店舖、住宅,鋼筋混凝土造,0911227,552.6500000000001,0,2,2,有,有,45500000,82331,坡道平面,0.0,0,其他增建；含租約；,RPRNMLLMKIPFFAD97DA,378.94,0.0,27.35,有,
北區,房地(土地+建物),長榮路五段３１１號七樓之２,28.56,都市：其他:住宅區,,,1091111,土地1建物1車位0,七層,十二層,住宅大樓(11層含以上有電梯),見其他登記事項,鋼筋混凝土造,0911115,131.24,3,2,2,有,有,4500000,34288,,0.0,0,親友、員工、共有人或其他特殊關係間之交易；,RPVOMLOLKIPFFAD68DA,80.78,0.0,8.02,有,
安平區,房地(土地+建物),郡平路１８１號八樓之３２,12.79,都市：其他:住宅區,,,1091022,土地1建物1車位0,八層,十四層,住宅大樓(11層含以上有電梯),見其他登記事項,鋼筋混凝土造,0880622,124.78999999999999,3,2,2,有,有,6260000,50164,,0.0,0,,RPSNMLQLKIPFFAD48DA,86.07,1.46,12.55,有,1290
安平區,房地(土地+建物)+車位,健康路三段３３３號五樓之７,12.63,都市：其他:商業區,,,1100105,土地1建物1車位1,五層,二十六層,住宅大樓(11層含以上有電梯),見其他登記事項,見其他登記事項,1060124,164.84,3,2,2,有,有,8000000,50678,坡道平面,30.66,1200000,,RPQOMLPJJHGGFAD07DA,75.96,0.85,12.96,有,1291
北區,土地,光賢段720地號,115.57,都市：其他:住宅區,,,1091228,土地1建物0車位0,,,其他,,,,0.0,0,0,0,有,無,9788800,84700,,0.0,0,,RPQQMLPJJHGGFAD27DA,0.0,0.0,0.0,無,
北區,土地,光賢段718地號,98.06,都市：其他:住宅區,,,1091228,土地1建物0車位0,,,其他,,,,0.0,0,0,0,有,無,8304800,84691,,0.0,0,,RPTQMLPJJHGGFAD57DA,0.0,0.0,0.0,無,
安平區,房地(土地+建物)+車位,健康路三段３３５號十七樓之２,8.73,都市：其他:商業區,,,1091218,土地1建物1車位1,十七層,二十層,住宅大樓(11層含以上有電梯),見其他登記事項,見其他登記事項,1060124,113.61000000000001,1,2,1,有,有,6200000,59729,坡道平面,26.54,1000000,,RPUOMLSKKIPFFAD88DA,50.62,2.59,5.13,有,1292
安平區,房地(土地+建物)+車位,永華八街２０號十四樓,40.66,都市：其他:社區商業區,,,1100105,土地1建物1車位2,十四層,二十一層,住宅大樓(11層含以上有電梯),見其他登記事項,見其他登記事項,1070615,284.49,3,2,3,有,有,22770000,91464,坡道平面,61.78,2400000,含裝潢費；,RPOPMLMLJHGGFAD86DA,141.46,0.0,13.25,有,
中西區,房地(土地+建物),民權路四段１１２巷５１號,69.38,都市：其他:住宅區,,,1091230,土地1建物1車位0,全,二層,透天厝,住家用,加強磚造,0650511,85.08,5,2,2,有,無,6500000,76399,,0.0,0,頂樓加蓋；,RPUPMLMLJHGGFAD47DA,85.08,0.0,0.0,無,
安平區,房地(土地+建物),國平南路９８號二十四樓之５,30.59,都市：其他:商業區,,,1091030,土地2建物1車位0,二十四層,二十四層,住宅大樓(11層含以上有電梯),集合住宅,鋼筋混凝土構造,1070529,339.87,3,2,3,有,有,22280000,65554,,0.0,0,,RPOPMLSLJHGGFAD47DA,188.84,0.0,43.0,有,
安平區,車位,國平南路,1.38,都市：其他:商業區,,,1100118,土地2建物1車位1,,,其他,,,,21.93,0,0,0,有,有,1100000,,坡道平面,21.93,1100000,僅車位交易；,RPVOMLSLJHGGFAD08DA,0.0,0.0,0.0,有,0721
中西區,房地(土地+建物)+車位,金華路三段２１８號十八樓之９,3.78,都市：其他:商業區,,,1100106,土地1建物1車位1,十八層,十八層,住宅大樓(11層含以上有電梯),住家用,鋼筋混凝土造,0840704,61.599999999999994,1,1,1,有,有,2800000,45455,坡道機械,0.0,0,,RPVPMLRLJHGGFAD08DA,23.11,0.0,3.27,有,1294
中西區,土地,普濟段298地號,31.02,都市：其他:商業區,,,1100125,土地1建物0車位0,,,其他,,,,0.0,0,0,0,有,無,1350000,43520,,0.0,0,,RPSNMLTLJHGGFAD77DA,0.0,0.0,0.0,無,1295
北區,房地(土地+建物),大武街４０１巷１弄４號,55.12,都市：其他:住宅區,,,1091217,土地3建物1車位0,全,四層,透天厝,住商用,鋼筋混凝土造,0701019,165.35,4,2,3,有,無,6800000,41125,,0.0,0,頂樓加蓋；,RPROMLTLJHGGFAD77DA,149.91,0.0,15.44,無,1296
中西區,土地,郡王祠段1453地號,441.07,都市：其他:住宅區,,,1091224,土地2建物0車位0,,,其他,,,,0.0,0,0,0,有,無,27000000,61215,,0.0,0,,RPSOMLTLJHGGFAD87DA,0.0,0.0,0.0,無,
中西區,房地(土地+建物),忠孝街９０巷１１號,31.28,都市：其他:住宅區,,,1091226,土地1建物1車位0,全,一層,透天厝,住家用,見其他登記事項,0040101,31.01,2,1,1,有,無,3700000,119316,,0.0,0,夾層；,RPWOMLTLJHGGFAD28DA,31.01,0.0,0.0,無,
安平區,房地(土地+建物)+車位,育平五街７７號七樓之１３,41.66,都市：其他:住宅區,,,1100125,土地1建物1車位1,七層,十三層,住宅大樓(11層含以上有電梯),見其他登記事項,鋼筋混凝土造,0850919,385.41999999999996,0,0,0,無,有,11000000,28540,坡道平面,0.0,0,,RPRNMLLJKHGGFAD76DA,237.96,9.18,42.14,有,
北區,房地(土地+建物),文賢三街３３８號,161.48,都市：其他:住宅區,,,1091114,土地1建物1車位0,全,四層,透天厝,見其他登記事項,見其他登記事項,1090122,434.16,4,2,6,有,無,54000000,124378,,0.0,0,,RPWNMLLJKHGGFAD27DA,392.16,0.0,42.0,有,
北區,房地(土地+建物),海安路三段９５３號,27.17,都市：其他:住宅區,,,1091231,土地1建物1車位0,一層，見其他登記事項,十四層,住宅大樓(11層含以上有電梯),見其他登記事項,鋼筋混凝土造,0980109,122.34,3,1,1,有,有,13000000,106261,,0.0,0,,RPXNMLLJKHGGFAD37DA,89.42,0.0,11.01,有,
中西區,房地(土地+建物)+車位,五妃街２５８號四樓之１７,9.6,都市：其他:住宅區,,,1091224,土地1建物1車位1,四層,八層,華廈(10層含以下有電梯),見其他登記事項,鋼筋混凝土造,0931203,82.59,2,2,1,有,有,4700000,56908,坡道平面,29.72,0,,RPOOMLLJKHGGFAD56DA,33.42,0.0,6.14,有,
安平區,土地,金城段46-28地號,15.09,都市：其他:商業區,,,1100113,土地1建物0車位0,,,其他,,,,0.0,0,0,0,有,無,1410000,93439,,0.0,0,親友、員工、共有人或其他特殊關係間之交易；,RPUOMLLJKHGGFAD17DA,0.0,0.0,0.0,無,1297
安平區,房地(土地+建物),慶平路８８號十一樓之５,4.61,都市：其他:商業區,,,1100114,土地1建物1車位0,十一層,十二層,住宅大樓(11層含以上有電梯),住家用,鋼筋混凝土造,0840207,46.47,1,1,1,有,有,1350000,29051,,0.0,0,,RPXOMLLJKHGGFAD47DA,31.37,0.0,2.13,有,
安平區,房地(土地+建物)+車位,永華路二段８２５號十九樓,12.29,都市：其他:住宅區,,,1091227,土地1建物1車位1,十九層,二十三層,住宅大樓(11層含以上有電梯),見其他登記事項,見其他登記事項,1081217,143.65,3,2,2,有,有,9600000,66829,坡道機械,0.0,0,,RPOOMLMJKHGGFAD66DA,67.63,3.05,6.54,有,1298
北區,房地(土地+建物),文成一路６巷１號,0.0,,,,1091230,土地0建物1車位0,全,二層,透天厝,住家用,鋼筋混凝土造,0751120,118.2,4,2,2,有,無,9500000,80372,,0.0,0,預售屋、或土地及建物分次登記案件；,RPSNMLNJKHGGFAD07DA,114.31,0.0,3.89,無,
安南區,土地,總頭段285-4地號,57.09,都市：其他:停車場用地,,,1100109,土地3建物0車位0,,,其他,,,,0.0,0,0,0,有,無,776700,13605,,0.0,0,,RPSNMLLMJHGGFBD17DA,0.0,0.0,0.0,無,
安南區,房地(土地+建物),公學路五段５２７巷１２弄２６號,193.81,都市：其他:住宅區,,,1100101,土地1建物1車位0,全,二層,透天厝,住家用,鋼筋混凝土造,0791027,248.58,6,2,6,有,無,12390000,49843,,0.0,0,其他增建；,RPQQMLRLJHGGFBD77DA,235.13,0.0,13.45,無,1299
安南區,房地(土地+建物),安吉路一段２１６號,80.81,都市：其他:住宅區,,,1100101,土地1建物1車位0,全,四層,透天厝,見其他登記事項,鋼筋混凝土造,0960403,181.27,4,2,3,有,無,14250000,78612,,0.0,0,,RPUNMLSLJHGGFBD97DA,148.1,0.0,33.17,無,1300
安南區,土地,港西段1017-3地號,793.55,都市：其他:住宅區,,,1091231,土地4建物0車位0,,,其他,,,,0.0,0,0,0,有,無,9600000,12098,,0.0,0,,RPQNMLLJKHGGFBD76DA,0.0,0.0,0.0,無,1301
東區,房地(土地+建物),崇學路２０巷２號十九樓,30.14,都市：其他:第五種住宅區,,,1091215,土地1建物1車位0,十九層,二十一層,住宅大樓(11層含以上有電梯),住家用,鋼筋混凝土造,0800620,332.7,3,2,3,有,有,13000000,39074,,0.0,0,陽台外推；其他增建；,RPXOMLPKKIPFFCD09DA,237.18,0.0,28.58,有,
東區,房地(土地+建物),仁和路４９之１５號,73.73,都市：其他:第五種住宅區,,,1091215,土地3建物1車位0,全,五層,透天厝,見其他登記事項,鋼筋混凝土造,1010522,209.78,4,2,5,有,無,18000000,85804,,0.0,0,陽台外推；頂樓加蓋；其他增建；,RPPPMLPKKIPFFCD38DA,186.94,0.0,22.73,無,
安南區,土地,安和段1201地號,102.06,都市：其他:工業區,,,1091216,土地1建物0車位0,,,其他,,,,0.0,0,0,0,有,無,2400000,23516,,0.0,0,,RPQNMLLMKIPFFBD97DA,0.0,0.0,0.0,無,
安南區,土地,總頭段285-5地號,85.29,都市：其他:細部計畫道路用地,,,1100109,土地2建物0車位0,,,其他,,,,0.0,0,0,0,有,無,1161000,13612,,0.0,0,,RPWNMLSJJHGGFBD97DA,0.0,0.0,0.0,無,
安南區,土地,總頭段548地號,154.05,都市：其他:住宅區,,,1100109,土地4建物0車位0,,,其他,,,,0.0,0,0,0,有,無,2097000,13612,,0.0,0,,RPROMLSJJHGGFBD57DA,0.0,0.0,0.0,無,0061
安南區,房地(土地+建物),環館路３６２巷１８號,159.15,都市：其他:住宅區,,,1061112,土地4建物1車位0,全,四層,透天厝,見其他登記事項,鋼筋混凝土造,1090924,306.09,4,2,3,有,有,18920000,61812,,0.0,0,,RPWNMLRJKIPFFBD88DA,291.48,0.0,13.33,有,
新營區,房地(土地+建物),王公里２０鄰樂仁街９２號三樓之一,8.42,都市：其他:住宅區,,,1100121,土地4建物1車位0,三層,五層,華廈(10層含以下有電梯),住家用,鋼筋混凝土造,0810106,33.21,1,0,1,有,無,750000,22584,,0.0,0,,RPTNMLTLJHGGFDD18DA,23.16,0.0,5.48,有,
新營區,房地(土地+建物),嘉芳里１４鄰新工路４巷６號,3910.0,都市：其他:乙種工業區,,,1100114,土地2建物1車位0,全,一層,透天厝,見其他登記事項,見其他登記事項,0820702,371.28,0,0,0,無,無,118277500,318567,,0.0,0,其他增建；,RPROMLQLJHGGFDD77DA,371.28,0.0,0.0,無,
新營區,土地,綠川段124地號,1177.88,都市：其他:主要計畫道路用地,,,1091016,土地4建物0車位0,,,其他,,,,0.0,0,0,0,有,無,35000000,29714,,0.0,0,包含公共設施保留地用地；預售屋、或土地及建物分次登記案件；,RPPOMLMJKHGGFDD07DA,0.0,0.0,0.0,無,
鹽水區,房地(土地+建物),番子寮２８之１號,1942.0,,特定農業區,農牧用地,1100118,土地1建物1車位0,全,一層,透天厝,見其他登記事項,見其他登記事項,0820111,629.01,0,0,0,無,無,2500000,3974,,0.0,0,親友、員工、共有人或其他特殊關係間之交易；農業設施；,RPTOMLMJKHGGFDD47DA,629.01,0.0,0.0,無,
柳營區,土地,八翁段1185地號,2469.0,,特定農業區,農牧用地,1091223,土地1建物0車位0,,,其他,,,,0.0,0,0,0,有,無,2680000,1085,,0.0,0,,RPUNMLMJKHGGFDD47DA,0.0,0.0,0.0,無,
南區,房地(土地+建物),新建路１５巷３之１號,42.2,都市：其他:住宅區,,,1091222,土地1建物1車位0,二層,五層,公寓(5樓含以下無電梯),見其他登記事項,鋼筋混凝土造,0720422,93.25,3,2,2,有,無,3150000,33780,,0.0,0,,RPPNMLSLJHGGFCD57DA,76.54,0.0,10.48,無,
東區,房地(土地+建物),崇德三十二街１００號,65.0,都市：其他:第五種住宅區,,,1091217,土地1建物1車位0,全,二層,透天厝,住商用,鋼筋混凝土造,0680205,80.04,4,2,2,有,無,9000000,112444,,0.0,0,頂樓加蓋；夾層；其他增建；,RPTOMLTLJHGGFCD18DA,80.04,0.0,0.0,無,1303
東區,房地(土地+建物)+車位,光華街２２號五樓,20.79,都市：其他:細部計畫道路用地,,,1100122,土地5建物1車位1,五層,九層,華廈(10層含以下有電梯),住家用,鋼筋混凝土造,0831111,144.75,3,2,2,有,有,6000000,41451,坡道平面,0.0,0,含土地增值稅或其他稅費3094元；其他                    ；,RPSNMLTLJHGGFCD97DA,77.41,0.0,7.69,有,
東區,房地(土地+建物),東安路１２巷２５號,26.1,都市：其他:第五種住宅區,,,1100105,土地3建物1車位0,一層,五層,公寓(5樓含以下無電梯),住家用,鋼筋混凝土造,0720317,83.81,3,2,2,有,無,6880000,82090,,0.0,0,,RPQNMLLMJHGGFCD07DA,71.36,0.0,0.0,無,
南區,土地,大山段462地號,273.51,都市：其他:住宅區,,,1100118,土地1建物0車位0,,,其他,,,,0.0,0,0,0,有,無,16949033,61969,,0.0,0,,RPTNMLLJKHGGFCD17DA,0.0,0.0,0.0,無,1304
東區,房地(土地+建物)+車位,崇善一街８０號十五樓之２,13.34,都市：其他:細部計畫道路用地,,,1091229,土地3建物1車位1,十五層,十八層,住宅大樓(11層含以上有電梯),住家用,鋼筋混凝土造,0850209,157.82,3,2,2,有,有,7160000,45368,坡道機械,0.0,0,,RPVNMLLJKHGGFCD37DA,100.52,1.19,10.38,有,
東區,房地(土地+建物),崇德二十街６６號,81.0,都市：其他:第五種住宅區,,,1091229,土地1建物1車位0,全,四層,透天厝,住家用,鋼筋混凝土造,0821119,210.29,5,2,5,有,無,12880000,61249,,0.0,0,,RPPPMLLJKHGGFCD96DA,179.61,16.01,14.67,無,
東區,房地(土地+建物)+車位,中華東路二段１６９號七樓之１１,4.27,都市：其他:第五種住宅區,,,1100114,土地2建物1車位1,七層,十四層,住宅大樓(11層含以上有電梯),住家用,鋼筋混凝土造,0970229,71.25,1,1,1,有,有,2600000,36491,坡道平面,25.79,0,預售屋、或土地及建物分次登記案件；,RPPOMLMJKHGGFCD96DA,26.37,0.0,3.06,有,
南區,房地(土地+建物)+車位,西門路一段２９２號三樓之２,21.72,都市：其他:商業區,,,1081221,土地2建物1車位1,三層,十五層,住宅大樓(11層含以上有電梯),見其他登記事項,見其他登記事項,1091123,164.41,3,2,2,有,有,7680000,48945,坡道平面,35.08,1350000,預售屋、或土地及建物分次登記案件；,RPOPMLQLJHGGFCD47DA,77.6,2.56,7.7,有,
南區,房地(土地+建物)+車位,西門路一段２９２號四樓之２,21.72,都市：其他:商業區,,,1081214,土地2建物1車位1,四層,十五層,住宅大樓(11層含以上有電梯),見其他登記事項,見其他登記事項,1091123,164.41,3,2,2,有,有,7500000,47939,坡道平面,35.08,1300000,預售屋、或土地及建物分次登記案件；,RPPPMLQLJHGGFCD57DA,77.59,2.56,7.7,有,
南區,房地(土地+建物)+車位,西門路一段２７６號五樓之２,17.38,都市：其他:商業區,,,1080901,土地2建物1車位1,五層,十五層,住宅大樓(11層含以上有電梯),見其他登記事項,見其他登記事項,1091123,135.16,2,2,1,有,有,6420000,49497,坡道平面,33.74,1400000,預售屋、或土地及建物分次登記案件；,RPQPMLQLJHGGFCD67DA,60.86,1.64,6.24,有,
南區,房地(土地+建物)+車位,西門路一段２７６號四樓之１,23.17,都市：其他:商業區,,,1090201,土地2建物1車位1,四層,十五層,住宅大樓(11層含以上有電梯),見其他登記事項,見其他登記事項,1091123,169.49,3,2,2,有,有,8500000,53039,坡道平面,33.74,1300000,預售屋、或土地及建物分次登記案件；,RPRPMLQLJHGGFCD77DA,79.31,1.38,11.04,有,
南區,房地(土地+建物)+車位,西門路一段２７６號八樓之２,17.38,都市：其他:商業區,,,1080831,土地2建物1車位1,八層,十五層,住宅大樓(11層含以上有電梯),見其他登記事項,見其他登記事項,1091123,135.16,2,2,1,有,有,6500000,50779,坡道平面,33.74,1350000,預售屋、或土地及建物分次登記案件；,RPSPMLQLJHGGFCD87DA,60.86,1.64,6.24,有,
東區,房地(土地+建物)+車位,德高街８２號三樓,27.9,都市：其他:第五種住宅區,,,1100105,土地1建物1車位1,三層,七層,華廈(10層含以下有電梯),住家用,鋼筋混凝土造,0821118,153.81,3,2,2,有,有,5360000,34848,升降平面,0.0,0,,RPRNMLQLJHGGFCD57DA,73.52,0.0,7.18,有,
南區,房地(土地+建物)+車位,水交社路２０巷１３號五樓,21.13,都市：其他:住宅區,,,1091219,土地2建物1車位1,五層,七層,華廈(10層含以下有電梯),見其他登記事項,見其他登記事項,1071114,128.74,2,1,1,有,有,7000000,54373,坡道平面,34.34,0,,RPRPMLPLJHGGFCD67DA,57.61,0.0,7.78,有,1305
東區,房地(土地+建物),東光路二段１２４號,68.0,都市：其他:第五種住宅區,,,1091218,土地1建物1車位0,全,四層,透天厝,住商用,鋼筋混凝土造,0680703,156.27,4,2,3,有,無,14400000,92148,,0.0,0,,RPQOMLKLJHGGFCD96DA,156.27,0.0,0.0,無,
白河區,土地,關帝段31地號,434.0,,特定農業區,農牧用地,1100124,土地1建物0車位0,,,其他,,,,0.0,0,0,0,有,無,530000,1221,,0.0,0,,RPVNMLLJKHGGFED57DA,0.0,0.0,0.0,無,
後壁區,房地(土地+建物),頂安里４１之５９號,78.17,,鄉村區,乙種建築用地,1100117,土地1建物1車位0,全,四層,透天厝,住商用,鋼筋混凝土造,0850914,155.92,5,2,3,有,無,4050000,25975,,0.0,0,,RPPNMLMJKHGGFED07DA,148.67,0.0,7.25,無,
東山區,土地,大客段枋子林小段58-33地號,1119.0,,山坡地保育區,農牧用地,1100126,土地3建物0車位0,,,其他,,,,0.0,0,0,0,有,無,335700,300,,0.0,0,,RPQNMLMJKHGGFED17DA,0.0,0.0,0.0,無,
東山區,土地,大客段枋子林小段58-24地號,3779.0,,山坡地保育區,農牧用地,1100126,土地1建物0車位0,,,其他,,,,0.0,0,0,0,有,無,1133700,300,,0.0,0,,RPSNMLMJKHGGFED37DA,0.0,0.0,0.0,無,
下營區,土地,麻豆寮段1665地號,12350.0,,特定農業區,農牧用地,1090526,土地5建物0車位0,,,其他,,,,0.0,0,0,0,有,無,19513000,1580,,0.0,0,,RPUNMLTLJHGGFFD48DA,0.0,0.0,0.0,無,
麻豆區,土地,磚井段1197地號,19.16,都市：其他:農業區,,,1100106,土地2建物0車位0,,,其他,,,,0.0,0,0,0,有,無,20500,1070,,0.0,0,畸零地或有合併使用效益；,RPQNMLKMJHGGFFD27DA,0.0,0.0,0.0,無,
將軍區,土地,山子段2143地號,82939.0,,一般農業區,養殖用地,1090819,土地6建物0車位0,,,其他,,,,0.0,0,0,0,有,無,46420000,560,,0.0,0,,RPRNMLTJJIPFFGD98DA,0.0,0.0,0.0,無,
佳里區,房地(土地+建物),安西里安西路２７７巷６號,81.33,都市：其他:住宅區,,,1091211,土地1建物1車位0,全,三層,透天厝,住家用,鋼筋混凝土造,0770108,113.22,4,2,3,有,無,5600000,49461,,0.0,0,,RPVOMLOKJHGGFGD18DA,113.22,0.0,0.0,無,1306
西港區,土地,大塭寮段1821地號,610.0,,特定農業區,農牧用地,1091225,土地1建物0車位0,,,其他,,,,0.0,0,0,0,有,無,2200000,3607,,0.0,0,,RPPOMLNJKHGGFGD47DA,0.0,0.0,0.0,無,
將軍區,土地,國中段358-5地號,2354.0,都市：其他:溝渠用地,,,1091214,土地3建物0車位0,,,其他,,,,0.0,0,0,0,有,無,2500000,1062,,0.0,0,,RPUNMLRLJHGGFGD38DA,0.0,0.0,0.0,無,
七股區,土地,後港段937地號,1767.0,,一般農業區,農牧用地,1100104,土地1建物0車位0,,,其他,,,,0.0,0,0,0,有,無,1800000,1019,,0.0,0,,RPSNMLTLJHGGFGD38DA,0.0,0.0,0.0,無,
佳里區,土地,佳里段2303地號,151.17,都市：其他:公園兼兒童遊樂場用地,,,1100112,土地1建物0車位0,,,其他,,,,0.0,0,0,0,有,無,1234710,8168,,0.0,0,,RPRNMLLJKHGGFGD37DA,0.0,0.0,0.0,無,
佳里區,土地,佳里段2303-2地號,127.0,都市：其他:住宅區,,,1100112,土地2建物0車位0,,,其他,,,,0.0,0,0,0,有,無,5301960,41748,,0.0,0,,SPRNMLLJKHGGFGD47DA,0.0,0.0,0.0,無,1307
佳里區,土地,佳里段2303-4地號,145.83,都市：其他:計畫道路用地,,,1100112,土地1建物0車位0,,,其他,,,,0.0,0,0,0,有,無,882200,6050,,0.0,0,,TPRNMLLJKHGGFGD57DA,0.0,0.0,0.0,無,
學甲區,房地(土地+建物),民族路１１巷１７號,131.94,都市：其他:住宅區,,,1081018,土地2建物1車位0,全,三層,透天厝,見其他登記事項,鋼筋混凝土造,1090902,175.21,4,2,4,有,無,7220000,41208,,0.0,0,預售屋、或土地及建物分次登記案件；,RPQNMLNLJHGGFGD57DA,168.43,0.0,6.78,無,
善化區,房地(土地+建物),東勢寮１６８之８號,122.0,,鄉村區,乙種建築用地,1091025,土地3建物1車位0,全,三層,透天厝,住家用,鋼筋混凝土造,1091021,185.02,5,2,4,有,無,8700000,47022,,0.0,0,,RPQPMLMKJHGGFHD67DA,178.26,0.0,6.76,無,
安定區,房地(土地+建物),港口３９０之５號,107.2,,鄉村區,乙種建築用地,1091230,土地2建物1車位0,全,三層,透天厝,住家用,鋼筋混凝土造,1090902,175.1,6,2,4,有,無,8380000,47858,,0.0,0,,RPRRMLTLJHGGFHD78DA,154.12,0.0,20.98,無,
善化區,土地,善新段307地號,927.48,都市：其他:生活服務區(第三種住宅區),,,1091116,土地1建物0車位0,,,其他,,,,0.0,0,0,0,有,無,72630000,78309,,0.0,0,交易年度109年含土地增值稅或其他稅費2489325元；,RPPOMLLJKHGGFHD37DA,0.0,0.0,0.0,無,
歸仁區,房地(土地+建物),南興街２２１號,65.69,都市：其他:住宅區,,,1091203,土地1建物1車位0,全,二層,透天厝,住商用,加強磚造,0701231,92.8,1,2,2,有,無,4200000,45259,,0.0,0,,RPROMLLKKIPFFID68DA,87.2,0.0,5.6,無,
仁德區,土地,土庫段984地號,44.16,都市：其他:住宅區,,,1100108,土地1建物0車位0,,,其他,,,,0.0,0,0,0,有,無,1263000,28601,,0.0,0,政府機關標讓售；,RPVOMLLJKHGGFID08DA,0.0,0.0,0.0,無,
歸仁區,土地,媽祖廟段三小段1403-7地號,2898.0,,特定農業區,農牧用地,1091212,土地2建物0車位0,,,其他,,,,0.0,0,0,0,有,無,22880000,7895,,0.0,0,,RPWOMLLJKHGGFID18DA,0.0,0.0,0.0,無,
關廟區,土地,北花段959地號,74.0,都市：其他:住宅區,,,1100125,土地2建物0車位0,,,其他,,,,0.0,0,0,0,有,無,943114,12745,,0.0,0,,RPOPMLLJKHGGFID47DA,0.0,0.0,0.0,無,
仁德區,房地(土地+建物),仁義四街９９號,69.46,都市：其他:住宅區,,,1091230,土地2建物1車位0,全,四層,透天厝,見其他登記事項,見其他登記事項,1090602,164.7,5,2,4,有,無,11860000,72010,,0.0,0,,RPRPMLLJKHGGFID77DA,142.34,0.0,22.38,無,
關廟區,土地,龜洞段50-3地號,1362.88,,一般農業區,農牧用地,1100123,土地2建物0車位0,,,其他,,,,0.0,0,0,0,有,無,3700000,2715,,0.0,0,土地增值稅由買方負擔未保含總價內，支付額為新台幣973732元整。親友、員工、共有人或其他特殊關係間之交易；,RPUNMLLJKHGGFID87DA,0.0,0.0,0.0,無,
歸仁區,房地(土地+建物),中正北路一段３８６號,15.78,都市：其他:住宅區,,,1100111,土地1建物1車位0,一層，二層，三層，騎樓,十三層,住宅大樓(11層含以上有電梯),住商用,鋼筋混凝土造,0880312,146.82999999999998,3,2,2,有,無,860000,5857,,0.0,0,親友、員工、共有人或其他特殊關係間之交易；,RPQNMLLJKHGGFID47DA,111.71,0.6,8.21,無,
歸仁區,土地,豬厝段807-2地號,30.7,,一般農業區,農牧用地,1091224,土地1建物0車位0,,,其他,,,,0.0,0,0,0,有,無,185740,6050,,0.0,0,,RPRNMLLJKHGGFID57DA,0.0,0.0,0.0,無,1005
仁德區,房地(土地+建物)+車位,北保路６１號二樓之２,22.02,都市：其他:住宅區,,,1091225,土地1建物1車位1,二層,十二層,住宅大樓(11層含以上有電梯),見其他登記事項,見其他登記事項,1070628,123.1,2,1,1,有,有,7100000,57677,坡道平面,40.05,0,,RPSOMLMLJHGGFID97DA,50.99,0.0,5.01,有,1309
歸仁區,房地(土地+建物),七甲里南丁路３５９巷１３７號,2590.0,,特定農業區,農牧用地,1091121,土地1建物2車位0,全,二層,透天厝,見其他登記事項,鋼筋混凝土造,1000517,249.02,0,0,0,無,無,45000000,180708,,0.0,0,,RPTPMLPLJHGGFID48DA,231.82,0.0,17.18,無,
關廟區,土地,新埔段599-32地號,201.0,,鄉村區,乙種建築用地,1091111,土地1建物0車位0,,,其他,,,,0.0,0,0,0,有,無,1276800,6352,,0.0,0,,RPQRMLPLJHGGFID38DA,0.0,0.0,0.0,無,
關廟區,土地,新埔段599-34地號,243.0,,鄉村區,乙種建築用地,1091111,土地1建物0車位0,,,其他,,,,0.0,0,0,0,有,無,1543500,6352,,0.0,0,,RPRRMLPLJHGGFID48DA,0.0,0.0,0.0,無,
關廟區,土地,新埔段599-41地號,345.0,,鄉村區,乙種建築用地,1091221,土地1建物0車位0,,,其他,,,,0.0,0,0,0,有,無,2191560,6352,,0.0,0,,RPTPMLQLJHGGFID58DA,0.0,0.0,0.0,無,
關廟區,土地,新埔段599-25地號,145.0,,鄉村區,乙種建築用地,1091113,土地1建物0車位0,,,其他,,,,0.0,0,0,0,有,無,921060,6352,,0.0,0,,RPROMLQLJHGGFID28DA,0.0,0.0,0.0,無,
關廟區,土地,新埔段599-13地號,208.0,,鄉村區,乙種建築用地,1091113,土地1建物0車位0,,,其他,,,,0.0,0,0,0,有,無,1321320,6353,,0.0,0,,RPUOMLQLJHGGFID58DA,0.0,0.0,0.0,無,
關廟區,土地,新埔段599-30地號,268.0,,鄉村區,乙種建築用地,1091118,土地1建物0車位0,,,其他,,,,0.0,0,0,0,有,無,1702470,6353,,0.0,0,,RPWOMLQLJHGGFID78DA,0.0,0.0,0.0,無,
關廟區,土地,新埔段599-27地號,139.0,,鄉村區,乙種建築用地,1091124,土地1建物0車位0,,,其他,,,,0.0,0,0,0,有,無,882840,6351,,0.0,0,,RPXOMLQLJHGGFID88DA,0.0,0.0,0.0,無,
關廟區,土地,新埔段599-26地號,386.0,,鄉村區,乙種建築用地,1091216,土地1建物0車位0,,,其他,,,,0.0,0,0,0,有,無,2451960,6352,,0.0,0,,RPOPMLQLJHGGFID08DA,0.0,0.0,0.0,無,
關廟區,土地,新埔段599-40地號,158.0,,鄉村區,乙種建築用地,1091216,土地1建物0車位0,,,其他,,,,0.0,0,0,0,有,無,1003590,6352,,0.0,0,,RPPPMLQLJHGGFID18DA,0.0,0.0,0.0,無,
關廟區,土地,新埔段599-37地號,427.0,,鄉村區,乙種建築用地,1091221,土地2建物0車位0,,,其他,,,,0.0,0,0,0,有,無,2712360,6352,,0.0,0,,RPQPMLQLJHGGFID28DA,0.0,0.0,0.0,無,
仁德區,土地,德崙段1014-1地號,673.56,都市：其他:下水道用地,,,1091209,土地2建物0車位0,,,其他,,,,0.0,0,0,0,有,無,5750000,8537,,0.0,0,,RPOOMLTLJHGGFID28DA,0.0,0.0,0.0,無,1310
仁德區,土地,長興段1100-3地號,408.38,都市：其他:住宅區,,,1090623,土地4建物0車位0,,,其他,,,,0.0,0,0,0,有,無,14756695,36135,,0.0,0,包含公共設施保留地用地；,RPPNMLLMJHGGFID57DA,0.0,0.0,0.0,無,1311
仁德區,土地,長興段1100-4地號,657.6,都市：其他:住宅區,,,1090623,土地5建物0車位0,,,其他,,,,0.0,0,0,0,有,無,20961000,31875,,0.0,0,包含公共設施保留地用地；,SPPNMLLMJHGGFID67DA,0.0,0.0,0.0,無,1311
仁德區,土地,長興段1094地號,180.22,都市：其他:住宅區,,,1091204,土地3建物0車位0,,,其他,,,,0.0,0,0,0,有,無,6168100,34225,,0.0,0,包含公共設施保留地用地；,RPQNMLLMJHGGFID67DA,0.0,0.0,0.0,無,0463
歸仁區,土地,歸仁北段1018-23地號,337.0,都市：其他:住宅區,,,1091210,土地2建物0車位0,,,其他,,,,0.0,0,0,0,有,無,23000000,68249,,0.0,0,,RPSNMLSLJHGGFID48DA,0.0,0.0,0.0,無,1314
仁德區,房地(土地+建物),上崙里德崙路３７０巷２１弄１３號,80.8,都市：其他:住宅區,,,1091222,土地1建物1車位0,全,三層,透天厝,住家用,鋼筋混凝土造,0830224,174.11,3,1,3,有,無,5000000,28717,,0.0,0,親友、員工、共有人或其他特殊關係間之交易；,RPVNMLSLKIPFFID17DA,156.01,6.85,11.25,無,
關廟區,土地,山西段784-2地號,176.0,都市：其他:住宅區,,,1091223,土地2建物0車位0,,,其他,,,,0.0,0,0,0,有,無,2662000,15125,,0.0,0,,RPVOMLKMKIPFFID56DA,0.0,0.0,0.0,無,
柳營區,土地,旭山段1133地號,233.33,,一般農業區,農牧用地,1100112,土地1建物0車位0,,,其他,,,,0.0,0,0,0,有,無,280000,1200,,0.0,0,親友、員工、共有人或其他特殊關係間之交易；,RPROMLMJKHGGFDD37EA,0.0,0.0,0.0,無,
新營區,房地(土地+建物),復興路１０７０巷３８弄３１號,61.0,都市：其他:住宅區,,,1091231,土地1建物1車位0,全,三層,透天厝,住家用,鋼筋混凝土造,0810130,128.23,4,1,2,有,無,2500000,19496,,0.0,0,賣方不負物之瑕疵責任.,RPSOMLMJKHGGFDD47EA,113.64,0.0,14.59,無,
新營區,土地,新橋段91地號,52.24,,鄉村區,乙種建築用地,1091220,土地1建物0車位0,,,其他,,,,0.0,0,0,0,有,無,224632,4300,,0.0,0,,RPUOMLMJKHGGFDD67EA,0.0,0.0,0.0,無,
後壁區,土地,竹新段216地號,191.76,,鄉村區,乙種建築用地,1100119,土地1建物0車位0,,,其他,,,,0.0,0,0,0,有,無,786216,4100,,0.0,0,親友、員工、共有人或其他特殊關係間之交易；未登記建物；,RPUNMLMJKHGGFED67EA,0.0,0.0,0.0,無,
官田區,土地,番子渡頭段76地號,2083.0,,一般農業區,農牧用地,1100121,土地1建物0車位0,,,其他,,,,0.0,0,0,0,有,無,3124500,1500,,0.0,0,農作物；,RPPNMLMJKHGGFFD27EA,0.0,0.0,0.0,無,
下營區,土地,大屯寮段912地號,2643.0,,特定農業區,農牧用地,1100105,土地1建物0車位0,,,其他,,,,0.0,0,0,0,有,無,3303750,1250,,0.0,0,,RPRNMLMJKHGGFFD47EA,0.0,0.0,0.0,無,
永康區,土地,竹行段1931地號,2176.08,都市：其他:農業區,,,1091119,土地1建物0車位0,,,其他,,,,0.0,0,0,0,有,無,25680000,11801,,0.0,0,,RPOPMLLJKHGGFKD77EA,0.0,0.0,0.0,無,
仁德區,土地,二行段817地號,88.04,都市：其他:住宅區,,,1091231,土地2建物0車位0,,,其他,,,,0.0,0,0,0,有,無,1864000,21172,,0.0,0,,RPQNMLKLJHGGFID57EA,0.0,0.0,0.0,無,
關廟區,房地(土地+建物),大仁街３７２號,78.0,都市：其他:住宅區,,,1100104,土地1建物1車位0,全,二層,透天厝,住家用,加強磚造,0671219,100.4,3,1,3,有,無,6300000,62749,,0.0,0,,RPSOMLKLJHGGFID87EA,100.4,0.0,0.0,無,1315
新市區,土地,南港段241地號,111.78,都市：其他:計畫道路用地,,,1091228,土地1建物0車位0,,,其他,,,,0.0,0,0,0,有,無,1300000,11630,,0.0,0,包含公共設施保留地用地；,RPOOMLLJKHGGFHD37EA,0.0,0.0,0.0,無,
新化區,土地,頂山腳段683-11地號,336.05,,特定農業區,甲種建築用地,1091230,土地5建物0車位0,,,其他,,,,0.0,0,0,0,有,無,2000000,5951,,0.0,0,親友、員工、共有人或其他特殊關係間之交易；未登記建物；,RPTOMLLJKHGGFHD87EA,0.0,0.0,0.0,無,
安定區,土地,管寮段713地號,2800.0,,特定農業區,農牧用地,1100125,土地1建物0車位0,,,其他,,,,0.0,0,0,0,有,無,12600000,4500,,0.0,0,,RPUOMLLJKHGGFHD97EA,0.0,0.0,0.0,無,1316
中西區,房地(土地+建物),民權路一段１７９號八樓之３,15.11,都市：其他:商業區,,,1100118,土地1建物1車位0,八層,九層,華廈(10層含以下有電梯),住家用,鋼筋混凝土造,0691125,30.75,1,0,1,有,無,600000,19512,,0.0,0,,RPPNMLLJKHGGFAD66EA,21.3,0.0,0.0,有,
東區,房地(土地+建物)+車位,崇善十一街５２號四樓之７,19.5,都市：其他:第五種住宅區,,,1100125,土地1建物1車位1,四層,十四層,住宅大樓(11層含以上有電梯),住家用,鋼筋混凝土造,0880802,120.59,3,2,2,有,有,6600000,54731,升降機械,11.24,0,土地交易總價新台幣3960000元、建物交易總價新台幣2640000元,RPQOMLTLJHGGFCD97EA,77.3,0.0,10.83,有,
安南區,房地(土地+建物),新宅二街１１６號,124.24,都市：其他:住宅區,,,1090807,土地1建物1車位0,全,四層,透天厝,住宅、停車空間,鋼筋混凝土造,1090831,236.47,5,2,6,有,無,17080000,72229,,0.0,0,其他增建；,RPVNMLLJKHGGFBD37EA,228.82,0.0,7.65,無,
安南區,房地(土地+建物),安六街１０６號,103.81,都市：其他:住宅區,,,1100112,土地1建物1車位0,全,五層,透天厝,見其他登記事項,鋼筋混凝土造,1090501,297.79,5,2,6,有,無,18880000,63400,,0.0,0,陽台外推；其他增建；,RPWNMLLJKHGGFBD47EA,258.07,0.0,39.72,有,
安南區,房地(土地+建物),長和路二段１２巷３２３弄４２號,99.89,都市：其他:住宅區,,,1091106,土地2建物1車位0,全,三層,透天厝,見其他登記事項,鋼筋混凝土造,1090825,181.95,5,2,4,有,無,12000000,65952,,0.0,0,預售屋、或土地及建物分次登記案件；,RPQOMLTLJHGGFBD87EA,155.29,0.0,26.66,無,
安南區,房地(土地+建物),長和路二段１２巷３２３弄５０號,100.18,都市：其他:住宅區,,,1091106,土地2建物1車位0,全,三層,透天厝,見其他登記事項,鋼筋混凝土造,1090825,182.36,5,2,4,有,無,12500000,68546,,0.0,0,預售屋、或土地及建物分次登記案件；,RPSOMLTLJHGGFBD08EA,155.29,0.0,27.07,無,
安南區,房地(土地+建物),長和路二段１２巷３２３弄６６號,93.0,都市：其他:住宅區,,,1091106,土地2建物1車位0,全,四層,透天厝,見其他登記事項,鋼筋混凝土造,1090825,190.62,5,2,3,有,無,11500000,60329,,0.0,0,預售屋、或土地及建物分次登記案件；,RPUOMLTLJHGGFBD28EA,149.35,0.0,41.27,無,
安南區,房地(土地+建物),長和路二段１２巷３２３弄７８號,91.99,都市：其他:住宅區,,,1091106,土地2建物1車位0,全,三層,透天厝,見其他登記事項,鋼筋混凝土造,1090825,177.96,5,2,3,有,無,10650000,59845,,0.0,0,預售屋、或土地及建物分次登記案件；,RPWOMLTLJHGGFBD48EA,151.3,0.0,26.66,無,
安南區,土地,科工段726地號,13123.46,都市：其他:工業區,,,1100122,土地1建物0車位0,,,其他,,,,0.0,0,0,0,有,無,243689529,18569,,0.0,0,政府機關標讓售；,RPPPMLTLJHGGFBD87EA,0.0,0.0,0.0,無,
東區,土地,虎尾寮段495-124地號,3.0,都市：其他:第五種住宅區,,,1091119,土地1建物0車位0,,,其他,,,,0.0,0,0,0,有,無,98100,32700,,0.0,0,親友、員工、共有人或其他特殊關係間之交易；,RPSOMLLJKHGGFCD27EA,0.0,0.0,0.0,無,
玉井區,房地(土地+建物),大智街９６號,120.06,都市：其他:住宅區,,,1100114,土地1建物1車位0,全,二層,透天厝,住家用,加強磚造,0751124,110.76,4,2,2,有,無,3800000,34308,,0.0,0,,RPPNMLTLJHGGFJD38DA,105.8,0.0,4.96,無,
永康區,房地(土地+建物)+車位,復國一路４７５巷２２號二樓之１,28.37,都市：其他:住宅區,,,1100113,土地2建物1車位1,二層,五層,華廈(10層含以下有電梯),住家用,見其他登記事項,1071127,82.7,3,1,2,有,無,7198000,87037,升降機械,0.0,0,含裝潢費；,RPXRMLRLJHGGFKD86DA,55.4,0.0,6.1,有,
永康區,房地(土地+建物)+車位,復國一路４７５巷２２號二樓之２,28.14,都市：其他:住宅區,,,1100113,土地2建物1車位1,二層,五層,華廈(10層含以下有電梯),住家用,見其他登記事項,1071127,81.99000000000001,3,1,2,有,無,6878000,83888,升降機械,0.0,0,含裝潢費；,RPOSMLRLJHGGFKD68DA,54.82,0.0,6.1,有,
永康區,土地,埔園段415地號,95.3,都市：其他:道路用地,,,1091204,土地2建物0車位0,,,其他,,,,0.0,0,0,0,有,無,4926000,51689,,0.0,0,1.	購買共有持分土地2.	土地增值稅312354元由買方支付,RPQNMLQLJHGGFKD28DA,0.0,0.0,0.0,無,0513
永康區,房地(土地+建物),正南五街２８９巷７３號二樓,6.86,都市：其他:住宅區,,,1100115,土地1建物1車位0,二層,七層,華廈(10層含以下有電梯),住家用,鋼筋混凝土造,0821228,33.84,1,0,1,有,有,1230000,36348,,0.0,0,,RPXRMLQLJHGGFKD76DA,20.84,0.0,3.26,有,
永康區,土地,東灣段98地號,606.45,都市：其他:道路用地,,,1091009,土地3建物0車位0,,,其他,,,,0.0,0,0,0,有,無,8622056,14217,,0.0,0,,RPSOMLLLJHGGFKD08DA,0.0,0.0,0.0,無,1318
永康區,土地,永二段530地號,26.15,都市：其他:道路用地,,,1091102,土地1建物0車位0,,,其他,,,,0.0,0,0,0,有,無,228000,8719,,0.0,0,包含公共設施保留地用地；,RPRPMLLLJHGGFKD08DA,0.0,0.0,0.0,無,1319
永康區,房地(土地+建物),復華里復國二路２３１號十一樓之１,25.06,都市：其他:住宅區,,,1091220,土地1建物1車位0,十一層,十一層,住宅大樓(11層含以上有電梯),見其他登記事項,鋼筋混凝土造,0840520,132.93,4,1,2,有,有,3600000,27082,,0.0,0,親友、員工、共有人或其他特殊關係間之交易；含租約；,RPRQMLMLJHGGFKD28DA,92.63,0.0,7.83,有,
永康區,房地(土地+建物),中山南路１９５巷３２之７號五樓之５,17.57,都市：其他:住宅區,,,1091229,土地1建物1車位0,五層,十一層,住宅大樓(11層含以上有電梯),住家用,鋼筋混凝土造,0880317,94.07,4,1,2,有,有,4350000,46242,,0.0,0,陽台外推；夾層；,RPTOMLTLJHGGFKD98DA,52.14,0.0,5.4,有,
永康區,土地,大灣段4886-81地號,3.0,,,,1100126,土地2建物0車位0,,,其他,,,,0.0,0,0,0,有,無,29559,9853,,0.0,0,包含公共設施保留地用地；,RPRPMLTLJHGGFKD88DA,0.0,0.0,0.0,無,
永康區,房地(土地+建物)+車位,大橋里大橋三街２８３號,33.76,都市：其他:住宅區,,,1100114,土地1建物1車位1,一層，二層，三層,七層,華廈(10層含以下有電梯),住商用,鋼筋混凝土造,0830426,178.01,3,2,3,有,有,8100000,45503,坡道平面,0.0,0,,RPSPMLTLJHGGFKD98DA,112.74,0.0,9.07,有,
永康區,房地(土地+建物),國華街１０２巷１１３號十樓之２,18.23,都市：其他:住宅區,,,1091224,土地1建物1車位0,十層,十二層,住宅大樓(11層含以上有電梯),住家用,鋼筋混凝土造,0831006,110.28999999999999,3,2,2,有,有,4150000,37628,,0.0,0,,RPPPMLLJKHGGFKD77DA,76.8,0.0,8.2,有,
永康區,房地(土地+建物)+車位,八德街５５巷２１號三樓之三,27.19,都市：其他:住宅區,,,1091221,土地1建物1車位1,三層,六層,華廈(10層含以下有電梯),住家用,鋼筋混凝土造,0850302,100.03,3,2,2,有,有,4680000,46786,坡道平面,0.0,0,,RPVPMLLJKHGGFKD38DA,65.71,0.0,10.41,有,
永康區,房地(土地+建物),南灣里大灣路５３７巷１７弄２號,95.58,都市：其他:住宅區,,,1091229,土地1建物1車位0,全,二層,透天厝,住家用,加強磚造,0680327,97.2,2,2,3,有,無,3003600,30901,,0.0,0,親友、員工、共有人或其他特殊關係間之交易；,RPTQMLLJKHGGFKD28DA,97.2,0.0,0.0,無,
永康區,土地,龍王段1943-2地號,1.01,都市：其他:道路用地,,,1100121,土地1建物0車位0,,,其他,,,,0.0,0,0,0,有,無,50000,49505,,0.0,0,,RPXQMLLJKHGGFKD68DA,0.0,0.0,0.0,無,
永康區,土地,龍王段1943-3地號,2.22,都市：其他:道路用地,,,1100121,土地1建物0車位0,,,其他,,,,0.0,0,0,0,有,無,100000,45045,,0.0,0,,RPORMLLJKHGGFKD87DA,0.0,0.0,0.0,無,
永康區,房地(土地+建物),復華里９鄰國華街５３號九樓之１,9.5,都市：其他:商業區,,,1100104,土地1建物1車位0,九層,十五層,公寓(5樓含以下無電梯),住家用,鋼筋混凝土造,0841009,88.51,3,2,2,有,無,3200000,36154,,0.0,0,,RPSPMLMJKHGGFKD18DA,59.73,0.0,7.16,無,
永康區,土地,南工段773地號,55.21,都市：其他:公園兼兒童遊樂場用地,,,1091226,土地1建物0車位0,,,其他,,,,0.0,0,0,0,有,無,1720100,31156,,0.0,0,包含公共設施保留地用地；,RPSNMLMKJHGGFKD97DA,0.0,0.0,0.0,無,1320
永康區,土地,南工段773地號,110.41,都市：其他:公園兼兒童遊樂場用地,,,1091226,土地1建物0車位0,,,其他,,,,0.0,0,0,0,有,無,3440200,31158,,0.0,0,包含公共設施保留地用地；,RPTNMLMKJHGGFKD08DA,0.0,0.0,0.0,無,1320
永康區,房地(土地+建物),西灣里國光八街１２９巷２６號,97.0,都市：其他:住宅區,,,1100103,土地1建物1車位0,全,二層,透天厝,住家用,加強磚造,0770708,145.29,4,1,2,有,無,8200000,56439,,0.0,0,其他增建；,RPRNMLNJJHGGFKD87DA,109.88,15.38,20.03,無,
永康區,房地(土地+建物),中華二路２０６巷３８號三樓之１,24.93,都市：其他:商業區,,,1091119,土地1建物1車位0,三層,五層,公寓(5樓含以下無電梯),住家用,鋼筋混凝土造,0701207,104.13,3,1,2,有,無,3000000,28810,,0.0,0,,RPSPMLOJJHGGFKD28DA,75.96,0.0,7.23,無,
永康區,房地(土地+建物),東橋三路２１３巷８號,81.56,都市：其他:住宅區,,,1091227,土地3建物1車位0,全,四層,透天厝,見其他登記事項,見其他登記事項,1010320,183.56,5,2,4,有,有,17250000,93975,,0.0,0,,RPVOMLPKJHGGFKD68DA,162.68,0.0,20.88,無,
永康區,房地(土地+建物),中華二路２６６巷２８號三樓之２,6.65,都市：其他:住宅區,,,1091225,土地1建物1車位0,三層,七層,華廈(10層含以下有電梯),住家用,鋼筋混凝土造,0870602,31.46,1,1,1,有,有,1850000,58805,,0.0,0,,RPOPMLMJKHGGFKD77DA,22.95,0.0,0.0,有,
永康區,房地(土地+建物),新中街２８１巷２７號,87.55,都市：其他:住宅區,,,1091224,土地1建物1車位0,全,四層,透天厝,住家用,鋼筋混凝土造,0960119,219.55,4,2,5,有,無,12600000,57390,,0.0,0,其他增建；,RPQPMLMJKHGGFKD97DA,194.18,0.0,25.37,無,
永康區,土地,五王段837-7地號,502.87,都市：其他:計畫道路用地,,,1100128,土地2建物0車位0,,,其他,,,,0.0,0,0,0,有,無,9393410,18680,,0.0,0,包含公共設施保留地用地；,RPPQMLMJKHGGFKD97DA,0.0,0.0,0.0,無,0586
永康區,房地(土地+建物),中山南路１０１６巷１１號,54.28,都市：其他:住宅區,,,1091220,土地1建物1車位0,全,四層,透天厝,住家用,鋼筋混凝土構造,1080313,141.91,4,2,5,有,無,13980000,98513,,0.0,0,其他增建；,RPOQMLLJKHGGFKD77DA,122.96,18.95,0.0,無,
永康區,房地(土地+建物),龍橋街１８６巷５７號,99.6,都市：其他:住宅區,,,1091220,土地1建物1車位0,全,四層,透天厝,住家用,鋼筋混凝土造,0950906,199.06,4,2,3,有,無,9500000,47724,,0.0,0,未登記建物；,RPUOMLTLJHGGFKD09DA,186.5,0.0,12.56,無,
永康區,土地,鹽新段863地號,393.54,都市：其他:道路用地,,,1100105,土地1建物0車位0,,,其他,,,,0.0,0,0,0,有,無,8080000,20532,,0.0,0,包含公共設施保留地用地；,RPRPMLSLJHGGFKD78DA,0.0,0.0,0.0,無,
永康區,房地(土地+建物),中山南路１９５巷３２之６號,13.76,都市：其他:住宅區,,,1100102,土地1建物1車位0,一層,十一層,住宅大樓(11層含以上有電梯),住家用,鋼筋混凝土造,0880317,72.88,3,2,1,有,有,3500000,48024,,0.0,0,夾層；,RPSPMLSLJHGGFKD88DA,40.85,0.0,3.84,有,
永康區,土地,富強段773地號,87.01,都市：其他:商業區,,,1100120,土地1建物0車位0,,,其他,,,,0.0,0,0,0,有,無,4737600,54449,,0.0,0,親友、員工、共有人或其他特殊關係間之交易；未登記建物；,RPUPMLMLJHGGFKD48DA,0.0,0.0,0.0,無,
永康區,土地,大灣段3076-6地號,130.79,都市：其他:道路用地,,,1100111,土地3建物0車位0,,,其他,,,,0.0,0,0,0,有,無,2000000,15292,,0.0,0,公設保留地移轉,RPWPMLMLJHGGFKD68DA,0.0,0.0,0.0,無,
永康區,土地,埔園段415地號,71.03,都市：其他:道路用地,,,1091204,土地3建物0車位0,,,其他,,,,0.0,0,0,0,有,無,3867000,54442,,0.0,0,1.購買共有持分土地2.土地增值稅75833元由買方支付,RPQNMLPLJHGGFKD18DA,0.0,0.0,0.0,無,0513
永康區,土地,埔園段466地號,73.36,都市：其他:道路用地,,,1091229,土地4建物0車位0,,,其他,,,,0.0,0,0,0,有,無,3184000,43402,,0.0,0,,RPRNMLQLJHGGFKD38DA,0.0,0.0,0.0,無,0513
永康區,土地,蜈蜞潭段1292-6地號,12.0,都市：其他:道路用地,,,1091208,土地2建物0車位0,,,其他,,,,0.0,0,0,0,有,無,160320,13360,,0.0,0,,RPPOMLPLJHGGFKD18DA,0.0,0.0,0.0,無,
永康區,房地(土地+建物)+車位,復國一路４７５巷２２號四樓之５,28.23,都市：其他:住宅區,,,1100113,土地2建物1車位1,四層,五層,華廈(10層含以下有電梯),住家用,見其他登記事項,1071127,82.33,3,1,2,有,無,7078000,85971,升降機械,0.0,0,含裝潢費；,RPPSMLRLJHGGFKD78DA,55.1,0.0,6.1,有,
永康區,房地(土地+建物),永大路一段２８７巷５２號,82.32,都市：其他:住宅區,,,1100119,土地1建物1車位0,全,一層,透天厝,住家用,加強磚造,0761130,57.9,10,2,9,有,無,6200000,107081,,0.0,0,未登記建物；,RPUPMLRLJHGGFKD98DA,57.9,0.0,0.0,無,
南化區,土地,竹頭崎段415地號,2812.0,,森林區,農牧用地,1100113,土地1建物0車位0,,,其他,,,,0.0,0,0,0,有,無,2249600,800,,0.0,0,,RPQNMLMJKHGGFJD67DA,0.0,0.0,0.0,無,
玉井區,土地,芒子芒段28-8地號,457.0,,鄉村區,乙種建築用地,1100110,土地1建物0車位0,,,其他,,,,0.0,0,0,0,有,無,914000,2000,,0.0,0,親友、員工、共有人或其他特殊關係間之交易；,RPSNMLNJKHGGFJD97DA,0.0,0.0,0.0,無,
永康區,房地(土地+建物),中山北路１１４號十五樓之４,10.32,都市：其他:住宅區,,,1091127,土地1建物1車位0,十五層,十九層,住宅大樓(11層含以上有電梯),見其他登記事項,鋼筋混凝土造,0830711,116.13,3,2,2,有,有,4200000,36166,,0.0,0,其他增建；,RPOPMLRLJIPFFKD66DA,87.0,0.0,11.47,有,
南區,房地(土地+建物),萬年五街４０巷１３號,124.45,都市：其他:住宅區,,,1091225,土地1建物1車位0,全,四層,透天厝,見其他登記事項,見其他登記事項,1090429,284.18,5,2,6,有,無,18300000,64396,,0.0,0,,RPOOMLMJKHGGFCD96EA,264.51,0.0,19.67,有,
東區,房地(土地+建物),東門路一段２９８號五樓之６,2.23,都市：其他:主要計畫道路用地,,,1100115,土地4建物1車位0,五層,十一層,住宅大樓(11層含以上有電梯),住家用,鋼筋混凝土造,0800518,21.12,1,1,1,有,有,980000,46402,,0.0,0,,RPPOMLMJKHGGFCD07EA,13.9,0.0,1.65,有,
安南區,房地(土地+建物),新宅五街１０５巷１６號,89.79,都市：其他:住宅區,,,1091115,土地2建物1車位0,全,三層,透天厝,見其他登記事項,鋼筋混凝土造,1091125,156.91,4,2,4,有,無,11730000,74756,,0.0,0,陽台外推；其他增建；,RPXNMLMJKHGGFBD67EA,133.08,0.0,23.83,無,
安南區,房地(土地+建物),州南五街２７６號,133.63,都市：其他:住宅區,,,1091230,土地1建物1車位0,全,四層,透天厝,見其他登記事項,鋼筋混凝土造,1081022,298.85,5,2,4,有,無,21000000,70269,,0.0,0,,RPOOMLMJKHGGFBD86EA,265.12,0.0,33.73,有,
安南區,土地,淵南段92-5地號,3.43,都市：其他:住宅區,,,1100127,土地1建物0車位0,,,其他,,,,0.0,0,0,0,有,無,103700,30233,,0.0,0,畸零地或有合併使用效益；,RPPOMLMJKHGGFBD96EA,0.0,0.0,0.0,無,
安南區,土地,淵南段92-4地號,3.53,都市：其他:住宅區,,,1100127,土地1建物0車位0,,,其他,,,,0.0,0,0,0,有,無,106700,30227,,0.0,0,畸零地或有合併使用效益；,RPQOMLMJKHGGFBD07EA,0.0,0.0,0.0,無,
安南區,土地,淵南段92地號,2.08,都市：其他:住宅區,,,1100127,土地1建物0車位0,,,其他,,,,0.0,0,0,0,有,無,62900,30240,,0.0,0,畸零地或有合併使用效益；,RPROMLMJKHGGFBD17EA,0.0,0.0,0.0,無,
安南區,土地,聖母段115地號,1228.11,都市：其他:農業區,,,1100103,土地1建物0車位0,,,其他,,,,0.0,0,0,0,有,無,4200000,3420,,0.0,0,,RPRNMLNJKHGGFBD17EA,0.0,0.0,0.0,無,1325
中西區,房地(土地+建物),永華路一段３６號九樓之７,3.45,都市：其他:商業區,,,1100121,土地1建物1車位0,九層,十二層,住宅大樓(11層含以上有電梯),住家用,鋼筋混凝土造,0850301,43.54,1,1,1,有,有,2450000,56270,,0.0,0,親友、員工、共有人或其他特殊關係間之交易；夾層；,RPUNMLMJKHGGFAD27EA,29.25,0.0,3.08,有,
龍崎區,土地,崎頂段609-15地號,1600.0,,山坡地保育區,農牧用地,1100125,土地1建物0車位0,,,其他,,,,0.0,0,0,0,有,無,400000,250,,0.0,0,,RPPPMLLJKHGGFID67EA,0.0,0.0,0.0,無,
關廟區,土地,深坑子段800-8地號,1315.0,,一般農業區,農牧用地,1100125,土地1建物0車位0,,,其他,,,,0.0,0,0,0,有,無,4000000,3042,,0.0,0,,RPTNMLMKJHGGFID97EA,0.0,0.0,0.0,無,
佳里區,土地,新安段1324地號,83.25,,鄉村區,乙種建築用地,1090804,土地1建物0車位0,,,其他,,,,0.0,0,0,0,有,無,382994,4601,,0.0,0,親友、員工、共有人或其他特殊關係間之交易；畸零地或有合併使用效益；地清或未辦繼承標售；,RPVNMLPJKHGGFGD28EA,0.0,0.0,0.0,無,0814
東山區,土地,牛肉崎段234-24地號,3016.0,,山坡地保育區,農牧用地,1091208,土地1建物0車位0,,,其他,,,,0.0,0,0,0,有,無,1050000,348,,0.0,0,未登記建物；,RPUNMLNJKHGGFED77EA,0.0,0.0,0.0,無,
柳營區,土地,士林段391地號,454.42,都市：其他:農業區,,,1091209,土地1建物0車位0,,,其他,,,,0.0,0,0,0,有,無,3480000,7658,,0.0,0,,RPVOMLMJKHGGFDD77EA,0.0,0.0,0.0,無,
新營區,土地,新卯舍段179地號,131.92,,鄉村區,乙種建築用地,1091229,土地2建物0車位0,,,其他,,,,0.0,0,0,0,有,無,1180000,8945,,0.0,0,,RPPOMLNJKHGGFDD27EA,0.0,0.0,0.0,無,1327
鹽水區,土地,舊營段後寮小段830地號,1843.0,,特定農業區,農牧用地,1100118,土地1建物0車位0,,,其他,,,,0.0,0,0,0,有,無,2500000,1356,,0.0,0,,RPROMLNJKHGGFDD47EA,0.0,0.0,0.0,無,
鹽水區,土地,番子厝段2727地號,7562.0,,一般農業區,農牧用地,1100126,土地5建物0車位0,,,其他,,,,0.0,0,0,0,有,無,14804000,1958,,0.0,0,,RPRNMLOJKHGGFDD47EA,0.0,0.0,0.0,無,
柳營區,土地,柳營段柳營小段876-21地號,91.0,都市：其他:道路用地,,,1100128,土地1建物0車位0,,,其他,,,,0.0,0,0,0,有,無,1101100,12100,,0.0,0,,RPXNMLNJKHGGFDD97EA,0.0,0.0,0.0,無,
歸仁區,房地(土地+建物)+車位,民權六街６０號二樓之１２,20.2,都市：其他:住宅區,,,1100106,土地1建物1車位1,二層,六層,華廈(10層含以下有電梯),住家用,鋼筋混凝土造,0830906,82.96,2,2,2,有,有,2620000,31581,一樓平面,0.0,0,,RPPOMLQJJHGGFID87DA,52.76,0.0,8.58,有,
仁德區,房地(土地+建物)+車位,仁和里和愛街１８號三樓之１,47.2,都市：其他:住宅區,,,1100114,土地1建物1車位1,三層,十四層,住宅大樓(11層含以上有電梯),住家用,鋼筋混凝土造,0990422,174.15,3,2,2,有,有,8200000,47086,坡道平面,0.0,0,,RPQOMLTLJHGGFID48DA,102.03,0.0,10.11,有,
歸仁區,房地(土地+建物),七甲一街３６巷５５弄７號,77.0,,一般農業區,甲種建築用地,1091218,土地1建物1車位0,全,四層,透天厝,住家用,見其他登記事項,1090227,167.08,5,2,3,有,無,9880000,59133,,0.0,0,,RPRPMLMLJHGGFID97DA,147.59,0.0,19.49,無,1328
歸仁區,房地(土地+建物),文化里大德路２５３號七樓之７,19.63,都市：其他:住宅區,,,1091229,土地1建物1車位0,七層,十二層,住宅大樓(11層含以上有電梯),住家用,鋼筋混凝土造,0850621,119.25,3,2,2,有,有,3150000,26415,,0.0,0,,RPVOMLKLJHGGFID08DA,82.57,0.0,9.34,有,
歸仁區,房地(土地+建物),南興里文化九街１４號四樓,16.62,都市：其他:住宅區,,,1100105,土地4建物1車位0,四層,五層,公寓(5樓含以下無電梯),住家用,鋼筋混凝土造,0840819,56.2,2,2,1,有,有,1750000,31139,,0.0,0,,RPXNMLTKJHGGFID98DA,39.01,0.0,7.26,無,
仁德區,房地(土地+建物),保安里中正路一段２１１號,148.52,都市：其他:商業區,,,1091210,土地2建物1車位0,全,二層,透天厝,住家用,鋼筋混凝土造,0770905,196.89,7,2,5,有,無,17500000,88882,,0.0,0,,RPXOMLLJKHGGFID28DA,196.88,0.0,0.0,無,
歸仁區,房地(土地+建物),文化街三段５９２巷８弄１３號,113.59,都市：其他:住宅區,,,1071007,土地3建物1車位0,全,三層,透天厝,住家用,見其他登記事項,1090512,193.6,5,2,5,有,無,11000000,56818,,0.0,0,,RPTPMLLJKHGGFID97DA,172.0,0.0,21.6,無,
歸仁區,土地,八甲段2844地號,1900.0,,特定農業區,農牧用地,1091215,土地1建物0車位0,,,其他,,,,0.0,0,0,0,有,無,13490000,7100,,0.0,0,,RPQNMLMJKHGGFID57DA,0.0,0.0,0.0,無,
仁德區,土地,十三甲段936地號,399.0,,一般農業區,農牧用地,1100109,土地1建物0車位0,,,其他,,,,0.0,0,0,0,有,無,844885,2118,,0.0,0,,RPRNMLMJKHGGFID67DA,0.0,0.0,0.0,無,
安定區,房地(土地+建物),蘇厝３６４之６號,61.52,,鄉村區,乙種建築用地,1091223,土地1建物1車位0,全,四層,透天厝,住家用,鋼筋混凝土造,1090830,171.76,4,2,4,有,無,8400000,48905,,0.0,0,,RPQOMLLJKHGGFHD47DA,129.9,0.0,22.6,無,
安定區,土地,中沙段86地號,1565.24,,一般農業區,農牧用地,1100120,土地1建物0車位0,,,其他,,,,0.0,0,0,0,有,無,5800000,3706,,0.0,0,,RPTNMLLJKHGGFHD67DA,0.0,0.0,0.0,無,
安定區,房地(土地+建物),蘇厝３６４之７號,54.06,,鄉村區,乙種建築用地,1100106,土地1建物1車位0,全,四層,透天厝,住家用,鋼筋混凝土造,1090830,152.5,4,2,4,有,無,8500000,55738,,0.0,0,,RPSOMLLJKHGGFHD67DA,148.66,0.0,23.1,無,
善化區,土地,善成段1382地號,313.72,都市：其他:住宅區,,,1100115,土地4建物0車位0,,,其他,,,,0.0,0,0,0,有,無,21900000,69807,,0.0,0,,RPPOMLMJKHGGFHD47DA,0.0,0.0,0.0,無,0029
善化區,房地(土地+建物),大成路３６７巷１３號,659.8,都市：其他:住宅區,,,1100115,土地9建物2車位0,全,一層,透天厝,住家用,加強磚造,0520200,202.41,3,2,1,有,無,43900000,216887,,0.0,0,,RPWOMLMJKHGGFHD18DA,180.57,21.84,0.0,無,
新市區,土地,港子墘段650-6地號,416.02,,鄉村區,乙種建築用地,1080806,土地2建物0車位0,,,其他,,,,0.0,0,0,0,有,無,7875000,18929,,0.0,0,含私設巷道。 私設巷道價格為新台幣15萬元整。,RPXOMLMJKHGGFHD28DA,0.0,0.0,0.0,無,1111
新市區,房地(土地+建物),南昌街５６號,85.92,都市：其他:住宅區,,,1100108,土地1建物1車位0,全,四層,透天厝,住家用,鋼筋混凝土造,1090721,198.3,4,2,4,有,無,15900000,80182,,0.0,0,,RPQQMLMJKHGGFHD77DA,173.34,0.0,24.96,無,
安定區,土地,管寮段351-2地號,610.0,,鄉村區,乙種建築用地,1091028,土地3建物0車位0,,,其他,,,,0.0,0,0,0,有,無,21860000,35836,,0.0,0,,RPQRMLNJKHGGFHD97DA,0.0,0.0,0.0,無,
新市區,房地(土地+建物),大洲４３之２７號,111.11,,鄉村區,乙種建築用地,1100116,土地4建物1車位0,全,三層,透天厝,住家用,鋼筋混凝土造,1090921,178.71,4,2,3,有,無,11300000,63231,,0.0,0,,RPVNMLPLJHGGFHD38DA,163.57,0.0,15.14,無,
善化區,房地(土地+建物)+車位,民生路１３０號三樓之３,27.82,都市：其他:住宅區,,,1100124,土地1建物1車位1,三層,七層,華廈(10層含以下有電梯),住家用,鋼筋混凝土造,1050818,101.86,2,0,2,有,有,6200000,59756,一樓平面,19.86,1300000,,RPPNMLOLJHGGFHD67DA,42.96,2.4,4.39,有,
安定區,房地(土地+建物),蘇厝３１２之５號,159.65,,鄉村區,乙種建築用地,1090117,土地2建物1車位0,全,四層,透天厝,住家用,鋼筋混凝土造,1091019,249.55,6,2,5,有,無,10880000,43598,,0.0,0,預售屋、或土地及建物分次登記案件；,RPXOMLPLJHGGFHD68DA,230.87,0.0,18.68,無,
新化區,房地(土地+建物),竹子２４７之３９９號,99.54,,特定農業區,甲種建築用地,1091228,土地2建物1車位0,全,四層,透天厝,住家用,鋼筋混凝土造,0821208,204.58,4,2,3,有,有,5600000,27373,,0.0,0,頂樓加蓋；,RPXNMLSLJHGGFHD88DA,190.65,0.0,13.93,無,
佳里區,土地,塭子內段286-13地號,336.83,,鄉村區,乙種建築用地,1100126,土地2建物0車位0,,,其他,,,,0.0,0,0,0,有,無,3000000,8907,,0.0,0,,RPUOMLQLJHGGFGD38DA,0.0,0.0,0.0,無,
學甲區,土地,學甲段3061-2地號,478.5,,特定農業區,農牧用地,1100104,土地2建物0車位0,,,其他,,,,0.0,0,0,0,有,無,400000,836,,0.0,0,親友、員工、共有人或其他特殊關係間之交易；,RPTOMLTKJHGGFGD48DA,0.0,0.0,0.0,無,
七股區,土地,城內段882地號,65.83,,鄉村區,乙種建築用地,1100112,土地1建物0車位0,,,其他,,,,0.0,0,0,0,有,無,125077,1900,,0.0,0,畸零地或有合併使用效益；,RPUNMLLJKHGGFGD67DA,0.0,0.0,0.0,無,
佳里區,房地(土地+建物)+車位,光明街１００號五樓之３,33.23,都市：其他:住宅區,,,1081005,土地1建物1車位1,五層,五層,華廈(10層含以下有電梯),見其他登記事項,鋼筋混凝土造,1090914,98.49000000000001,3,2,2,有,有,4700000,49404,一樓平面,15.5,600000,預售屋、或土地及建物分次登記案件；,RPTNMLMJKHGGFGD67DA,58.4,0.0,4.67,有,
西港區,土地,劉厝段1089地號,1100.0,,特定農業區,農牧用地,1100108,土地1建物0車位0,,,其他,,,,0.0,0,0,0,有,無,2450000,2227,,0.0,0,,RPPNMLNJKHGGFGD37DA,0.0,0.0,0.0,無,1331
學甲區,土地,興善段564地號,79.73,都市：其他:住宅區,,,1100107,土地1建物1車位0,一層，二層，三層,三層,其他,見其他登記事項,加強磚造,0650918,106.83,0,0,0,有,無,1280000,16054,,0.0,0,賣清親友、員工、共有人或其他特殊關係間之交易；,RPQNMLNJKHGGFGD47DA,0.0,0.0,0.0,無,
佳里區,土地,新安段858地號,188.54,,鄉村區,乙種建築用地,1091121,土地1建物0車位0,,,其他,,,,0.0,0,0,0,有,無,2200000,11669,,0.0,0,,RPRNMLNJKHGGFGD57DA,0.0,0.0,0.0,無,
學甲區,房地(土地+建物),新榮里６鄰華宗路２號之２０,90.53,都市：其他:農業區,,,1091216,土地1建物1車位0,全,四層,透天厝,見其他登記事項,鋼筋混凝土造,0940303,217.18,4,3,4,有,無,6080000,27995,,0.0,0,,RPSNMLNJKHGGFGD67DA,205.03,0.0,12.15,無,
學甲區,房地(土地+建物)+車位,仁得里八德街２３８號二樓之六,34.0,都市：其他:住宅區,,,1100125,土地1建物2車位2,二層，夾層,六層,華廈(10層含以下有電梯),住家用,鋼筋混凝土造,0840501,146.52,4,2,2,有,無,2600000,17745,一樓平面,0.0,0,親友、員工、共有人或其他特殊關係間之交易；,RPTNMLNJKHGGFGD77DA,96.36,0.0,7.92,有,
佳里區,房地(土地+建物),佳西路５２５巷１７號,168.56,都市：其他:住宅區,,,1091222,土地2建物1車位0,全,四層,透天厝,住家用,鋼筋混凝土造,1021007,214.17,5,1,6,有,無,9800000,45758,,0.0,0,,RPSOMLMKJHGGFGD67DA,193.76,0.0,20.41,無,
佳里區,房地(土地+建物),南勢里建南１５６號之５５,119.08,都市：其他:農業區,,,1090827,土地2建物1車位0,全,三層,透天厝,住家用,鋼筋混凝土造,0990604,177.06,4,2,3,有,無,4000000,22591,,0.0,0,親友、員工、共有人或其他特殊關係間之交易；,RPOPMLMKJHGGFGD37DA,159.18,13.98,3.9,無,
佳里區,房地(土地+建物),中和街４２號,117.67,都市：其他:住宅區,,,1091120,土地1建物1車位0,全,一層,透天厝,住家用,磚造,0320916,70.93,6,1,2,有,無,2296722,32380,,0.0,0,親友、員工、共有人或其他特殊關係間之交易；,RPRNMLSJJHGGFGD97DA,70.93,0.0,0.0,無,
麻豆區,房地(土地+建物),港尾里１５鄰客子寮１０５號,117.0,,鄉村區,乙種建築用地,1091226,土地1建物1車位0,全,三層,透天厝,住商用,鋼筋混凝土造,0950329,196.78,8,2,3,有,無,4050000,20581,,0.0,0,其他增建；,RPWNMLLJKHGGFFD77DA,175.17,10.83,10.78,無,
官田區,土地,隆東段160地號,99.15,都市：其他:住宅區,,,1100115,土地1建物0車位0,,,其他,,,,0.0,0,0,0,有,無,1900000,19163,,0.0,0,親友、員工、共有人或其他特殊關係間之交易；未登記建物；,RPQNMLMJKHGGFFD27DA,0.0,0.0,0.0,無,
六甲區,土地,民族段85地號,152.53,都市：其他:住宅區,,,1100122,土地1建物0車位0,,,其他,,,,0.0,0,0,0,有,無,2500000,16390,,0.0,0,親友、員工、共有人或其他特殊關係間之交易；未登記建物；,RPRNMLMJKHGGFFD37DA,0.0,0.0,0.0,無,
麻豆區,土地,溝子墘段301地號,630.0,,特定農業區,農牧用地,1091228,土地4建物0車位0,,,其他,,,,0.0,0,0,0,有,無,1600000,2540,,0.0,0,,RPWNMLNJKHGGFFD97DA,0.0,0.0,0.0,無,
大內區,土地,頭社段680-4地號,10096.0,,山坡地保育區,農牧用地,1090516,土地4建物0車位0,,,其他,,,,0.0,0,0,0,有,無,11500000,1139,,0.0,0,本件土地買賣契約總價1150萬元，為包含土地價款800萬元，及因本案土地地勢低窪於買賣期間內委由土方業者填入土壤整地之土方款350萬元之合計。其他                    ；預售屋、或土地及建物分次登記案件；,RPRNMLKMJHGGFFD37DA,0.0,0.0,0.0,無,
大內區,土地,二重溪段612-82地號,9732.0,,山坡地保育區,農牧用地,1091222,土地2建物0車位0,,,其他,,,,0.0,0,0,0,有,無,6500000,668,,0.0,0,,RPRNMLNKJHGGFFD47DA,0.0,0.0,0.0,無,
東山區,房地(土地+建物),三榮里木柵３８之８號,103.66,,鄉村區,乙種建築用地,1100122,土地1建物1車位0,全,二層,透天厝,住家用,加強磚造,0821231,115.41,3,1,3,有,無,1480000,12824,,0.0,0,親友、員工、共有人或其他特殊關係間之交易；,RPTNMLMJKHGGFED47DA,108.11,0.0,7.3,無,
後壁區,土地,新嘉段1098地號,58.06,,鄉村區,乙種建築用地,1100118,土地1建物0車位0,,,其他,,,,0.0,0,0,0,有,無,170000,2928,,0.0,0,,RPRNMLMJKHGGFED27DA,0.0,0.0,0.0,無,
白河區,土地,草店段616-3地號,151.0,,鄉村區,乙種建築用地,1091222,土地1建物0車位0,,,其他,,,,0.0,0,0,0,有,無,2050000,13576,,0.0,0,,RPSNMLLJKHGGFED27DA,0.0,0.0,0.0,無,
白河區,土地,草店段615地號,244.0,,鄉村區,乙種建築用地,1091217,土地1建物0車位0,,,其他,,,,0.0,0,0,0,有,無,3540000,14508,,0.0,0,,RPTNMLLJKHGGFED37DA,0.0,0.0,0.0,無,
白河區,土地,草店段614地號,220.0,,鄉村區,乙種建築用地,1091214,土地1建物0車位0,,,其他,,,,0.0,0,0,0,有,無,3000000,13636,,0.0,0,,RPUNMLLJKHGGFED47DA,0.0,0.0,0.0,無,
白河區,房地(土地+建物),永安里１３鄰民安路５０號,112.0,都市：其他:住宅區,,,1100130,土地1建物1車位0,全,三層,透天厝,見其他登記事項,見其他登記事項,1090122,235.83,4,3,5,有,無,12550000,53216,,0.0,0,土地價款新台幣3514000元，建物價款新台幣9036000元合計1255萬元。,RPRNMLNJKHGGFED37DA,225.48,0.0,10.35,有,
東區,房地(土地+建物),富農街二段４３巷１０號四樓之３,12.13,都市：其他:道路用地,,,1091218,土地3建物1車位0,四層,五層,公寓(5樓含以下無電梯),住家用,鋼筋混凝土造,0781114,59.059999999999995,2,1,1,有,有,2570000,43515,,0.0,0,,RPQNMLMLJHGGFCD07DA,41.64,1.68,2.54,無,
南區,房地(土地+建物)+車位,德興路１３９巷４０號四樓,17.98,都市：其他:住宅區,,,1091214,土地1建物1車位1,四層,六層,華廈(10層含以下有電梯),住家用,鋼筋混凝土造,0831220,93.5,3,2,2,有,有,2800000,29947,坡道機械,0.0,0,親友、員工、共有人或其他特殊關係間之交易；,RPUNMLKLJHGGFCD27DA,56.77,3.83,8.85,有,
東區,房地(土地+建物),裕信六街１６２號,108.45,都市：其他:虎尾寮第二種住宅區,,,1091128,土地2建物1車位0,全,四層,透天厝,見其他登記事項,鋼筋混凝土造,1001020,216.82,4,2,4,有,無,21000000,96855,,0.0,0,頂樓加蓋；其他增建；,RPQPMLLJKHGGFCD07DA,183.57,0.0,33.25,無,
東區,土地,竹篙厝段2365地號,802.0,都市：其他:第五種住宅區,,,1090926,土地1建物0車位0,,,其他,,,,0.0,0,0,0,有,無,133430000,166372,,0.0,0,,RPRPMLLJKHGGFCD17DA,0.0,0.0,0.0,無,
東區,房地(土地+建物),林森路二段２０６號之３,20.29,都市：其他:第五種住宅區,,,1091218,土地23建物1車位0,四層,十二層,住宅大樓(11層含以上有電梯),住家用,鋼筋混凝土造,0730118,93.13000000000001,3,2,1,有,有,4100000,44029,,0.0,0,,RPSPMLLJKHGGFCD27DA,72.82,0.0,7.6,有,
東區,房地(土地+建物),裕豐街２１４巷５８之２號,30.2,都市：其他:第五種住宅區,,,1091217,土地1建物1車位0,三層,五層,公寓(5樓含以下無電梯),住家用,鋼筋混凝土造,0690726,94.0,3,2,2,有,無,3800000,40426,,0.0,0,其他增建；,RPTPMLLJKHGGFCD37DA,81.4,0.0,0.0,無,1332
東區,房地(土地+建物),崇學路２３０巷１２０之１號,30.25,都市：其他:第五種住宅區,,,1091204,土地1建物1車位0,二層,四層,公寓(5樓含以下無電梯),住家用,鋼筋混凝土造,0691022,81.37,3,1,2,有,無,2500000,30724,,0.0,0,其他增建；,RPWNMLLJKHGGFCD47DA,66.45,0.0,0.0,無,
東區,房地(土地+建物),長榮路一段２２７號十一樓之１０,3.9,都市：其他:第五種住宅區,,,1100116,土地2建物1車位0,十一層,十二層,住宅大樓(11層含以上有電梯),住家用,鋼筋混凝土造,0880805,36.54,1,1,1,有,有,2400000,65681,,0.0,0,,RPOPMLLJKHGGFCD86DA,25.72,0.0,0.0,有,
南區,土地,喜北段586-6地號,195.22,都市：其他:細部計畫道路用地,,,1100114,土地5建物0車位0,,,其他,,,,0.0,0,0,0,有,無,3864371,19795,,0.0,0,協議價購；,RPPNMLLJKHGGFCD76DA,0.0,0.0,0.0,無,1333
東區,土地,新東段658-8地號,27.5,都市：其他:道路用地,,,1100118,土地1建物0車位0,,,其他,,,,0.0,0,0,0,有,無,743875,27050,,0.0,0,包含公共設施保留地用地；,RPQNMLLJKHGGFCD86DA,0.0,0.0,0.0,無,
南區,土地,喜東段1009-1地號,24.44,都市：其他:細部計畫道路用地,,,1100114,土地25建物0車位0,,,其他,,,,0.0,0,0,0,有,無,97597,3993,,0.0,0,雙方約定，本案增值稅3177元，由買方於買賣價金之外另行負擔繳納之。包含公共設施保留地用地；,RPPPMLSLJHGGFCD77DA,0.0,0.0,0.0,無,
南區,土地,喜北段586-6地號,195.22,都市：其他:細部計畫道路用地,,,1100114,土地5建物0車位0,,,其他,,,,0.0,0,0,0,有,無,3864371,19795,,0.0,0,協議價購；,RPSOMLTLJHGGFCD08DA,0.0,0.0,0.0,無,1333
南區,土地,喜北段586-6地號,195.22,都市：其他:細部計畫道路用地,,,1100114,土地5建物0車位0,,,其他,,,,0.0,0,0,0,有,無,3864371,19795,,0.0,0,協議價購；,RPUOMLTLJHGGFCD28DA,0.0,0.0,0.0,無,1333
東區,土地,裕東段675地號,302.62,都市：其他:虎尾寮第二種住宅區,,,1091026,土地1建物0車位0,,,其他,,,,0.0,0,0,0,有,無,43020000,142158,,0.0,0,,RPWOMLTLJHGGFCD48DA,0.0,0.0,0.0,無,
東區,房地(土地+建物),林森路二段９０號五樓之６,6.93,都市：其他:住宅區,,,1100108,土地1建物1車位0,五層,十六層,住宅大樓(11層含以上有電梯),住家用,鋼筋混凝土造,0830504,97.3,3,2,1,有,有,5800000,59609,,0.0,0,陽台外推；,RPTOMLSJJHGGFCD87DA,70.66,0.0,8.84,有,1336
南區,土地,省躬段961-3地號,97.0,都市：其他:住宅區,,,1091218,土地1建物0車位0,,,其他,,,,0.0,0,0,0,有,無,4027180,41517,,0.0,0,,RPPOMLLKJHGGFCD86DA,0.0,0.0,0.0,無,
新營區,土地,太子段1302-4地號,244.7,都市：其他:住宅區,,,1091015,土地4建物0車位0,,,其他,,,,0.0,0,0,0,有,無,4974000,20327,,0.0,0,,RPSOMLLJKHGGFDD27DA,0.0,0.0,0.0,無,
新營區,房地(土地+建物),民族路１０６巷１８號,62.92,都市：其他:住宅區,,,1100118,土地2建物1車位0,全,二層,透天厝,住家用,鋼筋混凝土加強磚造,0630820,64.93,4,3,2,有,無,2300000,35423,,0.0,0,親友、員工、共有人或其他特殊關係間之交易；頂樓加蓋；其他增建；,RPTNMLMJKHGGFDD37DA,64.94,0.0,0.0,無,1337
柳營區,土地,果毅後段4739地號,2493.0,,特定農業區,農牧用地,1091009,土地1建物0車位0,,,其他,,,,0.0,0,0,0,有,無,3350000,1344,,0.0,0,,RPOPMLMJKHGGFDD07DA,0.0,0.0,0.0,無,
柳營區,房地(土地+建物),柳營３６０之２１號,687.0,,特定農業區,農牧用地,1091212,土地1建物1車位0,全,一層,透天厝,農舍,鋼造,0820403,186.65,4,2,2,有,無,7100000,38039,,0.0,0,,RPUNMLTLJHGGFDD28DA,186.65,0.0,0.0,無,
新營區,土地,東學段617-1地號,38.21,都市：其他:住宅區,,,1100113,土地1建物0車位0,,,其他,,,,0.0,0,0,0,有,無,1271500,33277,,0.0,0,,RPWNMLLJKHGGFDD57DA,0.0,0.0,0.0,無,
新營區,土地,東學段576地號,43.8,都市：其他:住宅區,,,1091221,土地1建物0車位0,,,其他,,,,0.0,0,0,0,有,無,1285201,29342,,0.0,0,,RPPNMLLLKIPFFDD97DA,0.0,0.0,0.0,無,
安南區,土地,佃西段888-5地號,1236.1,都市：其他:住宅區,,,1091226,土地6建物0車位0,,,其他,,,,0.0,0,0,0,有,無,26184066,21183,,0.0,0,,RPSNMLSLKIPFFBD78DA,0.0,0.0,0.0,無,
東區,房地(土地+建物),立德十路６６巷１８號,49.65,都市：其他:鄰里商業區,,,1091213,土地1建物1車位0,全,二層,透天厝,住家用,加強磚造,0620403,66.8,4,3,2,有,無,5020000,75150,,0.0,0,頂樓加蓋；夾層；其他增建；,RPQNMLNKKIPFFCD08DA,66.8,0.0,0.0,無,
安南區,房地(土地+建物),海環街１３５巷１０號,70.07,都市：其他:住宅區,,,1091214,土地2建物1車位0,全,三層,透天厝,住家用,鋼筋混凝土造,1061204,149.1,5,2,3,有,無,11500000,77129,,0.0,0,,RPXNMLLJKHGGFBD47DA,133.64,0.0,15.46,無,1338
安南區,房地(土地+建物),安昌街２６巷２１號,89.27,都市：其他:住宅區,,,1091212,土地1建物1車位0,全,三層,透天厝,住家用,鋼筋混凝土造,1090921,170.53,6,2,5,有,無,15880000,93121,,0.0,0,,RPVOMLLJKHGGFBD37DA,160.94,0.0,9.59,無,
安南區,房地(土地+建物),安和路一段４９６巷１弄１４號,106.32,都市：其他:住宅區,,,1100103,土地13建物1車位0,全,二層,透天厝,住家用,加強磚造,0690827,106.19,4,2,2,有,無,6280000,59139,,0.0,0,其他增建；,RPPNMLMJKHGGFBD76DA,97.64,0.0,8.55,無,
安南區,房地(土地+建物),府安路五段１１９巷１１弄６號,126.19,都市：其他:住宅區,,,1091119,土地1建物1車位0,全,三層,透天厝,住家用,鋼筋混凝土造,0800511,242.26,7,2,3,有,無,9000000,37150,,0.0,0,親友、員工、共有人或其他特殊關係間之交易；,RPRNMLMJKHGGFBD96DA,230.9,0.0,11.36,無,
安南區,土地,十字段363地號,1546.07,都市：其他:農業區,,,1100107,土地1建物0車位0,,,其他,,,,0.0,0,0,0,有,無,28996000,18755,,0.0,0,,RPPOMLNJKHGGFBD96DA,0.0,0.0,0.0,無,1339
安南區,房地(土地+建物),長溪路一段２３４號,188.41,都市：其他:住宅區,,,1100115,土地4建物1車位0,全,二層,透天厝,住家用,加強磚造,0621201,158.83,4,2,2,有,無,7500000,47220,,0.0,0,,RPQNMLPLJHGGFBD27DA,158.83,0.0,0.0,無,
安南區,土地,佃南段561地號,1128.02,都市：其他:農業區,,,1100112,土地4建物0車位0,,,其他,,,,0.0,0,0,0,有,無,20000000,17730,,0.0,0,,RPUOMLPLJHGGFBD77DA,0.0,0.0,0.0,無,1340
南區,房地(土地+建物),中華西路一段１１１號七樓之１０,16.14,都市：其他:主要計畫道路用地,,,1091130,土地2建物1車位0,七層,七層,華廈(10層含以下有電梯),住家用,鋼筋混凝土造,0701226,96.6,5,2,5,有,有,4920000,50932,,0.0,0,陽台外推；頂樓加蓋；,RPXOMLKMJIPFFCD68DA,65.37,0.0,23.74,有,1341
北區,房地(土地+建物),和緯路四段９５巷３號五樓,48.84,都市：其他:住宅區,,,1100114,土地2建物1車位0,五層,五層,公寓(5樓含以下無電梯),住家用,鋼筋混凝土造,0701017,165.10000000000002,7,0,7,有,無,5580000,33798,,0.0,0,,RPTPMLMJKHGGFAD27DA,133.19,0.0,16.3,無,1342
安平區,房地(土地+建物),國平路２５號,100.15,都市：其他:住宅區,,,1100115,土地1建物1車位0,全,五層,透天厝,見其他登記事項,見其他登記事項,0950324,299.57,4,2,4,有,無,21000000,70100,,0.0,0,,RPSOMLMJKHGGFAD07DA,258.35,0.0,41.22,無,1343
安平區,房地(土地+建物),國平路２７號,120.88,都市：其他:住宅區,,,1100115,土地1建物1車位0,全,五層,透天厝,見其他登記事項,見其他登記事項,0950324,341.41,6,2,2,有,無,26300000,77033,,0.0,0,,RPTOMLMJKHGGFAD17DA,316.81,0.0,24.6,無,1344
安平區,房地(土地+建物),古堡街１２２巷１１號,114.52,都市：其他:特定商業專用區,,,1100115,土地2建物1車位0,全,四層,透天厝,集合住宅、停車空間,鋼筋混凝土構造,1091126,339.01000000000005,5,2,6,有,無,25000000,73744,,0.0,0,,RPPPMLLJKHGGFAD76DA,310.91,0.0,27.88,有,
安平區,房地(土地+建物),永華十一街１５９巷１６號,134.0,都市：其他:商業區,,,1091230,土地1建物1車位0,全,五層,透天厝,住家用,見其他登記事項,1090824,377.53,7,3,7,有,無,33060000,87569,,0.0,0,,RPRNMLMJKHGGFAD86DA,332.96,0.0,44.57,有,
中西區,房地(土地+建物),國華街二段４５號五樓之４,16.45,都市：其他:商業區,,,1100112,土地1建物1車位0,五層,七層,華廈(10層含以下有電梯),住家用,鋼筋混凝土造,0880423,121.29,3,2,2,有,有,6100000,50293,,0.0,0,,RPXNMLMJKHGGFAD47DA,82.04,0.0,8.16,有,
安平區,房地(土地+建物)+車位,永華路二段５０３號二十一樓之２,28.12,都市：其他:住宅區,,,1091216,土地1建物1車位2,二十一層,二十三層,住宅大樓(11層含以上有電梯),見其他登記事項,見其他登記事項,1070202,303.68,0,0,0,無,有,20500000,75222,坡道平面,57.74,2000000,毛胚屋,RPWOMLLJKHGGFAD37DA,142.29,0.0,17.98,有,
安平區,房地(土地+建物),平豐路８９號,112.0,都市：其他:住宅區,,,1091030,土地1建物1車位0,全,四層,透天厝,見其他登記事項,鋼筋混凝土造,0960601,245.48,5,2,5,有,無,18000000,73326,,0.0,0,頂樓加蓋；其他增建；,RPTNMLLJKHGGFAD96DA,214.44,0.0,31.04,無,
北區,房地(土地+建物)+車位,林森路三段１４０巷２５號七樓,48.04,都市：其他:住宅區,,,1100113,土地1建物1車位1,七層,八層,華廈(10層含以下有電梯),見其他登記事項,鋼筋混凝土造,0860802,142.09,3,2,2,有,有,8040000,56584,坡道平面,0.0,0,,RPUNMLLJKHGGFAD07DA,87.67,0.0,8.93,有,1345
北區,房地(土地+建物),文成一路１３０巷１３號,102.66,都市：其他:住宅區,,,1091228,土地2建物1車位0,全,五層,透天厝,見其他登記事項,鋼筋混凝土造,0881004,294.92,5,2,4,有,有,15050000,51031,,0.0,0,其他增建；,RPRQMLSLJHGGFAD87DA,266.16,0.0,28.76,無,
北區,房地(土地+建物),北園街８７巷３６弄１５號,63.0,都市：其他:住宅區,,,1091218,土地1建物1車位0,全,二層,透天厝,住家用,加強磚造,0730428,95.53,3,2,3,有,無,5600000,58620,,0.0,0,,RPUQMLSLJHGGFAD18DA,92.49,0.0,3.04,無,1346
北區,房地(土地+建物)+車位,北園街８巷２６號五樓之９,13.69,都市：其他:商業區,,,1091216,土地1建物1車位2,五層,十九層,住宅大樓(11層含以上有電梯),見其他登記事項,鋼筋混凝土造,0961227,174.57,4,2,2,有,有,8140000,45570,坡道機械,28.86,1500000,,RPSNMLRLJHGGFAD57DA,92.3,2.22,8.92,有,1347
安平區,房地(土地+建物)+車位,永華六街６６號三樓之３,32.59,都市：其他:住宅區,,,1091210,土地1建物1車位1,三層,七層,華廈(10層含以下有電梯),住家用,鋼筋混凝土造,0831227,167.93,3,2,2,有,有,5600000,33347,坡道平面,0.0,0,親友、員工、共有人或其他特殊關係間之交易；,RPVNMLQLJHGGFAD77DA,99.25,0.0,15.3,有,1348
北區,房地(土地+建物)+車位,開元路５０７號十三樓之５,11.15,都市：其他:住宅區,,,1091106,土地3建物1車位1,十三層,二十四層,住宅大樓(11層含以上有電梯),見其他登記事項,見其他登記事項,1041105,153.98000000000002,3,2,2,有,有,8000000,51955,坡道平面,27.73,0,,RPWOMLMLJHGGFAD57DA,74.29,3.61,10.97,有,1349
安平區,房地(土地+建物)+車位,永華路二段８００號十五樓,25.16,都市：其他:住宅區,,,1091129,土地1建物1車位2,十五層,二十九層,住宅大樓(11層含以上有電梯),見其他登記事項,見其他登記事項,1070125,278.95,3,2,3,有,有,16000000,55788,坡道平面,42.34,2800000,,RPVPMLLLJHGGFAD47DA,131.12,10.61,17.01,有,
安平區,房地(土地+建物)+車位,永華路二段７９８號十三樓,20.85,都市：其他:住宅區,,,1091205,土地1建物1車位1,十三層,二十九層,住宅大樓(11層含以上有電梯),見其他登記事項,見其他登記事項,1070125,230.5,3,2,2,有,有,13450000,58142,坡道平面,24.11,1450000,,RPWPMLLLJHGGFAD57DA,118.39,8.34,11.55,有,
北區,土地,大興段936地號,14.89,都市：其他:細部計畫道路用地,,,1100107,土地4建物0車位0,,,其他,,,,0.0,0,0,0,有,無,272000,18267,,0.0,0,包含公共設施保留地用地；,RPXQMLMLJHGGFAD87DA,0.0,0.0,0.0,無,1350
北區,土地,大興段929地號,42.59,都市：其他:主要計畫道路用地,,,1100107,土地2建物0車位0,,,其他,,,,0.0,0,0,0,有,無,950000,22306,,0.0,0,包含公共設施保留地用地；,RPORMLMLJHGGFAD07DA,0.0,0.0,0.0,無,1351
安平區,房地(土地+建物)+車位,永華路二段８０２號四樓,23.29,都市：其他:住宅區,,,1100112,土地1建物1車位1,四層,二十九層,住宅大樓(11層含以上有電梯),見其他登記事項,見其他登記事項,1070125,258.32,3,2,3,有,有,14780000,56061,坡道平面,24.11,1650000,,RPQRMLMLJHGGFAD27DA,130.2,10.16,16.8,有,
北區,房地(土地+建物)+車位,中華北路一段７８巷５１號十六樓,20.51,都市：其他:商業區,,,1091108,土地1建物1車位1,十六層,二十二層,住宅大樓(11層含以上有電梯),見其他登記事項,見其他登記事項,1090109,228.5,3,2,2,有,有,17030000,81199,坡道平面,36.01,1400000,,RPROMLPLJHGGFAD37DA,104.11,8.32,15.93,有,
安平區,車位,文平路,1.04,都市：其他:商業區,,,1100108,土地1建物1車位2,,,其他,,,,48.45,0,0,0,有,有,2200000,,坡道平面,48.44,2200000,僅車位交易；,RPQNMLTKJHGGFAD47DA,0.0,0.0,0.0,有,0618
中西區,房地(土地+建物),健康路一段３９６號十二樓之２,2.58,都市：其他:商業區,,,1091231,土地1建物1車位0,十二層,十三層,住宅大樓(11層含以上有電梯),見其他登記事項,鋼筋混凝土造,0850821,30.09,1,0,1,有,有,1820000,60485,,0.0,0,,RPVNMLMKJHGGFAD27DA,17.99,0.0,3.76,有,
安平區,房地(土地+建物)+車位,建平八街４５０巷１號九樓之１５,17.1,都市：其他:住宅區,,,1100116,土地2建物1車位1,九層,九層,華廈(10層含以下有電梯),住家用,鋼筋混凝土造,0830330,125.26,3,2,2,有,有,6000000,47900,坡道平面,0.0,1500000,陽台外推；其他增建；,RPTNMLQKJHGGFAD47DA,45.83,13.44,22.02,有,1353
安平區,房地(土地+建物),世平四街４９巷３４號,82.07,都市：其他:特定住宅專用區,,,1091226,土地2建物1車位0,全,四層,透天厝,見其他登記事項,見其他登記事項,0921231,189.27,4,1,3,有,無,8880000,46917,,0.0,0,,RPSNMLRKJHGGFAD47DA,181.52,0.0,7.75,無,
安平區,房地(土地+建物)+車位,國平南路９６號十六樓之１,41.5,都市：其他:商業區,,,1091218,土地2建物1車位2,十六層,二十四層,住宅大樓(11層含以上有電梯),見其他登記事項,見其他登記事項,1070529,475.4,3,2,4,有,有,37388000,78645,坡道平面,43.86,0,,RPQOMLLLKIPFFAD87DA,257.5,0.0,36.84,有,1354
中西區,房地(土地+建物),民生路二段１３２號七樓之６,11.92,都市：其他:商業區,,,1091218,土地1建物1車位0,七層,十三層,住宅大樓(11層含以上有電梯),見其他登記事項,見其他登記事項,1051108,75.99,2,2,1,有,有,6050000,79616,,0.0,0,陽台外推；其他增建；,RPSOMLSKKIPFFAD68DA,42.31,1.41,8.0,有,1355
中西區,房地(土地+建物),衛民街１０６之３７號,71.15,都市：其他:商業區,,,1091126,土地1建物1車位0,全,三層,透天厝,住家用,加強磚造,0640304,167.12,7,2,5,有,無,12500000,74797,,0.0,0,頂樓加蓋；其他增建；,RPVPMLQLJIPFFAD88DA,167.12,0.0,0.0,無,1356
北區,房地(土地+建物),文成二路２６１號,180.1,都市：其他:住宅區,,,1091219,土地4建物1車位0,全,四層,透天厝,見其他登記事項,鋼筋混凝土造,0910830,434.87,7,4,7,有,無,33300000,76575,,0.0,0,頂樓加蓋；,RPSPMLOJJHGGFAD27DA,434.87,0.0,0.0,無,
中西區,房地(土地+建物)+車位,中華西路二段１６８號十樓之２,31.7,都市：其他:住宅區,,,1091120,土地1建物1車位2,十層,二十六層,住宅大樓(11層含以上有電梯),見其他登記事項,見其他登記事項,1061011,347.24,3,2,3,有,有,22500000,64797,坡道平面,49.6,0,,RPRNMLOLKIPFFAD18DA,179.72,0.0,21.36,有,
中西區,建物,府前路二段１７６號,0.0,,,,1100113,土地0建物1車位0,一層，騎樓,十二層,住宅大樓(11層含以上有電梯),商業用,鋼筋混凝土造,0740521,51.25,1,0,0,有,有,175800,3431,,0.0,0,土地為向仁愛之家租賃使用親友、員工、共有人或其他特殊關係間之交易；,RPUPMLPKJHGGFAD67DA,39.2,0.0,0.0,有,
中西區,房地(土地+建物),西賢六街１３巷７２號,96.0,都市：其他:住宅區,,,1100106,土地1建物1車位0,全,二層,透天厝,住家用,加強磚造,0731222,138.04,4,3,3,有,無,9380000,67951,,0.0,0,頂樓加蓋；其他增建；未登記建物；,RPTPMLNKJHGGFAD37DA,129.32,0.68,8.04,無,
中西區,房地(土地+建物)+車位,中華西路二段１６８號五樓之２,31.7,都市：其他:住宅區,,,1091202,土地1建物1車位2,五層,二十六層,住宅大樓(11層含以上有電梯),見其他登記事項,見其他登記事項,1061011,347.24,3,2,3,有,有,21520000,61974,坡道平面,49.6,0,,RPUPMLSKJHGGFAD97DA,179.72,0.0,21.36,有,
北區,房地(土地+建物),臨安路二段１４３巷１１２弄２號,95.56,都市：其他:住宅區,,,1091123,土地2建物1車位0,全,四層,透天厝,見其他登記事項,見其他登記事項,1000324,200.33,4,2,4,有,有,16000000,79868,,0.0,0,,RPWNMLSLJHGGFAD08DA,174.73,0.0,25.6,無,
中西區,房地(土地+建物),法華街７１巷３號,59.91,都市：其他:住宅區,,,1091229,土地1建物1車位0,全,三層,透天厝,住家用,見其他登記事項,0890302,106.91,4,2,4,有,無,10500000,98213,,0.0,0,其他增建；,RPWQMLSLJHGGFAD38DA,106.91,0.0,0.0,無,
北區,房地(土地+建物),開元路９２號八樓之５,3.25,都市：其他:細部計畫道路用地,,,1100125,土地2建物1車位0,八層,十一層,住宅大樓(11層含以上有電梯),住家用,鋼筋混凝土造,0790605,29.54,1,1,1,有,有,1500000,50779,,0.0,0,,RPTOMLTLJHGGFAD97DA,21.73,0.0,0.0,有,1357
中西區,土地,郡王祠段142地號,33.09,都市：其他:商業區,,,1100119,土地3建物0車位0,,,其他,,,,0.0,0,0,0,有,無,1500000,45331,,0.0,0,,RPPOMLTLJHGGFAD57DA,0.0,0.0,0.0,無,0768
中西區,房地(土地+建物),民族路二段６６號八樓之２,4.91,都市：其他:商業區,,,1100111,土地3建物1車位0,八層,十三層,住宅大樓(11層含以上有電梯),商業用,鋼筋混凝土造,0821102,53.14,2,1,1,有,有,3020000,56831,,0.0,0,,RPWNMLMJKHGGFAD37DA,36.47,0.0,3.34,有,1359
中西區,房地(土地+建物),海安路二段２７０巷１８號三樓之３,22.16,都市：其他:商業區,,,1100105,土地1建物1車位0,三層,五層,公寓(5樓含以下無電梯),住家用,鋼筋混凝土造,0730523,93.88,2,1,1,有,無,1733453,18465,,0.0,0,親友、員工、共有人或其他特殊關係間之交易；,RPQNMLMJKHGGFAD76DA,71.64,0.0,3.81,無,1360
安平區,房地(土地+建物)+車位,慶平路５３９號十七樓之５,11.99,都市：其他:商業區,,,1100105,土地1建物1車位1,十七層，十八層,二十四層,住宅大樓(11層含以上有電梯),見其他登記事項,鋼筋混凝土造,0880211,181.9,4,2,2,有,有,6580000,36176,坡道機械,0.0,0,,RPPQMLMJKHGGFAD96DA,105.25,0.0,13.01,有,1361
中西區,房地(土地+建物)+車位,慈聖街６７號二樓之１,34.94,都市：其他:商業區,,,1100113,土地1建物1車位1,二層,五層,華廈(10層含以下有電梯),見其他登記事項,見其他登記事項,1091023,145.96,3,2,2,有,有,10600000,72623,其他,15.35,0,,RPUNMLNJKHGGFAD27DA,81.42,0.0,13.55,有,
安平區,房地(土地+建物)+車位,郡平路１８１號十四樓之３３,16.56,都市：其他:住宅區,,,1091231,土地1建物1車位1,十四層,十四層,住宅大樓(11層含以上有電梯),住家用,鋼筋混凝土造,0880622,156.34,3,2,2,有,有,6600000,42216,坡道平面,0.0,0,,RPVNMLNJKHGGFAD37DA,86.15,1.46,12.55,有,1362
中西區,房地(土地+建物)+車位,中華西路二段４１６號三樓之５,28.01,都市：其他:住宅區,,,1100113,土地1建物1車位2,三層,二十五層,住宅大樓(11層含以上有電梯),集合住宅,鋼筋混凝土構造,1060817,316.47,3,2,3,有,有,18000000,63487,坡道平面,67.6,2200000,,RPPOMLNJKHGGFAD86DA,161.85,0.0,13.73,有,
安平區,房地(土地+建物)+車位,永華五街９１號四樓之６,16.02,都市：其他:住宅區,,,1100108,土地1建物1車位1,四層,七層,華廈(10層含以下有電梯),住家用,鋼筋混凝土造,0830323,95.30000000000001,3,2,2,有,有,4200000,44071,坡道機械,0.0,0,,RPXOMLNJKHGGFAD67DA,60.88,0.0,5.8,有,1363
安平區,房地(土地+建物)+車位,健康路三段３３３號二十三樓之６,8.53,都市：其他:商業區,,,1091130,土地1建物1車位1,二十三層,二十六層,住宅大樓(11層含以上有電梯),見其他登記事項,見其他登記事項,1060124,115.36,2,1,1,有,有,6800000,58946,坡道平面,0.0,0,,RPPPMLNJKHGGFAD96DA,49.42,2.68,5.31,有,1364
安南區,房地(土地+建物),本原街一段１４０巷１弄１１號,73.3,都市：其他:住宅區,,,1100102,土地2建物1車位0,全,三層,透天厝,見其他登記事項,鋼筋混凝土造,1090722,156.01,4,1,4,有,無,9900000,63457,,0.0,0,含裝潢費735000元；,RPUNMLRLJHGGFBD87DA,142.8,0.0,13.21,無,
安南區,土地,土城段268-4地號,3224.69,都市：其他:細部計畫道路用地,,,1091225,土地5建物0車位0,,,其他,,,,0.0,0,0,0,有,無,43800000,13583,,0.0,0,含土地增值稅或其他稅費；含仲介費；含地政士服務費；農作物；農業設施；,RPTNMLTLJHGGFBD97DA,0.0,0.0,0.0,無,
安南區,土地,州北段235-1地號,3.29,都市：其他:道路用地,,,1091229,土地1建物0車位0,,,其他,,,,0.0,0,0,0,有,無,42006,12768,,0.0,0,包含公共設施保留地用地；,RPOPMLTLJHGGFBD67DA,0.0,0.0,0.0,無,
安南區,土地,溪墘段1664地號,29.85,都市：其他:住宅區,,,1100126,土地1建物0車位0,,,其他,,,,0.0,0,0,0,有,無,800000,26801,,0.0,0,親友、員工、共有人或其他特殊關係間之交易；,RPQOMLNJKHGGFBD07DA,0.0,0.0,0.0,無,
安南區,土地,布袋段648地號,1237.44,都市：其他:農業區,,,1091220,土地1建物0車位0,,,其他,,,,0.0,0,0,0,有,無,9660000,7806,,0.0,0,,RPSNMLNJKHGGFBD17DA,0.0,0.0,0.0,無,
安南區,土地,州北段578-2地號,213.5,都市：其他:住宅區,,,1100122,土地2建物0車位0,,,其他,,,,0.0,0,0,0,有,無,7349500,34424,,0.0,0,,RPTNMLNJKHGGFBD27DA,0.0,0.0,0.0,無,0564
安南區,土地,育安段778地號,720.84,都市：其他:住宅區,,,1091231,土地1建物0車位0,,,其他,,,,0.0,0,0,0,有,無,15430000,21406,,0.0,0,,RPUNMLNJKHGGFBD37DA,0.0,0.0,0.0,無,
安南區,土地,州北段578-4地號,106.75,都市：其他:住宅區,,,1100122,土地2建物0車位0,,,其他,,,,0.0,0,0,0,有,無,3674750,34424,,0.0,0,,RPWNMLNJKHGGFBD57DA,0.0,0.0,0.0,無,0564
安南區,土地,淵東段712-2地號,279.21,都市：其他:住宅區,,,1100113,土地2建物0車位0,,,其他,,,,0.0,0,0,0,有,無,6500000,23280,,0.0,0,未登記建物；包含公共設施保留地用地；,RPOPMLNJKHGGFBD96DA,0.0,0.0,0.0,無,
安南區,房地(土地+建物),安昌街２６巷２９弄２５號,143.28,都市：其他:住宅區,,,1090818,土地2建物1車位0,全,三層,透天厝,住家用,鋼筋混凝土造,1090921,181.58,5,2,5,有,無,14500000,79855,,0.0,0,,RPTOMLLJKHGGFBD17DA,166.28,0.0,15.3,無,
安南區,房地(土地+建物),安通二街１１號,107.1,都市：其他:住宅區,,,1100106,土地2建物1車位0,全,四層,透天厝,住家用,鋼筋混凝土造,1000701,170.32,5,2,3,有,無,12770000,74977,,0.0,0,其他增建；,RPVNMLMJKHGGFBD37DA,146.74,0.0,23.58,無,
安南區,房地(土地+建物),安昌街２６巷２９弄２１號,143.39,都市：其他:住宅區,,,1090731,土地2建物1車位0,全,三層,透天厝,住家用,鋼筋混凝土造,1090921,181.58,5,2,5,有,無,14880000,81947,,0.0,0,,RPQOMLLJKHGGFBD86DA,166.28,0.0,15.3,無,
安南區,房地(土地+建物),安昌街２６巷２９弄９號,143.71,都市：其他:住宅區,,,1090410,土地2建物1車位0,全,三層,透天厝,住家用,鋼筋混凝土造,1090921,181.58,5,2,5,有,無,14800000,81507,,0.0,0,,RPROMLLJKHGGFBD96DA,166.28,0.0,15.3,無,
安南區,土地,總安段582-3地號,501.92,都市：其他:細部計畫道路用地,,,1091211,土地2建物0車位0,,,其他,,,,0.0,0,0,0,有,無,22500000,44828,,0.0,0,道路用地價格為新台幣5萬元整。包含公共設施保留地用地；,RPRNMLLJKHGGFBD86DA,0.0,0.0,0.0,無,
安南區,房地(土地+建物),大安街７９６號,115.18,都市：其他:住宅區,,,1091230,土地2建物1車位0,全,四層,透天厝,住家用,鋼筋混凝土造,0980910,222.27,6,2,3,有,無,16460000,74054,,0.0,0,陽台外推；頂樓加蓋；其他增建；,RPTNMLKMKIPFFBD18DA,208.73,3.96,9.58,無,
安南區,房地(土地+建物),安昌街２６巷２９弄２３號,143.34,都市：其他:住宅區,,,1090629,土地2建物1車位0,全,三層,透天厝,住家用,鋼筋混凝土造,1090921,181.58,5,2,5,有,無,14880000,81947,,0.0,0,,RPPPMLMLJHGGFBD07DA,166.28,0.0,15.3,無,
安南區,土地,淵西段793-4地號,199.94,都市：其他:主要計畫道路用地,,,1100119,土地1建物0車位0,,,其他,,,,0.0,0,0,0,有,無,2915174,14580,,0.0,0,包含公共設施保留地用地；,RPQNMLMLJHGGFBD96DA,0.0,0.0,0.0,無,0535
安南區,土地,淵南段435-3地號,2.89,都市：其他:細部計畫道路用地,,,1100125,土地1建物0車位0,,,其他,,,,0.0,0,0,0,有,無,36717,12705,,0.0,0,包含公共設施保留地用地；,RPVNMLMLJHGGFBD47DA,0.0,0.0,0.0,無,1368
安南區,土地,淵南段435-3地號,2.89,都市：其他:細部計畫道路用地,,,1100125,土地1建物0車位0,,,其他,,,,0.0,0,0,0,有,無,36717,12705,,0.0,0,包含公共設施保留地用地；,RPWNMLMLJHGGFBD57DA,0.0,0.0,0.0,無,1368
安南區,土地,淵南段435-3地號,2.89,都市：其他:細部計畫道路用地,,,1100125,土地1建物0車位0,,,其他,,,,0.0,0,0,0,有,無,36717,12705,,0.0,0,包含公共設施保留地用地；,RPXNMLMLJHGGFBD67DA,0.0,0.0,0.0,無,1368
安南區,土地,淵南段435-3地號,2.89,都市：其他:細部計畫道路用地,,,1100125,土地1建物0車位0,,,其他,,,,0.0,0,0,0,有,無,36717,12705,,0.0,0,包含公共設施保留地用地；,RPPOMLMLJHGGFBD96DA,0.0,0.0,0.0,無,1368
安南區,土地,淵南段435-3地號,8.36,都市：其他:細部計畫道路用地,,,1100125,土地1建物0車位0,,,其他,,,,0.0,0,0,0,有,無,106214,12705,,0.0,0,包含公共設施保留地用地；,RPQOMLMLJHGGFBD07DA,0.0,0.0,0.0,無,1368
安南區,土地,淵南段435-3地號,7.52,都市：其他:細部計畫道路用地,,,1100125,土地1建物0車位0,,,其他,,,,0.0,0,0,0,有,無,95542,12705,,0.0,0,包含公共設施保留地用地；,RPROMLMLJHGGFBD17DA,0.0,0.0,0.0,無,1368
安南區,房地(土地+建物),府安路五段１１９巷５３號,116.86,都市：其他:住宅區,,,1091211,土地1建物1車位0,全,三層,透天厝,住商用,鋼筋混凝土造,0810609,206.45,4,2,3,有,無,9700000,46985,,0.0,0,,RPSNMLPKKIPFFBD38DA,202.05,0.0,4.4,無,
鹽水區,土地,天保厝段986地號,2895.0,,特定農業區,農牧用地,1100116,土地2建物0車位0,,,其他,,,,0.0,0,0,0,有,無,2300000,794,,0.0,0,,RPUNMLLJKHGGFDD37DA,0.0,0.0,0.0,無,
新營區,房地(土地+建物)+車位,隋唐街９號四樓之三,26.57,都市：其他:住宅區,,,1091228,土地1建物1車位1,四層,十五層,住宅大樓(11層含以上有電梯),見其他登記事項,鋼筋混凝土造,1090331,168.47,3,2,2,有,有,7900000,46594,坡道平面,22.53,1100000,房地總價含管理費,RPTOMLQLJHGGFDD97DA,87.41,0.0,11.32,有,
新營區,房地(土地+建物)+車位,隋唐街９號十一樓之三,26.57,都市：其他:住宅區,,,1091001,土地1建物1車位1,十一層,十五層,住宅大樓(11層含以上有電梯),見其他登記事項,鋼筋混凝土造,1090331,168.47,3,2,2,有,有,8920000,53584,坡道平面,22.53,1100000,房地總價含管理費,RPUOMLQLJHGGFDD08DA,87.41,0.0,11.32,有,
新營區,房地(土地+建物)+車位,隋唐街７號十一樓之一,33.36,都市：其他:住宅區,,,1090923,土地1建物1車位1,十一層,十五層,住宅大樓(11層含以上有電梯),見其他登記事項,鋼筋混凝土造,1090331,203.15,4,2,2,有,有,11100000,55365,坡道平面,22.53,1100000,房地總價含管理費，商品提貨單,RPVNMLMJKHGGFDD57DA,110.45,0.0,11.61,有,
新營區,房地(土地+建物)+車位,隋唐街７號七樓之五,26.57,都市：其他:住宅區,,,1091125,土地1建物1車位1,七層,十五層,住宅大樓(11層含以上有電梯),見其他登記事項,鋼筋混凝土造,1090331,169.59,3,2,2,有,有,8000000,46920,坡道平面,22.53,1100000,房地總價含管理費，商品提貨單,RPWNMLMJKHGGFDD67DA,87.36,0.0,12.18,有,
新營區,土地,民族段438地號,641.65,都市：其他:商業區,,,1091122,土地1建物0車位0,,,其他,,,,0.0,0,0,0,有,無,31000000,48313,,0.0,0,,RPSNMLMJKHGGFDD27DA,0.0,0.0,0.0,無,
新營區,土地,民權段1066地號,49.17,都市：其他:商業區,,,1100102,土地1建物0車位0,,,其他,,,,0.0,0,0,0,有,無,500000,10169,,0.0,0,親友、員工、共有人或其他特殊關係間之交易；未登記建物；,RPQOMLQLJHGGFDD67DA,0.0,0.0,0.0,無,
柳營區,土地,旭山段1332-1地號,1163.0,,一般農業區,農牧用地,1100115,土地1建物0車位0,,,其他,,,,0.0,0,0,0,有,無,1300000,1118,,0.0,0,親友、員工、共有人或其他特殊關係間之交易；,RPOOMLNJKHGGFDD07DA,0.0,0.0,0.0,無,
新營區,房地(土地+建物),忠政里府西路４７巷１５號,20.98,都市：其他:住宅區,,,1100201,土地2建物1車位0,一層,六層,華廈(10層含以下有電梯),住家用,鋼筋混凝土造,0820215,100.83000000000001,3,2,2,有,有,2500000,24794,,0.0,0,,RPQOMLNJKHGGFDD27DA,70.5,3.15,0.0,有,
鹽水區,土地,孫厝段1068地號,1073.22,,河川區,農牧用地,1100112,土地1建物0車位0,,,其他,,,,0.0,0,0,0,有,無,100000,93,,0.0,0,親友、員工、共有人或其他特殊關係間之交易；,RPPNMLOJKHGGFDD17DA,0.0,0.0,0.0,無,
東區,房地(土地+建物),生產路５５０巷１號,75.0,都市：其他:第五種住宅區,,,1091228,土地1建物1車位0,全,二層,透天厝,住家用,加強磚造,0681117,90.0,7,1,7,有,無,8550000,95000,,0.0,0,陽台外推；頂樓加蓋；,RPOPMLMJKHGGFCD96DA,90.0,0.0,0.0,無,1374
東區,房地(土地+建物),中華東路二段１９３號十一樓之１５,2.6,都市：其他:道路用地,,,1100115,土地3建物1車位0,十一層,二十層,住宅大樓(11層含以上有電梯),住家用,鋼筋混凝土造,0841106,34.339999999999996,1,0,1,有,有,2130000,62027,,0.0,0,,RPPNMLNJKHGGFCD96DA,19.5,0.0,3.72,有,
東區,房地(土地+建物),崇善十一街１４號,35.0,都市：其他:第五種住宅區,,,1100119,土地1建物1車位0,全,三層,透天厝,住商用,鋼筋混凝土造,0720829,70.36,4,2,2,有,無,5000000,71063,,0.0,0,親友、員工、共有人或其他特殊關係間之交易；,RPQNMLNJKHGGFCD07DA,63.98,0.0,6.39,無,
南區,房地(土地+建物),新興路４３９巷４弄２號,77.45,都市：其他:住宅區,,,1091217,土地2建物1車位0,全,二層,透天厝,住家用,見其他登記事項,0640716,84.0,3,2,2,有,無,4700000,55952,,0.0,0,原因：二親等間買賣。土地買賣價款新台幣4576800元整、建物買賣價款新台幣123200元整。,RPOOMLMJKHGGFCD86DA,84.0,0.0,0.0,無,
東區,房地(土地+建物),裕豐街１８５巷１２弄１８號四樓之４,6.74,都市：其他:細部計畫道路用地,,,1091228,土地2建物1車位0,四層,五層,公寓(5樓含以下無電梯),住家用,鋼筋混凝土造,0791201,19.810000000000002,1,1,1,有,無,840000,42403,,0.0,0,,RPQOMLNJKHGGFCD17DA,14.75,0.0,1.96,無,
南區,土地,省躬段961-2地號,97.0,都市：其他:住宅區,,,1091218,土地1建物0車位0,,,其他,,,,0.0,0,0,0,有,無,4100000,42268,,0.0,0,,RPXNMLLKJHGGFCD57DA,0.0,0.0,0.0,無,
南區,房地(土地+建物),中華南路二段４００巷３弄１１號二樓,34.04,都市：其他:住宅區,,,1091203,土地2建物1車位0,二層,五層,公寓(5樓含以下無電梯),見其他登記事項,鋼筋混凝土造,0711129,92.59,3,2,2,有,無,5000000,53996,,0.0,0,土地成交價:418萬  建物成交價:82萬含裝潢費；含傢俱設備費；,RPXNMLKMKIPFFCD68DA,76.22,0.0,10.08,無,1375
東區,房地(土地+建物),裕信路３７１號,156.18,都市：其他:虎尾寮第二種住宅區,,,1100111,土地1建物1車位0,全,四層,透天厝,住家用,見其他登記事項,1090429,327.39,4,2,5,有,無,39800000,121568,,0.0,0,,RPXOMLTLJHGGFCD58DA,301.47,0.0,25.92,有,
南區,土地,鹽埕段256-252地號,43.0,都市：其他:細部計畫道路用地,,,1100122,土地2建物0車位0,,,其他,,,,0.0,0,0,0,有,無,2021000,47000,,0.0,0,協議價購；,RPQOMLTLJHGGFCD87DA,0.0,0.0,0.0,無,
東區,房地(土地+建物),怡東路５７號,48.07,都市：其他:市場用地,,,1100118,土地1建物1車位0,全,四層,透天厝,住商用,鋼筋混凝土造,0750612,189.12,5,3,3,有,無,12000000,63452,,0.0,0,陽台外推；頂樓加蓋；其他增建；,RPPNMLTLJHGGFCD67DA,185.6,0.0,3.52,無,1376
南區,房地(土地+建物),中華南路二段４００巷４弄３１號三樓,41.79,都市：其他:住宅區,,,1091229,土地2建物1車位0,三層,五層,公寓(5樓含以下無電梯),見其他登記事項,鋼筋混凝土造,0711129,89.68,3,1,2,有,無,2700000,30107,,0.0,0,,RPSNMLSLJHGGFCD87DA,74.85,0.0,7.63,無,
東區,房地(土地+建物),裕豐街２１４巷５號六樓,11.94,都市：其他:第五種住宅區,,,1091230,土地3建物1車位0,六層,六層,華廈(10層含以下有電梯),商業用,鋼筋混凝土造,0811221,57.3,2,2,1,有,有,3000000,52356,,0.0,0,,RPPOMLSLJHGGFCD67DA,39.38,0.0,1.88,有,
東區,房地(土地+建物),崇德四街５巷４０號五樓,22.03,都市：其他:第五種住宅區,,,1091227,土地1建物1車位0,五層,六層,華廈(10層含以下有電梯),住家用,鋼筋混凝土造,0820514,103.25,2,2,1,有,無,3180000,30799,,0.0,0,陽台外推；,RPXOMLLJKHGGFCD67DA,69.64,0.0,10.01,有,
南區,土地,鹽埕段3-121地號,45.0,都市：其他:住宅區,,,1100116,土地1建物0車位0,,,其他,,,,0.0,0,0,0,有,無,1000000,22222,,0.0,0,,RPQOMLLJKHGGFCD96DA,0.0,0.0,0.0,無,
南區,土地,南豐段211地號,198.07,都市：其他:農業區,,,1100106,土地1建物0車位0,,,其他,,,,0.0,0,0,0,有,無,1680000,8482,,0.0,0,親友、員工、共有人或其他特殊關係間之交易；,RPSNMLMJKHGGFCD17DA,0.0,0.0,0.0,無,0152
南區,房地(土地+建物)+車位,新興路５３９號十四樓,26.1,都市：其他:住宅區,,,1100105,土地1建物1車位1,十四層,十六層,住宅大樓(11層含以上有電梯),見其他登記事項,鋼筋混凝土造,0841214,177.61,3,2,2,有,有,4900000,27589,坡道平面,0.0,0,車位無固定位置每年抽籤,RPUOMLMJKHGGFCD47DA,106.93,0.0,13.01,有,1378
南區,房地(土地+建物),德興路３１４巷６２號,95.0,都市：其他:住宅區,,,1091201,土地1建物1車位0,全,二層,透天厝,住家用,鋼筋混凝土造,0760112,138.39,5,2,2,有,無,7300000,52749,,0.0,0,頂樓加蓋；其他增建；未登記建物；,RPQNMLLLJHGGFCD96DA,121.91,3.53,12.95,無,
東區,房地(土地+建物),自由路二段１７５巷５１弄１１２號,72.86,都市：其他:第五種住宅區,,,1100116,土地2建物1車位0,全,四層,透天厝,住家用,鋼筋混凝土造,1040312,174.06,4,2,4,有,無,12600000,72389,,0.0,0,,RPXNMLTKJHGGFCD38DA,162.0,0.0,11.96,無,1379
東區,房地(土地+建物)+車位,德光街１５巷３７號,12.63,都市：其他:第五種住宅區,,,1091220,土地1建物1車位2,一層，騎樓，地下一層,八層,華廈(10層含以下有電梯),住家用,鋼筋混凝土造,0850426,98.72,3,2,2,有,有,3400000,34441,坡道機械,0.0,0,親友、員工、共有人或其他特殊關係間之交易；,RPROMLNKJHGGFCD27DA,65.8,0.0,0.0,有,1380
白河區,土地,馬稠後段891-2地號,216.13,,山坡地保育區,丙種建築用地,1100105,土地3建物0車位0,,,其他,,,,0.0,3,2,0,有,無,1030000,4766,,0.0,0,含增建或未登記建物。；,RPQNMLOJKHGGFED37DA,0.0,0.0,0.0,無,
東山區,土地,前大埔段1019-7地號,2000.43,,山坡地保育區,林業用地,1091207,土地1建物0車位0,,,其他,,,,0.0,0,0,0,有,無,360000,180,,0.0,0,,RPPNMLLJKHGGFED96DA,0.0,0.0,0.0,無,1381
官田區,土地,南段379-29地號,1737.41,,特定農業區,丁種建築用地,1091103,土地4建物0車位0,,,其他,,,,0.0,0,0,0,有,無,21653484,12463,,0.0,0,,RPWNMLKMJIPFFFD78DA,0.0,0.0,0.0,無,1382
東山區,土地,吉貝耍段1051地號,1900.0,,特定農業區,農牧用地,1100119,土地1建物0車位0,,,其他,,,,0.0,0,0,0,有,無,2451000,1290,,0.0,0,,RPQNMLLLJHGGFED17DA,0.0,0.0,0.0,無,
後壁區,土地,土溝段1298地號,4220.0,,特定農業區,農牧用地,1091222,土地2建物0車位0,,,其他,,,,0.0,0,0,0,有,無,3713600,880,,0.0,0,,RPSNMLOJJHGGFED47DA,0.0,0.0,0.0,無,
麻豆區,土地,朝天段155-2地號,327.0,,鄉村區,乙種建築用地,1100118,土地1建物0車位0,,,其他,,,,0.0,0,0,0,有,無,2967525,9075,,0.0,0,,RPOOMLSKJHGGFFD77DA,0.0,0.0,0.0,無,
麻豆區,土地,五王段540地號,527.15,都市：其他:農業區,,,1100104,土地2建物0車位0,,,其他,,,,0.0,0,0,0,有,無,4580000,8688,,0.0,0,,RPVNMLQJJHGGFFD08DA,0.0,0.0,0.0,無,1383
官田區,土地,三塊厝段151-25地號,1000.0,,特定農業區,農牧用地,1100127,土地1建物0車位0,,,其他,,,,0.0,0,0,0,有,無,880000,880,,0.0,0,親友、員工、共有人或其他特殊關係間之交易；,RPTNMLRLJHGGFFD18DA,0.0,0.0,0.0,無,
麻豆區,土地,安業段505-8地號,4099.0,,一般農業區,農牧用地,1100127,土地2建物0車位0,,,其他,,,,0.0,0,0,0,有,無,7600000,1854,,0.0,0,未登記建物；,RPQOMLQLJHGGFFD87DA,0.0,0.0,0.0,無,
麻豆區,土地,麻安段1028-1地號,432.67,都市：其他:第三種住宅區。,,,1090227,土地1建物0車位0,,,其他,,,,0.0,0,0,0,有,無,14396000,33272,,0.0,0,,RPTNMLKLJHGGFFD47DA,0.0,0.0,0.0,無,
麻豆區,房地(土地+建物)+車位,中興里１１鄰興國路５６之１３號三樓,20.2,都市：其他:第三種住宅區。,,,1100118,土地2建物1車位1,三層,十一層,住宅大樓(11層含以上有電梯),住家用,鋼筋混凝土造,0870612,147.38,2,2,2,有,有,4800000,32569,坡道機械,6.47,0,,RPQOMLNJKHGGFFD47DA,88.23,0.0,22.91,有,
麻豆區,房地(土地+建物),油車里油車１２５之６號,102.57,都市：其他:第三種住宅區。,,,1100115,土地2建物1車位0,全,三層,透天厝,住家用,鋼筋混凝土造,0790426,182.04,4,2,3,有,無,4190000,23017,,0.0,0,含土地增值稅或其他稅費190000元；親友、員工、共有人或其他特殊關係間之交易；其他增建；,RPROMLNJKHGGFFD57DA,168.54,0.0,13.5,無,
官田區,土地,永安段457地號,1698.0,都市：其他:農業區,,,1100126,土地1建物0車位0,,,其他,,,,0.0,0,0,0,有,無,4584600,2700,,0.0,0,,RPQOMLMJKHGGFFD37DA,0.0,0.0,0.0,無,
官田區,土地,永安段455地號,1265.0,都市：其他:農業區,,,1100126,土地1建物0車位0,,,其他,,,,0.0,0,0,0,有,無,3415500,2700,,0.0,0,,RPSOMLMJKHGGFFD57DA,0.0,0.0,0.0,無,
官田區,土地,鎮田段51地號,9329.0,都市：其他:農業區,,,1091230,土地1建物0車位0,,,其他,,,,0.0,0,0,0,有,無,13500000,1447,,0.0,0,,RPPNMLNJKHGGFFD27DA,0.0,0.0,0.0,無,
官田區,土地,南段1470地號,21.0,都市：其他:農業區,,,1100128,土地1建物0車位0,,,其他,,,,0.0,0,0,0,有,無,260000,12381,,0.0,0,畸零地或有合併使用效益；,RPRNMLNJKHGGFFD47DA,0.0,0.0,0.0,無,
麻豆區,房地(土地+建物),麻豆區寮里寮子５之７９號,83.0,,特定農業區,甲種建築用地,1090222,土地1建物1車位0,全,三層,透天厝,住商用,見其他登記事項,1090501,160.34,5,1,3,有,無,7600000,47399,,0.0,0,預售屋、或土地及建物分次登記案件；,RPTNMLNJKHGGFFD67DA,145.18,0.0,15.16,無,
官田區,土地,福安段403地號,312.53,都市：其他:住宅區,,,1091029,土地2建物0車位0,,,其他,,,,0.0,0,0,0,有,無,3850000,12319,,0.0,0,,RPVNMLNJKHGGFFD87DA,0.0,0.0,0.0,無,
麻豆區,土地,磚子井段3-3地號,362.19,,特定農業區,農牧用地,1100106,土地1建物0車位0,,,其他,,,,0.0,0,0,0,有,無,2200000,6074,,0.0,0,親友、員工、共有人或其他特殊關係間之交易；,RPTNMLLJKHGGFFD47DA,0.0,0.0,0.0,無,
下營區,土地,茅港尾段2880地號,260.0,,特定農業區,甲種建築用地,1100120,土地1建物0車位0,,,其他,,,,0.0,0,0,0,有,無,1800000,6923,,0.0,0,親友、員工、共有人或其他特殊關係間之交易；,RPVNMLLJKHGGFFD67DA,0.0,0.0,0.0,無,
麻豆區,房地(土地+建物),麻豆區寮里寮子５之６３號,107.0,,特定農業區,甲種建築用地,1090429,土地2建物1車位0,全,三層,透天厝,住家用,見其他登記事項,1090501,160.31,4,2,3,有,無,6600000,41170,,0.0,0,預售屋、或土地及建物分次登記案件；,RPUNMLMJKHGGFFD67DA,145.11,0.0,15.2,無,
麻豆區,房地(土地+建物),麻豆區寮里寮子５之６７號,106.0,,特定農業區,甲種建築用地,1090118,土地2建物1車位0,全,三層,透天厝,住家用,見其他登記事項,1090501,165.73,4,2,3,有,無,6700000,40427,,0.0,0,預售屋、或土地及建物分次登記案件；,RPWNMLMJKHGGFFD87DA,149.17,0.0,16.56,無,
七股區,土地,竹子港段891地號,3129.0,,特定農業區,農牧用地,1100112,土地2建物0車位0,,,其他,,,,0.0,0,0,0,有,無,7500000,2397,,0.0,0,,RPOPMLOKJHGGFGD57DA,0.0,0.0,0.0,無,
七股區,土地,竹子港段889地號,1653.0,,特定農業區,甲種建築用地,1100112,土地1建物0車位0,,,其他,,,,0.0,0,0,0,有,無,7500000,4537,,0.0,0,親友、員工、共有人或其他特殊關係間之交易；,RPPPMLOKJHGGFGD67DA,0.0,0.0,0.0,無,
佳里區,土地,佳里段1072地號,155.0,都市：其他:住宅區,,,1091229,土地1建物0車位0,,,其他,,,,0.0,0,0,0,有,無,5900000,38065,,0.0,0,,RPVNMLLJKHGGFGD77DA,0.0,0.0,0.0,無,
學甲區,土地,西進段1683地號,2644.0,,特定農業區,農牧用地,1100111,土地1建物0車位0,,,其他,,,,0.0,0,0,0,有,無,2500000,946,,0.0,0,,RPPOMLLJKHGGFGD27DA,0.0,0.0,0.0,無,1384
西港區,土地,營段1102地號,78.54,,鄉村區,乙種建築用地,1100120,土地3建物0車位0,,,其他,,,,0.0,0,0,0,有,無,520000,6621,,0.0,0,親友、員工、共有人或其他特殊關係間之交易；,RPXNMLNJKHGGFGD18DA,0.0,0.0,0.0,無,
將軍區,土地,嘉昌段1059-2地號,827.5,,特定農業區,農牧用地,1100122,土地2建物0車位0,,,其他,,,,0.0,0,0,0,有,無,800000,967,,0.0,0,,RPOOMLNJKHGGFGD37DA,0.0,0.0,0.0,無,
學甲區,房地(土地+建物),中洲里６鄰中洲３１９號,117.5,,鄉村區,乙種建築用地,1100121,土地1建物1車位0,全,二層,透天厝,住家用,加強磚造,0720120,154.45,6,2,2,有,無,2200000,14244,,0.0,0,頂樓加蓋；其他增建；,RPPNMLOJKHGGFGD47DA,148.38,0.0,6.07,無,
佳里區,土地,龍安段40地號,2890.0,,特定農業區,農牧用地,1100119,土地1建物0車位0,,,其他,,,,0.0,0,0,0,有,無,4760000,1647,,0.0,0,,RPSNMLOJKHGGFGD77DA,0.0,0.0,0.0,無,
西港區,土地,港東段100-2地號,23.52,都市：其他:農業區,,,1100120,土地2建物0車位0,,,其他,,,,0.0,0,0,0,有,無,266246,11320,,0.0,0,畸零地或有合併使用效益；政府機關標讓售；,RPWNMLMJKHGGFGD97DA,0.0,0.0,0.0,無,
將軍區,土地,嘉昌段231地號,1458.0,,特定農業區,農牧用地,1100125,土地1建物0車位0,,,其他,,,,0.0,0,0,0,有,無,3863700,2650,,0.0,0,親友、員工、共有人或其他特殊關係間之交易；畸零地或有合併使用效益；,RPOOMLMJKHGGFGD27DA,0.0,0.0,0.0,無,
學甲區,土地,興太段688地號,60.36,都市：其他:住宅區,,,1100110,土地1建物0車位0,,,其他,,,,0.0,0,0,0,有,無,1060000,17561,,0.0,0,未登記建物；,RPPOMLMJKHGGFGD37DA,0.0,0.0,0.0,無,
學甲區,房地(土地+建物),仁得里公館路６號,41.51,都市：其他:住宅區,,,1100128,土地1建物1車位0,一層,五層,華廈(10層含以下有電梯),住家用,鋼筋混凝土造,0860506,126.25,3,1,2,有,無,2100000,16634,,0.0,0,,RPOOMLSLJHGGFGD97DA,64.32,0.0,12.49,有,
七股區,房地(土地+建物),義合２３之６８號,349.0,,鄉村區,乙種建築用地,1091218,土地1建物1車位0,全,二層,透天厝,住家用,鋼筋混凝土造,1091211,241.31,5,2,5,有,無,15450000,64026,,0.0,0,,RPUNMLSLJHGGFGD48DA,228.69,0.0,12.62,無,
學甲區,土地,宅子港段165-1278地號,310.0,,鄉村區,乙種建築用地,1091220,土地1建物0車位0,,,其他,,,,0.0,0,0,0,有,無,2700000,8710,,0.0,0,,RPWOMLRLJHGGFGD68DA,0.0,0.0,0.0,無,
北門區,土地,溪底寮段二重港小段687-2地號,8029.0,,一般農業區,農牧用地,1100125,土地5建物0車位0,,,其他,,,,0.0,0,0,0,有,無,4335660,540,,0.0,0,機電設備；農業設施；,RPRPMLQLJHGGFGD18DA,0.0,0.0,0.0,無,
西港區,土地,成功段870-2地號,64.16,,鄉村區,交通用地,1100126,土地1建物0車位0,,,其他,,,,0.0,0,0,0,有,無,731424,11400,,0.0,0,政府機關標讓售；,RPXNMLOJKHGGFGD28DA,0.0,0.0,0.0,無,
西港區,房地(土地+建物),子林３６之２號,112.88,,鄉村區,乙種建築用地,1100117,土地3建物1車位0,全,四層,透天厝,見其他登記事項,鋼筋混凝土造,1090823,182.84,4,2,4,有,無,7150000,39105,,0.0,0,,RPUNMLPJKHGGFGD08DA,167.44,0.0,15.4,無,
新市區,房地(土地+建物)+車位,復興路１０５號十一樓之２,20.96,都市：其他:住宅區,,,1070804,土地1建物1車位1,十一層,十四層,住宅大樓(11層含以上有電梯),見其他登記事項,鋼筋混凝土造,1091021,136.45999999999998,1,2,2,有,有,6250000,50302,坡道平面,32.09,1000000,預售屋、或土地及建物分次登記案件；,RPSRMLTLJHGGFHD88DA,65.6,0.0,3.22,有,
新市區,房地(土地+建物)+車位,復興路１０５號四樓之６,20.96,都市：其他:住宅區,,,1061115,土地1建物1車位1,四層,十四層,住宅大樓(11層含以上有電梯),見其他登記事項,鋼筋混凝土造,1091021,134.11,3,2,2,有,有,5500000,44468,坡道平面,29.54,850000,預售屋、或土地及建物分次登記案件；,RPTRMLTLJHGGFHD98DA,65.68,0.0,3.22,有,
新市區,房地(土地+建物)+車位,復興路１０５號五樓之７,15.57,都市：其他:住宅區,,,1061005,土地1建物1車位1,五層,十四層,住宅大樓(11層含以上有電梯),見其他登記事項,鋼筋混凝土造,1091021,105.63,2,2,1,有,有,4270000,43633,坡道平面,29.54,950000,預售屋、或土地及建物分次登記案件；,RPURMLTLJHGGFHD09DA,47.22,0.0,3.37,有,
新市區,房地(土地+建物)+車位,復興路１０７號七樓之１,20.96,都市：其他:住宅區,,,1060927,土地1建物1車位1,七層,十四層,住宅大樓(11層含以上有電梯),見其他登記事項,鋼筋混凝土造,1091021,136.45999999999998,3,2,2,有,有,5930000,47715,坡道平面,32.09,950000,預售屋、或土地及建物分次登記案件；,RPVRMLTLJHGGFHD56DA,65.6,0.0,3.22,有,
新市區,房地(土地+建物)+車位,復興路１０５號七樓之１,20.96,都市：其他:住宅區,,,1070306,土地1建物1車位1,七層,十四層,住宅大樓(11層含以上有電梯),見其他登記事項,鋼筋混凝土造,1091021,133.91,3,2,2,有,有,5720000,45703,坡道平面,29.54,950000,預售屋、或土地及建物分次登記案件；,RPWRMLTLJHGGFHD66DA,65.6,0.0,3.22,有,
新市區,房地(土地+建物)+車位,復興路１０５號七樓之５,20.96,都市：其他:住宅區,,,1061110,土地1建物1車位1,七層,十四層,住宅大樓(11層含以上有電梯),見其他登記事項,鋼筋混凝土造,1091021,136.70999999999998,2,2,2,有,有,6030000,48557,坡道平面,32.09,950000,預售屋、或土地及建物分次登記案件；,RPXRMLTLJHGGFHD76DA,65.68,0.0,3.29,有,
新市區,房地(土地+建物)+車位,復興路１０７號十一樓之６,20.96,都市：其他:住宅區,,,1070506,土地1建物1車位1,十一層,十四層,住宅大樓(11層含以上有電梯),見其他登記事項,鋼筋混凝土造,1091021,136.56,3,2,2,有,有,6060000,49392,坡道平面,32.09,900000,預售屋、或土地及建物分次登記案件；,RPPSMLTLJHGGFHD68DA,65.68,0.0,3.22,有,
新市區,房地(土地+建物)+車位,復興路１０７號十三樓之６,20.96,都市：其他:住宅區,,,1080105,土地1建物1車位1,十三層,十四層,住宅大樓(11層含以上有電梯),見其他登記事項,鋼筋混凝土造,1091021,136.56,3,2,2,有,有,6180000,50541,坡道平面,32.09,900000,預售屋、或土地及建物分次登記案件；,RPRSMLTLJHGGFHD88DA,65.68,0.0,3.22,有,
新市區,房地(土地+建物)+車位,復興路１０７號四樓之６,20.96,都市：其他:住宅區,,,1080317,土地1建物1車位1,四層,十四層,住宅大樓(11層含以上有電梯),見其他登記事項,鋼筋混凝土造,1091021,134.03,3,2,2,有,有,5360000,42684,坡道平面,29.54,900000,預售屋、或土地及建物分次登記案件；,RPSSMLTLJHGGFHD98DA,65.68,0.0,3.22,有,
新市區,房地(土地+建物)+車位,復興路１０５號十四樓之７,15.57,都市：其他:住宅區,,,1080102,土地1建物1車位1,十四層,十四層,住宅大樓(11層含以上有電梯),見其他登記事項,鋼筋混凝土造,1091021,108.18,2,2,1,有,有,4740000,50467,坡道平面,32.09,900000,預售屋、或土地及建物分次登記案件；,RPQRMLTLJHGGFHD68DA,47.22,0.0,3.37,有,
新市區,房地(土地+建物)+車位,復興路１０７號二樓之３,20.96,都市：其他:住宅區,,,1080507,土地1建物1車位1,二層,十四層,住宅大樓(11層含以上有電梯),見其他登記事項,鋼筋混凝土造,1091021,136.66,3,2,2,有,有,5590000,43894,坡道平面,32.09,1000000,預售屋、或土地及建物分次登記案件；,RPXPMLTLJHGGFHD56DA,65.68,0.0,3.29,有,
新市區,房地(土地+建物)+車位,復興路１０５號六樓之２,20.96,都市：其他:住宅區,,,1070617,土地1建物1車位1,六層,十四層,住宅大樓(11層含以上有電梯),見其他登記事項,鋼筋混凝土造,1091021,136.45999999999998,3,2,2,有,有,5810000,46565,坡道平面,32.09,950000,權利買賣契約價格603萬元整含車位價款95萬元預售屋、或土地及建物分次登記案件；,RPPQMLTLJHGGFHD48DA,65.6,0.0,3.22,有,
新市區,房地(土地+建物)+車位,復興路１０７號五樓之２,20.96,都市：其他:住宅區,,,1060923,土地1建物1車位1,五層,十四層,住宅大樓(11層含以上有電梯),見其他登記事項,鋼筋混凝土造,1091021,133.91,2,2,2,有,有,5450000,43595,坡道平面,29.54,900000,預售屋、或土地及建物分次登記案件；,RPTOMLTLJHGGFHD68DA,65.6,0.0,3.22,有,
新市區,房地(土地+建物)+車位,復興路１０５號七樓之３,15.57,都市：其他:住宅區,,,1061010,土地1建物1車位1,七層,十四層,住宅大樓(11層含以上有電梯),見其他登記事項,鋼筋混凝土造,1091021,105.72,2,2,1,有,有,4460000,47388,坡道平面,29.54,850000,預售屋、或土地及建物分次登記案件；,RPUOMLTLJHGGFHD78DA,47.29,0.0,3.37,有,
新市區,房地(土地+建物)+車位,復興路１０５號十樓之１,20.96,都市：其他:住宅區,,,1070728,土地1建物1車位1,十層,十四層,住宅大樓(11層含以上有電梯),見其他登記事項,鋼筋混凝土造,1091021,136.45999999999998,3,2,2,有,有,5930000,47715,坡道平面,32.09,950000,預售屋、或土地及建物分次登記案件；,RPVOMLTLJHGGFHD88DA,65.6,0.0,3.22,有,
新市區,房地(土地+建物)+車位,復興路１０５號十三樓之６,20.96,都市：其他:住宅區,,,1061125,土地1建物1車位1,十三層,十四層,住宅大樓(11層含以上有電梯),見其他登記事項,鋼筋混凝土造,1091021,136.64,2,2,2,有,有,6480000,52415,坡道平面,32.09,1000000,預售屋、或土地及建物分次登記案件；,RPTPMLTLJHGGFHD78DA,65.68,0.0,3.22,有,
新市區,房地(土地+建物)+車位,陽光大道７０號七樓之８,24.06,都市：其他:生活服務區(產業服務專用),,,1100106,土地1建物1車位1,七層,十五層,住宅大樓(11層含以上有電梯),見其他登記事項,鋼筋混凝土造,1080227,88.81,2,0,2,有,有,5500000,61930,坡道平面,21.78,0,,RPVPMLOKJHGGFHD38DA,35.45,0.0,3.75,有,1385
善化區,土地,曾文段1621地號,2772.0,,特定農業區,農牧用地,1091212,土地1建物0車位0,,,其他,,,,0.0,0,0,0,有,無,15240000,5498,,0.0,0,,RPSRMLNJKHGGFHD18DA,0.0,0.0,0.0,無,
善化區,房地(土地+建物),小新營６０之１８號,137.32,都市：其他:住宅區,,,1091226,土地1建物1車位0,全,三層,透天厝,住家用,鋼筋混凝土造,0990630,210.31,4,2,5,有,無,12150000,57772,,0.0,0,,RPPNMLOJKHGGFHD57DA,198.43,0.0,11.88,無,
新市區,土地,大社段2058-1地號,32.0,,鄉村區,乙種建築用地,1100115,土地1建物0車位0,,,其他,,,,0.0,0,0,0,有,無,629200,19663,,0.0,0,,RPROMLNJKHGGFHD77DA,0.0,0.0,0.0,無,
新市區,土地,大社段2065-31地號,7.0,,鄉村區,乙種建築用地,1100115,土地1建物0車位0,,,其他,,,,0.0,0,0,0,有,無,137800,19686,,0.0,0,,RPTOMLNJKHGGFHD97DA,0.0,0.0,0.0,無,0466
新化區,土地,新化段王公廟小段1643地號,2755.0,,特定農業區,農牧用地,1091210,土地1建物0車位0,,,其他,,,,0.0,0,0,0,有,無,17000000,6171,,0.0,0,,RPWOMLNJKHGGFHD28DA,0.0,0.0,0.0,無,
新市區,房地(土地+建物)+車位,信義街１８０號十一樓之２,17.85,都市：其他:住宅區,,,1100105,土地1建物1車位1,十一層,十一層,住宅大樓(11層含以上有電梯),住家用,鋼筋混凝土造,0840727,116.41,3,2,2,有,有,5200000,44670,坡道機械,0.0,0,,RPTNMLOJKHGGFHD97DA,74.29,0.0,7.68,有,
新市區,土地,新北段38地號,421.87,都市：其他:住宅區,,,1091117,土地1建物0車位0,,,其他,,,,0.0,0,0,0,有,無,42113173,99825,,0.0,0,,RPXPMLMJKHGGFHD38DA,0.0,0.0,0.0,無,1387
善化區,土地,六分寮段104-3地號,2040.0,,一般農業區,農牧用地,1100125,土地2建物0車位0,,,其他,,,,0.0,0,0,0,有,無,3300000,1618,,0.0,0,,RPQPMLMJKHGGFHD67DA,0.0,0.0,0.0,無,
安定區,土地,海安段1073地號,73.29,,一般農業區,甲種建築用地,1091222,土地1建物0車位0,,,其他,,,,0.0,0,0,0,有,無,2000000,27289,,0.0,0,含未保存登記建物1/2親友、員工、共有人或其他特殊關係間之交易；未登記建物；,RPUNMLMJKHGGFHD87DA,0.0,0.0,0.0,無,
安定區,土地,港子尾段1768地號,1100.0,,特定農業區,農牧用地,1091223,土地1建物0車位0,,,其他,,,,0.0,0,0,0,有,無,5700000,5182,,0.0,0,,RPWOMLLJKHGGFHD08DA,0.0,0.0,0.0,無,
新市區,房地(土地+建物)+車位,復興路１０５號九樓之６,20.96,都市：其他:住宅區,,,1061116,土地1建物1車位1,九層,十四層,住宅大樓(11層含以上有電梯),見其他登記事項,鋼筋混凝土造,1091021,136.64,2,2,2,有,有,6110000,49354,坡道平面,32.09,950000,預售屋、或土地及建物分次登記案件；,RPRNMLLJKHGGFHD47DA,65.68,0.0,3.22,有,
新化區,土地,北勢段893地號,1873.0,,特定農業區,農牧用地,1091219,土地1建物0車位0,,,其他,,,,0.0,0,0,0,有,無,4300000,2296,,0.0,0,農作物；,RPQNMLTLJHGGFHD28DA,0.0,0.0,0.0,無,
善化區,房地(土地+建物),中和街３０號三樓,21.67,都市：其他:商業區,,,1100122,土地2建物1車位0,三層,五層,華廈(10層含以下有電梯),住家用,鋼筋混凝土造,0831220,104.19,3,1,2,有,有,2500000,23995,,0.0,0,,RPRNMLPJKHGGFHD87DA,75.61,0.0,13.61,有,
新化區,土地,竹子腳段1252-2地號,24.0,,特定農業區,交通用地,1100202,土地1建物0車位0,,,其他,,,,0.0,0,0,0,有,無,600000,25000,,0.0,0,,RPPNMLRJKHGGFHD87DA,0.0,0.0,0.0,無,
歸仁區,房地(土地+建物),中正南路一段２１８巷４８號,86.0,都市：其他:住宅區,,,1100105,土地1建物1車位0,全,二層,透天厝,住家用,加強磚造,0690419,90.3,3,1,2,有,無,2037000,22558,,0.0,0,親友、員工、共有人或其他特殊關係間之交易；,RPUNMLMJKHGGFID97DA,90.3,0.0,0.0,無,
歸仁區,土地,崙子頂段360地號,3991.0,,一般農業區,農牧用地,1091217,土地1建物0車位0,,,其他,,,,0.0,0,0,0,有,無,23147800,5800,,0.0,0,農作物；,RPOQMLLJKHGGFID57DA,0.0,0.0,0.0,無,
關廟區,房地(土地+建物),仁愛路３０號,65.0,都市：其他:商業區,,,1100104,土地1建物1車位0,全,四層,透天厝,住家用,見其他登記事項,1090310,191.74,5,2,4,有,無,11200000,58412,,0.0,0,,RPWNMLMJKHGGFID18DA,180.99,0.0,10.75,無,
關廟區,房地(土地+建物),仁愛路２８號,65.0,都市：其他:商業區,,,1100104,土地1建物1車位0,全,四層,透天厝,住家用,見其他登記事項,1090310,188.24,5,2,4,有,無,11200000,59499,,0.0,0,,RPOOMLMJKHGGFID47DA,178.14,0.0,10.1,無,
關廟區,房地(土地+建物),和美街８６號,110.0,都市：其他:住宅區,,,1100106,土地1建物1車位0,全,四層,透天厝,住家用,見其他登記事項,1090310,195.57,4,2,5,有,無,9700000,49599,,0.0,0,未登記建物；,RPSNMLNJKHGGFID87DA,177.98,0.0,17.59,無,
仁德區,房地(土地+建物),中正西路３６０巷２０弄４１號二樓之２０,5.02,都市：其他:住宅區,,,1100127,土地2建物1車位0,二層,四層,華廈(10層含以下有電梯),見其他登記事項,鋼筋混凝土造,0960920,14.149999999999999,1,1,1,有,有,530000,37456,,0.0,0,,RPUNMLNJKHGGFID08DA,7.14,0.9,0.0,有,1388
仁德區,土地,二仁段1181-2地號,5327.42,都市：其他:河川區,,,1100104,土地3建物0車位0,,,其他,,,,0.0,0,0,0,有,無,36235886,6802,,0.0,0,協議價購；,RPUOMLNJKHGGFID18DA,0.0,0.0,0.0,無,
關廟區,房地(土地+建物),大仁街２３５巷５之２號,86.25,都市：其他:住宅區,,,1080831,土地2建物1車位0,全,四層,透天厝,見其他登記事項,見其他登記事項,1091102,193.56,4,2,4,有,無,8800000,45464,,0.0,0,土地價款3960000元，建物價款4840000元，共計8800000元。交易總價，因後來有找補，與原契約的價錢不同，增加價金新台幣 37770元整。未登記建物；,RPRNMLRLJHGGFID28DA,177.01,0.0,16.55,無,
關廟區,房地(土地+建物),大仁街２３５巷５號,94.25,都市：其他:住宅區,,,1091115,土地2建物1車位0,全,四層,透天厝,見其他登記事項,見其他登記事項,1091102,196.86,4,2,4,有,無,9150000,46480,,0.0,0,未登記建物；,RPTNMLQLJHGGFID38DA,180.05,0.0,16.81,無,
仁德區,土地,興安段53地號,1588.04,都市：其他:農業區,,,1091218,土地1建物0車位0,,,其他,,,,0.0,0,0,0,有,無,19200000,12090,,0.0,0,,RPROMLQJJHGGFID08DA,0.0,0.0,0.0,無,
新營區,房地(土地+建物)+車位,隋唐街１３號八樓之三,26.57,都市：其他:住宅區,,,1091223,土地1建物1車位1,八層,十五層,住宅大樓(11層含以上有電梯),見其他登記事項,鋼筋混凝土造,1090331,169.45,3,2,2,有,有,8400000,49572,坡道平面,22.53,0,,RPOOMLNJKHGGFDD17EA,87.36,0.0,12.04,有,1389
鹽水區,房地(土地+建物)+車位,蔦松路５６巷４６號四樓之一,25.06,都市：其他:住宅區,,,1100121,土地2建物1車位1,四層,六層,華廈(10層含以下有電梯),住家用,鋼筋混凝土造,0881109,116.48,3,2,2,有,有,2300000,19746,坡道機械,11.34,0,,RPTNMLOJKHGGFDD67EA,69.58,0.0,8.18,有,
新營區,房地(土地+建物),太子宮２９７之７號,70.0,都市：其他:住宅區,,,1100105,土地1建物1車位0,全,三層,透天厝,住家用,鋼筋混凝土造,1090830,148.79,4,2,3,有,無,6600000,44358,,0.0,0,,RPVNMLOJKHGGFDD87EA,135.49,0.0,13.3,無,0357
鹽水區,土地,仁愛段1026地號,5119.85,都市：其他:農業區,,,1100201,土地4建物0車位0,,,其他,,,,0.0,0,0,0,有,無,10975853,2144,,0.0,0,,RPPNMLPJKHGGFDD37EA,0.0,0.0,0.0,無,
新營區,房地(土地+建物),太子宮２９７之９號,70.0,都市：其他:住宅區,,,1091220,土地1建物1車位0,全,三層,透天厝,住家用,鋼筋混凝土造,1090830,148.79,4,2,3,有,無,6350000,42678,,0.0,0,,RPWOMLMJKHGGFDD87EA,135.49,0.0,13.3,無,
新營區,土地,民權段66地號,123.43,都市：其他:商業區,,,1091117,土地2建物0車位0,,,其他,,,,0.0,0,0,0,有,無,5700000,46180,,0.0,0,本買賣包括未保存登記建物台南市新營區民權里博愛街8號未登記建物；畸零地或有合併使用效益；,RPTNMLPJKHGGFDD77EA,0.0,0.0,0.0,無,
東山區,土地,前大埔段1057-14地號,2873.0,,山坡地保育區,林業用地,1100119,土地1建物0車位0,,,其他,,,,0.0,0,0,0,有,無,380000,132,,0.0,0,,RPTNMLNJKHGGFED67EA,0.0,0.0,0.0,無,
麻豆區,土地,中興段379地號,64.0,都市：其他:公園用地,,,1100114,土地1建物0車位0,,,其他,,,,0.0,0,0,0,有,無,1504000,23500,,0.0,0,親友、員工、共有人或其他特殊關係間之交易；包含公共設施保留地用地；,RPTNMLMJKHGGFFD67EA,0.0,0.0,0.0,無,0952
官田區,土地,二鎮段二鎮小段240地號,83.0,都市：其他:住宅區,,,1100115,土地1建物0車位0,,,其他,,,,0.0,0,0,0,有,無,1632150,19664,,0.0,0,,RPQNMLNJKHGGFFD47EA,0.0,0.0,0.0,無,1392
歸仁區,土地,沙崙段111-7地號,96.0,,一般農業區,甲種建築用地,1100128,土地2建物0車位0,,,其他,,,,0.0,0,0,0,有,無,800000,8333,,0.0,0,,RPVNMLMKJHGGFID18EA,0.0,0.0,0.0,無,
歸仁區,土地,沙崙段111-4地號,6.0,,一般農業區,甲種建築用地,1100128,土地1建物0車位0,,,其他,,,,0.0,0,0,0,有,無,50000,8333,,0.0,0,,RPWNMLMKJHGGFID28EA,0.0,0.0,0.0,無,0187
關廟區,房地(土地+建物)+車位,關新路二段６８９號,229.18,,一般農業區,甲種建築用地,1091225,土地3建物1車位1,全,五層,透天厝,見其他登記事項,見其他登記事項,1090529,533.5899999999999,16,2,14,有,有,22230000,41661,一樓平面,0.0,0,親友、員工、共有人或其他特殊關係間之交易；,RPRNMLKLJHGGFID67EA,509.21,0.0,24.34,有,
歸仁區,房地(土地+建物),大潭里長榮路一段２４５巷８之９號,99.55,,鄉村區,乙種建築用地,1091230,土地3建物1車位0,全,四層,透天厝,住家用,鋼筋混凝土造,1020624,175.22,6,1,6,有,無,8100000,46228,,0.0,0,,RPPNMLOJKHGGFID77EA,160.87,0.0,14.35,無,
新化區,土地,新豐段1174地號,123.06,都市：其他:商業區,,,1091229,土地3建物0車位0,,,其他,,,,0.0,0,0,0,有,無,2401024,19511,,0.0,0,親友、員工、共有人或其他特殊關係間之交易；,RPOPMLMJKHGGFHD57EA,0.0,0.0,0.0,無,
新化區,土地,新豐段1177地號,81.95,都市：其他:商業區,,,1091229,土地3建物0車位0,,,其他,,,,0.0,0,0,0,有,無,1598926,19511,,0.0,0,親友、員工、共有人或其他特殊關係間之交易；,RPPPMLMJKHGGFHD67EA,0.0,0.0,0.0,無,
永康區,房地(土地+建物),永康里永平街６１７號,36.33,都市：其他:住宅區,,,1100104,土地2建物1車位0,一層，二層，三層，地下層,十二層,公寓(5樓含以下無電梯),見其他登記事項,鋼筋混凝土造,0820614,213.7,4,2,2,有,有,7250000,33926,,0.0,0,,RPWNMLOJKHGGFKD68EA,179.75,0.0,11.26,無,
北區,土地,文元段649地號,19.69,都市：其他:主要計畫道路用地,,,1100130,土地1建物0車位0,,,其他,,,,0.0,0,0,0,有,無,400000,20315,,0.0,0,包含公共設施保留地用地；,RPQNMLNJKHGGFAD96EA,0.0,0.0,0.0,無,
北區,房地(土地+建物),開南街１７號三樓,18.57,都市：其他:住宅區,,,1091204,土地3建物1車位0,三層,五層,公寓(5樓含以下無電梯),住家用,鋼筋混凝土造,0700217,66.7,2,1,1,有,無,2900000,43478,,0.0,0,,RPQOMLNJKHGGFAD07EA,50.85,0.0,0.0,無,1394
安南區,土地,州北段235地號,1.71,都市：其他:主要計畫道路用地,,,1100127,土地1建物0車位0,,,其他,,,,0.0,0,0,0,有,無,88000,51462,,0.0,0,包含公共設施保留地用地；,RPUNMLNJKHGGFBD47EA,0.0,0.0,0.0,無,
安南區,土地,科工段373地號,4912.62,都市：其他:工業區,,,1100128,土地1建物0車位0,,,其他,,,,0.0,0,0,0,有,無,99043332,20161,,0.0,0,政府機關標讓售；,RPPNMLNJKHGGFBD96EA,0.0,0.0,0.0,無,
安南區,土地,海西段473地號,9589.12,都市：其他:農業區,,,1091221,土地14建物0車位0,,,其他,,,,0.0,0,0,0,有,無,60000000,6257,,0.0,0,,RPWNMLMJKHGGFBD57EA,0.0,0.0,0.0,無,1395
南區,土地,建南段253-10地號,661.2,都市：其他:保護區,,,1100128,土地1建物0車位0,,,其他,,,,0.0,0,0,0,有,無,4100266,6201,,0.0,0,,RPQOMLOJKHGGFCD37EA,0.0,0.0,0.0,無,1396
永康區,土地,市政段173地號,93.11,,,,1091101,土地1建物0車位0,,,其他,,,,0.0,0,0,0,有,無,7320000,78617,,0.0,0,,RPQNMLLJJIPFFKD48DA,0.0,0.0,0.0,無,
玉井區,土地,豐里段471地號,7340.3,,一般農業區,農牧用地,1100112,土地1建物0車位0,,,其他,,,,0.0,0,0,0,有,無,12050000,1642,,0.0,0,親友、員工、共有人或其他特殊關係間之交易；,RPRNMLNJKHGGFJD87DA,0.0,0.0,0.0,無,
永康區,土地,崑山段1276地號,3020.19,都市：其他:道路用地,,,1091120,土地4建物0車位0,,,其他,,,,0.0,0,0,0,有,無,136000000,45030,,0.0,0,包含公共設施保留地用地；,RPVOMLQKKIPFFKD17DA,0.0,0.0,0.0,無,
永康區,土地,廣興段746地號,2145.6,都市：其他:道路用地,,,1100122,土地13建物0車位0,,,其他,,,,0.0,0,0,0,有,無,40563623,18905,,0.0,0,包含公共設施保留地用地；,RPVSMLQLJHGGFKD66DA,0.0,0.0,0.0,無,
永康區,土地,鹽新段863-1地號,381.47,都市：其他:道路用地,,,1100125,土地1建物0車位0,,,其他,,,,0.0,0,0,0,有,無,11823227,30994,,0.0,0,包含公共設施保留地用地；,RPSNMLPLJHGGFKD38DA,0.0,0.0,0.0,無,1397
永康區,土地,大灣段3148-2地號,477.0,都市：其他:道路用地,,,110125,土地1建物0車位0,,,其他,,,,0.0,0,0,0,有,無,12246287,25674,,0.0,0,包含公共設施保留地用地；,RPPNMLOLJHGGFKD97DA,0.0,0.0,0.0,無,1398
永康區,房地(土地+建物),正南八街３２巷１號,290.02,都市：其他:工業區,,,1091225,土地3建物1車位0,全,三層,透天厝,見其他登記事項,見其他登記事項,1001206,399.26,7,2,8,有,無,30000000,75139,,0.0,0,,RPTQMLMLJHGGFKD48DA,399.26,0.0,0.0,無,
永康區,土地,安康段1245地號,802.61,都市：其他:道路用地,,,1100115,土地7建物0車位0,,,其他,,,,0.0,0,0,0,有,無,23395392,29149,,0.0,0,包含公共設施保留地用地；,RPXOMLLLJHGGFKD58DA,0.0,0.0,0.0,無,0944
永康區,土地,安康段1245地號,125.42,都市：其他:道路用地,,,1100121,土地5建物0車位0,,,其他,,,,0.0,0,0,0,有,無,6052353,48257,,0.0,0,包含公共設施保留地用地；,RPOPMLLLJHGGFKD77DA,0.0,0.0,0.0,無,0944
永康區,房地(土地+建物)+車位,復國路７２號五樓之３,50.48,都市：其他:住宅區,,,1091230,土地1建物1車位1,五層,十四層,住宅大樓(11層含以上有電梯),住家用,鋼筋混凝土造,0960920,177.71,3,2,2,有,有,6980000,39277,坡道平面,0.0,0,含租約；,RPUNMLTLJHGGFKD98DA,99.29,0.0,10.58,有,
永康區,土地,大灣段2965-267地號,290.0,都市：其他:道路用地,,,1091208,土地3建物0車位0,,,其他,,,,0.0,0,0,0,有,無,4800950,16555,,0.0,0,,RPWRMLRLJHGGFKD76DA,0.0,0.0,0.0,無,
永康區,土地,西灣段447地號,96.21,都市：其他:道路用地,,,1100116,土地1建物0車位0,,,其他,,,,0.0,0,0,0,有,無,1273820,13240,,0.0,0,原因：公設地買賣。,RPVOMLTLJHGGFKD56DA,0.0,0.0,0.0,無,0819
永康區,房地(土地+建物),五王里中山東路１５６號六樓之９,8.21,都市：其他:住宅區,,,1091222,土地1建物1車位0,六層,十一層,住宅大樓(11層含以上有電梯),住家用,鋼筋混凝土造,0900110,52.42,2,1,2,有,有,2900000,55322,,0.0,0,,RPPOMLTLJHGGFKD58DA,32.89,2.69,2.51,有,
永康區,房地(土地+建物),南台街５４巷４１弄１７之６號,97.05,都市：其他:住宅區,,,1091226,土地1建物1車位0,全,四層,透天厝,見其他登記事項,見其他登記事項,1040817,259.41,5,3,4,有,無,17000000,65533,,0.0,0,其他增建；,RPSQMLLJKHGGFKD18DA,237.18,0.0,22.23,無,
永康區,房地(土地+建物),中山南路２９２號,96.96,都市：其他:住宅區,,,1091030,土地2建物1車位0,全,三層,透天厝,見其他登記事項,鋼筋混凝土造,0730616,223.01,5,2,3,有,無,13800000,61881,,0.0,0,親友、員工、共有人或其他特殊關係間之交易；,RPPRMLLJKHGGFKD97DA,195.37,15.99,11.65,無,
永康區,房地(土地+建物)+車位,復華五街５５巷６號六樓之３,19.58,都市：其他:商業區,,,1091224,土地2建物1車位1,六層,十層,華廈(10層含以下有電梯),住家用,見其他登記事項,1040810,146.05,3,2,2,有,有,8040000,55050,坡道平面,34.57,0,,RPRPMLLJKHGGFKD97DA,71.59,0.0,8.04,有,
永康區,房地(土地+建物),四維街１４０巷４５號,73.24,都市：其他:住宅區,,,1100115,土地1建物1車位0,全,二層,透天厝,住商用,加強磚造,0700528,87.32,5,2,5,有,無,9000000,103069,,0.0,0,頂樓加蓋；其他增建；,RPSOMLLJKHGGFKD97DA,87.32,0.0,0.0,無,1402
永康區,土地,大灣段4748-2地號,1620.45,都市：其他:道路用地,,,1091211,土地10建物0車位0,,,其他,,,,0.0,0,0,0,有,無,28700000,17711,,0.0,0,包含公共設施保留地用地；,RPQNMLNJKHGGFKD87DA,0.0,0.0,0.0,無,1403
永康區,房地(土地+建物)+車位,王行路８９８巷５１號四樓之３,35.15,都市：其他:住宅區,,,1091121,土地1建物1車位1,四層,五層,華廈(10層含以下有電梯),見其他登記事項,見其他登記事項,1091203,95.15,3,2,2,有,有,5660000,59485,一樓平面,0.0,1000000,土地款224萬房屋款242萬戶外車位100萬,RPROMLNJKHGGFKD08DA,67.22,0.0,5.06,有,
永康區,房地(土地+建物),東橋七路１６３巷２６號,69.9,都市：其他:住宅區,,,1100110,土地2建物1車位0,全,四層,透天厝,住家用,鋼筋混凝土造,0960718,187.61,5,2,5,有,無,15300000,81552,,0.0,0,,RPPPMLMJKHGGFKD87DA,161.47,0.0,26.14,無,
永康區,土地,永保段409地號,77.34,都市：其他:道路用地,,,1100115,土地1建物0車位0,,,其他,,,,0.0,0,0,0,有,無,1150000,14869,,0.0,0,本案之印花稅、登記規費、代書代辦費等皆由買方負擔包含公共設施保留地用地；,RPTPMLMJKHGGFKD28DA,0.0,0.0,0.0,無,
永康區,房地(土地+建物),尚頂里南台街１７０號三樓之５,5.56,都市：其他:綠地,,,1091226,土地4建物1車位0,三層,七層,華廈(10層含以下有電梯),住家用,鋼筋混凝土造,0850130,34.81,1,0,1,有,有,1650000,47400,,0.0,0,,RPOOMLNJKHGGFKD77DA,18.02,0.0,4.68,有,1404
永康區,土地,鹽新段339地號,47.86,都市：其他:道路用地,,,1100129,土地2建物0車位0,,,其他,,,,0.0,0,0,0,有,無,400000,8358,,0.0,0,包含公共設施保留地用地；,RPXNMLOJKHGGFKD68DA,0.0,0.0,0.0,無,0135
永康區,房地(土地+建物),文賢街６８巷３６弄２６號,76.84,都市：其他:住宅區,,,1100117,土地3建物1車位0,全,四層,透天厝,見其他登記事項,見其他登記事項,1010712,192.29,4,2,3,有,無,11000000,57205,,0.0,0,,RPPOMLOJKHGGFKD97DA,178.87,0.0,13.42,無,
永康區,房地(土地+建物)+車位,中山南路１２３巷２１弄１５號,273.0,都市：其他:住宅區,,,1100120,土地1建物1車位4,全,四層,透天厝,住家用,鋼筋混凝土造,0770309,700.93,28,5,28,有,無,25000000,35667,坡道平面,12.0,0,陽台外推；頂樓加蓋；,RPOPMLSJKHGGFKD38DA,611.66,10.56,25.32,無,1406
永康區,土地,中灣段428地號,1399.94,都市：其他:道路用地,,,1091110,土地4建物0車位0,,,其他,,,,0.0,0,0,0,有,無,40097100,28642,,0.0,0,包含公共設施保留地用地；,RPTOMLOKJHGGFKD38DA,0.0,0.0,0.0,無,
永康區,房地(土地+建物),永大路二段１０７６巷３６弄１２號,88.0,都市：其他:住宅區,,,1100104,土地1建物1車位0,全,四層,透天厝,住家用,鋼筋混凝土造,0960821,200.54,5,2,3,有,無,12100000,60337,,0.0,0,陽台外推；,RPTOMLNJKHGGFKD28DA,183.72,0.0,16.82,無,
永康區,房地(土地+建物)+車位,埔園里中山路３５６號十七樓之７,12.4,都市：其他:道路用地,,,1100120,土地2建物1車位1,十七層，十八層,二十六層,住宅大樓(11層含以上有電梯),住家用,鋼筋混凝土造,0851106,144.85999999999999,3,2,2,有,有,5080000,35068,坡道機械,0.0,0,陽台外推；其他增建；,RPVOMLNJKHGGFKD48DA,83.78,0.0,13.71,有,
永康區,土地,大灣段4791-8地號,94.0,都市：其他:住宅區,,,1100106,土地2建物0車位0,,,其他,,,,0.0,0,0,0,有,無,6000000,63830,,0.0,0,包含公共設施保留地用地；,RPPNMLOJKHGGFKD87DA,0.0,0.0,0.0,無,
永康區,房地(土地+建物)+車位,網寮里永興路１０９號十樓之２,9.29,都市：其他:商業區,,,1091230,土地1建物1車位1,十層,十三層,住宅大樓(11層含以上有電梯),住家用,鋼筋混凝土造,0831018,100.60999999999999,2,2,1,有,有,5200000,51685,坡道平面,0.0,0,其他增建；,RPWPMLMJKHGGFKD58DA,53.81,1.07,11.75,有,
永康區,房地(土地+建物),網寮里永二街３９６之２４號,11.89,都市：其他:住宅區,,,1100107,土地1建物1車位0,六層,八層,華廈(10層含以下有電梯),住家用,鋼筋混凝土造,0821006,62.69,2,1,1,有,有,2680000,42750,,0.0,0,,RPVQMLLJKHGGFKD48DA,41.02,0.0,4.36,有,
永康區,房地(土地+建物),永大路三段３６０巷２８弄３６號,86.52,都市：其他:住宅區,,,1100107,土地4建物1車位0,全,四層,透天厝,住家用,見其他登記事項,1080710,158.03,5,2,6,有,無,12600000,79732,,0.0,0,陽台外推；,RPXSMLQLJHGGFKD86DA,124.84,0.0,33.19,無,1407
永康區,房地(土地+建物),正南一街１１６號,1435.96,都市：其他:工業區,,,1091119,土地1建物3車位0,全,三層,透天厝,見其他登記事項,鋼筋混凝土造,0750815,1117.68,6,2,8,有,無,89088000,79708,,0.0,0,,RPROMLQLJIPFFKD76DA,1105.04,8.14,4.5,無,
永康區,房地(土地+建物)+車位,南灣街５７號四樓之７,41.0,都市：其他:住宅區,,,1091205,土地1建物1車位1,四層,五層,華廈(10層含以下有電梯),住家用,見其他登記事項,1080322,133.93,3,1,2,有,有,7600000,58459,一樓平面,17.61,800000,陽台外推；,RPTNMLPJKIPFFKD66DA,76.6,0.0,9.05,有,1408
柳營區,土地,士林段1082地號,161.05,都市：其他:住宅區,,,1100123,土地1建物0車位0,,,其他,,,,0.0,0,0,0,有,無,3166670,19663,,0.0,0,親友、員工、共有人或其他特殊關係間之交易；,RPSNMLSLJHGGFDD08EA,0.0,0.0,0.0,無,1409
安南區,土地,公親段66-1地號,616.99,都市：其他:農業區,,,1100113,土地4建物0車位0,,,其他,,,,0.0,0,0,0,有,無,2500000,4052,,0.0,0,親友、員工、共有人或其他特殊關係間之交易；,RPQNMLPJKHGGFBD27EA,0.0,0.0,0.0,無,
安南區,土地,和館段100地號,6500.0,都市：其他:商業區,,,1100129,土地1建物0車位0,,,其他,,,,0.0,0,0,0,有,無,1047857200,161209,,0.0,0,政府機關標讓售；,RPROMLNJKHGGFBD27EA,0.0,0.0,0.0,無,1410
安南區,土地,和館段100地號,2500.0,都市：其他:商業區,,,1100129,土地1建物0車位0,,,其他,,,,0.0,0,0,0,有,無,403022000,161209,,0.0,0,政府機關標讓售；,RPSOMLNJKHGGFBD37EA,0.0,0.0,0.0,無,1410
安南區,土地,和館段100地號,1000.0,都市：其他:商業區,,,1100129,土地1建物0車位0,,,其他,,,,0.0,0,0,0,有,無,161208800,161209,,0.0,0,政府機關標讓售；,RPTOMLNJKHGGFBD47EA,0.0,0.0,0.0,無,1410
安南區,土地,城南段111地號,259.85,都市：其他:細部計畫道路用地,,,1091230,土地3建物0車位0,,,其他,,,,0.0,6,3,3,有,無,2660000,10237,,0.0,0,親友、員工、共有人或其他特殊關係間之交易；,RPSNMLOJKHGGFBD37EA,0.0,0.0,0.0,無,
玉井區,土地,芒子芒段583-39地號,5969.0,,一般農業區,農牧用地,1100104,土地1建物0車位0,,,其他,,,,0.0,0,0,0,有,無,2300000,385,,0.0,0,,RPPNMLPJKHGGFJD97EA,0.0,0.0,0.0,無,
左鎮區,土地,內庄子段940-16地號,3671.91,,一般農業區,暫未編定,1100125,土地6建物0車位0,,,其他,,,,0.0,0,0,0,有,無,1462451,398,,0.0,0,,RPUOMLNJKHGGFHD18EA,0.0,0.0,0.0,無,
善化區,土地,曾文段1921地號,2063.0,,特定農業區,農牧用地,1100114,土地1建物0車位0,,,其他,,,,0.0,0,0,0,有,無,7330000,3553,,0.0,0,,RPVNMLOJKHGGFHD28EA,0.0,0.0,0.0,無,
善化區,土地,善西段402地號,150.29,都市：其他:公園兼兒童遊樂場用地,,,1100125,土地2建物0車位0,,,其他,,,,0.0,0,0,0,有,無,5592510,37211,,0.0,0,,RPWNMLOJKHGGFHD38EA,0.0,0.0,0.0,無,1413
官田區,土地,義田段576地號,296.41,都市：其他:住宅區,,,1091213,土地2建物0車位0,,,其他,,,,0.0,0,0,0,有,無,3650000,12314,,0.0,0,,RPSNMLNJKHGGFFD67EA,0.0,0.0,0.0,無,
六甲區,土地,水漆林段1559地號,1350.0,,特定農業區,農牧用地,1100129,土地1建物0車位0,,,其他,,,,0.0,0,0,0,有,無,2025000,1500,,0.0,0,親友、員工、共有人或其他特殊關係間之交易；,RPWNMLPJKHGGFFD28EA,0.0,0.0,0.0,無,1188
新營區,土地,建國段357地號,295.12,,鄉村區,乙種建築用地,1100103,土地2建物0車位0,,,其他,,,,0.0,0,0,0,有,無,9820118,33275,,0.0,0,,RPUNMLPJKHGGFDD87EA,0.0,0.0,0.0,無,
新營區,土地,南興段55地號,144.44,都市：其他:主要計畫道路用地,,,1100122,土地5建物0車位0,,,其他,,,,0.0,0,0,0,有,無,2000000,13847,,0.0,0,,RPVNMLPJKHGGFDD97EA,0.0,0.0,0.0,無,
柳營區,土地,篤農段302地號,83.07,,鄉村區,乙種建築用地,1100202,土地1建物0車位0,,,其他,,,,0.0,0,0,0,有,無,929810,11193,,0.0,0,,RPPNMLSJKHGGFDD67EA,0.0,0.0,0.0,無,
新營區,房地(土地+建物),東光街８２巷７號,75.8,都市：其他:住宅區,,,1091224,土地1建物1車位0,全,四層,透天厝,住家用,鋼筋混凝土造,0851223,226.82,4,2,3,有,無,6450000,28437,,0.0,0,兄弟姊妹之間買賣親友、員工、共有人或其他特殊關係間之交易；,RPSNMLPJKHGGFDD67EA,216.77,0.0,10.05,無,
關廟區,土地,民生段1136地號,61.1,都市：其他:住宅區,,,1091210,土地9建物0車位0,,,其他,,,,0.0,0,0,0,有,無,289695,4741,,0.0,0,包含公共設施保留地用地；,RPOOMLLMKIPFFID58DA,0.0,0.0,0.0,無,
關廟區,土地,龜洞段190-33地號,181.0,,鄉村區,乙種建築用地,1091225,土地1建物0車位0,,,其他,,,,0.0,0,0,0,有,無,2000000,11050,,0.0,0,親友、員工、共有人或其他特殊關係間之交易；,RPWNMLOKJHGGFID38DA,0.0,0.0,0.0,無,
關廟區,房地(土地+建物),五甲里南雄路一段１０１６號,178.0,都市：其他:住宅區,,,1091214,土地2建物1車位0,全,三層,透天厝,住家用,鋼筋混凝土造,0901009,173.33,4,2,2,有,無,15000000,86540,,0.0,0,其他增建；,RPSOMLLLJHGGFID87DA,170.58,0.0,2.75,無,
歸仁區,土地,媽祖廟段一小段587地號,1286.0,,特定農業區,農牧用地,1100129,土地1建物0車位0,,,其他,,,,0.0,0,0,0,有,無,7300000,5677,,0.0,0,親友、員工、共有人或其他特殊關係間之交易；,RPVOMLNJKHGGFID28DA,0.0,0.0,0.0,無,1415
歸仁區,土地,成功段497-1地號,178.52,都市：其他:住宅區,,,1091231,土地1建物0車位0,,,其他,,,,0.0,0,0,0,有,無,4000000,22406,,0.0,0,交易總價內含未保存登記建物成交價新台幣31000元正親友、員工、共有人或其他特殊關係間之交易；未登記建物；,RPQNMLOJKHGGFID77DA,0.0,0.0,0.0,無,
仁德區,房地(土地+建物),太子路１９０巷３３弄２３號,94.86,都市：其他:住宅區,,,1100111,土地1建物1車位0,全,二層,透天厝,住商用,加強磚造,0700828,113.68,6,2,2,有,無,6800000,59817,,0.0,0,,RPRNMLOJKHGGFID87DA,113.68,0.0,0.0,無,
仁德區,土地,長興段34地號,0.54,都市：其他:計畫道路用地,,,1100122,土地1建物0車位0,,,其他,,,,0.0,0,0,0,有,無,11833,0,,0.0,0,原因：共有土地買賣。,RPUNMLOJKHGGFID18DA,0.0,0.0,0.0,無,1416
仁德區,房地(土地+建物),中正西路３６０巷２０弄４３號一樓之５,5.02,都市：其他:住宅區,,,1100127,土地2建物1車位0,一層,四層,華廈(10層含以下有電梯),見其他登記事項,鋼筋混凝土造,0960920,14.149999999999999,1,0,1,有,有,550000,38869,,0.0,0,夾層；,RPVNMLNJKHGGFID18DA,7.14,0.9,0.0,有,1071
歸仁區,土地,豬厝段919-7地號,650.0,,一般農業區,農牧用地,1100114,土地1建物0車位0,,,其他,,,,0.0,0,0,0,有,無,3500000,5385,,0.0,0,親友、員工、共有人或其他特殊關係間之交易；未登記建物；,RPWNMLOJKHGGFID38DA,0.0,0.0,0.0,無,
關廟區,土地,保東段674地號,42.76,,鄉村區,乙種建築用地,1090915,土地1建物0車位0,,,其他,,,,0.0,0,0,0,有,無,457600,10702,,0.0,0,地清或未辦繼承標售；,RPQOMLOJKHGGFID87DA,0.0,0.0,0.0,無,
龍崎區,土地,崎頂段261-21地號,5695.0,,山坡地保育區,林業用地,1100128,土地1建物0車位0,,,其他,,,,0.0,0,0,0,有,無,880000,155,,0.0,0,,RPUOMLOJKHGGFID28DA,0.0,0.0,0.0,無,
關廟區,土地,南花段1078地號,60.0,都市：其他:住宅區,,,1100122,土地1建物0車位0,,,其他,,,,0.0,0,0,0,有,無,864000,14400,,0.0,0,親屬買賣親友、員工、共有人或其他特殊關係間之交易；,RPVOMLOJKHGGFID38DA,0.0,0.0,0.0,無,
仁德區,房地(土地+建物),大甲里中正西路３６０巷２０弄４３號一樓之６,5.02,都市：其他:住宅區,,,1100125,土地2建物1車位0,一層,四層,華廈(10層含以下有電梯),見其他登記事項,鋼筋混凝土造,0960920,14.149999999999999,1,1,1,有,有,396000,27986,,0.0,0,夾層；,RPPNMLPJKHGGFID77DA,7.14,0.9,0.0,有,
仁德區,房地(土地+建物),大甲里中正西路４０２號四樓之１９,4.53,都市：其他:住宅區,,,1100119,土地2建物1車位0,四層,四層,華廈(10層含以下有電梯),見其他登記事項,鋼筋混凝土造,0960920,12.78,1,1,1,有,有,450000,35211,,0.0,0,夾層；,RPSOMLMJKHGGFID87DA,7.14,0.9,0.0,有,1418
歸仁區,房地(土地+建物),中正南路三段３０５號,59.85,,鄉村區,乙種建築用地,1100105,土地1建物1車位0,全,二層,透天厝,住家用,加強磚造,0801104,50.11,3,1,3,有,無,5000000,99780,,0.0,0,其他增建；未登記建物；,RPSPMLLJKHGGFID87DA,46.68,3.43,0.0,無,
新市區,房地(土地+建物)+車位,復興路１０７號十二樓之１,21.56,都市：其他:住宅區,,,1061002,土地1建物1車位2,十二層,十四層,住宅大樓(11層含以上有電梯),見其他登記事項,鋼筋混凝土造,1091021,166.0,3,2,2,有,有,7200000,51260,坡道平面,61.63,1850000,預售屋、或土地及建物分次登記案件；,RPVNMLLJKHGGFHD87DA,65.6,0.0,3.22,有,
新市區,土地,信義段241地號,3071.01,都市：其他:住宅區,,,1100112,土地1建物0車位0,,,其他,,,,0.0,0,0,0,有,無,371592000,121000,,0.0,0,,RPUPMLMJKHGGFHD08DA,0.0,0.0,0.0,無,
善化區,土地,曾文段2335地號,1377.0,,特定農業區,農牧用地,1100126,土地1建物0車位0,,,其他,,,,0.0,0,0,0,有,無,8300000,6028,,0.0,0,,RPUNMLOJKHGGFHD08DA,0.0,0.0,0.0,無,
善化區,房地(土地+建物),新興街３０號,54.14,都市：其他:市場用地,,,1100105,土地1建物1車位0,全,四層,透天厝,住商用,加強磚造,0541219,136.78,5,1,5,有,無,7300000,53370,,0.0,0,頂樓加蓋；其他增建；,RPTOMLOJKHGGFHD08DA,136.78,0.0,0.0,無,
善化區,土地,光文段671地號,2979.67,都市：其他:商業區,,,1080424,土地4建物0車位0,,,其他,,,,0.0,0,0,0,有,無,297445500,99825,,0.0,0,,RPTNMLOKJHGGFHD97DA,0.0,0.0,0.0,無,
新市區,房地(土地+建物)+車位,復興路１０５號十三樓之２,20.96,都市：其他:住宅區,,,1080112,土地1建物1車位1,十三層,十四層,住宅大樓(11層含以上有電梯),見其他登記事項,鋼筋混凝土造,1091021,136.45999999999998,3,2,2,有,有,6340000,51643,坡道平面,32.09,950000,預售屋、或土地及建物分次登記案件；,RPUPMLTLJHGGFHD88DA,65.6,0.0,3.22,有,
新市區,房地(土地+建物)+車位,復興路１０５號三樓之５,20.96,都市：其他:住宅區,,,1070826,土地1建物1車位1,三層,十四層,住宅大樓(11層含以上有電梯),見其他登記事項,鋼筋混凝土造,1091021,136.73000000000002,3,2,2,有,有,5800000,46349,坡道平面,32.09,950000,預售屋、或土地及建物分次登記案件；,RPWPMLTLJHGGFHD09DA,65.68,0.0,3.29,有,
新市區,房地(土地+建物)+車位,復興路１０５號十二樓之７,15.57,都市：其他:住宅區,,,1070714,土地1建物1車位1,十二層,十四層,住宅大樓(11層含以上有電梯),見其他登記事項,鋼筋混凝土造,1091021,108.18,2,2,1,有,有,4620000,48889,坡道平面,32.09,900000,權利買賣契約價格484萬元整含車位價款90萬元整預售屋、或土地及建物分次登記案件；,RPWOMLTLJHGGFHD98DA,47.22,0.0,3.37,有,
新市區,房地(土地+建物)+車位,復興路１０５號十四樓之１,20.96,都市：其他:住宅區,,,1080601,土地1建物1車位1,十四層,十四層,住宅大樓(11層含以上有電梯),見其他登記事項,鋼筋混凝土造,1091021,133.91,3,2,2,有,有,6260000,50877,坡道平面,29.54,950000,預售屋、或土地及建物分次登記案件；,RPXOMLTLJHGGFHD09DA,65.6,0.0,3.22,有,
新市區,房地(土地+建物)+車位,復興路１０７號八樓之１,21.56,都市：其他:住宅區,,,1060923,土地1建物1車位2,八層,十四層,住宅大樓(11層含以上有電梯),見其他登記事項,鋼筋混凝土造,1091021,168.55,2,2,2,有,有,6800000,47906,坡道平面,64.18,1800000,預售屋、或土地及建物分次登記案件；,RPOPMLTLJHGGFHD28DA,65.6,0.0,3.22,有,
新市區,房地(土地+建物)+車位,復興路１０５號九樓之５,20.96,都市：其他:住宅區,,,1061222,土地1建物1車位1,九層,十四層,住宅大樓(11層含以上有電梯),見其他登記事項,鋼筋混凝土造,1091021,134.16,2,2,2,有,有,6190000,50086,坡道平面,29.54,950000,預售屋、或土地及建物分次登記案件；,RPPPMLTLJHGGFHD38DA,65.68,0.0,3.29,有,
新市區,房地(土地+建物)+車位,復興路１０５號十一樓之６,20.96,都市：其他:住宅區,,,1070421,土地1建物1車位1,十一層,十四層,住宅大樓(11層含以上有電梯),見其他登記事項,鋼筋混凝土造,1091021,136.64,3,2,2,有,有,6230000,50980,坡道平面,32.09,900000,權利買賣契約價格670萬元整含車位價款90萬元整預售屋、或土地及建物分次登記案件；,RPRPMLTLJHGGFHD58DA,65.68,0.0,3.22,有,
新市區,房地(土地+建物)+車位,復興路１０５號十一樓之５,20.96,都市：其他:住宅區,,,1070506,土地1建物1車位1,十一層,十四層,住宅大樓(11層含以上有電梯),見其他登記事項,鋼筋混凝土造,1091021,136.70999999999998,3,2,2,有,有,6350000,51615,坡道平面,32.09,950000,預售屋、或土地及建物分次登記案件；,RPSPMLTLJHGGFHD68DA,65.68,0.0,3.29,有,
新市區,房地(土地+建物)+車位,復興路１０５號十二樓之１,20.96,都市：其他:住宅區,,,1071123,土地1建物1車位1,十二層,十四層,住宅大樓(11層含以上有電梯),見其他登記事項,鋼筋混凝土造,1091021,136.45999999999998,2,2,2,有,有,6110000,49439,坡道平面,32.09,950000,預售屋、或土地及建物分次登記案件；,RPVQMLTLJHGGFHD09DA,65.6,0.0,3.22,有,
新市區,房地(土地+建物)+車位,復興路１０５號五樓之２,20.96,都市：其他:住宅區,,,1070630,土地1建物1車位1,五層,十四層,住宅大樓(11層含以上有電梯),見其他登記事項,鋼筋混凝土造,1091021,136.45999999999998,3,2,2,有,有,5730000,45799,坡道平面,32.09,950000,預售屋、或土地及建物分次登記案件；,RPOQMLTLJHGGFHD38DA,65.6,0.0,3.22,有,
新市區,房地(土地+建物)+車位,復興路１０５號十四樓之３,15.57,都市：其他:住宅區,,,1071226,土地1建物1車位1,十四層,十四層,住宅大樓(11層含以上有電梯),見其他登記事項,鋼筋混凝土造,1091021,105.72,2,2,1,有,有,4920000,52770,坡道平面,29.54,900000,預售屋、或土地及建物分次登記案件；,RPXQMLTLJHGGFHD66DA,47.29,0.0,3.37,有,
新市區,房地(土地+建物)+車位,復興路１０５號九樓之３,15.57,都市：其他:住宅區,,,1060930,土地1建物1車位1,九層,十四層,住宅大樓(11層含以上有電梯),見其他登記事項,鋼筋混凝土造,1091021,108.28,2,2,1,有,有,4710000,48694,坡道平面,32.09,1000000,預售屋、或土地及建物分次登記案件；,RPPRMLTLJHGGFHD58DA,47.29,0.0,3.37,有,
新市區,房地(土地+建物)+車位,復興路１０５號五樓之５,20.96,都市：其他:住宅區,,,1061104,土地1建物1車位1,五層,十四層,住宅大樓(11層含以上有電梯),見其他登記事項,鋼筋混凝土造,1091021,136.70999999999998,3,2,2,有,有,5870000,47027,坡道平面,32.09,950000,預售屋、或土地及建物分次登記案件；,RPTSMLTLJHGGFHD09DA,65.68,0.0,3.29,有,
新市區,房地(土地+建物)+車位,復興路１０５號五樓之３,15.57,都市：其他:住宅區,,,1070317,土地1建物1車位1,五層,十四層,住宅大樓(11層含以上有電梯),見其他登記事項,鋼筋混凝土造,1091021,105.72,2,2,1,有,有,4350000,45944,坡道平面,29.54,850000,預售屋、或土地及建物分次登記案件；,RPUSMLTLJHGGFHD56DA,47.29,0.0,3.37,有,
新市區,房地(土地+建物)+車位,復興路１０５號七樓之６,20.96,都市：其他:住宅區,,,1070317,土地1建物1車位1,七層,十四層,住宅大樓(11層含以上有電梯),見其他登記事項,鋼筋混凝土造,1091021,136.64,2,2,2,有,有,5920000,48015,坡道平面,32.09,900000,,SPUSMLTLJHGGFHD66DA,65.68,0.0,3.22,有,
新市區,房地(土地+建物)+車位,復興路１０５號八樓之１,20.96,都市：其他:住宅區,,,1070804,土地1建物1車位1,八層,十四層,住宅大樓(11層含以上有電梯),見其他登記事項,鋼筋混凝土造,1091021,136.45999999999998,3,2,2,有,有,5750000,46469,坡道平面,32.09,900000,預售屋、或土地及建物分次登記案件；,RPVSMLTLJHGGFHD66DA,65.6,0.0,3.22,有,
新市區,房地(土地+建物)+車位,復興路１０５號九樓之２,20.96,都市：其他:住宅區,,,1070804,土地1建物1車位1,九層,十四層,住宅大樓(11層含以上有電梯),見其他登記事項,鋼筋混凝土造,1091021,136.45999999999998,3,2,2,有,有,6010000,48960,坡道平面,32.09,900000,,SPVSMLTLJHGGFHD76DA,65.6,0.0,3.22,有,
安定區,土地,港子尾段1756地號,5200.0,,特定農業區,農牧用地,1100126,土地2建物0車位0,,,其他,,,,0.0,0,0,0,有,無,29120000,5600,,0.0,0,,RPVNMLSLJHGGFHD68DA,0.0,0.0,0.0,無,
新化區,房地(土地+建物),中正路７０７巷２９之３號,339.84,都市：其他:住宅區,,,1100115,土地5建物1車位0,全,二層,透天厝,住家用,鋼筋混凝土造,0800408,203.4,5,2,2,有,無,17000000,83579,,0.0,0,,RPUOMLMLJHGGFHD08DA,197.4,0.0,6.0,無,
北門區,土地,溪底寮段三寮灣小段592地號,281.0,,鄉村區,乙種建築用地,1100202,土地1建物0車位0,,,其他,,,,0.0,0,0,0,有,無,890000,3167,,0.0,0,,RPOOMLOJKHGGFGD47DA,0.0,0.0,0.0,無,
佳里區,房地(土地+建物),文化西路４５３號,87.82,,特定農業區,甲種建築用地,1090408,土地1建物1車位0,全,四層,透天厝,住家用,鋼筋混凝土造,0820708,193.59,4,2,3,有,無,3900000,20146,,0.0,0,,RPPOMLPJKHGGFGD67DA,173.7,0.0,19.89,無,
學甲區,土地,文衡段693地號,884.84,都市：其他:住宅區,,,1100128,土地3建物0車位0,,,其他,,,,0.0,0,0,0,有,無,600000,678,,0.0,0,親友、員工、共有人或其他特殊關係間之交易；,RPXNMLPJKHGGFGD38DA,0.0,0.0,0.0,無,
佳里區,房地(土地+建物),忠仁里１４鄰博愛東街８２巷１２號,65.0,都市：其他:住宅區,,,1100109,土地1建物1車位0,全,二層,透天厝,住家用,加強磚造,0740608,105.19,5,2,3,有,無,3950000,37551,,0.0,0,頂樓加蓋；其他增建；,RPUNMLOJKHGGFGD97DA,91.72,6.24,7.23,無,
西港區,土地,成功段870地號,6.45,,鄉村區,交通用地,1100126,土地2建物0車位0,,,其他,,,,0.0,0,0,0,有,無,73530,11400,,0.0,0,政府機關標讓售；,RPWNMLOJKHGGFGD18DA,0.0,0.0,0.0,無,
學甲區,土地,興業段817地號,599.06,都市：其他:乙種工業區,,,1100115,土地1建物0車位0,,,其他,,,,0.0,0,0,0,有,無,8155000,13613,,0.0,0,,RPRNMLPJKHGGFGD77DA,0.0,0.0,0.0,無,
學甲區,土地,興業段902地號,376.23,都市：其他:乙種工業區,,,1100115,土地1建物0車位0,,,其他,,,,0.0,0,0,0,有,無,5121000,13611,,0.0,0,,RPSNMLPJKHGGFGD87DA,0.0,0.0,0.0,無,
佳里區,房地(土地+建物),鎮山里９鄰中興街２９０號,78.0,都市：其他:住宅區,,,1091225,土地1建物1車位0,全,二層,透天厝,住商用,加強磚造,0670612,100.04,4,2,2,有,無,3000000,29988,,0.0,0,含地政士服務費；親友、員工、共有人或其他特殊關係間之交易；,RPTNMLPJKHGGFGD97DA,100.04,0.0,0.0,無,
將軍區,土地,巷口段一小段2482地號,173.5,,鄉村區,乙種建築用地,1100201,土地1建物0車位0,,,其他,,,,0.0,0,0,0,有,無,510000,2939,,0.0,0,親友、員工、共有人或其他特殊關係間之交易；,RPSOMLLJKHGGFGD57DA,0.0,0.0,0.0,無,
麻豆區,房地(土地+建物),寮子１６６之３５號,391.69,,特定農業區,丁種建築用地,1100119,土地3建物1車位0,全,一層,透天厝,見其他登記事項,見其他登記事項,1091201,166.24,0,0,0,無,無,14600000,87825,,0.0,0,預售屋、或土地及建物分次登記案件；,RPSOMLNJKHGGFFD67DA,166.24,0.0,0.0,無,
六甲區,房地(土地+建物),龜子港８０巷２５之２號,104.06,,鄉村區,乙種建築用地,1091212,土地1建物1車位0,全,三層,透天厝,住家用,見其他登記事項,1081001,164.07,4,2,4,有,無,6700000,40836,,0.0,0,,RPPNMLOJKHGGFFD37DA,150.82,13.26,0.0,無,
大內區,土地,公所段520地號,162.56,都市：其他:商業區,,,1100128,土地2建物0車位0,,,其他,,,,0.0,0,0,0,有,無,4340000,26698,,0.0,0,交易含未保存登記,RPRNMLOJKHGGFFD57DA,0.0,0.0,0.0,無,
官田區,土地,義田段310地號,57.81,都市：其他:農業區,,,1100123,土地1建物0車位0,,,其他,,,,0.0,0,0,0,有,無,1000000,17298,,0.0,0,未登記建物；未登記建物；,RPSNMLOJKHGGFFD67DA,0.0,0.0,0.0,無,
麻豆區,土地,莊禮段855地號,2773.0,,特定農業區,農牧用地,1091224,土地1建物0車位0,,,其他,,,,0.0,0,0,0,有,無,4000000,1442,,0.0,0,,RPTNMLOJKHGGFFD77DA,0.0,0.0,0.0,無,
麻豆區,土地,中興段534地號,75.0,都市：其他:第二種住宅區,,,1100112,土地1建物0車位0,,,其他,,,,0.0,0,0,0,有,無,3650000,48667,,0.0,0,未登記建物；,RPVNMLOJKHGGFFD97DA,0.0,0.0,0.0,無,
官田區,土地,二鎮段二鎮小段437-34地號,208.0,都市：其他:住宅區,,,1100130,土地2建物0車位0,,,其他,,,,0.0,0,0,0,有,無,3995420,19209,,0.0,0,,RPXNMLOJKHGGFFD18DA,0.0,0.0,0.0,無,
官田區,土地,鎮南段274地號,386.87,都市：其他:住宅區,,,1091229,土地7建物0車位0,,,其他,,,,0.0,0,0,0,有,無,5734372,14822,,0.0,0,,RPSNMLPJKHGGFFD77DA,0.0,0.0,0.0,無,
麻豆區,土地,中興段768地號,547.58,都市：其他:第三種住宅區。,,,1100128,土地3建物0車位0,,,其他,,,,0.0,0,0,0,有,無,14905800,27221,,0.0,0,,RPXNMLPJKHGGFFD28DA,0.0,0.0,0.0,無,1419
麻豆區,土地,寮子段248-20地號,199.17,,鄉村區,乙種建築用地,1091212,土地6建物0車位0,,,其他,,,,0.0,0,0,0,有,無,3500000,17573,,0.0,0,,RPQNMLRLJHGGFFD87DA,0.0,0.0,0.0,無,
麻豆區,土地,大山段23地號,10.86,都市：其他:第三種住宅區。,,,1100127,土地1建物0車位0,,,其他,,,,0.0,0,0,0,有,無,108410,9983,,0.0,0,,RPQNMLLJKHGGFFD17DA,0.0,0.0,0.0,無,1420
後壁區,房地(土地+建物),長短樹里長短樹２０號,220.2,,鄉村區,乙種建築用地,1091211,土地1建物1車位0,全,一層,透天厝,住家用,加強磚造,0730131,58.51,3,2,2,有,無,1800000,30764,,0.0,0,,RPTNMLPKJHGGFED77DA,58.51,0.0,0.0,無,
白河區,土地,詔安段1114-6地號,88.0,,鄉村區,乙種建築用地,1100126,土地2建物0車位0,,,其他,,,,0.0,0,0,0,有,無,638000,7250,,0.0,0,政府機關標讓售；,RPPNMLNJKHGGFED17DA,0.0,0.0,0.0,無,
東山區,土地,崎子頭段58-3地號,3370.0,,山坡地保育區,農牧用地,1091219,土地1建物0車位0,,,其他,,,,0.0,0,0,0,有,無,1400000,415,,0.0,0,,RPRNMLOJKHGGFED47DA,0.0,0.0,0.0,無,
白河區,土地,埤子頭段埤子頭小段2034地號,3048.0,,特定農業區,農牧用地,1100102,土地1建物0車位0,,,其他,,,,0.0,0,0,0,有,無,4570000,1499,,0.0,0,,RPPNMLOJKHGGFED27DA,0.0,0.0,0.0,無,
南區,房地(土地+建物),新興路４１５之４號,22.86,都市：其他:細部計畫道路用地,,,1100108,土地2建物1車位0,五層,五層,公寓(5樓含以下無電梯),住家用,鋼筋混凝土造,0710430,92.45,2,2,1,有,無,2250000,24337,,0.0,0,包含公共設施保留地用地；,RPPNMLKMJHGGFCD86DA,57.59,0.0,12.88,無,1421
東區,房地(土地+建物),中華東路二段１９７號十三樓之６,2.6,都市：其他:道路用地,,,1091202,土地3建物1車位0,十三層,二十層,住宅大樓(11層含以上有電梯),住家用,鋼筋混凝土造,0841106,34.379999999999995,1,0,1,有,有,1950000,56719,,0.0,0,,RPUOMLLJKHGGFCD37DA,19.5,0.0,3.72,有,
東區,房地(土地+建物),崇善十一街１２巷１８號五樓,36.48,都市：其他:第五種住宅區,,,1091230,土地1建物1車位0,五層,五層,公寓(5樓含以下無電梯),住家用,鋼筋混凝土造,0790625,113.81,3,2,2,有,有,3700000,32510,,0.0,0,,RPXOMLKMKIPFFCD78DA,91.47,0.0,9.26,無,
東區,土地,裕南段1410地號,64.18,都市：其他:道路用地,,,1100202,土地2建物0車位0,,,其他,,,,0.0,0,0,0,有,無,465300,7250,,0.0,0,本案買賣移轉之印花稅、登記規費、代辦代書費等相關費用，皆由買方負擔。包含公共設施保留地用地；,RPROMLNJKHGGFCD27DA,0.0,0.0,0.0,無,
南區,房地(土地+建物),健康路一段１３３巷１３６號,85.0,都市：其他:住宅區,,,1091022,土地1建物1車位0,全,二層,透天厝,住家用,鋼筋混凝土造,0770524,128.52,6,2,5,有,無,12300000,95705,,0.0,0,其他增建；,RPUNMLOJKHGGFCD57DA,125.97,0.0,2.55,無,1422
南區,土地,中和段942地號,55.32,都市：其他:住宅區,,,1100117,土地2建物0車位0,,,其他,,,,0.0,0,0,0,有,無,100000,1808,,0.0,0,親友、員工、共有人或其他特殊關係間之交易；,RPSNMLPJKHGGFCD47DA,0.0,0.0,0.0,無,
東區,房地(土地+建物)+車位,中華東路二段１６９號三樓之１５,7.47,都市：其他:第五種住宅區,,,1091231,土地2建物1車位1,三層,十四層,住宅大樓(11層含以上有電梯),住家用,鋼筋混凝土造,0970229,105.49,1,1,1,有,有,4700000,44554,坡道平面,27.82,0,,RPWNMLNJKHGGFCD67DA,42.65,0.0,7.72,有,
南區,土地,喜北段698地號,78.25,都市：其他:住宅區,,,1100116,土地2建物0車位0,,,其他,,,,0.0,0,0,0,有,無,2850000,36422,,0.0,0,土地上未登記建物未列入買賣總價款未登記建物；,RPXNMLNJKHGGFCD77DA,0.0,0.0,0.0,無,
東區,房地(土地+建物),裕忠路１２８之３號,98.23,都市：其他:虎尾寮第二種住宅區,,,1100111,土地1建物1車位0,全,四層,透天厝,見其他登記事項,鋼筋混凝土造,0921126,220.63,7,2,7,有,無,23800000,107873,,0.0,0,陽台外推；頂樓加蓋；其他增建；,RPTNMLNJKHGGFCD37DA,196.88,0.0,23.75,無,1423
新營區,土地,新營段1129地號,320.13,都市：其他:住宅區,,,1091222,土地1建物0車位0,,,其他,,,,0.0,0,0,0,有,無,16760000,52354,,0.0,0,,RPRNMLPJKHGGFDD47DA,0.0,0.0,0.0,無,
柳營區,土地,士林段1018地號,348.23,都市：其他:住宅區,,,1100114,土地1建物0車位0,,,其他,,,,0.0,0,0,0,有,無,4800000,13784,,0.0,0,,RPWNMLPJKHGGFDD97DA,0.0,0.0,0.0,無,
新營區,土地,茄苳段285地號,135.75,都市：其他:住宅區,,,1100127,土地3建物0車位0,,,其他,,,,0.0,0,0,0,有,無,1280000,9429,,0.0,0,,RPVNMLNJKHGGFDD67DA,0.0,0.0,0.0,無,
安南區,房地(土地+建物),國安街１５６巷１３６之１號,120.54,都市：其他:住宅區,,,1091218,土地2建物1車位0,全,四層,透天厝,住家用,鋼筋混凝土造,1040116,196.08999999999997,4,2,4,有,無,12000000,61196,,0.0,0,親友、員工、共有人或其他特殊關係間之交易；,RPOOMLMLKIPFFBD87DA,171.41,0.0,24.51,無,
安南區,房地(土地+建物),安昌街２６巷２９弄１９號,143.45,都市：其他:住宅區,,,1090531,土地2建物1車位0,全,三層,透天厝,住家用,鋼筋混凝土造,1090921,181.58,5,2,5,有,無,14880000,81947,,0.0,0,,RPSOMLLJKHGGFBD07DA,166.28,0.0,15.3,無,
安南區,房地(土地+建物),安昌街２６巷２９弄２７號,149.4,都市：其他:住宅區,,,1090518,土地2建物1車位0,全,三層,透天厝,住家用,鋼筋混凝土造,1090921,180.94,5,2,5,有,無,14800000,81795,,0.0,0,,RPUOMLLJKHGGFBD27DA,166.74,0.0,14.2,無,
安南區,土地,原西段807-1地號,372.45,都市：其他:細部計畫道路用地,,,1091124,土地2建物0車位0,,,其他,,,,0.0,0,0,0,有,無,11500000,30877,,0.0,0,有包含公設的道路用地,RPTPMLNJKHGGFBD47DA,0.0,0.0,0.0,無,
安南區,房地(土地+建物),安和路一段１５９巷１３４號,66.96,都市：其他:細部計畫道路用地,,,1090905,土地2建物1車位0,全,三層,透天厝,住商用,鋼筋混凝土造,0691106,104.61,5,2,5,有,無,7980000,76283,,0.0,0,,RPWOMLNJKHGGFBD67DA,104.61,0.0,0.0,無,
安南區,土地,原西段806地號,369.62,都市：其他:住宅區,,,1091113,土地4建物0車位0,,,其他,,,,0.0,0,0,0,有,無,16000000,43288,,0.0,0,內含土地使用權利價值新台幣壹佰參拾肆萬壹仟參佰肆拾元整。包含公共設施保留地用地；預售屋、或土地及建物分次登記案件；,RPQNMLSJKHGGFBD47DA,0.0,0.0,0.0,無,
中西區,房地(土地+建物),民生路二段３０５號五樓之１,3.49,都市：其他:商業區,,,1100128,土地3建物1車位0,五層,十二層,住宅大樓(11層含以上有電梯),住家用,鋼筋混凝土造,0860118,45.24,1,1,1,有,有,1500000,33156,,0.0,0,,RPVOMLNJKHGGFAD47DA,27.18,0.99,5.25,有,
安平區,土地,石門段1359地號,98.0,都市：其他:特定住宅專用區,,,1100122,土地1建物0車位0,,,其他,,,,0.0,0,0,0,有,無,2964000,30245,,0.0,0,,RPWOMLNJKHGGFAD57DA,0.0,0.0,0.0,無,1424
北區,房地(土地+建物),成功路６１４巷１３弄１０號,104.0,都市：其他:住宅區,,,1100130,土地1建物1車位0,全,一層,透天厝,住家用,加強磚造,0630312,35.47,2,3,2,有,無,3444300,97105,,0.0,0,親友、員工、共有人或其他特殊關係間之交易；,RPPNMLOJKHGGFAD86DA,35.47,0.0,0.0,無,
安平區,土地,金城段75-14地號,103.0,都市：其他:住宅區,,,1091209,土地1建物0車位0,,,其他,,,,0.0,0,0,0,有,無,9030000,87670,,0.0,0,親友、員工、共有人或其他特殊關係間之交易；,RPRNMLOJKHGGFAD07DA,0.0,0.0,0.0,無,1425
中西區,土地,南門段1722地號,96.08,都市：其他:住宅區,,,1100201,土地3建物0車位0,,,其他,,,,0.0,0,0,0,有,無,2500000,26020,,0.0,0,,RPXNMLOJKHGGFAD67DA,0.0,0.0,0.0,無,
中西區,房地(土地+建物),湖美街７０巷６號九樓之１９,24.36,都市：其他:市場用地,,,1100106,土地1建物1車位0,九層,十四層,住宅大樓(11層含以上有電梯),住家用,鋼筋混凝土造,0871203,115.92999999999999,3,2,2,有,有,5130000,44251,,0.0,0,,RPOOMLOJKHGGFAD86DA,80.64,0.0,10.93,有,
安平區,房地(土地+建物),育平九街３７２巷３３弄３號,87.0,都市：其他:住宅區,,,1100111,土地1建物1車位0,全,三層,透天厝,住商用,鋼筋混凝土造,0830319,180.76,5,2,3,有,無,10500000,58088,,0.0,0,頂樓加蓋；其他增建；,RPXNMLNJKHGGFAD57DA,156.58,11.7,12.48,無,
北區,房地(土地+建物)+車位,公園南路１５９巷２號五樓之１,20.89,都市：其他:商業區,,,1070714,土地2建物1車位1,五層,十一層,住宅大樓(11層含以上有電梯),見其他登記事項,見其他登記事項,1091027,106.97999999999999,2,1,2,有,有,7160000,68054,塔式車位,14.26,850000,預售屋、或土地及建物分次登記案件；,RPTQMLMJKHGGFAD37DA,55.0,0.0,6.37,有,
安平區,房地(土地+建物)+車位,永華路二段８２７號十一樓,8.54,都市：其他:住宅區,,,1100127,土地1建物1車位1,十一層,二十三層,住宅大樓(11層含以上有電梯),見其他登記事項,見其他登記事項,1081217,100.11,2,2,1,有,有,7100000,70922,坡道機械,28.36,0,,RPRPMLLJKHGGFAD96DA,41.4,2.91,3.76,有,1426
北區,房地(土地+建物)+車位,公園南路１５９巷２號六樓之１,21.43,都市：其他:商業區,,,1080531,土地2建物1車位2,六層,十一層,住宅大樓(11層含以上有電梯),見其他登記事項,見其他登記事項,1091027,121.24,2,1,2,有,有,8050000,66329,塔式車位,28.52,1900000,預售屋、或土地及建物分次登記案件；,RPVQMLMJKHGGFAD57DA,55.0,0.0,6.37,有,
北區,房地(土地+建物)+車位,公園南路１５９巷２號六樓之２,20.95,都市：其他:商業區,,,1071007,土地2建物1車位1,六層,十一層,住宅大樓(11層含以上有電梯),見其他登記事項,見其他登記事項,1091027,107.78999999999999,2,1,2,有,有,7300000,68962,塔式車位,14.26,850000,預售屋、或土地及建物分次登記案件；,RPWQMLMJKHGGFAD67DA,55.43,0.0,6.65,有,
北區,房地(土地+建物)+車位,公園南路１５９巷２號七樓之２,20.95,都市：其他:商業區,,,1070714,土地2建物1車位1,七層,十一層,住宅大樓(11層含以上有電梯),見其他登記事項,見其他登記事項,1091027,107.78999999999999,2,1,2,有,有,7500000,70031,塔式車位,14.26,950000,預售屋、或土地及建物分次登記案件；,RPXQMLMJKHGGFAD77DA,55.42,0.0,6.66,有,
北區,房地(土地+建物)+車位,公園南路１５９巷２號八樓之１,20.89,都市：其他:商業區,,,1080531,土地2建物1車位1,八層,十一層,住宅大樓(11層含以上有電梯),見其他登記事項,見其他登記事項,1091027,106.97999999999999,2,1,2,有,有,7450000,70104,塔式車位,14.26,950000,預售屋、或土地及建物分次登記案件；,RPORMLMJKHGGFAD96DA,55.0,0.0,6.37,有,
北區,房地(土地+建物)+車位,公園南路１５９巷２號八樓之２,20.95,都市：其他:商業區,,,1070629,土地2建物1車位1,八層,十一層,住宅大樓(11層含以上有電梯),見其他登記事項,見其他登記事項,1091027,107.78999999999999,2,1,2,有,有,7640000,72597,塔式車位,14.26,850000,預售屋、或土地及建物分次登記案件；,RPPRMLMJKHGGFAD07DA,55.42,0.0,6.66,有,
北區,房地(土地+建物)+車位,公園南路１５９巷２號十一樓之２,23.82,都市：其他:商業區,,,1080716,土地2建物1車位1,十一層,十一層,住宅大樓(11層含以上有電梯),見其他登記事項,見其他登記事項,1091027,112.34,2,1,2,有,有,8300000,73945,坡道平面,20.38,1500000,預售屋、或土地及建物分次登記案件；,RPQRMLMJKHGGFAD17DA,55.43,0.0,5.6,有,
北區,房地(土地+建物),文成路６０７號,89.83,都市：其他:住宅區,,,1100106,土地1建物1車位0,全,四層,透天厝,見其他登記事項,見其他登記事項,1020125,273.2,5,2,6,有,無,26880000,98389,,0.0,0,其他增建；,RPPNMLNJKHGGFAD76DA,249.67,0.0,23.53,有,1427
北區,建物,公園路５９７巷１號５樓之２１,0.0,,,,1100122,土地0建物1車位0,五層,五層,公寓(5樓含以下無電梯),住家用,鋼筋混凝土造,0710120,62.62,1,1,1,有,無,500000,7985,,0.0,0,土地為向仁愛之家租賃使用,RPOPMLLJKHGGFAD66DA,35.47,0.0,12.54,無,
中西區,房地(土地+建物),海安路二段３０６號,53.91,都市：其他:商業區,,,1091211,土地1建物1車位0,全,二層,透天厝,住商用,鋼筋混凝土造,0840831,83.26,2,1,1,有,無,13500000,162143,,0.0,0,,RPVOMLSJKHGGFAD97DA,83.26,0.0,0.0,無,1428
中西區,土地,普濟段311地號,389.11,都市：其他:商業區,,,1091211,土地2建物0車位0,,,其他,,,,0.0,0,0,0,有,無,51200000,131582,,0.0,0,,RPXOMLSJKHGGFAD18DA,0.0,0.0,0.0,無,1429
安平區,房地(土地+建物)+車位,永華路二段９０６號七樓之２,13.63,都市：其他:商業區,,,1100118,土地1建物1車位1,七層,十四層,住宅大樓(11層含以上有電梯),見其他登記事項,見其他登記事項,0960111,162.28,3,2,2,有,有,6300000,38822,坡道平面,0.0,0,,RPWNMLTKJHGGFAD08DA,88.64,0.0,10.81,有,1430
安平區,房地(土地+建物)+車位,慶平路５３９號二十三樓之１０,18.47,都市：其他:商業區,,,1091230,土地1建物1車位1,二十三層，二十四層，見使用執照,二十四層,住宅大樓(11層含以上有電梯),見其他登記事項,鋼筋混凝土造,0880211,140.23000000000002,3,2,2,有,有,5280000,37652,坡道機械,0.0,0,,RPUNMLLKJHGGFAD07DA,83.99,0.0,3.37,有,1431
北區,房地(土地+建物),大興街２３３巷２０弄３號,55.02,都市：其他:商業區,,,1091222,土地1建物1車位0,全,二層,透天厝,住家用,加強磚造,0641006,74.34,2,1,2,有,無,4800000,64568,,0.0,0,頂樓加蓋；其他增建；,RPPPMLMLKIPFFAD97DA,74.34,0.0,0.0,無,1432
北區,房地(土地+建物),開元路１４８巷１２０號,59.0,都市：其他:住宅區,,,1091117,土地1建物1車位0,全,二層,透天厝,住家用,加強磚造,0570107,82.08,4,1,2,有,無,5200000,63353,,0.0,0,頂樓加蓋；其他增建；,RPXRMLQKJIPFFAD56DA,82.08,0.0,0.0,無,
安平區,房地(土地+建物),健康路三段３３３號十六樓之６,7.21,都市：其他:商業區,,,1091217,土地1建物1車位0,十六層,二十六層,住宅大樓(11層含以上有電梯),見其他登記事項,見其他登記事項,1060124,84.69999999999999,2,1,1,有,有,5500000,64935,,0.0,0,,RPPQMLRKKIPFFAD48DA,48.78,2.68,5.29,有,1433
中西區,房地(土地+建物),公園路１２之２號,58.34,都市：其他:商業區,,,1091218,土地1建物1車位0,全,二層,透天厝,住商用,,0721125,85.92,3,1,1,有,無,10000000,116387,,0.0,0,,RPVOMLSKKIPFFAD98DA,85.92,0.0,0.0,無,
北區,房地(土地+建物),開元路５０１號六樓之７,6.2,都市：其他:住宅區,,,1091218,土地3建物1車位0,六層,二十四層,住宅大樓(11層含以上有電梯),見其他登記事項,見其他登記事項,1041105,83.17,2,1,1,有,有,5500000,66130,,0.0,0,,RPWOMLSKKIPFFAD09DA,48.17,0.52,9.76,有,1434
安平區,車位,健康路三段,1.32,都市：其他:商業區,,,1091217,土地1建物1車位1,,,其他,,,,30.66,0,0,0,有,有,1200000,,坡道平面,30.65,1200000,僅車位交易；,RPOQMLRKKIPFFAD38DA,0.0,0.0,0.0,有,
安平區,土地,金城段63-16地號,94.0,都市：其他:住宅區,,,1091225,土地1建物0車位0,,,其他,,,,0.0,0,0,0,有,無,7250000,77128,,0.0,0,,RPSNMLPLKIPFFAD38DA,0.0,0.0,0.0,無,
北區,房地(土地+建物),成功路３６號,221.0,都市：其他:細部計畫道路用地,,,1091218,土地4建物1車位0,全,四層,透天厝,住商用,鋼筋混凝土造,0660505,492.76,8,4,8,有,無,61360000,124523,,0.0,0,頂樓加蓋；其他增建；,RPXNMLOKJHGGFAD67DA,492.76,0.0,0.0,無,
北區,房地(土地+建物)+車位,北門路二段５２７巷２號十樓之２,32.27,都市：其他:住宅區,,,1100102,土地1建物1車位1,十層,十層,華廈(10層含以下有電梯),見其他登記事項,鋼筋混凝土造,0930329,148.05,3,2,2,有,有,7250000,48970,坡道平面,0.0,0,,RPRNMLQKJHGGFAD27DA,85.48,0.0,11.01,有,
中西區,土地,星鑽段85地號,90.5,都市：其他:住宅區,,,1091231,土地1建物0車位0,,,其他,,,,0.0,0,0,0,有,無,6200000,68508,,0.0,0,親友、員工、共有人或其他特殊關係間之交易；,RPSPMLKLJHGGFAD07DA,0.0,0.0,0.0,無,
安平區,土地,金城段89-18地號,156.0,都市：其他:住宅區,,,1100124,土地1建物0車位0,,,其他,,,,0.0,0,0,0,有,無,14100000,90385,,0.0,0,,RPRNMLOLJHGGFAD17DA,0.0,0.0,0.0,無,
中西區,土地,普濟段311地號,207.15,都市：其他:商業區,,,1091211,土地1建物0車位0,,,其他,,,,0.0,0,0,0,有,無,33400000,161236,,0.0,0,,RPWOMLSJKHGGFAD08DA,0.0,0.0,0.0,無,
安平區,房地(土地+建物)+車位,健康三街１４６號三樓之２,18.65,都市：其他:住宅區,,,1091229,土地1建物1車位1,三層,十四層,住宅大樓(11層含以上有電梯),見其他登記事項,見其他登記事項,0950822,173.60000000000002,3,2,2,有,有,8500000,48963,坡道平面,0.0,0,,RPOOMLSJKHGGFAD27DA,94.27,0.0,8.66,有,
安平區,房地(土地+建物)+車位,華平路２１巷３２弄８號,26.98,都市：其他:住宅區,,,1100105,土地1建物1車位1,一層,六層,華廈(10層含以下有電梯),住家用,鋼筋混凝土造,0820129,132.09,3,2,2,有,無,6800000,51480,坡道平面,0.0,0,其他增建；,RPXNMLPJKHGGFAD77DA,102.2,8.96,0.0,有,
中西區,房地(土地+建物),觀亭街６１號六樓之４,4.19,都市：其他:商業區,,,1100125,土地1建物1車位0,六層,七層,華廈(10層含以下有電梯),住家用,鋼筋混凝土造,0850117,27.63,1,0,1,有,有,1450000,52479,,0.0,0,,RPUOMLPJKHGGFAD57DA,15.48,1.08,2.16,有,
中西區,房地(土地+建物),宮後街１６號三樓之５,4.64,都市：其他:商業區,,,1100124,土地1建物1車位0,三層,五層,華廈(10層含以下有電梯),住家用,鋼筋混凝土造,0800212,21.47,1,0,1,有,無,685000,31905,,0.0,0,,RPQNMLRJKHGGFAD27DA,14.94,0.0,1.68,有,
中西區,土地,五條港段1129地號,9.68,都市：其他:細部計畫道路用地,,,1100120,土地2建物0車位0,,,其他,,,,0.0,0,0,0,有,無,750000,77479,,0.0,0,親友、員工、共有人或其他特殊關係間之交易；,RPTOMLNJKHGGFAD27DA,0.0,0.0,0.0,無,0722
北區,房地(土地+建物)+車位,長榮路四段３１巷２３弄１之２號,14.71,都市：其他:住宅區,,,1100125,土地1建物1車位1,三層,五層,公寓(5樓含以下無電梯),住家用,鋼筋混凝土造,0741226,75.08,3,2,2,有,有,2690000,35828,坡道平面,0.0,0,親友、員工、共有人或其他特殊關係間之交易；,RPRQMLOJKHGGFAD37DA,57.27,0.0,7.5,無,1436
中西區,房地(土地+建物),金華路三段２５２號十三樓之１２,3.11,都市：其他:商業區,,,1100202,土地2建物1車位0,十三層,二十一層,住宅大樓(11層含以上有電梯),住家用,鋼筋混凝土造,0870219,35.150000000000006,1,0,1,有,有,1880000,53485,,0.0,0,,RPXPMLMJKHGGFAD67DA,22.65,0.31,2.71,有,
中西區,房地(土地+建物),府緯街９巷２９號四樓之１２,5.43,都市：其他:住宅區,,,1100123,土地2建物1車位0,四層,五層,華廈(10層含以下有電梯),住家用,鋼筋混凝土造,0791113,21.75,1,1,1,有,有,950000,43678,,0.0,0,陽台外推；,RPPOMLOJKHGGFAD96DA,11.86,0.0,2.91,有,
北區,建物,正覺街３３巷５號,0.0,,,,1091210,土地0建物1車位1,一層,八層,華廈(10層含以下有電梯),住家用,鋼筋混凝土造,0790820,177.56,4,2,2,有,有,6100000,34355,坡道平面,0.0,0,本土地為仁愛之家土地,RPROMLOJKHGGFAD17DA,143.32,21.38,0.0,有,
中西區,土地,頂美段2604地號,39.88,都市：其他:住宅區,,,1091230,土地1建物0車位0,,,其他,,,,0.0,0,0,0,有,無,1450000,36359,,0.0,0,買方多付土地增值稅285785元親友、員工、共有人或其他特殊關係間之交易；畸零地或有合併使用效益；,RPTNMLOJKHGGFAD27DA,0.0,0.0,0.0,無,
北區,建物,實踐街７１巷９６號,0.0,,,,1091230,土地0建物1車位0,全,一層,透天厝,住家用,加強磚造,0640115,30.62,3,1,1,有,無,1920000,62704,,0.0,0,土地為仁愛之家頂樓加蓋；其他增建；,RPOPMLNJKHGGFAD86DA,30.62,0.0,0.0,無,
安南區,房地(土地+建物),德安街５號,104.4,都市：其他:住宅區,,,1091228,土地1建物1車位0,全,二層,透天厝,住家用,鋼筋混凝土造,0690505,105.49,4,2,2,有,無,7100000,67305,,0.0,0,頂樓加蓋；未登記建物；,RPPNMLSJKHGGFBD37DA,105.49,0.0,0.0,無,1437
安南區,土地,外塭段187-1地號,554.33,都市：其他:細部計畫道路用地,,,1091113,土地2建物0車位0,,,其他,,,,0.0,0,0,0,有,無,12150000,21918,,0.0,0,,RPQPMLNJKHGGFBD17DA,0.0,0.0,0.0,無,1438
安南區,土地,州北段1147地號,1115.39,都市：其他:主要計畫道路用地,,,1100122,土地3建物0車位0,,,其他,,,,0.0,0,0,0,有,無,9400000,8428,,0.0,0,包含公共設施保留地用地；,RPRPMLNJKHGGFBD27DA,0.0,0.0,0.0,無,
安南區,土地,朝皇段1268地號,177.17,都市：其他:住宅區,,,1091027,土地1建物0車位0,,,其他,,,,0.0,0,0,0,有,無,6350000,35841,,0.0,0,,RPTNMLLJKHGGFBD07DA,0.0,0.0,0.0,無,
安南區,土地,溪心段20-7地號,35.49,都市：其他:道路用地,,,1100129,土地1建物0車位0,,,其他,,,,0.0,0,0,0,有,無,288178,8120,,0.0,0,包含公共設施保留地用地；,RPRPMLTLJHGGFBD97DA,0.0,0.0,0.0,無,
安南區,土地,佃南段129地號,5463.43,都市：其他:農業區,,,1091221,土地1建物0車位0,,,其他,,,,0.0,0,0,0,有,無,31400000,5747,,0.0,0,,RPOOMLSLJHGGFBD47DA,0.0,0.0,0.0,無,
安南區,房地(土地+建物),館安三路２２１號,129.66,都市：其他:住宅區,,,1091212,土地2建物1車位0,全,四層,透天厝,見其他登記事項,鋼筋混凝土造,1041102,295.89,4,2,5,有,有,16300000,55088,,0.0,0,,RPWOMLQLJHGGFBD08DA,274.23,0.0,21.64,有,
新營區,土地,王公段1016地號,142.74,都市：其他:主要計畫道路用地,,,1100111,土地2建物0車位0,,,其他,,,,0.0,0,0,0,有,無,10280000,72019,,0.0,0,,RPPNMLNJKHGGFDD07DA,0.0,0.0,0.0,無,
東區,房地(土地+建物)+車位,中華東路二段２０３巷１９弄４５號八樓,32.5,都市：其他:第五種住宅區,,,1091214,土地1建物1車位1,八層，九層，夾層,九層,華廈(10層含以下有電梯),住家用,鋼筋混凝土造,0860125,212.32999999999998,5,2,4,有,有,8000000,37677,坡道平面,0.0,1000000,陽台外推；夾層；其他增建；,RPSNMLOJKHGGFCD37DA,85.29,0.0,47.87,有,
南區,房地(土地+建物),興南街２５２巷６６弄１４號,95.0,都市：其他:住宅區,,,1091224,土地1建物1車位0,全,四層,透天厝,住家用,鋼筋混凝土造,0830411,192.53,5,2,5,有,無,6250000,32462,,0.0,0,其他增建；,RPTOMLOJKHGGFCD57DA,160.39,23.28,8.86,無,
東區,房地(土地+建物)+車位,中華東路二段１８５巷１２號十二樓之１,12.52,都市：其他:道路用地,,,1091215,土地3建物1車位1,十二層,二十層,住宅大樓(11層含以上有電梯),住家用,鋼筋混凝土造,0841106,171.23,4,2,2,有,有,6100000,35625,坡道平面,0.0,0,,RPOOMLOJKHGGFCD07DA,95.26,0.0,14.15,有,
東區,房地(土地+建物),裕豐街２３３號,73.0,都市：其他:第五種住宅區,,,1100103,土地1建物1車位0,全,二層,透天厝,住家用,加強磚造,0621107,97.97,4,3,3,有,無,9450000,96458,,0.0,0,土地總價:845萬元建物總價:100萬元頂樓加蓋；其他增建；,RPPOMLOJKHGGFCD17DA,97.97,0.0,0.0,無,
東區,房地(土地+建物),崇明十三街２號四樓之３,34.37,都市：其他:第五種住宅區,,,1100113,土地2建物1車位0,四層,五層,公寓(5樓含以下無電梯),住家用,鋼筋混凝土造,0691217,109.28,3,2,2,有,無,3700000,33858,,0.0,0,,RPQOMLOJKHGGFCD27DA,99.77,0.0,0.0,無,1439
東區,房地(土地+建物),崇德六街４７號二樓之４,18.43,都市：其他:第五種住宅區,,,1100118,土地1建物2車位0,二層,七層,華廈(10層含以下有電梯),住家用,鋼筋混凝土造,0801226,99.31,3,2,2,有,有,4230000,42594,,0.0,0,,RPROMLOJKHGGFCD37DA,61.39,4.26,6.12,有,
東區,房地(土地+建物),崇善八街６９巷１１號,16.67,都市：其他:第五種住宅區,,,1100109,土地1建物1車位0,全,二層,透天厝,住家用,加強磚造,0631203,23.49,4,2,2,有,無,850000,36186,,0.0,0,親友、員工、共有人或其他特殊關係間之交易；,RPPNMLSJKHGGFCD47DA,23.49,0.0,0.0,無,
南區,房地(土地+建物),美南街１８號,85.95,都市：其他:住宅區,,,1100114,土地1建物1車位0,全,四層,透天厝,住商用,鋼筋混凝土造,0741016,200.55,5,3,4,有,無,7500000,37397,,0.0,0,親友、員工、共有人或其他特殊關係間之交易；其他增建；,RPQNMLSJKHGGFCD57DA,188.17,0.0,12.38,無,
東區,房地(土地+建物),裕忠路３０９之７號,108.69,都市：其他:虎尾寮第三種住宅區,,,1091231,土地2建物1車位0,全,五層,透天厝,見其他登記事項,鋼筋混凝土造,0930419,260.78,5,2,5,有,有,18080000,69330,,0.0,0,頂樓加蓋；其他增建；,RPRNMLSJKHGGFCD67DA,232.47,3.16,25.15,無,
東區,房地(土地+建物),裕農路７２６巷２弄１０之１號,26.27,都市：其他:第五種住宅區,,,1100108,土地1建物1車位0,二層,五層,公寓(5樓含以下無電梯),住家用,鋼筋混凝土造,0700921,86.84,3,2,1,有,無,4000000,46062,,0.0,0,,RPXNMLSJJHGGFCD18DA,69.05,0.0,4.24,無,
南區,房地(土地+建物),仁慈街８６號,83.0,都市：其他:住宅區,,,1091225,土地1建物1車位0,全,三層,透天厝,住商用,鋼筋混凝土造,0680123,187.2,3,3,3,有,無,8580000,45833,,0.0,0,其他增建；,RPSOMLKLJHGGFCD17DA,187.2,0.0,0.0,無,
白河區,房地(土地+建物),詔安里詔安厝１１０之６號,104.0,,鄉村區,乙種建築用地,1091122,土地1建物1車位0,全,三層,透天厝,住家用,鋼筋混凝土造,0830331,197.84,4,2,4,有,無,2680000,13546,,0.0,0,其他增建；,RPPNMLQJKHGGFED47DA,185.36,0.0,12.48,無,
白河區,土地,竹子門段166-3地號,4468.29,,一般農業區,農牧用地,1100116,土地1建物0車位0,,,其他,,,,0.0,0,0,0,有,無,771400,173,,0.0,0,,RPRNMLLJKHGGFED17DA,0.0,0.0,0.0,無,1440
六甲區,房地(土地+建物),六甲里中正路４２３巷３８號,74.31,都市：其他:住宅區,,,1100122,土地1建物1車位0,全,四層,透天厝,住家用,鋼筋混凝土造,0830301,160.81,4,2,3,有,無,4300000,26740,,0.0,0,,RPVNMLPJKHGGFFD08DA,145.89,14.92,0.0,無,1441
官田區,房地(土地+建物),工社中街１６巷１號,190.42,都市：其他:住宅區,,,1091221,土地2建物1車位0,全,三層,透天厝,住家用,鋼筋混凝土構造,1080705,253.56,5,2,5,有,無,15800000,62313,,0.0,0,,RPWNMLPJKHGGFFD18DA,228.76,24.8,0.0,無,
麻豆區,房地(土地+建物),安業里安業１４８之９號,77.0,,鄉村區,乙種建築用地,1091203,土地1建物1車位0,全,二層,透天厝,住家用,加強磚造,0700501,94.56,3,2,2,有,無,2850000,30140,,0.0,0,,RPTNMLPJKHGGFFD87DA,94.56,0.0,0.0,無,
官田區,房地(土地+建物),二鎮里二鎮７５之５５６號,88.22,都市：其他:農業區,,,1100113,土地3建物1車位0,全,三層,透天厝,住家用,見其他登記事項,1041215,154.28,4,2,3,有,無,6050000,39214,,0.0,0,,RPPNMLPJKHGGFFD47DA,142.04,0.0,12.24,無,1442
官田區,土地,福安段218地號,1366.39,都市：其他:住宅區,,,1091203,土地5建物0車位0,,,其他,,,,0.0,0,0,0,有,無,3000000,2196,,0.0,0,,RPUNMLOJKHGGFFD87DA,0.0,0.0,0.0,無,
學甲區,房地(土地+建物),明宜里１３鄰濟生路２５３號之３,80.32,都市：其他:住宅區,,,1100105,土地4建物1車位0,全,三層,透天厝,住家用,鋼筋混凝土造,0700512,112.8,4,1,3,有,無,3500000,31028,,0.0,0,,RPUNMLNKJHGGFGD87DA,105.12,0.0,7.68,無,
佳里區,房地(土地+建物),建南里２４鄰成功路２３１巷１５號,101.15,都市：其他:住宅區,,,1091210,土地1建物1車位0,全,四層,透天厝,見其他登記事項,鋼筋混凝土造,0940407,206.13,6,2,4,有,無,7600000,36870,,0.0,0,,RPUOMLPJJHGGFGD08DA,188.33,0.0,17.8,無,
佳里區,土地,通興段513地號,54.22,,鄉村區,乙種建築用地,1100119,土地1建物0車位0,,,其他,,,,0.0,0,0,0,有,無,220000,4058,,0.0,0,親友、員工、共有人或其他特殊關係間之交易；,RPUNMLNJKHGGFGD87DA,0.0,0.0,0.0,無,
佳里區,房地(土地+建物),佳東路３２７巷３５號,102.41,都市：其他:住宅區,,,1100114,土地1建物1車位0,全,四層,透天厝,見其他登記事項,鋼筋混凝土造,1080513,232.83,5,1,6,有,無,12800000,54976,,0.0,0,,RPXNMLSJKHGGFGD68DA,220.95,0.0,11.88,無,
西港區,土地,劉厝段1635地號,1300.0,,特定農業區,農牧用地,1091023,土地1建物0車位0,,,其他,,,,0.0,0,0,0,有,無,3575000,2750,,0.0,0,,RPROMLPJKHGGFGD87DA,0.0,0.0,0.0,無,
西港區,土地,劉厝段1636地號,1700.0,,特定農業區,農牧用地,1091023,土地1建物0車位0,,,其他,,,,0.0,0,0,0,有,無,4675000,2750,,0.0,0,,RPSOMLPJKHGGFGD97DA,0.0,0.0,0.0,無,
佳里區,房地(土地+建物),新生東路９號,156.32,都市：其他:住宅區,,,1091120,土地1建物1車位0,全,四層,透天厝,住家用,鋼筋混凝土造,1020118,357.65,3,3,3,有,無,6200000,17335,,0.0,0,親友、員工、共有人或其他特殊關係間之交易；,RPPNMLQJKHGGFGD67DA,321.72,0.0,35.93,無,
佳里區,土地,廣安段153地號,232.2,都市：其他:住宅區,,,1100125,土地1建物0車位0,,,其他,,,,0.0,0,0,0,有,無,6750000,29070,,0.0,0,,RPQNMLPJKHGGFGD67DA,0.0,0.0,0.0,無,
學甲區,土地,興太段1019-4地號,71.63,都市：其他:住宅區,,,1100119,土地2建物0車位0,,,其他,,,,0.0,0,0,0,有,無,800000,11169,,0.0,0,親友、員工、共有人或其他特殊關係間之交易；,RPVNMLPJKHGGFGD18DA,0.0,0.0,0.0,無,
將軍區,土地,中社段584地號,80.02,都市：其他:住宅區,,,1100119,土地1建物0車位0,,,其他,,,,0.0,0,0,0,有,無,225000,2812,,0.0,0,親友、員工、共有人或其他特殊關係間之交易；,RPPOMLRKKHGGFGD97DA,0.0,0.0,0.0,無,1443
將軍區,土地,中社段584地號,80.02,都市：其他:住宅區,,,1100119,土地1建物0車位0,,,其他,,,,0.0,0,0,0,有,無,225000,2812,,0.0,0,親友、員工、共有人或其他特殊關係間之交易；,RPROMLRKKHGGFGD18DA,0.0,0.0,0.0,無,1443
善化區,房地(土地+建物),北子店５０５號之２,70.0,,特定農業區,甲種建築用地,1091231,土地2建物1車位0,全,二層,透天厝,住家用,加強磚造,0710217,90.91,3,2,2,有,無,1000000,11000,,0.0,0,親友、員工、共有人或其他特殊關係間之交易；,RPXNMLLLJHGGFHD18DA,87.43,0.0,3.48,無,
善化區,房地(土地+建物),東勢寮１６８之９號,125.0,,鄉村區,乙種建築用地,1091018,土地3建物1車位0,全,三層,透天厝,住家用,鋼筋混凝土造,1091021,187.97,5,2,4,有,無,8700000,46284,,0.0,0,,RPRPMLMKJHGGFHD77DA,181.17,0.0,6.8,無,
善化區,房地(土地+建物),和平路２７６號,88.7,都市：其他:住宅區,,,1100204,土地2建物1車位0,全,五層,透天厝,見其他登記事項,鋼筋混凝土造,1091210,272.87,9,0,9,有,有,18920000,69337,,0.0,0,,RPROMLOJKHGGFHD87DA,253.91,0.0,18.81,有,
善化區,房地(土地+建物),和平路２７０巷４０號,84.77,都市：其他:住宅區,,,1100204,土地2建物1車位0,全,四層,透天厝,見其他登記事項,鋼筋混凝土造,1091210,172.59,7,0,7,有,有,13860000,80306,,0.0,0,,RPXNMLOJKHGGFHD38DA,159.32,0.0,13.12,無,
善化區,土地,成功段175地號,227.01,都市：其他:住宅區,,,1091124,土地1建物0車位0,,,其他,,,,0.0,0,0,0,有,無,13900000,61231,,0.0,0,,RPQNMLLMJHGGFHD57DA,0.0,0.0,0.0,無,
新市區,房地(土地+建物)+車位,信義街１７８號七樓之５,29.85,都市：其他:住宅區,,,1091220,土地1建物1車位1,七層,八層,華廈(10層含以下有電梯),住家用,鋼筋混凝土造,1040427,101.85,2,2,2,有,有,6000000,58910,坡道平面,19.94,0,,RPSNMLOJKHGGFHD87DA,49.62,0.0,5.29,有,
新市區,土地,大社段1726地號,161.29,,特定農業區,農牧用地,1100126,土地2建物0車位0,,,其他,,,,0.0,0,0,0,有,無,400000,2480,,0.0,0,1.低於公告現值買賣2.所有稅費均由買方負擔親友、員工、共有人或其他特殊關係間之交易；,RPTPMLMJKHGGFHD97DA,0.0,0.0,0.0,無,
安定區,土地,六塊寮段367-4地號,1329.0,,特定農業區,農牧用地,1100112,土地2建物0車位0,,,其他,,,,0.0,0,0,0,有,無,5714700,4300,,0.0,0,,RPRNMLRJKHGGFHD08DA,0.0,0.0,0.0,無,
安定區,土地,港尾段650地號,209.19,,鄉村區,乙種建築用地,1100202,土地2建物0車位0,,,其他,,,,0.0,0,0,0,有,無,5150000,24619,,0.0,0,,RPSNMLSJKHGGFHD28DA,0.0,0.0,0.0,無,
新市區,房地(土地+建物),光華街１８３巷７弄６號,81.87,都市：其他:住宅區,,,1091204,土地1建物1車位0,全,二層,透天厝,住家用,加強磚造,0731003,111.45,8,2,3,有,無,5700000,51144,,0.0,0,頂樓加蓋；含租約；,RPVNMLSJKHGGFHD58DA,108.46,0.0,2.99,無,
善化區,土地,北子店段二小段701地號,950.0,,特定農業區,農牧用地,1100108,土地1建物0車位0,,,其他,,,,0.0,0,0,0,有,無,5795000,6100,,0.0,0,,RPPNMLTJKHGGFHD08DA,0.0,0.0,0.0,無,
仁德區,土地,太子段1065-1地號,89.53,都市：其他:道路用地,,,1091130,土地2建物0車位0,,,其他,,,,0.0,0,0,0,有,無,3700000,41327,,0.0,0,,RPVNMLKMJIPFFID98DA,0.0,0.0,0.0,無,
仁德區,土地,長興段948地號,205.88,都市：其他:住宅區,,,1091031,土地5建物0車位0,,,其他,,,,0.0,0,0,0,有,無,4975703,24168,,0.0,0,,RPTNMLNJKHGGFID97DA,0.0,0.0,0.0,無,1445
仁德區,土地,太子段1066-1地號,82.24,都市：其他:計畫道路用地,,,1091126,土地2建物0車位0,,,其他,,,,0.0,0,0,0,有,無,3210000,39032,,0.0,0,,RPPOMLMJKHGGFID57DA,0.0,0.0,0.0,無,
仁德區,土地,太子段1064地號,793.7,都市：其他:計畫道路用地,,,1091126,土地10建物0車位0,,,其他,,,,0.0,0,0,0,有,無,25290000,31863,,0.0,0,,RPQOMLMJKHGGFID67DA,0.0,0.0,0.0,無,
歸仁區,土地,歸仁北段337-12地號,173.0,都市：其他:道路用地,,,1100202,土地3建物0車位0,,,其他,,,,0.0,0,0,0,有,無,478855,2768,,0.0,0,包含公共設施保留地用地；,RPVNMLMJKHGGFID08DA,0.0,0.0,0.0,無,
關廟區,土地,北花段949地號,1.0,都市：其他:計畫道路用地,,,1100202,土地1建物0車位0,,,其他,,,,0.0,0,0,0,有,無,27000,0,,0.0,0,政府機關標讓售；,RPQNMLSJKHGGFID18DA,0.0,0.0,0.0,無,
仁德區,房地(土地+建物),德洋路１８０巷２９號,91.31,都市：其他:住宅區,,,1091223,土地3建物1車位0,全,四層,透天厝,住家用,鋼筋混凝土造,0820219,187.8,5,2,3,有,無,6880000,36635,,0.0,0,,RPSNMLPJKHGGFID08DA,179.3,0.0,8.5,無,
仁德區,房地(土地+建物),長興二街７０巷６弄２９號,123.84,都市：其他:住宅區,,,1091231,土地1建物1車位0,全,二層,透天厝,住家用,鋼筋混凝土造,0790518,170.68,4,3,4,有,無,3000000,17577,,0.0,0,親友、員工、共有人或其他特殊關係間之交易；,RPXOMLOJKHGGFID58DA,139.77,12.89,18.02,無,
關廟區,土地,松腳段1381-1地號,198.0,都市：其他:住宅區,,,1100121,土地1建物0車位0,,,其他,,,,0.0,0,0,0,有,無,1980000,10000,,0.0,0,親屬買賣親友、員工、共有人或其他特殊關係間之交易；,RPTOMLOJKHGGFID18DA,0.0,0.0,0.0,無,
仁德區,房地(土地+建物),正義二街１５３號一樓,20.26,都市：其他:住宅區,,,1100102,土地1建物1車位0,一層,八層,華廈(10層含以下有電梯),住商用,鋼筋混凝土造,0831017,115.06,3,2,2,有,有,3600000,31288,,0.0,0,,RPVNMLOJKHGGFID28DA,90.53,12.21,0.0,有,
仁德區,房地(土地+建物),中洲五街１６３巷６８號,100.96,,鄉村區,乙種建築用地,1091230,土地2建物1車位0,全,二層,透天厝,住商用,加強磚造,0701228,100.56,3,2,4,有,無,1550000,15414,,0.0,0,親友、員工、共有人或其他特殊關係間之交易；,RPPPMLMLJHGGFID77DA,96.91,0.0,3.65,無,
新營區,土地,新秀才段714地號,3315.32,,河川區,農牧用地,1100119,土地2建物0車位0,,,其他,,,,0.0,0,0,0,有,無,450000,136,,0.0,0,,RPSNMLOJKHGGFDD57EA,0.0,0.0,0.0,無,
柳營區,房地(土地+建物),十美街１８６巷１２弄７號,82.0,都市：其他:住宅區,,,1080523,土地1建物1車位0,全,三層,透天厝,住家用,鋼筋混凝土造,1090907,155.05,4,2,4,有,無,6960000,44889,,0.0,0,預售屋、或土地及建物分次登記案件；,RPSNMLSJKHGGFDD97EA,133.99,0.0,21.06,無,
鹽水區,房地(土地+建物),下林４４之２號,6894.0,,一般農業區,農牧用地,1091215,土地1建物3車位0,全,一層,透天厝,見其他登記事項,見其他登記事項,0811221,2377.78,0,0,0,無,無,31000000,13037,,0.0,0,土地買賣款新台幣2950萬元整，建物買賣款新台幣150萬元整。,RPTNMLSJKHGGFDD08EA,2377.78,0.0,0.0,無,
鹽水區,土地,番子厝段2948地號,5319.0,,一般農業區,農牧用地,1100203,土地3建物0車位0,,,其他,,,,0.0,0,0,0,有,無,5212620,980,,0.0,0,,RPUNMLSJKHGGFDD18EA,0.0,0.0,0.0,無,
新營區,房地(土地+建物),新南里９鄰新北五街１４５號,80.0,都市：其他:住宅區,,,1100121,土地1建物1車位0,全,二層,透天厝,住商用,加強磚造,0690313,98.04,3,2,3,有,無,3000000,30600,,0.0,0,,RPVNMLSJKHGGFDD28EA,98.04,0.0,0.0,無,
鹽水區,土地,下林段792地號,2495.0,,一般農業區,農牧用地,1100107,土地1建物0車位0,,,其他,,,,0.0,0,0,0,有,無,2500000,1002,,0.0,0,,RPWNMLSJKHGGFDD38EA,0.0,0.0,0.0,無,
麻豆區,土地,麻安段625地號,134.81,都市：其他:第三種住宅區。,,,1100122,土地4建物0車位0,,,其他,,,,0.0,0,0,0,有,無,2282427,16931,,0.0,0,包含公共設施保留地用地；,RPQOMLPJKHGGFFD77EA,0.0,0.0,0.0,無,1118
麻豆區,土地,麻安段625地號,134.81,都市：其他:第三種住宅區。,,,1100122,土地4建物0車位0,,,其他,,,,0.0,0,0,0,有,無,2282427,16931,,0.0,0,包含公共設施保留地用地；,RPROMLPJKHGGFFD87EA,0.0,0.0,0.0,無,1118
下營區,土地,營前段181地號,178.79,都市：其他:住宅區,,,1091230,土地1建物0車位0,,,其他,,,,0.0,0,0,0,有,無,2400000,13424,,0.0,0,親友、員工、共有人或其他特殊關係間之交易；,RPPNMLSJKHGGFFD87EA,0.0,0.0,0.0,無,
下營區,土地,茅港尾段3624地號,3270.0,,特定農業區,農牧用地,1100208,土地3建物0車位0,,,其他,,,,0.0,0,0,0,有,無,5886000,1800,,0.0,0,親友、員工、共有人或其他特殊關係間之交易；,RPRNMLTJKHGGFFD18EA,0.0,0.0,0.0,無,
七股區,房地(土地+建物),義合２３之６６號,363.0,,鄉村區,乙種建築用地,1090926,土地1建物1車位0,全,二層,透天厝,住家用,鋼筋混凝土造,1091211,241.31,5,2,5,有,無,15000000,62161,,0.0,0,,RPTNMLSJKHGGFGD38EA,228.69,0.0,12.62,無,
新化區,土地,頂山腳段462-14地號,2892.0,,一般農業區,農牧用地,1091211,土地5建物0車位0,,,其他,,,,0.0,0,0,0,有,無,9100000,3147,,0.0,0,急買急賣；受債權債務關係影響或債務抵償；,RPQNMLPJKHGGFHD87EA,0.0,0.0,0.0,無,1448
安定區,土地,六塊寮段3254-23地號,18.0,,鄉村區,乙種建築用地,1100126,土地2建物0車位0,,,其他,,,,0.0,0,0,0,有,無,381500,21194,,0.0,0,,RPTNMLPJKHGGFHD18EA,0.0,0.0,0.0,無,
龍崎區,土地,龍船段546-2地號,1800.0,,山坡地保育區,農牧用地,1100201,土地1建物0車位0,,,其他,,,,0.0,0,0,0,有,無,576000,320,,0.0,0,,RPSNMLKLJHGGFID77EA,0.0,0.0,0.0,無,1449
歸仁區,土地,南潭段7地號,251.96,,鄉村區,乙種建築用地,1091222,土地1建物0車位0,,,其他,,,,0.0,0,0,0,有,無,900000,3572,,0.0,0,親友、員工、共有人或其他特殊關係間之交易；未登記建物；,RPTNMLKLJHGGFID87EA,0.0,0.0,0.0,無,
安南區,土地,科工段287地號,11087.11,都市：其他:工業區,,,1100128,土地2建物0車位0,,,其他,,,,0.0,0,0,0,有,無,235789568,21267,,0.0,0,政府機關標讓售；,RPPNMLPJKHGGFBD17EA,0.0,0.0,0.0,無,
安南區,土地,國安段1473-1地號,149.4,都市：其他:主要計畫道路用地,,,1100128,土地1建物0車位0,,,其他,,,,0.0,0,0,0,有,無,2856242,19118,,0.0,0,包含公共設施保留地用地；,RPUNMLSJKHGGFBD97EA,0.0,0.0,0.0,無,0836
柳營區,土地,大腿段620-29地號,76.5,,鄉村區,乙種建築用地,1091230,土地1建物0車位0,,,其他,,,,0.0,0,0,0,有,無,200000,2614,,0.0,0,親友、員工、共有人或其他特殊關係間之交易；,RPTNMLPJJHGGFDD67EA,0.0,0.0,0.0,無,
玉井區,土地,口宵里段214-1地號,2987.84,,一般農業區,農牧用地,1100105,土地2建物0車位0,,,其他,,,,0.0,0,0,0,有,無,7650000,2560,,0.0,0,,RPSNMLOJKHGGFJD08DA,0.0,0.0,0.0,無,
永康區,房地(土地+建物),經華路１６之１號,1454.99,,工業區,,1091130,土地1建物2車位0,全,一層,透天厝,見其他登記事項,見其他登記事項,0780529,1218.93,0,0,3,有,無,79223400,64994,,0.0,0,,RPWNMLRLJHGGFKD98DA,1194.13,5.4,19.4,無,
永康區,房地(土地+建物),中正五街１６３號,750.21,都市：其他:工業區,,,1091222,土地3建物1車位0,全,一層,透天厝,見其他登記事項,鋼造,0810116,390.01,0,0,0,無,無,43000000,110254,,0.0,0,,RPUNMLLJKHGGFKD08DA,390.01,0.0,0.0,無,
永康區,房地(土地+建物),新民街６６巷３號九樓之８,6.54,都市：其他:住宅區,,,1100109,土地1建物1車位0,九層,九層,華廈(10層含以下有電梯),住家用,鋼筋混凝土造,0821230,46.41,1,0,1,有,有,1880000,40509,,0.0,0,,RPROMLOJKHGGFKD18DA,24.58,0.0,3.24,有,
永康區,房地(土地+建物),大灣路４０巷２０８弄２號,84.25,,,,1090202,土地2建物1車位0,全,四層,透天厝,住家用,見其他登記事項,1091014,181.03,5,2,5,有,無,13250000,73192,,0.0,0,,RPPNMLNJKHGGFKD77DA,173.85,0.0,7.18,無,
永康區,房地(土地+建物)+車位,大灣東路６１１號三樓之３,37.09,都市：其他:住宅區,,,1100102,土地1建物1車位1,三層,五層,華廈(10層含以下有電梯),見其他登記事項,見其他登記事項,1090819,125.93,3,2,2,有,有,7080000,56222,一樓平面,0.0,0,,RPXQMLPKJHGGFKD09DA,62.15,0.0,9.28,有,1451
永康區,房地(土地+建物)+車位,安康里中華路７２７巷９０號四樓之３,12.9,都市：其他:住宅區,,,1091220,土地1建物1車位1,四層,十四層,住宅大樓(11層含以上有電梯),住家用,鋼筋混凝土造,0880824,130.27,4,2,2,有,有,6800000,52199,坡道機械,13.13,0,,RPROMLKLJHGGFKD87DA,84.67,0.0,7.26,有,
永康區,房地(土地+建物),網寮里永勝街２４６巷３號,63.0,都市：其他:住宅區,,,1091230,土地1建物1車位0,全,二層,透天厝,住家用,加強磚造,0690200,99.68,6,2,2,有,無,4500000,45144,,0.0,0,親友、員工、共有人或其他特殊關係間之交易；,RPWPMLTKJHGGFKD66DA,77.44,14.77,7.47,無,
永康區,房地(土地+建物),復國路６０號六樓之１,50.48,都市：其他:住宅區,,,1100108,土地1建物1車位0,六層,十四層,住宅大樓(11層含以上有電梯),住家用,鋼筋混凝土造,0960920,177.69,3,2,2,有,有,5000000,28139,,0.0,0,,RPPNMLTJJHGGFKD28DA,99.27,0.0,10.58,有,
永康區,房地(土地+建物),中華路１３４巷８５號,186.53,都市：其他:住宅區,,,1100120,土地3建物1車位0,全,三層,透天厝,住家用,加強磚造,0641100,164.57,4,3,3,有,無,10250000,62284,,0.0,0,,RPUPMLSJKHGGFKD98DA,164.57,0.0,0.0,無,
永康區,房地(土地+建物),大灣路４０巷１９２號,88.0,都市：其他:住宅區,,,1090228,土地1建物1車位0,全,三層,透天厝,住家用,見其他登記事項,1091014,188.46,5,2,5,有,無,15100000,80123,,0.0,0,,RPSOMLSJKHGGFKD68DA,178.58,0.0,9.88,無,
永康區,房地(土地+建物),國華街１０２巷１０１號九樓之２,18.23,都市：其他:住宅區,,,1100107,土地1建物1車位0,九層,十二層,住宅大樓(11層含以上有電梯),住家用,鋼筋混凝土造,0831006,110.91,3,2,2,有,有,5650000,50942,,0.0,0,,RPSNMLQJKHGGFKD38DA,77.22,0.0,8.4,有,1452
永康區,房地(土地+建物),復國一路６６號,148.13,都市：其他:住宅區,,,1091224,土地1建物1車位0,全,二層,透天厝,住家用,鋼筋混凝土造,0761130,197.09,5,2,3,有,無,16000000,81181,,0.0,0,親友、員工、共有人或其他特殊關係間之交易；,RPPNMLRJKHGGFKD18DA,142.14,54.95,0.0,無,
永康區,房地(土地+建物)+車位,大武街７０號十六樓之１,11.92,都市：其他:住宅區,,,1091209,土地1建物1車位1,十六層,十六層,住宅大樓(11層含以上有電梯),住家用,鋼筋混凝土造,0830803,139.0,3,2,2,有,有,5700000,41007,坡道平面,0.0,0,,RPXNMLSJKHGGFKD09DA,78.09,0.0,11.92,有,
永康區,土地,竹行段1015地號,647.52,都市：其他:道路用地,,,1100130,土地7建物0車位0,,,其他,,,,0.0,0,0,0,有,無,8032536,12405,,0.0,0,包含公共設施保留地用地；,RPPOMLSJKHGGFKD38DA,0.0,0.0,0.0,無,
永康區,房地(土地+建物)+車位,網寮里永二街４１３之１號十三樓,21.72,都市：其他:道路用地,,,1090908,土地2建物1車位1,十三層,十六層,住宅大樓(11層含以上有電梯),住家用,鋼筋混凝土造,0830504,126.12,3,2,2,有,有,3350000,26562,坡道機械,0.0,0,,RPQOMLSJKHGGFKD48DA,86.14,0.0,4.02,有,
永康區,房地(土地+建物)+車位,中華路３２７號十一樓之３,11.26,都市：其他:住宅區,,,1100108,土地1建物1車位1,十一層,十六層,住宅大樓(11層含以上有電梯),住家用,鋼筋混凝土造,0850129,122.31,3,2,2,有,有,6000000,49056,坡道機械,0.0,0,,RPQNMLPJKHGGFKD08DA,83.42,0.0,7.22,有,
永康區,土地,橋北段76地號,861.12,都市：其他:住宅區,,,1091201,土地1建物0車位0,,,其他,,,,0.0,0,0,0,有,無,110500000,128321,,0.0,0,,RPRNMLPJKHGGFKD18DA,0.0,0.0,0.0,無,
永康區,土地,東邊寮段691地號,1112.94,都市：其他:住宅區,,,1091024,土地5建物0車位0,,,其他,,,,0.0,0,0,0,有,無,41160000,36983,,0.0,0,,RPSOMLNJKHGGFKD18DA,0.0,0.0,0.0,無,
永康區,房地(土地+建物),西勢里西勢路７７號,224.39,都市：其他:住宅區,,,1100112,土地1建物1車位0,全,四層,透天厝,住商用,鋼筋混凝土造,0830205,315.74,7,2,5,有,無,13400000,42440,,0.0,0,親友、員工、共有人或其他特殊關係間之交易；其他增建；,RPPOMLLJKHGGFKD67DA,298.5,0.0,17.24,無,1453
永康區,房地(土地+建物)+車位,三合里南工街２６７巷８０弄１８號六樓之８,9.19,都市：其他:住宅區,,,1091213,土地3建物1車位1,六層,十一層,住宅大樓(11層含以上有電梯),住家用,鋼筋混凝土造,0860926,89.64,3,2,2,有,有,5300000,59125,坡道平面,13.33,0,夾層；,RPWPMLLJKHGGFKD48DA,42.77,6.22,4.98,有,
永康區,房地(土地+建物)+車位,復國一路３３９之３號十三樓之３,15.99,都市：其他:商業區,,,1100127,土地1建物1車位1,十三層,十六層,住宅大樓(11層含以上有電梯),住家用,見其他登記事項,1070202,162.39,3,2,2,有,有,10180000,62689,坡道平面,38.59,0,,RPWRMLSLJHGGFKD86DA,74.89,0.0,9.78,有,1454
永康區,土地,安康段1213地號,875.16,都市：其他:道路用地,,,1100125,土地7建物0車位0,,,其他,,,,0.0,0,0,0,有,無,18000000,20568,,0.0,0,包含公共設施保留地用地；,RPRNMLTLJHGGFKD68DA,0.0,0.0,0.0,無,
永康區,房地(土地+建物),富強路一段７３號,100.0,都市：其他:住宅區,,,1100111,土地1建物1車位0,全,四層,透天厝,見其他登記事項,見其他登記事項,1041118,229.61,4,2,6,有,無,21000000,91459,,0.0,0,,RPPNMLKMJHGGFKD67DA,206.91,0.0,22.7,有,
永康區,房地(土地+建物),復華里國華街１０２巷５９號六樓之３,18.43,都市：其他:住宅區,,,1100120,土地2建物1車位0,六層,十一層,住宅大樓(11層含以上有電梯),見其他登記事項,鋼筋混凝土造,0841111,114.84,3,2,2,有,有,2380000,20724,,0.0,0,親友、員工、共有人或其他特殊關係間之交易；,RPROMLMLJHGGFKD08DA,74.78,0.0,10.81,有,
南區,土地,建南段365地號,971.18,都市：其他:保護區,,,1100201,土地1建物0車位0,,,其他,,,,0.0,0,0,0,有,無,9500000,9782,,0.0,0,出售信託財產含土地增值稅或其他稅費；含仲介費；農作物；,RPXNMLSJKHGGFCD38EA,0.0,0.0,0.0,無,
南區,土地,南華段497-9地號,0.51,都市：其他:住宅區,,,1100201,土地1建物0車位0,,,其他,,,,0.0,0,0,0,有,無,39168,0,,0.0,0,國有畸零地購買後部分再分割，鄰地原價購回案件畸零地或有合併使用效益；,RPQNMLTJKHGGFCD77EA,0.0,0.0,0.0,無,
安南區,土地,布袋段1409地號,260.29,都市：其他:住宅區,,,1091230,土地1建物0車位0,,,其他,,,,0.0,0,0,0,有,無,15747500,60500,,0.0,0,,RPVNMLTJKHGGFBD18EA,0.0,0.0,0.0,無,
安平區,土地,新南段24-6地號,162.0,都市：其他:住宅區,,,1091225,土地1建物0車位0,,,其他,,,,0.0,0,0,0,有,無,19600000,120988,,0.0,0,,RPROMLPJKHGGFAD37EA,0.0,0.0,0.0,無,
中西區,房地(土地+建物)+車位,中華西路二段１６８號十五樓之３,9.13,都市：其他:住宅區,,,1100113,土地1建物1車位2,十五層,二十六層,住宅大樓(11層含以上有電梯),見其他登記事項,見其他登記事項,1061011,98.81,3,1,3,有,有,4900000,49590,坡道平面,49.6,0,親友、員工、共有人或其他特殊關係間之交易；,RPVNMLSJKHGGFAD97EA,49.55,0.0,6.19,有,1455
將軍區,房地(土地+建物),西華里３鄰西華５８之１５７號,107.1,都市：其他:住宅區,,,1100121,土地3建物1車位0,全,三層,透天厝,住家用,鋼筋混凝土造,1041103,153.63,4,2,3,有,無,5200000,33848,,0.0,0,,RPRNMLTJKHGGFGD28EA,147.34,0.0,6.29,無,
鹽水區,土地,番子厝段3003地號,9652.0,,一般農業區,農牧用地,1100203,土地6建物0車位0,,,其他,,,,0.0,0,0,0,有,無,9458960,980,,0.0,0,含地上未保存建物.,RPQNMLTJKHGGFDD87EA,0.0,0.0,0.0,無,
鹽水區,土地,番子厝段2997地號,10154.0,,一般農業區,農牧用地,1100203,土地6建物0車位0,,,其他,,,,0.0,0,0,0,有,無,9950920,980,,0.0,0,含未保存建物全部.,RPRNMLRKKHGGFDD87EA,0.0,0.0,0.0,無,
新營區,房地(土地+建物),三民路１３１號五樓之五,8.66,都市：其他:商業區,,,1100129,土地1建物1車位0,五層,十層,華廈(10層含以下有電梯),住家用,鋼筋混凝土造,0810825,76.09,3,1,1,有,有,2200000,28913,,0.0,0,,RPSNMLRKKHGGFDD97EA,56.73,0.0,0.77,有,
新營區,土地,大同段439地號,19.09,都市：其他:主要計畫道路用地,,,1091231,土地1建物0車位0,,,其他,,,,0.0,0,0,0,有,無,80000,4191,,0.0,0,包含公共設施保留地用地；,RPTNMLLJKHGGFDD37EA,0.0,0.0,0.0,無,
後壁區,房地(土地+建物),後壁里９７之５號,439.86,都市：其他:商業區,,,1100120,土地2建物1車位0,全,二層,透天厝,見其他登記事項,鋼筋混凝土造,0810405,405.02,2,2,2,有,無,15110000,37307,,0.0,0,,RPSNMLTJKHGGFED18EA,386.2,18.82,0.0,無,
東山區,房地(土地+建物),東正里東勢１９５之７號,1007.51,都市：其他:住宅區,,,1100121,土地2建物1車位0,全,二層,透天厝,見其他登記事項,鋼筋混凝土造,0810930,296.13,2,0,3,有,無,16920000,57137,,0.0,0,,RPUNMLTJKHGGFED38EA,296.13,0.0,0.0,無,
白河區,房地(土地+建物),永安里新興路５２６號,276.0,都市：其他:高中學校用地,,,1100121,土地2建物1車位0,全,二層,透天厝,見其他登記事項,鋼筋混凝土造,0800516,347.05,2,0,2,有,無,15098500,43505,,0.0,0,,RPVNMLTJKHGGFED48EA,335.23,0.0,11.82,無,
關廟區,土地,埤子頭段1331-10地號,1259.67,,一般農業區,農牧用地,1091217,土地2建物0車位0,,,其他,,,,0.0,0,0,0,有,無,12880000,10225,,0.0,0,,RPTNMLSKJHGGFID48DA,0.0,0.0,0.0,無,
歸仁區,房地(土地+建物),南興村文化街三段７７６巷２５號,72.88,都市：其他:住宅區,,,1091229,土地1建物1車位0,全,二層,透天厝,住家用,加強磚造,0670213,80.98,4,2,2,有,無,4000000,49395,,0.0,0,,RPPNMLRKJHGGFID97DA,80.98,0.0,0.0,無,
仁德區,土地,三甲子段149-4地號,25.0,,一般農業區,農牧用地,1100128,土地1建物0車位0,,,其他,,,,0.0,0,0,0,有,無,60000,2400,,0.0,0,農作物；,RPPOMLTLJHGGFID38DA,0.0,0.0,0.0,無,
仁德區,土地,長興段948地號,205.88,都市：其他:住宅區,,,1091031,土地5建物0車位0,,,其他,,,,0.0,0,0,0,有,無,4975703,24168,,0.0,0,,RPWNMLNJKHGGFID28DA,0.0,0.0,0.0,無,1445
仁德區,房地(土地+建物),保安里保學一街９８號,136.7,都市：其他:住宅區,,,1100109,土地1建物1車位0,全,三層,透天厝,住家用,鋼筋混凝土造,0990114,187.7,10,0,10,有,無,11660000,62120,,0.0,0,頂樓加蓋；其他增建；,RPUNMLPJKHGGFID28DA,164.29,0.0,23.41,無,1457
仁德區,土地,崁腳北段85-40地號,267.63,都市：其他:乙種工業區,,,1091218,土地2建物0車位0,,,其他,,,,0.0,0,0,0,有,無,18779165,70168,,0.0,0,,RPTNMLSJKHGGFID48DA,0.0,0.0,0.0,無,0280
仁德區,土地,崁腳北段93-26地號,83.86,都市：其他:乙種工業區,,,1091218,土地4建物0車位0,,,其他,,,,0.0,0,0,0,有,無,2486035,29645,,0.0,0,,RPUNMLSJKHGGFID58DA,0.0,0.0,0.0,無,0526
仁德區,土地,崁腳北段85-41地號,163.19,都市：其他:乙種工業區,,,1091218,土地2建物0車位0,,,其他,,,,0.0,0,0,0,有,無,10802223,66194,,0.0,0,,RPVNMLSJKHGGFID68DA,0.0,0.0,0.0,無,0280
仁德區,土地,崁腳北段93-26地號,186.36,都市：其他:乙種工業區,,,1091218,土地5建物0車位0,,,其他,,,,0.0,0,0,0,有,無,9288377,49841,,0.0,0,,RPWNMLSJKHGGFID78DA,0.0,0.0,0.0,無,0526
歸仁區,土地,八甲段3365地號,1300.0,都市：其他:農業區,,,1100106,土地1建物0車位0,,,其他,,,,0.0,0,0,0,有,無,11700000,9000,,0.0,0,,RPPOMLSJKHGGFID18DA,0.0,0.0,0.0,無,
仁德區,房地(土地+建物),德洋二街３９巷７弄８號,76.82,都市：其他:住宅區,,,1091230,土地2建物1車位0,全,四層,透天厝,住家用,鋼筋混凝土造,0890106,164.99,5,2,4,有,無,8300000,50306,,0.0,0,,RPQOMLLJKHGGFID57DA,138.82,0.0,26.17,無,
歸仁區,房地(土地+建物),八甲里大光一街６０號,95.07,都市：其他:住宅區,,,1100127,土地1建物1車位0,全,四層,透天厝,住家用,鋼筋混凝土造,0821124,180.2,4,1,2,有,無,2500000,13873,,0.0,0,親友、員工、共有人或其他特殊關係間之交易；,RPQNMLTJKHGGFID28DA,167.48,0.0,12.72,無,
關廟區,房地(土地+建物),北勢里仁愛路１５３巷５號,93.0,都市：其他:住宅區,,,1091229,土地1建物1車位0,全,二層,透天厝,住家用,加強磚造,0741104,95.25,4,2,2,有,無,3600000,37795,,0.0,0,,RPRNMLRJJHGGFID08DA,90.92,0.0,4.33,無,
歸仁區,房地(土地+建物),仁愛六街１１３號,84.0,都市：其他:住宅區,,,1080402,土地1建物1車位0,全,四層,透天厝,住家用,見其他登記事項,1090504,187.26,5,2,5,有,無,13000000,69422,,0.0,0,,RPTOMLNLJIPFFID09DA,167.22,0.0,20.04,無,
歸仁區,房地(土地+建物),仁愛六街１１５號,101.0,都市：其他:住宅區,,,1080402,土地1建物1車位0,全,四層,透天厝,住家用,見其他登記事項,1090504,199.94,5,2,5,有,無,14000000,70021,,0.0,0,,RPUOMLNLJIPFFID56DA,179.64,0.0,20.3,無,
歸仁區,房地(土地+建物),仁愛六街７３號,78.0,都市：其他:住宅區,,,1090722,土地1建物1車位0,全,四層,透天厝,住家用,見其他登記事項,1090504,178.64,5,2,5,有,無,12500000,69973,,0.0,0,,RPVOMLNLJIPFFID66DA,158.28,0.0,20.36,無,
安定區,房地(土地+建物),港口３９０之３號,110.2,,鄉村區,乙種建築用地,1091216,土地2建物1車位0,全,三層,透天厝,住家用,鋼筋混凝土造,1090902,175.14,6,2,4,有,無,8430000,48133,,0.0,0,,RPPNMLQJKHGGFHD77DA,163.52,0.0,11.62,無,
新市區,房地(土地+建物),自強街６０號,72.2,都市：其他:住宅區,,,1091017,土地1建物1車位0,全,二層,透天厝,住家用,加強磚造,0740618,93.1,3,2,2,有,無,5500000,59076,,0.0,0,,RPOOMLTJKHGGFHD08DA,90.14,0.0,2.96,無,
善化區,土地,曾文段1916地號,3832.0,,特定農業區,農牧用地,1100118,土地1建物0車位0,,,其他,,,,0.0,0,0,0,有,無,12000000,3132,,0.0,0,,RPPNMLSJKHGGFHD97DA,0.0,0.0,0.0,無,0648
新市區,房地(土地+建物),和平路４５巷２０號,76.67,都市：其他:住宅區,,,1091207,土地1建物1車位0,全,四層,透天厝,住商用,鋼筋混凝土造,0820622,192.05,4,2,3,有,無,6300000,32804,,0.0,0,,RPRNMLSJKHGGFHD18DA,170.17,7.16,14.72,無,
善化區,土地,北小新段100地號,208.82,都市：其他:計畫道路用地,,,1100201,土地1建物0車位0,,,其他,,,,0.0,0,0,0,有,無,1534827,7350,,0.0,0,道路用地,RPXOMLLJKHGGFHD18DA,0.0,0.0,0.0,無,1463
新化區,土地,拔林段1062地號,11.38,,一般農業區,農牧用地,1100129,土地1建物0車位0,,,其他,,,,0.0,0,0,0,有,無,38675,3399,,0.0,0,,RPRNMLOJKHGGFHD77DA,0.0,0.0,0.0,無,
善化區,房地(土地+建物),和平路２７０巷１３號,85.97,都市：其他:住宅區,,,1100204,土地2建物1車位0,全,四層,透天厝,見其他登記事項,鋼筋混凝土造,1091210,188.83,7,0,7,有,有,14190000,75147,,0.0,0,,RPOOMLOJKHGGFHD57DA,182.07,0.0,6.61,無,
善化區,房地(土地+建物),和平路２７６之１號,86.18,都市：其他:住宅區,,,1100204,土地2建物1車位0,全,五層,透天厝,見其他登記事項,鋼筋混凝土造,1091210,307.71999999999997,9,0,9,有,有,20350000,66132,,0.0,0,,RPQOMLOJKHGGFHD77DA,299.51,0.0,8.06,有,
善化區,房地(土地+建物),和平路２７６之２號,104.03,都市：其他:住宅區,,,1100204,土地2建物1車位0,全,五層,透天厝,見其他登記事項,鋼筋混凝土造,1091210,285.02,9,0,9,有,有,20130000,70627,,0.0,0,,RPSOMLOJKHGGFHD97DA,267.56,0.0,17.31,有,
新市區,房地(土地+建物)+車位,綠園二街８號二樓之３,22.69,都市：其他:住宅區,,,1100110,土地1建物1車位1,二層,十五層,住宅大樓(11層含以上有電梯),見其他登記事項,鋼筋混凝土造,1050727,138.70999999999998,2,2,2,有,有,7500000,63732,坡道平面,36.72,1000000,陽台外推；,RPPNMLKKJHGGFHD17DA,64.8,0.0,6.17,有,
善化區,土地,成功段770地號,987.32,都市：其他:計畫道路用地,,,1090917,土地3建物0車位0,,,其他,,,,0.0,0,0,0,有,無,32918707,33341,,0.0,0,包含公共設施保留地用地；,RPRNMLPLJHGGFHD97DA,0.0,0.0,0.0,無,
七股區,土地,頂山子段2-43地號,10800.0,,一般農業區,養殖用地,1091214,土地3建物0車位0,,,其他,,,,0.0,0,0,0,有,無,6588000,610,,0.0,0,,RPPNMLTJKHGGFGD97DA,0.0,0.0,0.0,無,
佳里區,房地(土地+建物),佳安北街１３號,74.83,,鄉村區,乙種建築用地,1091228,土地1建物1車位0,全,三層,透天厝,住家用,鋼筋混凝土造,0880918,179.37,4,1,3,有,無,5300000,29548,,0.0,0,親友、員工、共有人或其他特殊關係間之交易；,RPQNMLTJKHGGFGD08DA,111.98,0.0,13.8,無,
佳里區,土地,塭子內段1455地號,2000.0,,特定農業區,農牧用地,1100125,土地1建物0車位0,,,其他,,,,0.0,0,0,0,有,無,3900000,1950,,0.0,0,,RPOOMLPJKHGGFGD57DA,0.0,0.0,0.0,無,
西港區,房地(土地+建物),蚶西港２５之６號,198.72,,鄉村區,乙種建築用地,1100103,土地1建物1車位0,全,三層,透天厝,住家用,鋼筋混凝土造,1091027,226.33,4,2,4,有,無,12500000,55229,,0.0,0,,RPRNMLSJKHGGFGD08DA,212.72,0.0,13.61,無,
西港區,房地(土地+建物),蚶西港２５之５號,198.96,,鄉村區,乙種建築用地,1100103,土地1建物1車位0,全,三層,透天厝,住家用,鋼筋混凝土造,1091027,226.33,4,2,4,有,無,14700000,64949,,0.0,0,含裝潢費；,RPSNMLSJKHGGFGD18DA,212.72,0.0,13.61,無,
七股區,土地,大文段62地號,23612.0,,一般農業區,養殖用地,1091110,土地11建物0車位0,,,其他,,,,0.0,0,0,0,有,無,25950000,1099,,0.0,0,預售屋、或土地及建物分次登記案件；,RPROMLSKKHGGFGD28DA,0.0,0.0,0.0,無,
學甲區,房地(土地+建物),建國東路２２６號,83.93,都市：其他:住宅區,,,1081103,土地1建物1車位0,全,三層,透天厝,見其他登記事項,鋼筋混凝土造,1090902,198.84,4,2,5,有,無,9410000,47324,,0.0,0,預售屋、或土地及建物分次登記案件；,RPSNMLOLJHGGFGD87DA,187.57,0.0,11.27,無,
麻豆區,土地,新建段77地號,408.0,都市：其他:第三種住宅區。,,,1100105,土地3建物0車位0,,,其他,,,,0.0,0,0,0,有,無,6024973,14767,,0.0,0,親友、員工、共有人或其他特殊關係間之交易；,RPRNMLSJKHGGFFD97DA,0.0,0.0,0.0,無,
麻豆區,房地(土地+建物),油車里１２鄰中山路１３８之３號,23.5,都市：其他:第二種住宅區,,,1100105,土地3建物1車位0,全,二層,透天厝,住家用,加強磚造,,92.61,2,2,2,有,無,475027,5129,,0.0,0,親友、員工、共有人或其他特殊關係間之交易；,RPSNMLSJKHGGFFD08DA,92.6,0.0,0.0,無,1464
六甲區,土地,菁埔段1766地號,2100.0,,一般農業區,農牧用地,1100116,土地1建物0車位0,,,其他,,,,0.0,0,0,0,有,無,2100000,1000,,0.0,0,,RPVNMLSJKHGGFFD38DA,0.0,0.0,0.0,無,
官田區,土地,鎮南段275地號,163.11,都市：其他:住宅區,,,1091229,土地1建物0車位0,,,其他,,,,0.0,0,0,0,有,無,986600,6049,,0.0,0,,RPTNMLTJKHGGFFD28DA,0.0,0.0,0.0,無,
白河區,土地,關帝段217地號,16.0,,特定農業區,農牧用地,1100127,土地1建物0車位0,,,其他,,,,0.0,0,0,0,有,無,14080,880,,0.0,0,政府機關標讓售；,RPPNMLTJKHGGFED77DA,0.0,0.0,0.0,無,
麻豆區,土地,寮子段226-6地號,205.0,,特定農業區,農牧用地,1091229,土地1建物0車位0,,,其他,,,,0.0,0,0,0,有,無,600000,2927,,0.0,0,,RPPNMLTLKIPFFFD98DA,0.0,0.0,0.0,無,
麻豆區,土地,寮子段227-4地號,996.0,,特定農業區,農牧用地,1091229,土地4建物0車位0,,,其他,,,,0.0,0,0,0,有,無,3150000,3163,,0.0,0,,RPQNMLTLKIPFFFD09DA,0.0,0.0,0.0,無,
東區,房地(土地+建物),光華街２４７號,128.03,都市：其他:第五種住宅區,,,1100112,土地1建物3車位0,一層，三層,三層,公寓(5樓含以下無電梯),住家用,鋼筋混凝土造,0661229,240.22,10,4,3,有,無,13550000,56407,,0.0,0,頂樓加蓋；其他增建；,RPVPMLMKJHGGFCD67DA,240.22,0.0,0.0,無,
東區,房地(土地+建物)+車位,裕義路２７６號四樓,34.49,都市：其他:虎尾寮第二種住宅區,,,1100112,土地1建物1車位1,四層,五層,華廈(10層含以下有電梯),見其他登記事項,鋼筋混凝土造,1070112,90.66,2,1,1,有,有,6900000,76109,一樓平面,8.25,0,,RPUOMLPKJHGGFCD77DA,54.35,0.0,5.6,有,1465
南區,房地(土地+建物),公英一街１５巷２３之３號,24.75,都市：其他:細部計畫道路用地,,,1100201,土地2建物1車位0,三層,五層,公寓(5樓含以下無電梯),住家用,鋼筋混凝土造,0710320,82.11,3,2,2,有,無,2400000,29229,,0.0,0,,RPSOMLLJKHGGFCD17DA,62.91,0.0,7.86,無,
東區,房地(土地+建物)+車位,富農街一段１３１巷４７號四樓,17.97,都市：其他:第五種住宅區,,,1091218,土地1建物1車位1,四層,七層,華廈(10層含以下有電梯),住家用,鋼筋混凝土造,0831028,108.75999999999999,3,2,2,有,無,5500000,50570,升降機械,0.0,0,,RPUNMLLJKHGGFCD27DA,66.04,0.0,9.24,有,
東區,土地,仁和段1257-5地號,196.0,都市：其他:細部計畫道路用地,,,1091230,土地2建物0車位0,,,其他,,,,0.0,0,0,0,有,無,16850000,85969,,0.0,0,地上物補償含土地增值稅或其他稅費；含仲介費；含地政士服務費；,RPVNMLMJKHGGFCD47DA,0.0,0.0,0.0,無,1466
東區,房地(土地+建物),仁和路９３之１號八樓之一,23.15,都市：其他:第五種住宅區,,,1100112,土地1建物1車位0,八層,九層,華廈(10層含以下有電梯),住家用,鋼筋混凝土造,0831107,131.85,4,2,2,有,有,5360000,40652,,0.0,0,其他增建；,RPVPMLQLJHGGFCD18DA,85.02,0.0,11.26,有,
東區,房地(土地+建物)+車位,東門路三段３７巷７５弄５１號之３六樓,16.38,都市：其他:第五種住宅區,,,1100125,土地1建物1車位1,六層,十四層,住宅大樓(11層含以上有電梯),住家用,鋼筋混凝土造,0820512,160.51,3,2,2,有,有,7880000,49097,坡道平面,0.0,0,,RPWPMLQLJHGGFCD28DA,96.38,0.0,14.09,有,
南區,房地(土地+建物),体育路４３巷１５之１號,111.0,都市：其他:住宅區,,,1091123,土地1建物1車位0,全,三層,透天厝,住家用,鋼筋混凝土造,0680120,211.57,4,1,4,有,無,5600000,26469,,0.0,0,親友、員工、共有人或其他特殊關係間之交易；,RPPNMLMKJHGGFCD86DA,211.58,0.0,0.0,無,
南區,房地(土地+建物),賢南街１１號六樓,21.75,都市：其他:住宅區,,,1100113,土地1建物1車位0,六層,六層,華廈(10層含以下有電梯),住家用,鋼筋混凝土造,0811121,129.32,3,2,2,有,有,4180000,32323,,0.0,0,,RPSNMLSJKHGGFCD77DA,66.64,1.94,12.68,有,
東區,土地,德高段1378-2地號,2.0,都市：其他:第五種住宅區,,,1100129,土地2建物0車位0,,,其他,,,,0.0,0,0,0,有,無,80000,40000,,0.0,0,賣方應繳之增值稅共17430元由買方負擔。畸零地或有合併使用效益；,RPTNMLSJKHGGFCD87DA,0.0,0.0,0.0,無,
東區,房地(土地+建物)+車位,中華東路三段５５３號三樓之１,20.18,都市：其他:住宅區,,,1100106,土地1建物1車位1,二層,五層,華廈(10層含以下有電梯),住家用,鋼筋混凝土造,0821224,83.33000000000001,3,2,2,有,無,3380000,40557,坡道機械,0.0,0,其他增建；,RPUNMLSJKHGGFCD97DA,54.91,0.0,7.69,有,
東區,土地,德高段168-2地號,144.0,都市：其他:第五種住宅區,,,1091230,土地1建物0車位0,,,其他,,,,0.0,0,0,0,有,無,4800000,33333,,0.0,0,地上物補償含土地增值稅或其他稅費；含仲介費；含地政士服務費；瑕疵物件；,RPROMLPJKHGGFCD47DA,0.0,0.0,0.0,無,
南區,房地(土地+建物),健康路一段１３３巷８１號五樓,28.29,都市：其他:細部計畫道路用地,,,1100108,土地2建物1車位0,五層,五層,公寓(5樓含以下無電梯),住家用,鋼筋混凝土造,0701231,103.03,3,2,2,有,無,5300000,51441,,0.0,0,,RPSOMLPJKHGGFCD57DA,78.95,0.0,10.27,無,1467
東區,房地(土地+建物),東寧路２４８巷９號,26.0,都市：其他:第五種住宅區,,,1100114,土地1建物1車位0,全,四層,透天厝,住商用,鋼筋混凝土造,0740115,57.43,6,2,4,有,無,2700000,47014,,0.0,0,親友、員工、共有人或其他特殊關係間之交易；頂樓加蓋；其他增建；,RPQOMLSJKHGGFCD67DA,57.43,0.0,0.0,無,
東區,房地(土地+建物)+車位,中華東路二段２９５巷７１號三樓之１,29.44,都市：其他:道路用地,,,1100110,土地2建物1車位1,三層,八層,華廈(10層含以下有電梯),住家用,鋼筋混凝土造,0830726,189.76999999999998,4,2,2,有,有,7380000,38889,坡道平面,0.0,0,,RPRNMLPJKHGGFCD37DA,108.24,0.0,12.32,有,
東區,房地(土地+建物),中華東路二段１６７號五樓之１９,4.7,都市：其他:第五種住宅區,,,1100102,土地2建物1車位0,五層,十四層,住宅大樓(11層含以上有電梯),住家用,鋼筋混凝土造,0970229,51.92,1,0,1,有,有,2550000,49114,,0.0,0,,RPUOMLSJKHGGFCD08DA,29.84,0.0,3.13,有,
東區,房地(土地+建物),大同路一段１４１巷５３號七樓之２,8.99,都市：其他:細部計畫道路用地,,,1100119,土地5建物1車位0,七層,七層,華廈(10層含以下有電梯),住家用,鋼筋混凝土造,0831214,102.27,3,2,2,有,有,5800000,56713,,0.0,0,,RPRPMLSJKHGGFCD87DA,26.7,65.52,0.0,有,
東區,房地(土地+建物),中華東路三段５２４號二樓,7.75,都市：其他:第五種住宅區,,,1100131,土地1建物1車位0,二層,五層,華廈(10層含以下有電梯),住家用,鋼筋混凝土造,0790417,29.95,1,0,1,有,無,1450000,48414,,0.0,0,,RPWNMLOJKHGGFCD77DA,20.41,0.0,1.92,有,
南區,土地,建南段421-13地號,2583.33,都市：其他:保護區,,,1091222,土地1建物0車位0,,,其他,,,,0.0,0,0,0,有,無,20985000,8123,,0.0,0,,RPWNMLPJKHGGFCD87DA,0.0,0.0,0.0,無,
東區,房地(土地+建物),小東路２５４巷１３號,71.26,都市：其他:第五種住宅區,,,1100115,土地7建物1車位0,全,二層,透天厝,住家用,加強磚造,0610815,90.09,4,1,2,有,無,6200000,68820,,0.0,0,親友、員工、共有人或其他特殊關係間之交易；未登記建物；包含公共設施保留地用地；,RPXNMLPJKHGGFCD97DA,90.09,0.0,0.0,無,
南區,土地,大林段621-3地號,209.77,都市：其他:住宅區,,,1091231,土地3建物0車位0,,,其他,,,,0.0,0,0,0,有,無,7000000,33370,,0.0,0,,RPOOMLPJKHGGFCD17DA,0.0,0.0,0.0,無,
東區,土地,仁和段599-2地號,1.0,都市：其他:第五種住宅區,,,1091217,土地1建物0車位0,,,其他,,,,0.0,0,0,0,有,無,72600,0,,0.0,0,,RPPOMLNJKHGGFCD07DA,0.0,0.0,0.0,無,1468
南區,土地,南豐段418地號,2137.45,都市：其他:農業區,,,1100201,土地1建物0車位0,,,其他,,,,0.0,0,0,0,有,無,11000000,5146,,0.0,0,農作物；,RPSNMLNJKHGGFCD27DA,0.0,0.0,0.0,無,
東區,房地(土地+建物),東寧路１２０巷８５之３號,80.0,都市：其他:第五種住宅區,,,1091114,土地1建物1車位0,全,三層,透天厝,住家用,鋼筋混凝土造,0670427,130.25,5,2,3,有,無,6800000,52207,,0.0,0,,RPUOMLRKKHGGFCD08DA,130.25,0.0,0.0,無,
新營區,土地,新民段78地號,82.24,都市：其他:住宅區,,,1100127,土地1建物0車位0,,,其他,,,,0.0,0,0,0,有,無,4934148,59997,,0.0,0,本件買賣支付價金中有視同贈與金額220萬親友、員工、共有人或其他特殊關係間之交易；,RPTNMLRLJHGGFDD97DA,0.0,0.0,0.0,無,
柳營區,土地,小腿段930地號,2394.94,,一般農業區,水利用地,1100118,土地11建物0車位0,,,其他,,,,0.0,0,0,0,有,無,600000,251,,0.0,0,親友、員工、共有人或其他特殊關係間之交易；,RPQOMLLJKHGGFDD07DA,0.0,0.0,0.0,無,
新營區,土地,新茄苳段229地號,201.49,都市：其他:產業專用區,,,1100107,土地1建物0車位0,,,其他,,,,0.0,0,0,0,有,無,7920000,39307,,0.0,0,,RPXNMLPJKHGGFDD08DA,0.0,0.0,0.0,無,
柳營區,土地,旭山段1341地號,2343.0,,一般農業區,農牧用地,1100102,土地1建物0車位0,,,其他,,,,0.0,0,0,0,有,無,1750000,747,,0.0,0,,RPOOMLPJKHGGFDD27DA,0.0,0.0,0.0,無,
鹽水區,房地(土地+建物),和平路２４９號,93.85,都市：其他:住宅區,,,1091211,土地1建物1車位0,全,三層,透天厝,住商用,鋼筋混凝土造,1090228,187.41,4,2,4,有,無,8050000,42954,,0.0,0,,RPQNMLSJKHGGFDD67DA,175.59,0.0,11.82,無,
新營區,土地,新榮段557-1地號,1344.02,都市：其他:農業區,,,1091022,土地3建物0車位0,,,其他,,,,0.0,0,0,0,有,無,12000000,8928,,0.0,0,預售屋、或土地及建物分次登記案件；,RPVNMLRKKHGGFDD18DA,0.0,0.0,0.0,無,1469
新營區,土地,新榮段557地號,854.27,都市：其他:住宅區,,,1091022,土地2建物0車位0,,,其他,,,,0.0,0,0,0,有,無,18000000,21071,,0.0,0,,RPWNMLRKKHGGFDD28DA,0.0,0.0,0.0,無,1470
安南區,土地,十二佃段103地號,6543.61,都市：其他:工業區,,,1100113,土地1建物0車位0,,,其他,,,,0.0,0,0,0,有,無,126186976,19284,,0.0,0,政府機關標讓售；,RPXOMLPLJHGGFBD08DA,0.0,0.0,0.0,無,
安南區,房地(土地+建物),館安三路２２５號,128.16,都市：其他:住宅區,,,1091219,土地2建物1車位0,全,四層,透天厝,見其他登記事項,鋼筋混凝土造,1041102,292.4,4,2,5,有,有,16160000,55267,,0.0,0,,RPUOMLQLJHGGFBD87DA,274.27,0.0,18.11,有,
安南區,房地(土地+建物),館安三路２２３號,128.16,都市：其他:住宅區,,,1091218,土地2建物1車位0,全,四層,透天厝,見其他登記事項,鋼筋混凝土造,1041102,292.4,4,2,5,有,有,16180000,55335,,0.0,0,,RPVOMLQLJHGGFBD97DA,274.27,0.0,18.11,有,
安南區,房地(土地+建物),安中路四段２１０巷４５弄１６號,71.56,都市：其他:住宅區,,,1080201,土地2建物1車位0,全,三層,透天厝,住家用,鋼筋混凝土造,1090922,152.44,4,2,2,有,無,8000000,52480,,0.0,0,預售屋、或土地及建物分次登記案件；,RPPOMLPJKHGGFBD17DA,139.75,0.0,12.69,無,
安南區,房地(土地+建物),安中路四段２１０巷４５弄１８號,71.56,都市：其他:住宅區,,,1071201,土地2建物1車位0,全,三層,透天厝,住家用,鋼筋混凝土造,1090922,152.44,4,2,2,有,無,7880000,51692,,0.0,0,預售屋、或土地及建物分次登記案件；,RPQOMLPJKHGGFBD27DA,139.75,0.0,12.69,無,
安南區,房地(土地+建物),安中路四段２１０巷４５弄３８號,71.56,都市：其他:住宅區,,,1090214,土地2建物1車位0,全,三層,透天厝,住家用,鋼筋混凝土造,1090922,152.44,4,2,2,有,無,8100000,53136,,0.0,0,預售屋、或土地及建物分次登記案件；,RPUNMLPJKHGGFBD57DA,139.75,0.0,12.69,無,
安南區,房地(土地+建物),城安三街２９號,133.16,都市：其他:住宅區,,,1100110,土地1建物1車位0,全,三層,透天厝,住家用,鋼筋混凝土造,1090319,248.33,5,2,4,有,無,12500000,50336,,0.0,0,,RPSOMLSJKHGGFBD77DA,229.07,0.0,19.26,無,
安南區,房地(土地+建物),安昌街２６巷２９弄１３號,143.6,都市：其他:住宅區,,,1100110,土地2建物1車位0,全,三層,透天厝,住家用,鋼筋混凝土造,1090921,181.58,5,2,5,有,無,14700000,80956,,0.0,0,,RPSNMLTJKHGGFBD77DA,166.28,0.0,15.3,無,
安南區,房地(土地+建物),田路３０巷２９號,224.44,都市：其他:住宅區,,,1100105,土地3建物1車位0,全,三層,透天厝,見其他登記事項,鋼筋混凝土造,0940503,270.94,5,2,5,有,無,13000000,47983,,0.0,0,其他增建；,RPXOMLOKJHGGFBD87DA,257.51,0.0,13.32,無,1471
安平區,房地(土地+建物),建平一街１８９巷２號,104.0,都市：其他:住宅區,,,1100106,土地1建物1車位0,全,五層,透天厝,見其他登記事項,見其他登記事項,0941220,295.68,4,2,5,有,無,17500000,59186,,0.0,0,陽台外推；其他增建；,RPXQMLSLJHGGFAD48DA,272.55,0.0,23.13,無,1472
安平區,房地(土地+建物)+車位,永華路二段８３７號十八樓,8.81,都市：其他:住宅區,,,1090823,土地1建物1車位1,十八層,二十三層,住宅大樓(11層含以上有電梯),見其他登記事項,見其他登記事項,1081217,103.32,1,1,1,有,有,7880000,88459,坡道機械,28.37,1250000,,RPRPMLOJKHGGFAD27DA,42.57,3.93,3.78,有,
中西區,房地(土地+建物)+車位,民生路二段４２２號四樓之３,24.42,都市：其他:商業區,,,1090630,土地1建物1車位1,四層,二十七層,住宅大樓(11層含以上有電梯),集合住宅,鋼筋混凝土構造,1091029,263.77,3,2,3,有,有,15880000,61849,坡道平面,25.61,1150000,預售屋、或土地及建物分次登記案件；,RPPNMLSJKHGGFAD27DA,146.46,0.0,16.55,有,
中西區,房地(土地+建物)+車位,民生路二段４２２號七樓之３,24.42,都市：其他:商業區,,,1090630,土地1建物1車位1,七層,二十七層,住宅大樓(11層含以上有電梯),集合住宅,鋼筋混凝土構造,1091029,263.77,3,2,3,有,有,16300000,63613,坡道平面,25.61,1150000,預售屋、或土地及建物分次登記案件；,RPQNMLSJKHGGFAD37DA,146.46,0.0,16.55,有,
中西區,房地(土地+建物)+車位,永華路一段３６號七樓之２,2.38,都市：其他:商業區,,,1091229,土地1建物1車位1,七層,十二層,住宅大樓(11層含以上有電梯),住家用,鋼筋混凝土造,0850301,34.84,1,1,1,有,有,2800000,80367,升降機械,0.0,0,,RPUNMLQJKHGGFAD57DA,15.26,0.0,6.77,有,
中西區,房地(土地+建物),健康路一段３９０巷４９號五樓之４,16.45,都市：其他:住宅區,,,1091222,土地3建物1車位0,五層，走廊,七層,華廈(10層含以下有電梯),住家用,鋼筋混凝土造,0721210,100.57,3,2,2,有,有,2610000,25952,,0.0,0,親友、員工、共有人或其他特殊關係間之交易；,RPVNMLQJKHGGFAD67DA,75.33,0.0,13.12,有,1473
安平區,土地,新南段64-3地號,101.0,都市：其他:住宅區,,,1091113,土地1建物0車位0,,,其他,,,,0.0,0,0,0,有,無,9500000,94059,,0.0,0,,RPOOMLPJKHGGFAD96DA,0.0,0.0,0.0,無,
安平區,房地(土地+建物),育平八街３２號四樓之６,23.92,都市：其他:住宅區,,,1091231,土地1建物1車位0,四層,七層,公寓(5樓含以下無電梯),住家用,鋼筋混凝土造,0821018,126.1,3,2,1,有,無,4380000,34734,,0.0,0,親友、員工、共有人或其他特殊關係間之交易；預售屋、或土地及建物分次登記案件；,RPTOMLPJKHGGFAD47DA,84.58,0.0,9.22,無,
北區,房地(土地+建物),大武街２１１之１號三樓,21.92,都市：其他:細部計畫道路用地,,,1100104,土地2建物1車位0,三層,五層,公寓(5樓含以下無電梯),住家用,鋼筋混凝土造,0720325,64.19,2,1,1,有,無,3100000,48294,,0.0,0,陽台外推；,RPUNMLSJKHGGFAD77DA,45.74,0.0,14.54,無,1474
北區,房地(土地+建物),大興街２３３巷１６號,71.94,都市：其他:計畫道路用地,,,1100119,土地2建物1車位0,全,二層,透天厝,住家用,加強磚造,0650610,91.3,3,2,2,有,無,2450000,26835,,0.0,0,親友、員工、共有人或其他特殊關係間之交易；,RPQOMLSJKHGGFAD47DA,91.3,0.0,0.0,無,
北區,房地(土地+建物),公園路１０９２巷３２號,56.04,都市：其他:住宅區,,,1091116,土地1建物1車位0,全,三層,透天厝,住家用,鋼筋混凝土造,0650203,95.0,3,2,2,有,無,5000000,52632,,0.0,0,親友、員工、共有人或其他特殊關係間之交易；,RPXOMLTJKHGGFAD28DA,95.0,0.0,0.0,無,
中西區,房地(土地+建物)+車位,民權路四段３５６號三樓之５,19.3,都市：其他:住宅區,,,1100113,土地1建物1車位1,三層,二十一層,住宅大樓(11層含以上有電梯),見其他登記事項,見其他登記事項,1011031,218.12,3,2,2,有,有,14000000,64185,坡道平面,43.1,0,,RPVPMLMLJHGGFAD57DA,108.48,0.0,15.44,有,1475
安平區,房地(土地+建物)+車位,健康路三段３３５號六樓之８,8.99,都市：其他:商業區,,,1100115,土地1建物1車位1,六層,二十層,住宅大樓(11層含以上有電梯),見其他登記事項,見其他登記事項,1060124,120.72,2,1,1,有,有,6500000,53844,坡道平面,30.67,0,,RPQNMLPLJHGGFAD17DA,50.9,1.04,8.26,有,1476
中西區,房地(土地+建物),中正路６０號,158.63,都市：其他:商業區,,,1090929,土地1建物1車位0,全,三層,透天厝,商業用,見其他登記事項,0210000,241.78,8,3,5,有,無,42000000,173712,,0.0,0,頂樓加蓋；其他增建；,RPOOMLTLRHPFFAD09DA,241.78,0.0,0.0,無,
安平區,房地(土地+建物),健康三街１４０號二樓之１,19.69,都市：其他:住宅區,,,1091119,土地1建物1車位0,二層,十四層,住宅大樓(11層含以上有電梯),見其他登記事項,見其他登記事項,0950822,153.43,4,2,2,有,有,7400000,48230,,0.0,0,,RPVNNLTKJIPFFAD98DA,100.93,0.0,8.56,有,1477
北區,房地(土地+建物),南園街８９號,84.0,都市：其他:細部計畫道路用地,,,1100125,土地2建物1車位0,全,二層,透天厝,住家用,加強磚造,0610622,107.6,8,0,8,有,無,11000000,102230,,0.0,0,陽台外推；頂樓加蓋；其他增建；含租約；,RPWOMLPLJHGGFAD87DA,107.6,0.0,0.0,無,1478
中西區,房地(土地+建物),衛民街７０巷２之１號,128.13,都市：其他:商業區,,,1100124,土地1建物1車位0,全,四層,透天厝,住家用,見其他登記事項,1000621,274.14,21,0,20,有,無,33500000,122200,,0.0,0,陽台外推；其他增建；,RPOOMLOLJHGGFAD96DA,228.75,33.06,12.33,有,
北區,房地(土地+建物),西門路四段１９巷６號,84.0,都市：其他:住宅區,,,1091026,土地1建物1車位0,全,三層,透天厝,住商用,鋼筋混凝土造,0760901,226.29,6,2,6,有,無,4000000,17676,,0.0,0,親友、員工、共有人或其他特殊關係間之交易；,RPOPMLTJKHGGFAD47DA,206.67,0.0,19.62,無,
安平區,房地(土地+建物)+車位,慶平路３８６號八樓之１,18.12,都市：其他:商業區,,,1091208,土地1建物1車位1,八層,十四層,住宅大樓(11層含以上有電梯),見其他登記事項,見其他登記事項,1011012,218.56,3,2,2,有,有,11750000,53761,坡道機械,0.0,0,,RPUOMLSJKHGGFAD87DA,126.16,0.0,19.9,有,1479
安平區,房地(土地+建物)+車位,建平八街７２號十二樓之２,15.44,都市：其他:商業區,,,1100114,土地1建物1車位1,十二層，十三層,十四層,住宅大樓(11層含以上有電梯),見其他登記事項,鋼筋混凝土造,0880816,152.05,3,2,2,有,有,7500000,49329,坡道平面,0.0,0,陽台外推；,RPWNMLSJKHGGFAD97DA,76.21,5.23,12.71,有,1480
中西區,建物,大勇街７４號,0.0,,,,1100105,土地0建物1車位0,全,二層,透天厝,住家用,加強磚造,0620630,86.58,3,1,3,有,無,2200000,25410,,0.0,0,土地所有權人為仁愛之家親友、員工、共有人或其他特殊關係間之交易；,RPQNMLTJKHGGFAD47DA,86.58,0.0,0.0,無,
北區,房地(土地+建物),賢北街２５３號,150.77,都市：其他:住宅區,,,1091231,土地1建物1車位0,全,五層,透天厝,住家用,見其他登記事項,1040109,394.7,5,2,5,有,無,29680000,75196,,0.0,0,其他增建；,RPROMLLJKHGGFAD86DA,352.97,0.0,41.73,有,1481
中西區,房地(土地+建物),中山路８２巷１５號,60.93,都市：其他:商業區,,,1091201,土地1建物1車位0,全,三層,透天厝,住家用,磚造,0510000,161.73,5,3,2,有,無,9900000,61213,,0.0,0,,RPQNMLSLJHGGFAD47DA,161.73,0.0,0.0,無,
安平區,房地(土地+建物),永華十一街１５９巷７０號,93.0,都市：其他:特定商業專用區,,,1100112,土地1建物1車位0,全,四層,透天厝,住家用,見其他登記事項,1010302,214.24,5,2,4,有,無,14800000,69081,,0.0,0,陽台外推；頂樓加蓋；其他增建；,RPOOMLRLJHGGFAD27DA,180.25,0.0,33.99,無,1482
安平區,房地(土地+建物),湖內二街５１之３號,98.97,都市：其他:特定住宅專用區,,,1100125,土地2建物1車位0,全,三層,透天厝,住商用,鋼筋混凝土造,0711007,211.93,6,3,3,有,無,7000000,33030,,0.0,0,其他增建；,RPUQMLMJKHGGFAD47DA,204.01,0.0,7.92,無,
北區,房地(土地+建物),南園街７２號,81.0,都市：其他:細部計畫道路用地,,,1091230,土地2建物1車位0,全,三層,透天厝,住商用,加強磚造,0591202,162.18,4,2,3,有,無,11800000,72759,,0.0,0,頂樓加蓋；其他增建；,RPVNMLMJKHGGFAD27DA,162.18,0.0,0.0,無,1483
北區,土地,北元段671地號,120.15,都市：其他:住宅區,,,1100202,土地1建物0車位0,,,其他,,,,0.0,0,0,0,有,無,10000000,83229,,0.0,0,,RPPOMLMJKHGGFAD76DA,0.0,0.0,0.0,無,
安南區,房地(土地+建物),安昌街２１９巷１２弄４號,85.0,都市：其他:住宅區,,,1091226,土地1建物1車位0,全,四層,透天厝,住家用,鋼筋混凝土造,0820114,161.16,3,2,2,有,無,6600000,40953,,0.0,0,,RPUNMLOJJHGGFBD37DA,150.69,0.0,10.47,無,
安南區,房地(土地+建物),安中路四段２１０巷４５弄３６號,71.56,都市：其他:住宅區,,,1090907,土地2建物1車位0,全,三層,透天厝,住家用,鋼筋混凝土造,1090922,152.44,4,2,2,有,無,8700000,57072,,0.0,0,預售屋、或土地及建物分次登記案件；,RPSNMLSJKHGGFBD67DA,139.75,0.0,12.69,無,
安南區,房地(土地+建物),安中路四段２１０巷４５弄２號,81.37,都市：其他:住宅區,,,1090527,土地2建物1車位0,全,三層,透天厝,住家用,鋼筋混凝土造,1090922,158.37,4,2,2,有,無,8650000,54619,,0.0,0,預售屋、或土地及建物分次登記案件；,RPWNMLPJKHGGFBD77DA,143.97,0.0,14.4,無,
安南區,房地(土地+建物),安中路四段２１０巷４５弄１０號,71.56,都市：其他:住宅區,,,1080601,土地2建物1車位0,全,三層,透天厝,住家用,鋼筋混凝土造,1090922,152.44,4,2,2,有,無,7900000,51824,,0.0,0,預售屋、或土地及建物分次登記案件；,RPXNMLPJKHGGFBD87DA,139.75,0.0,12.69,無,
安南區,房地(土地+建物),安中路四段２１０巷４５弄１２號,71.56,都市：其他:住宅區,,,1090223,土地2建物1車位0,全,三層,透天厝,住家用,鋼筋混凝土造,1090922,152.44,4,2,2,有,無,8080000,53004,,0.0,0,預售屋、或土地及建物分次登記案件；,RPOOMLPJKHGGFBD07DA,139.75,0.0,12.69,無,
安南區,土地,原佃段130-4地號,3076.37,都市：其他:河川區(兼供道路使用),,,1091228,土地10建物0車位0,,,其他,,,,0.0,0,0,0,有,無,44500000,14465,,0.0,0,,RPQNMLSLJHGGFBD57DA,0.0,0.0,0.0,無,
安南區,房地(土地+建物),田路３８號,243.9,都市：其他:住宅區,,,1100116,土地3建物1車位0,全,三層,透天厝,見其他登記事項,鋼筋混凝土造,0940503,279.29,5,2,4,有,有,15500000,55500,,0.0,0,,RPQNMLRJKHGGFBD37DA,251.32,0.0,27.86,無,
新營區,房地(土地+建物),興業里公誠街１１巷１３之２號,39.06,都市：其他:住宅區,,,1100118,土地2建物1車位0,三層,五層,公寓(5樓含以下無電梯),住家用,鋼筋混凝土造,0710601,97.89,3,2,2,有,無,1750000,17877,,0.0,0,,RPPNMLRKKHGGFDD57DA,81.06,0.0,16.83,無,
南區,房地(土地+建物),永成路三段４６１巷３２號,146.67,都市：其他:細部計畫道路用地,,,1100112,土地3建物1車位0,全,三層,透天厝,住家用,鋼筋混凝土造,1040224,232.91,5,2,3,有,無,19200000,82435,,0.0,0,,RPPOMLRKKHGGFCD57DA,222.68,0.0,10.23,無,
東區,房地(土地+建物),中華東路二段２４３巷５７弄２號,88.04,都市：其他:道路用地,,,1091207,土地2建物1車位0,全,三層,透天厝,住家用,鋼筋混凝土造,0760422,154.29,4,2,3,有,無,8000000,51850,,0.0,0,親友、員工、共有人或其他特殊關係間之交易；預售屋、或土地及建物分次登記案件；,RPTOMLRKKHGGFCD97DA,144.49,0.0,9.8,無,
東區,土地,仁和段603-4地號,4.0,都市：其他:第五種住宅區,,,1091217,土地3建物0車位0,,,其他,,,,0.0,0,0,0,有,無,26320,6580,,0.0,0,包含公共設施保留地用地；,RPOOMLNJKHGGFCD96DA,0.0,0.0,0.0,無,
南區,房地(土地+建物)+車位,萬年三街２３２號八樓,31.89,都市：其他:住宅區,,,1100125,土地1建物1車位1,八層,十五層,住宅大樓(11層含以上有電梯),見其他登記事項,鋼筋混凝土造,1050527,177.19,3,2,2,有,有,6700000,37813,坡道平面,25.8,0,,RPPNMLPJKHGGFCD17DA,89.31,0.0,11.28,有,
東區,房地(土地+建物)+車位,崇明路１１７號三樓之３,16.09,都市：其他:第五種住宅區,,,1091229,土地1建物1車位1,三層,十六層,住宅大樓(11層含以上有電梯),住家用,鋼筋混凝土造,0850203,150.91,3,2,2,有,有,6783000,44947,坡道機械,0.0,0,陽台外推；,RPSOMLOJKHGGFCD47DA,71.37,28.07,11.56,有,
南區,土地,大山段378地號,459.82,都市：其他:住宅區,,,1091216,土地1建物0車位0,,,其他,,,,0.0,0,0,0,有,無,22500000,48932,,0.0,0,,RPPNMLTJKHGGFCD57DA,0.0,0.0,0.0,無,
東區,房地(土地+建物),東安路７６巷３之４號,25.5,都市：其他:第五種住宅區,,,1100118,土地1建物1車位0,五層,五層,公寓(5樓含以下無電梯),住家用,鋼筋混凝土造,0730109,96.37,3,1,2,有,無,3350000,34758,,0.0,0,,RPVOMLSJKHGGFCD18DA,71.2,0.0,5.74,無,
南區,房地(土地+建物),金華路一段３５２巷１９１號,95.0,都市：其他:細部計畫道路用地,,,1091110,土地2建物1車位0,全,二層,透天厝,住商用,加強磚造,0680919,110.08,6,2,3,有,無,4600000,41788,,0.0,0,親友、員工、共有人或其他特殊關係間之交易；,RPUNMLTJKHGGFCD08DA,110.08,0.0,0.0,無,
東區,房地(土地+建物),裕文路９２號,144.1,都市：其他:虎尾寮第三種住宅區,,,1090827,土地1建物1車位0,全,五層,透天厝,見其他登記事項,鋼筋混凝土造,0900116,335.0,4,2,6,有,無,29000000,86567,,0.0,0,其他增建；,RPROMLSJKHGGFCD77DA,296.7,3.08,35.22,無,1484
東區,房地(土地+建物)+車位,崇善一街７２號十五樓之１,10.97,都市：其他:細部計畫道路用地,,,1091129,土地3建物1車位1,十五層,十八層,住宅大樓(11層含以上有電梯),住家用,鋼筋混凝土造,0850209,131.06,2,2,1,有,有,6800000,51889,坡道機械,0.0,0,包含公共設施保留地用地；,RPVNMLSJKHGGFCD08DA,80.19,0.0,9.75,有,1485
南區,房地(土地+建物)+車位,興昌路７３號十樓,14.46,都市：其他:商業區,,,1090929,土地1建物1車位1,十層,十四層,住宅大樓(11層含以上有電梯),見其他登記事項,鋼筋混凝土造,1050314,136.85,2,2,2,有,有,6980000,51005,坡道平面,42.99,0,陽台外推；其他增建；,RPWNMLSJKHGGFCD18DA,52.84,2.24,9.17,有,
東區,房地(土地+建物),崇善九街７號,72.96,都市：其他:第五種住宅區,,,1091231,土地2建物1車位0,全,四層,透天厝,見其他登記事項,鋼筋混凝土造,0930203,195.29,5,2,5,有,無,9200000,47109,,0.0,0,親友、員工、共有人或其他特殊關係間之交易；,RPPOMLSJKHGGFCD57DA,185.34,0.0,9.95,無,
東區,土地,德高段391-1地號,206.0,都市：其他:細部計畫道路用地,,,1100103,土地2建物0車位0,,,其他,,,,0.0,0,0,0,有,無,11500000,55825,,0.0,0,,RPXNMLLJKHGGFCD57DA,0.0,0.0,0.0,無,1486
大內區,土地,頭社段710-6地號,3115.13,,山坡地保育區,農牧用地,1100129,土地2建物0車位0,,,其他,,,,0.0,0,0,0,有,無,5652000,1814,,0.0,0,,RPRNMLRLJHGGFFD97DA,0.0,0.0,0.0,無,
官田區,房地(土地+建物),官田區二鎮里工社西街３巷４７號,83.0,都市：其他:住宅區,,,1100106,土地1建物1車位0,全,三層,透天厝,見其他登記事項,見其他登記事項,1090408,158.26,3,2,3,有,無,6300000,39808,,0.0,0,,RPPNMLMKJHGGFFD17DA,150.87,0.0,7.39,無,
白河區,土地,六重溪段406-2地號,2248.0,,山坡地保育區,農牧用地,1100113,土地1建物0車位0,,,其他,,,,0.0,0,0,0,有,無,800000,356,,0.0,0,農作物；,RPRNMLTJKHGGFED97DA,0.0,0.0,0.0,無,
東山區,土地,崎子頭段1098地號,3225.0,,山坡地保育區,農牧用地,1100201,土地1建物0車位0,,,其他,,,,0.0,0,0,0,有,無,967500,300,,0.0,0,,RPWNMLTJKHGGFED48DA,0.0,0.0,0.0,無,
白河區,土地,長安段719-1地號,739.0,都市：其他:農業區,,,1100202,土地1建物0車位0,,,其他,,,,0.0,0,0,0,有,無,3129560,4235,,0.0,0,,RPQNMLRKKHGGFED77DA,0.0,0.0,0.0,無,
後壁區,土地,福安段1127-1地號,117.13,,鄉村區,乙種建築用地,1100126,土地1建物0車位0,,,其他,,,,0.0,0,0,0,有,無,3000000,25613,,0.0,0,未登記建物；,RPRNMLRKKHGGFED87DA,0.0,0.0,0.0,無,
白河區,土地,河東段866地號,4424.0,,一般農業區,農牧用地,1100118,土地3建物0車位0,,,其他,,,,0.0,0,0,0,有,無,2450000,554,,0.0,0,,RPSNMLPJKHGGFED67DA,0.0,0.0,0.0,無,
東山區,土地,前大埔段907-7地號,4192.0,,山坡地保育區,農牧用地,1100110,土地1建物0車位0,,,其他,,,,0.0,0,0,0,有,無,1080000,258,,0.0,0,,RPTNMLPJKHGGFED77DA,0.0,0.0,0.0,無,1487
官田區,土地,社子段75地號,1088.0,都市：其他:保護區,,,1100122,土地1建物0車位0,,,其他,,,,0.0,0,0,0,有,無,830000,763,,0.0,0,,RPSNMLTJKHGGFFD18DA,0.0,0.0,0.0,無,
將軍區,土地,巷口段一小段2420地號,1334.0,,特定農業區,農牧用地,1100109,土地3建物0車位0,,,其他,,,,0.0,0,0,0,有,無,1133940,850,,0.0,0,親友、員工、共有人或其他特殊關係間之交易；,RPQPMLQLJHGGFGD08DA,0.0,0.0,0.0,無,
西港區,土地,八分段1727地號,3082.0,,特定農業區,農牧用地,1100129,土地2建物0車位0,,,其他,,,,0.0,0,0,0,有,無,8390000,2722,,0.0,0,,RPXNMLRLJHGGFGD68DA,0.0,0.0,0.0,無,
佳里區,土地,佳化段1007地號,1458.0,,特定農業區,農牧用地,1100125,土地1建物0車位0,,,其他,,,,0.0,0,0,0,有,無,4200000,2881,,0.0,0,,RPTNMLTJKHGGFGD38DA,0.0,0.0,0.0,無,
佳里區,房地(土地+建物),建南里２３鄰成功路１７７號,80.24,都市：其他:住宅區,,,1100108,土地1建物1車位0,全,四層,透天厝,住商用,鋼筋混凝土造,0691107,186.8,5,2,3,有,無,8000000,42827,,0.0,0,,RPTNMLRKKHGGFGD28DA,172.28,0.0,14.52,無,
新化區,土地,新化段太子廟小段1950-1地號,10662.4,,特定農業區,丁種建築用地,1091227,土地3建物0車位0,,,其他,,,,0.0,0,0,0,有,無,354281274,33227,,0.0,0,,RPSPMLPLJHGGFHD28DA,0.0,0.0,0.0,無,
新市區,房地(土地+建物),三舍２０３之５號,76.41,,鄉村區,乙種建築用地,1091205,土地3建物1車位0,全,四層,透天厝,見其他登記事項,鋼筋混凝土造,1091007,157.04,4,2,5,有,無,9650000,61449,,0.0,0,,RPPOMLRLJHGGFHD08DA,142.95,0.0,14.09,無,
善化區,房地(土地+建物),東勢寮１６８之７號,122.0,,鄉村區,乙種建築用地,1091019,土地3建物1車位0,全,三層,透天厝,住家用,鋼筋混凝土造,1091021,184.46,5,2,4,有,無,8700000,47165,,0.0,0,,RPPPMLLKJHGGFHD47DA,177.7,0.0,6.76,無,
善化區,房地(土地+建物),坐駕２１之２號,85.34,都市：其他:住宅區,,,1090112,土地2建物1車位0,全,四層,透天厝,見其他登記事項,鋼筋混凝土造,1091217,174.19,4,2,5,有,無,9000000,51668,,0.0,0,預售屋、或土地及建物分次登記案件；,RPPOMLPJKHGGFHD77DA,156.49,0.0,17.7,無,
善化區,房地(土地+建物),坐駕２１之５號,71.77,都市：其他:住宅區,,,1090501,土地2建物1車位0,全,四層,透天厝,見其他登記事項,鋼筋混凝土造,1091217,172.01,4,2,5,有,無,8500000,49416,,0.0,0,預售屋、或土地及建物分次登記案件；,RPROMLPJKHGGFHD97DA,154.68,0.0,17.33,無,
善化區,房地(土地+建物),坐駕２１之７號,76.45,都市：其他:住宅區,,,1090327,土地2建物1車位0,全,四層,透天厝,見其他登記事項,鋼筋混凝土造,1091217,174.75,4,2,5,有,無,8800000,50358,,0.0,0,預售屋、或土地及建物分次登記案件；,RPTOMLPJKHGGFHD18DA,158.03,0.0,16.72,無,
善化區,房地(土地+建物),坐駕２１之９號,73.29,都市：其他:住宅區,,,1090807,土地2建物1車位0,全,四層,透天厝,見其他登記事項,鋼筋混凝土造,1091217,171.86,4,2,5,有,無,8880000,51670,,0.0,0,預售屋、或土地及建物分次登記案件；,RPXOMLPJKHGGFHD58DA,154.91,0.0,16.95,無,
新市區,土地,大社段1124地號,2857.0,,特定農業區,農牧用地,1100114,土地1建物0車位0,,,其他,,,,0.0,0,0,0,有,無,9142400,3200,,0.0,0,,RPQNMLNJKHGGFHD57DA,0.0,0.0,0.0,無,
善化區,房地(土地+建物),文昌路３６巷３之３號,132.54,都市：其他:住宅區,,,1091216,土地1建物1車位0,全,三層,透天厝,住家用,鋼筋混凝土造,1041230,232.59,6,0,6,有,無,14250000,61267,,0.0,0,,RPWOMLRKKHGGFHD78DA,225.22,1.26,6.11,無,
善化區,房地(土地+建物),小新營２０６號,109.74,都市：其他:住宅區,,,1090117,土地2建物1車位0,全,三層,透天厝,住家用,鋼筋混凝土造,1000120,174.32,5,2,4,有,無,11300000,64823,,0.0,0,,RPSNMLPJKHGGFHD97DA,145.48,9.63,19.21,無,
仁德區,房地(土地+建物),中正路二段１２０５巷１６號四樓之３,23.06,都市：其他:住宅區,,,1091127,土地1建物1車位0,四層,七層,華廈(10層含以下有電梯),住家用,鋼筋混凝土造,0830225,117.69,3,2,2,有,有,4180000,35517,,0.0,0,,RPTNMLRJJHGGFID28DA,85.1,0.0,4.65,有,
歸仁區,土地,武東段489地號,771.79,都市：其他:住宅區,,,1091111,土地1建物0車位0,,,其他,,,,0.0,0,0,0,有,無,49000000,63489,,0.0,0,,RPPNMLOKJHGGFID67DA,0.0,0.0,0.0,無,
歸仁區,房地(土地+建物),看西里成功六街９８號,83.0,都市：其他:住宅區,,,1100118,土地1建物1車位0,全,四層,透天厝,住家用,鋼筋混凝土造,1010817,200.17,4,2,3,有,無,8000000,39966,,0.0,0,,RPSNMLTJKHGGFID48DA,160.83,0.0,39.34,無,
歸仁區,房地(土地+建物),中正南路二段２２號,152.74,都市：其他:住宅區,,,1091130,土地2建物1車位0,全,四層,透天厝,住商用,鋼筋混凝土造,0961009,232.81,4,2,3,有,無,15800000,67867,,0.0,0,,RPPNMLSJKHGGFID08DA,200.22,3.05,29.54,無,
仁德區,房地(土地+建物),中正路一段６５６巷１９弄１３號,123.97,都市：其他:計畫道路用地,,,1080822,土地4建物1車位0,全,三層,透天厝,住家用,見其他登記事項,1090917,164.09,5,2,4,有,無,9650000,58809,,0.0,0,預售屋、或土地及建物分次登記案件；,RPQPMLSJKHGGFID38DA,144.84,0.0,19.26,無,
關廟區,土地,保東段449地號,13.16,,鄉村區,乙種建築用地,1100202,土地1建物0車位0,,,其他,,,,0.0,0,0,0,有,無,140705,10692,,0.0,0,,RPWNMLTJKHGGFID88DA,0.0,0.0,0.0,無,
歸仁區,房地(土地+建物),新厝里中正南路一段４０１號,76.0,都市：其他:住宅區,,,1091228,土地2建物1車位0,全,三層,透天厝,住家用,鋼筋混凝土加強磚造,0690328,167.73,5,2,4,有,無,10500000,62601,,0.0,0,,RPQNMLRKKHGGFID18DA,158.6,6.49,2.64,無,
仁德區,房地(土地+建物),保安里保學一街４５巷１３號,119.61,都市：其他:住宅區,,,1091027,土地4建物1車位0,全,三層,透天厝,住家用,鋼筋混凝土造,0950929,166.93,4,2,3,有,無,6500000,38938,,0.0,0,含土地增值稅或其他稅費192000元；,RPQOMLSJKHGGFID28DA,154.72,1.26,10.96,無,
仁德區,房地(土地+建物),中正路一段６５６巷１９弄１７號,122.09,都市：其他:計畫道路用地,,,1081201,土地4建物1車位0,全,三層,透天厝,住家用,見其他登記事項,1090917,164.09,5,2,5,有,無,9350000,56981,,0.0,0,預售屋、或土地及建物分次登記案件；,RPUOMLSJKHGGFID68DA,144.84,0.0,19.26,無,
仁德區,房地(土地+建物),中正路一段６５６巷１９弄３號,83.56,都市：其他:住宅區,,,1090315,土地1建物1車位0,全,三層,透天厝,住家用,見其他登記事項,1090917,175.69,5,2,5,有,無,10500000,59764,,0.0,0,預售屋、或土地及建物分次登記案件；,RPVOMLSJKHGGFID78DA,159.08,0.0,16.6,無,
仁德區,房地(土地+建物),中正路一段６５６巷１９弄１號,85.22,都市：其他:住宅區,,,1090301,土地1建物1車位0,全,三層,透天厝,住家用,見其他登記事項,1090917,181.7,5,2,5,有,無,10880000,59879,,0.0,0,預售屋、或土地及建物分次登記案件；,RPWOMLSJKHGGFID88DA,164.8,0.0,16.9,無,
仁德區,土地,文賢段409-3地號,25.88,都市：其他:商業區,,,1100128,土地1建物0車位0,,,其他,,,,0.0,0,0,0,有,無,1487700,57485,,0.0,0,,RPQPMLOJKHGGFID97DA,0.0,0.0,0.0,無,
白河區,土地,詔安段165-20地號,1193.03,,特定農業區,甲種建築用地,1100127,土地18建物0車位0,,,其他,,,,0.0,0,0,0,有,無,3150000,2640,,0.0,0,,RPQNMLTJKHGGFED97EA,0.0,0.0,0.0,無,1488
學甲區,土地,宅子港段175-30地號,30.0,,一般農業區,養殖用地,1100201,土地1建物0車位0,,,其他,,,,0.0,0,0,0,有,無,1000000,33333,,0.0,0,,RPUNMLRKKHGGFGD48EA,0.0,0.0,0.0,無,
佳里區,土地,新安段1324地號,41.63,,鄉村區,乙種建築用地,1090804,土地1建物0車位0,,,其他,,,,0.0,0,0,0,有,無,191497,4600,,0.0,0,地清或未辦繼承標售；,RPWNMLPJKHGGFGD38EA,0.0,0.0,0.0,無,0814
下營區,房地(土地+建物),寮前一街６６巷３３號,85.18,都市：其他:住宅區,,,1100202,土地2建物1車位0,全,二層,透天厝,住商用,鋼筋混凝土造,0760112,100.89,3,2,2,有,無,3300000,32709,,0.0,0,未登記建物；,RPRNMLRKKHGGFFD08EA,93.69,0.0,7.2,無,
官田區,土地,隆田段881地號,41.99,都市：其他:住宅區,,,1100117,土地1建物0車位0,,,其他,,,,0.0,0,0,0,有,無,889000,21172,,0.0,0,,RPSNMLRKKHGGFFD18EA,0.0,0.0,0.0,無,
麻豆區,土地,麻安段631地號,134.64,都市：其他:農業區,,,1100110,土地1建物0車位0,,,其他,,,,0.0,0,0,0,有,無,407350,3025,,0.0,0,農作物；,RPWNMLRKKHGGFFD58EA,0.0,0.0,0.0,無,
六甲區,土地,水漆林段1473-1地號,1109.2,,特定農業區,農牧用地,1100104,土地2建物0車位0,,,其他,,,,0.0,0,0,0,有,無,1500000,1352,,0.0,0,,RPSNMLMKJHGGFFD57EA,0.0,0.0,0.0,無,
新市區,土地,潭頂段1074地號,63.0,,一般農業區,農牧用地,1090922,土地1建物0車位0,,,其他,,,,0.0,0,0,0,有,無,264798,4203,,0.0,0,地清或未辦繼承標售；,RPRNMLRKKHGGFHD28EA,0.0,0.0,0.0,無,1490
新市區,土地,潭頂段1074地號,255.0,,一般農業區,農牧用地,1090922,土地1建物0車位0,,,其他,,,,0.0,0,0,0,有,無,1071802,4203,,0.0,0,地清或未辦繼承標售；,RPPPMLRKKHGGFHD28EA,0.0,0.0,0.0,無,1490
永康區,土地,永大段1039地號,139.54,都市：其他:住宅區,,,1100114,土地2建物0車位0,,,其他,,,,0.0,0,0,0,有,無,3900000,27949,,0.0,0,,RPQNMLRKKHGGFKD38DA,0.0,0.0,0.0,無,1492
永康區,土地,永和段488地號,21.84,都市：其他:墓地,,,1100204,土地1建物0車位0,,,其他,,,,0.0,0,0,0,有,無,150000,6868,,0.0,0,,RPROMLRKKHGGFKD58DA,0.0,0.0,0.0,無,
永康區,土地,北灣段904地號,496.77,都市：其他:住宅區,,,1090529,土地1建物0車位0,,,其他,,,,0.0,0,0,0,有,無,25546397,51425,,0.0,0,未登記建物；,RPROMLLLJHGGFKD97DA,0.0,0.0,0.0,無,1493
永康區,土地,北灣段901地號,4.77,都市：其他:道路用地,,,1090529,土地1建物0車位0,,,其他,,,,0.0,0,0,0,有,無,80372,16849,,0.0,0,包含公共設施保留地用地；,SPROMLLLJHGGFKD08DA,0.0,0.0,0.0,無,1494
永康區,房地(土地+建物)+車位,東橋七路１９５號八樓之１,21.76,都市：其他:住宅區,,,1100119,土地1建物1車位1,八層,十六層,住宅大樓(11層含以上有電梯),住家用,見其他登記事項,1061114,141.45,3,1,2,有,有,8880000,62778,坡道平面,22.39,0,,RPVRMLSLJHGGFKD76DA,69.81,4.61,4.41,有,1495
永康區,房地(土地+建物)+車位,復華五街５５巷１３號十樓之１,13.83,都市：其他:商業區,,,1100109,土地2建物1車位1,十層,十層,華廈(10層含以下有電梯),住家用,見其他登記事項,1040810,124.87,2,2,1,有,有,6700000,53656,坡道平面,34.57,0,,RPSOMLOJKHGGFKD28DA,58.81,0.0,5.55,有,1496
永康區,土地,保生段483地號,520.16,都市：其他:廣場(兼供道路使用),,,1091217,土地7建物0車位0,,,其他,,,,0.0,0,0,0,有,無,12517600,24065,,0.0,0,包含公共設施保留地用地；,RPVNMLSJKHGGFKD88DA,0.0,0.0,0.0,無,1497
永康區,土地,二王段1334地號,4230.59,都市：其他:道路用地,,,1091217,土地18建物0車位0,,,其他,,,,0.0,0,0,0,有,無,83849486,19820,,0.0,0,包含公共設施保留地用地；,RPWNMLSJKHGGFKD98DA,0.0,0.0,0.0,無,1498
永康區,土地,埔園段212地號,133.97,都市：其他:道路用地,,,1091217,土地3建物0車位0,,,其他,,,,0.0,0,0,0,有,無,2095244,15640,,0.0,0,包含公共設施保留地用地；,RPPNMLSJKHGGFKD28DA,0.0,0.0,0.0,無,1499
永康區,土地,大灣段2980-14地號,211.97,都市：其他:住宅區,,,1091217,土地3建物0車位0,,,其他,,,,0.0,0,0,0,有,無,3962460,18693,,0.0,0,包含公共設施保留地用地；,RPQNMLSJKHGGFKD38DA,0.0,0.0,0.0,無,1500
永康區,土地,龍王段1726地號,411.11,都市：其他:道路用地,,,1091217,土地3建物0車位0,,,其他,,,,0.0,0,0,0,有,無,7314284,17792,,0.0,0,包含公共設施保留地用地；,RPRNMLSJKHGGFKD48DA,0.0,0.0,0.0,無,1501
永康區,土地,永強段973地號,735.34,都市：其他:道路用地,,,1091217,土地2建物0車位0,,,其他,,,,0.0,0,0,0,有,無,12160926,16538,,0.0,0,包含公共設施保留地用地；,RPSNMLSJKHGGFKD58DA,0.0,0.0,0.0,無,1502
永康區,房地(土地+建物)+車位,中山北路１６４巷１１０弄１６號二樓之５,31.41,都市：其他:住宅區,,,1100103,土地1建物1車位1,二層,六層,華廈(10層含以下有電梯),住家用,鋼筋混凝土造,0820121,123.04,3,2,2,有,有,6700000,54454,一樓平面,0.0,0,陽台外推；其他增建；,RPTPMLSJKHGGFKD88DA,79.23,0.0,9.17,有,
永康區,房地(土地+建物)+車位,復華一街１８０號十二樓之５,30.41,都市：其他:住宅區,,,1080112,土地1建物1車位1,十二層,十四層,住宅大樓(11層含以上有電梯),見其他登記事項,見其他登記事項,1090909,156.87,3,1,2,有,有,7720067,51450,坡道平面,28.2,1100000,預售屋、或土地及建物分次登記案件；,RPPPMLSJKHGGFKD48DA,78.89,0.0,8.08,有,
永康區,土地,富強段604地號,45.53,都市：其他:道路用地,,,1100123,土地1建物0車位0,,,其他,,,,0.0,0,0,0,有,無,300000,6589,,0.0,0,,RPTNMLTJKHGGFKD78DA,0.0,0.0,0.0,無,
永康區,房地(土地+建物),文賢街７８巷１９弄８２號,96.0,都市：其他:住宅區,,,1091228,土地1建物1車位0,全,二層,透天厝,住家用,鋼筋混凝土造,0760526,119.68,3,3,3,有,無,7200000,60160,,0.0,0,親友、員工、共有人或其他特殊關係間之交易；,RPQNMLLLJHGGFKD77DA,91.27,28.41,0.0,無,
楠西區,房地(土地+建物),水庫路５６０號,144.53,都市：其他:住宅區,,,1100201,土地2建物1車位0,全,一層,透天厝,住家用,見其他登記事項,0870603,88.42,2,1,1,有,無,3200000,36191,,0.0,0,,RPQNMLRKKHGGFJD28DA,88.42,0.0,0.0,無,
永康區,房地(土地+建物),中華路６１９巷１０８號,60.0,都市：其他:住宅區,,,1091130,土地1建物1車位0,全,三層,透天厝,住商用,鋼筋混凝土造,0740809,155.58,5,2,4,有,無,8700000,55920,,0.0,0,頂樓加蓋；其他增建；,RPVPMLTLKIPFFKD67DA,126.78,15.55,13.25,無,
永康區,房地(土地+建物),永二街２４４巷４弄３號,64.04,都市：其他:住宅區,,,1091224,土地1建物1車位0,全,二層,透天厝,住家用,加強磚造,0681100,102.58,5,3,2,有,無,5200000,50692,,0.0,0,其他增建；,RPPPMLOLKIPFFKD56DA,78.48,15.6,8.5,無,
永康區,房地(土地+建物)+車位,東橋七路３５９號四樓之５,23.98,都市：其他:住宅區,,,1091219,土地1建物1車位1,四層,十八層,住宅大樓(11層含以上有電梯),住家用,見其他登記事項,1071214,156.88,3,2,2,有,有,11200000,71392,坡道平面,19.22,0,,RPOOMLSKJHGGFKD28DA,77.9,1.49,10.19,有,1503
永康區,房地(土地+建物)+車位,東橋七路３６１號十五樓之３,14.62,都市：其他:住宅區,,,1091227,土地1建物1車位1,十五層,十八層,住宅大樓(11層含以上有電梯),住家用,見其他登記事項,1071214,94.99,2,2,1,有,有,7530000,79272,坡道平面,17.0,0,,RPVNMLPKJHGGFKD58DA,45.41,2.25,2.96,有,1504
永康區,房地(土地+建物),中山南路４７６號,99.81,都市：其他:住宅區,,,1091231,土地1建物1車位0,全,五層,透天厝,見其他登記事項,鋼筋混凝土造,0820222,326.27,5,3,5,有,無,17500000,53637,,0.0,0,,RPSPMLSJKHGGFKD78DA,318.79,0.0,7.48,無,
永康區,房地(土地+建物),復國一路４７５巷２２號四樓之３,26.19,都市：其他:住宅區,,,1100113,土地2建物1車位0,四層,五層,華廈(10層含以下有電梯),住家用,見其他登記事項,1071127,76.24,3,1,2,有,無,5980000,78437,,0.0,0,含裝潢費；,RPSNMLPJKHGGFKD28DA,55.27,0.0,6.1,有,
永康區,房地(土地+建物),復國一路４７５巷２２號四樓之２,26.0,都市：其他:住宅區,,,1100113,土地2建物1車位0,四層,五層,華廈(10層含以下有電梯),住家用,見其他登記事項,1071127,75.69,3,1,2,有,無,6000000,79271,,0.0,0,含裝潢費；,RPTNMLPJKHGGFKD38DA,54.82,0.0,6.1,有,
永康區,房地(土地+建物),甲頂里大武街１８巷４７號,79.63,都市：其他:住宅區,,,1100109,土地1建物1車位0,全,二層,透天厝,住家用,鋼筋混凝土造,0780818,130.81,5,2,4,有,無,12200000,93265,,0.0,0,頂樓加蓋；其他增建；,RPSRMLSLJHGGFKD09DA,112.16,15.05,3.6,無,1505
永康區,房地(土地+建物),中正北路５３３號十二樓之２,7.67,都市：其他:住宅區,,,1091218,土地1建物1車位0,十二層,十三層,住宅大樓(11層含以上有電梯),住家用,鋼筋混凝土造,0850216,53.37,1,1,1,有,有,2150000,40285,,0.0,0,,RPSNMLTJKHGGFKD68DA,37.22,0.0,7.26,有,
永康區,房地(土地+建物),復國二路２２１號六樓之１,20.81,都市：其他:住宅區,,,1091228,土地1建物1車位0,六層,十一層,住宅大樓(11層含以上有電梯),住家用,鋼筋混凝土造,0840520,115.36,3,2,2,有,有,5000000,43343,,0.0,0,,RPPNMLRKKHGGFKD28DA,76.21,0.0,10.04,有,1506
永康區,土地,龍王段1863-1地號,0.87,都市：其他:道路用地,,,1100204,土地2建物0車位0,,,其他,,,,0.0,0,0,0,有,無,30000,0,,0.0,0,,RPXNMLRKKHGGFKD09DA,0.0,0.0,0.0,無,
永康區,房地(土地+建物)+車位,永華路５５８號四樓之１,33.82,都市：其他:商業區,,,1100115,土地1建物1車位1,四層,十四層,住宅大樓(11層含以上有電梯),住家用,見其他登記事項,1060303,244.63,3,2,2,有,有,15800000,64587,坡道平面,0.0,0,,RPUNMLSKKHGGFKD88DA,110.7,5.17,11.16,有,
安南區,土地,科工段414地號,5862.04,都市：其他:工業區,,,1100204,土地1建物0車位0,,,其他,,,,0.0,0,0,0,有,無,118184588,20161,,0.0,0,政府機關標讓售；,RPOOMLRKKHGGFBD47EA,0.0,0.0,0.0,無,
安南區,土地,溪墘段1220-1地號,388.07,都市：其他:細部計畫道路用地,,,1100208,土地1建物0車位0,,,其他,,,,0.0,0,0,0,有,無,5644887,14546,,0.0,0,包含公共設施保留地用地；,RPOOMLSKKHGGFBD57EA,0.0,0.0,0.0,無,
永康區,土地,三民段766地號,1831.22,都市：其他:農業區,,,1091128,土地1建物0車位0,,,其他,,,,0.0,0,0,0,有,無,20150000,11004,,0.0,0,,RPROMLRKKHGGFKD68EA,0.0,0.0,0.0,無,
官田區,房地(土地+建物),隆本里１３鄰興隆街７８巷２弄７號,144.76,都市：其他:住宅區,,,1100124,土地2建物1車位0,全,一層,透天厝,住家用,見其他登記事項,0620701,30.6,3,1,2,有,無,2650000,86601,,0.0,0,,RPQNMLSKKHGGFFD08EA,30.6,0.0,0.0,無,
麻豆區,土地,麻安段634地號,971.24,都市：其他:第三種住宅區。,,,1100110,土地3建物0車位0,,,其他,,,,0.0,0,0,0,有,無,12381390,12748,,0.0,0,包含公共設施保留地用地；,RPVNMLRKKHGGFFD48EA,0.0,0.0,0.0,無,
官田區,土地,官田段543-9地號,217.0,,一般農業區,甲種建築用地,1100117,土地6建物0車位0,,,其他,,,,0.0,0,0,0,有,無,1500000,6912,,0.0,0,未登記建物；,RPQNMLRKKHGGFFD97EA,0.0,0.0,0.0,無,
麻豆區,土地,太子宅段800地號,1.02,都市：其他:計畫道路用地,,,1100208,土地4建物0車位0,,,其他,,,,0.0,0,0,0,有,無,7310,7167,,0.0,0,親友、員工、共有人或其他特殊關係間之交易；包含公共設施保留地用地；,RPTNMLSKKHGGFFD38EA,0.0,0.0,0.0,無,
佳里區,土地,新安段1324地號,91.74,,鄉村區,乙種建築用地,1100120,土地3建物0車位0,,,其他,,,,0.0,0,0,0,有,無,401496,4376,,0.0,0,,RPQNMLOJKHGGFGD67EA,0.0,0.0,0.0,無,1507
大內區,土地,大內段1914地號,286.78,非都市：一般農業區 ; 非都市編定：農牧用地,,,1091215,土地125建物0車位0,,,其他,,,,0.0,0,0,0,有,無,574500,2003,,0.0,0,親友、員工、共有人或其他特殊關係間之交易；農作物；,RPPNMLSJJHGGFFD77EA,0.0,0.0,0.0,無,1508
大內區,土地,大內段1914地號,286.78,非都市：一般農業區 ; 非都市編定：農牧用地,,,1091215,土地125建物0車位0,,,其他,,,,0.0,0,0,0,有,無,574500,2003,,0.0,0,親友、員工、共有人或其他特殊關係間之交易；農作物；,RPQNMLSJJHGGFFD87EA,0.0,0.0,0.0,無,1508
東山區,土地,前大埔段912-12地號,62.5,,山坡地保育區,林業用地,1100201,土地1建物0車位0,,,其他,,,,0.0,0,0,0,有,無,11250,180,,0.0,0,,RPPNMLRKKHGGFED77EA,0.0,0.0,0.0,無,1510
鹽水區,房地(土地+建物),橋南里新中路８２巷４８號五樓,28.2,都市：其他:住宅區,,,1091230,土地1建物1車位0,五層,五層,公寓(5樓含以下無電梯),住家用,鋼筋混凝土造,0820331,102.59,3,2,2,有,無,1250000,12184,,0.0,0,,RPQOMLRKKHGGFDD87EA,79.02,0.0,10.67,無,
柳營區,土地,果毅後段4252地號,6454.0,,特定農業區,農牧用地,1091013,土地5建物0車位0,,,其他,,,,0.0,0,0,0,有,無,8500000,1317,,0.0,0,,RPRNMLSKKHGGFDD97EA,0.0,0.0,0.0,無,1511
新營區,房地(土地+建物),中正路５３之２號五樓之三,11.04,都市：其他:住宅區,,,1100118,土地1建物1車位0,五層,十五層,住宅大樓(11層含以上有電梯),住家用,鋼筋混凝土造,0840224,97.39999999999999,3,2,2,有,有,4130000,42402,,0.0,0,,RPVNMLTKKHGGFDD48EA,69.44,1.06,8.16,有,1512
仁德區,土地,虎山段17-15地號,1047.08,都市：其他:農業區,,,1100121,土地1建物0車位0,,,其他,,,,0.0,0,0,0,有,無,16721868,15970,,0.0,0,政府機關標讓售；,RPQOMLNJKHGGFID77DA,0.0,0.0,0.0,無,
仁德區,建物,長興四街９０巷１號三樓之１,34.78,都市：其他:住宅區,,,1100120,土地1建物1車位0,三層,五層,華廈(10層含以下有電梯),見其他登記事項,見其他登記事項,1090115,95.53999999999999,2,1,2,有,有,6500000,68034,,0.0,0,,RPSOMLNJKHGGFID97DA,66.84,0.0,4.88,有,
關廟區,土地,新埔段396-4地號,1345.0,,一般農業區,農牧用地,1100205,土地1建物0車位0,,,其他,,,,0.0,0,0,0,有,無,3600000,2677,,0.0,0,農業設施；,RPTOMLNJKHGGFID08DA,0.0,0.0,0.0,無,1277
仁德區,房地(土地+建物),中正路一段６５６巷１９弄２１之１號,120.02,都市：其他:計畫道路用地,,,1080629,土地4建物1車位0,全,三層,透天厝,住家用,見其他登記事項,1090917,175.7,5,2,3,有,無,8880000,50541,,0.0,0,預售屋、或土地及建物分次登記案件；,RPXOMLSJKHGGFID98DA,158.82,0.0,16.88,無,
仁德區,房地(土地+建物),中正路一段６５６巷１９弄２１號,120.11,都市：其他:計畫道路用地,,,1080912,土地4建物1車位0,全,三層,透天厝,住家用,見其他登記事項,1090917,164.07,5,2,4,有,無,9380000,57171,,0.0,0,預售屋、或土地及建物分次登記案件；,RPOPMLSJKHGGFID18DA,144.67,0.0,19.4,無,
歸仁區,房地(土地+建物)+車位,歸仁里忠孝北路２２２號三樓之５,25.85,都市：其他:住宅區,,,1100107,土地1建物1車位1,三層,六層,華廈(10層含以下有電梯),見其他登記事項,見其他登記事項,1060307,81.25999999999999,2,2,1,有,有,4800000,59070,一樓平面,15.17,0,陽台外推；其他增建；,RPUNMLRKKHGGFID58DA,39.65,0.0,4.82,有,
仁德區,房地(土地+建物),仁德里仁中六街９３號,72.78,都市：其他:住宅區,,,1100106,土地2建物1車位0,全,四層,透天厝,住家用,鋼筋混凝土造,0900905,162.87,4,2,2,有,無,8200000,50347,,0.0,0,陽台外推；,RPPNMLRKKHGGFID08DA,134.9,3.65,24.32,無,
關廟區,土地,松腳段275-1地號,6.0,都市：其他:住宅區,,,1100204,土地1建物0車位0,,,其他,,,,0.0,0,0,0,有,無,144000,24000,,0.0,0,,RPPOMLRKKHGGFID18DA,0.0,0.0,0.0,無,
仁德區,土地,後壁段483地號,37.02,都市：其他:住宅區,,,1100129,土地1建物0車位0,,,其他,,,,0.0,0,0,0,有,無,2233046,60320,,0.0,0,政府機關標讓售；,RPQOMLRKKHGGFID28DA,0.0,0.0,0.0,無,
關廟區,土地,北勢段52-11地號,256.0,都市：其他:住宅區,,,1091231,土地2建物0車位0,,,其他,,,,0.0,0,0,0,有,無,5800000,22656,,0.0,0,,RPSOMLRKKHGGFID48DA,0.0,0.0,0.0,無,
歸仁區,土地,歸仁北段750地號,576.5,都市：其他:農業區,,,1100205,土地1建物0車位0,,,其他,,,,0.0,0,0,0,有,無,10440000,18109,,0.0,0,,RPPNMLSKKHGGFID18DA,0.0,0.0,0.0,無,0588
歸仁區,土地,媽祖廟段二小段521地號,1753.0,,特定農業區,農牧用地,1100122,土地1建物0車位0,,,其他,,,,0.0,0,0,0,有,無,16828800,9600,,0.0,0,,RPRNMLSKKHGGFID38DA,0.0,0.0,0.0,無,
仁德區,土地,鍾厝段935地號,80.57,都市：其他:住宅區,,,1100118,土地1建物0車位0,,,其他,,,,0.0,0,0,0,有,無,6500000,80675,,0.0,0,親友、員工、共有人或其他特殊關係間之交易；未登記建物；,RPQOMLKLKHGGFID67DA,0.0,0.0,0.0,無,
歸仁區,土地,八甲西段1099地號,560.14,都市：其他:住宅區,,,1090918,土地5建物0車位0,,,其他,,,,0.0,0,0,0,有,無,24500000,43739,,0.0,0,包含公共設施保留地用地；,RPQNMLRJJHGGFID97DA,0.0,0.0,0.0,無,
善化區,土地,德興段49-5地號,481.07,,鄉村區,乙種建築用地,1090907,土地3建物0車位0,,,其他,,,,0.0,0,0,0,有,無,10186400,21174,,0.0,0,,RPTPMLRKKHGGFHD58DA,0.0,0.0,0.0,無,
善化區,土地,德興段49-7地號,381.24,,鄉村區,乙種建築用地,1090907,土地4建物0車位0,,,其他,,,,0.0,0,0,0,有,無,8072400,21174,,0.0,0,,RPVPMLRKKHGGFHD78DA,0.0,0.0,0.0,無,
新化區,土地,北勢段1524地號,508.0,,鄉村區,乙種建築用地,1100202,土地1建物0車位0,,,其他,,,,0.0,0,0,0,有,無,8452000,16638,,0.0,0,,RPVOMLRKKHGGFHD68DA,0.0,0.0,0.0,無,
新化區,土地,新武段371地號,149.41,都市：其他:住宅區,,,1091207,土地1建物0車位0,,,其他,,,,0.0,0,0,0,有,無,7400000,49528,,0.0,0,,RPROMLRKKHGGFHD28DA,0.0,0.0,0.0,無,
新化區,土地,頂山腳段318-15地號,486.33,,一般農業區,水利用地,1100202,土地1建物0車位0,,,其他,,,,0.0,0,0,0,有,無,600000,1234,,0.0,0,親友、員工、共有人或其他特殊關係間之交易；,RPOQMLMJKHGGFHD57DA,0.0,0.0,0.0,無,
新市區,房地(土地+建物),三舍２０３之７號,74.95,,鄉村區,乙種建築用地,1091129,土地3建物1車位0,全,四層,透天厝,見其他登記事項,鋼筋混凝土造,1091007,153.73,4,2,5,有,無,9500000,61797,,0.0,0,,RPQOMLRLJHGGFHD18DA,140.51,0.0,13.22,無,
新市區,房地(土地+建物),三舍２０３之１０號,70.54,,鄉村區,乙種建築用地,1091122,土地3建物1車位0,全,四層,透天厝,見其他登記事項,鋼筋混凝土造,1091007,151.25,4,2,5,有,無,8980000,59372,,0.0,0,,RPWOMLRLJHGGFHD78DA,138.06,0.0,13.19,無,
新市區,房地(土地+建物),三舍２０３之１２號,77.88,,鄉村區,乙種建築用地,1091122,土地3建物1車位0,全,四層,透天厝,見其他登記事項,鋼筋混凝土造,1091007,167.27,4,2,5,有,無,9820000,58707,,0.0,0,,RPPPMLRLJHGGFHD18DA,153.75,0.0,13.52,無,
安定區,土地,蘇厝段1436-1地號,1000.0,都市：其他:農業區(供申請變更開發為產業支援區),,,1091127,土地1建物0車位0,,,其他,,,,0.0,0,0,0,有,無,19470000,19470,,0.0,0,,RPPNMLTLJHGGFHD18DA,0.0,0.0,0.0,無,
新市區,房地(土地+建物),自強街９２號,73.21,都市：其他:住宅區,,,1091225,土地1建物1車位0,全,二層,透天厝,住商用,加強磚造,0760108,99.02,4,2,5,有,無,5400000,54534,,0.0,0,二親等間買賣親友、員工、共有人或其他特殊關係間之交易；頂樓加蓋；,RPSOMLPKJHGGFHD08DA,96.38,0.0,2.64,無,
西港區,土地,西埔段56地號,2044.92,,一般農業區,農牧用地,1100104,土地2建物0車位0,,,其他,,,,0.0,0,0,0,有,無,11000000,5379,,0.0,0,,RPXNMLRKKHGGFGD68DA,0.0,0.0,0.0,無,
佳里區,土地,仁愛段692-8地號,90.86,都市：其他:公園兼兒童遊樂場用地,,,1100109,土地1建物0車位0,,,其他,,,,0.0,0,0,0,有,無,1250000,13757,,0.0,0,包含公共設施保留地用地；,RPOOMLRKKHGGFGD87DA,0.0,0.0,0.0,無,1515
將軍區,房地(土地+建物),昌平６９之５２號,123.91,都市：其他:住宅區,,,1100122,土地1建物1車位0,全,三層,透天厝,住家用,鋼筋混凝土造,1090317,168.23,4,2,4,有,無,6700000,39826,,0.0,0,,RPUNMLTJKHGGFGD48DA,153.24,0.0,14.99,無,
七股區,土地,竹橋段764-1地號,129.0,,鄉村區,乙種建築用地,1100131,土地2建物0車位0,,,其他,,,,0.0,0,0,0,有,無,878000,6806,,0.0,0,,RPQNMLRKKHGGFGD97DA,0.0,0.0,0.0,無,
西港區,土地,大塭寮段2363地號,2898.0,,特定農業區,農牧用地,1100111,土地1建物0車位0,,,其他,,,,0.0,0,0,0,有,無,8000000,2761,,0.0,0,,RPSNMLRKKHGGFGD18DA,0.0,0.0,0.0,無,
學甲區,土地,學甲段137-7地號,17849.0,,一般農業區,養殖用地,1090528,土地3建物0車位0,,,其他,,,,0.0,0,0,0,有,無,8867292,497,,0.0,0,,RPPNMLSKKHGGFGD97DA,0.0,0.0,0.0,無,
佳里區,房地(土地+建物),民權街１４號,57.0,都市：其他:商業區,,,1100126,土地1建物1車位0,全,二層,透天厝,住商用,加強磚造,0520806,110.08,5,2,2,有,無,4300000,39063,,0.0,0,,RPSNMLTJKHGGFGD28DA,110.08,0.0,0.0,無,
佳里區,土地,佛天段42地號,859.49,都市：其他:農業區,,,1100130,土地2建物0車位0,,,其他,,,,0.0,0,0,0,有,無,2000000,2327,,0.0,0,含地政士服務費30000元；其他                    ；,RPSOMLSKKHGGFGD38DA,0.0,0.0,0.0,無,
七股區,土地,竹橋段294地號,3012.0,,特定農業區,農牧用地,1100106,土地3建物0車位0,,,其他,,,,0.0,0,0,0,有,無,7500000,2490,,0.0,0,,RPUNMLSKKHGGFGD48DA,0.0,0.0,0.0,無,
佳里區,土地,佛天段517-3地號,292.79,都市：其他:住宅區,,,1100119,土地2建物0車位0,,,其他,,,,0.0,0,0,0,有,無,16820000,57447,,0.0,0,畸零地或有合併使用效益；,RPRNMLQLJHGGFGD97DA,0.0,0.0,0.0,無,1516
學甲區,房地(土地+建物),中山路７６巷３之４號,50.21,都市：其他:商業區,,,1091227,土地1建物1車位0,全,二層,透天厝,住家用,加強磚造,0661007,86.8,2,2,2,有,無,1300000,14977,,0.0,0,,RPVNMLOJKHGGFGD08DA,86.8,0.0,0.0,無,
麻豆區,土地,太子宅段926地號,73.09,都市：其他:計畫道路用地,,,1100127,土地4建物0車位0,,,其他,,,,0.0,0,0,0,有,無,1317000,18019,,0.0,0,,RPXNMLRKKHGGFFD58DA,0.0,0.0,0.0,無,
官田區,房地(土地+建物),官田１４之１１號,110.12,都市：其他:住宅區,,,1091230,土地5建物1車位0,全,三層,透天厝,住家用,鋼筋混凝土造,0820611,141.54,4,2,2,有,無,3000000,21195,,0.0,0,頂樓加蓋；,RPOOMLRKKHGGFFD77DA,132.02,0.0,9.52,無,
麻豆區,土地,前後班段949地號,378.29,都市：其他:農業區,,,1100125,土地1建物0車位0,,,其他,,,,0.0,0,0,0,有,無,1127304,2980,,0.0,0,政府機關標讓售；,RPPNMLSKKHGGFFD87DA,0.0,0.0,0.0,無,
麻豆區,土地,寮子段236-25地號,1096.08,,特定農業區,丁種建築用地,1100203,土地5建物0車位0,,,其他,,,,0.0,0,0,0,有,無,17900000,16331,,0.0,0,急買急賣；,RPOOMLSJKHGGFFD77DA,0.0,0.0,0.0,無,1517
麻豆區,房地(土地+建物),興國路３１巷５之１２號,158.82,都市：其他:第三種住宅區。,,,1080525,土地1建物1車位0,全,四層,透天厝,住家用,見其他登記事項,1091020,235.26,5,2,4,有,無,13000000,55258,,0.0,0,預售屋、或土地及建物分次登記案件；,RPXNMLMLKHGGFFD18DA,219.49,0.0,15.77,無,
佳里區,房地(土地+建物),光復路２９６號七樓之１７,3.02,都市：其他:商業區,,,1091225,土地1建物1車位0,七層,七層,套房(1房1廳1衛),見其他登記事項,鋼筋混凝土造,0701231,21.19,1,1,1,有,有,200000,9438,,0.0,0,親友、員工、共有人或其他特殊關係間之交易；未登記建物；,RPUNMLPKJHGGFGD08DA,15.3,0.0,0.0,有,
東山區,土地,許秀才段1933地號,4400.0,,特定農業區,農牧用地,1100130,土地2建物0車位0,,,其他,,,,0.0,0,0,0,有,無,4160000,945,,0.0,0,,RPSNMLRKKHGGFED97DA,0.0,0.0,0.0,無,
東山區,土地,東安段556地號,512.91,都市：其他:住宅區,,,1100130,土地1建物0車位0,,,其他,,,,0.0,0,0,0,有,無,15514000,30247,,0.0,0,,RPRNMLSKKHGGFED97DA,0.0,0.0,0.0,無,
白河區,房地(土地+建物),永安里１５鄰十全西街７９號,153.0,都市：其他:住宅區,,,1100123,土地2建物1車位0,全,一層,透天厝,住家用,見其他登記事項,1030128,58.55,2,2,2,有,無,4700000,80273,,0.0,0,內含一筆公共設施保留地。未登記建物；,RPVNMLRKKHGGFED28DA,58.55,0.0,0.0,無,
後壁區,土地,竹圍後段1579地號,1270.0,,特定農業區,農牧用地,1091226,土地1建物0車位0,,,其他,,,,0.0,0,0,0,有,無,770000,606,,0.0,0,,RPPNMLSKKHGGFED77DA,0.0,0.0,0.0,無,
六甲區,土地,中社段1030地號,4200.0,,特定農業區,農牧用地,1100113,土地2建物0車位0,,,其他,,,,0.0,0,0,0,有,無,4620000,1100,,0.0,0,親友、員工、共有人或其他特殊關係間之交易；,RPSOMLSKJHGGFFD18DA,0.0,0.0,0.0,無,
東區,房地(土地+建物),裕農路３８９巷３弄１７號四樓,28.9,都市：其他:第五種住宅區,,,1091124,土地1建物1車位0,四層,五層,公寓(5樓含以下無電梯),住家用,鋼筋混凝土造,0760327,99.67,3,2,2,有,有,4280000,42942,,0.0,0,,RPXNMLMJKHGGFCD67DA,81.61,0.0,10.9,無,
南區,房地(土地+建物)+車位,興昌路１號二樓,41.34,都市：其他:商業區,,,1100125,土地1建物1車位2,二層,十二層,住宅大樓(11層含以上有電梯),見其他登記事項,鋼筋混凝土造,1060711,340.95,3,2,2,有,有,18680000,54788,坡道平面,71.08,0,,RPUOMLQLJHGGFCD97DA,143.37,7.04,34.03,有,1518
東區,土地,裕東段721地號,139.84,都市：其他:虎尾寮第二種住宅區,,,1091224,土地1建物0車位0,,,其他,,,,0.0,0,0,0,有,無,14000000,100114,,0.0,0,,RPVOMLPLJHGGFCD97DA,0.0,0.0,0.0,無,1519
東區,土地,裕東段720地號,115.02,都市：其他:虎尾寮第二種住宅區,,,1091225,土地1建物0車位0,,,其他,,,,0.0,0,0,0,有,無,15500000,134759,,0.0,0,,RPTOMLPLJHGGFCD77DA,0.0,0.0,0.0,無,
東區,土地,竹篙厝段4282地號,5008.01,都市：其他:第五種住宅區,,,1090911,土地5建物0車位0,,,其他,,,,0.0,0,0,0,有,無,939252260,187550,,0.0,0,,RPVNMLQJJHGGFCD77DA,0.0,0.0,0.0,無,1520
東區,房地(土地+建物),立德八路１４巷１號,63.07,都市：其他:第五種住宅區,,,1091230,土地2建物1車位0,全,二層,透天厝,住家用,加強磚造,0601224,83.77,2,3,2,有,無,5800000,69237,,0.0,0,頂樓加蓋；其他增建；,RPPOMLKMKIPFFCD97DA,83.77,0.0,0.0,無,
東區,房地(土地+建物),立德八路１４巷２號,61.82,都市：其他:第五種住宅區,,,1091230,土地2建物1車位0,全,三層,透天厝,住家用,鋼筋混凝土造,0710726,130.47,3,2,2,有,無,6100000,46754,,0.0,0,陽台外推；頂樓加蓋；其他增建；,RPQOMLKMKIPFFCD08DA,116.25,0.0,14.22,無,
南區,土地,華南段1225地號,3793.55,都市：其他:農業區,,,1091012,土地7建物0車位0,,,其他,,,,0.0,0,0,0,有,無,88500000,23329,,0.0,0,,RPWNMLTJKHGGFCD28DA,0.0,0.0,0.0,無,
東區,房地(土地+建物),勝利路１２巷１４號,114.0,都市：其他:第五種住宅區,,,1100105,土地1建物1車位0,全,三層,透天厝,住家用,加強磚造,0621103,226.48,5,2,4,有,無,4510000,19913,,0.0,0,親友、員工、共有人或其他特殊關係間之交易；頂樓加蓋；,RPTNMLTJKHGGFCD97DA,226.48,0.0,0.0,無,
東區,房地(土地+建物)+車位,中華東路二段１６９號八樓之１３,4.27,都市：其他:第五種住宅區,,,1100126,土地2建物1車位1,八層,十四層,住宅大樓(11層含以上有電梯),住家用,鋼筋混凝土造,0970229,69.44,1,0,1,有,有,3750000,54003,坡道平面,25.79,0,,RPPNMLRKKHGGFCD47DA,23.52,0.0,4.74,有,
東區,房地(土地+建物),裕孝路３１７之２號,68.23,都市：其他:虎尾寮第三種住宅區,,,1091226,土地3建物1車位0,全,四層,透天厝,見其他登記事項,鋼筋混凝土造,0920627,167.82,4,3,3,有,有,12400000,73889,,0.0,0,,RPRNMLRKKHGGFCD67DA,148.69,0.88,18.25,無,
南區,土地,明興段39地號,306.0,都市：其他:農業區,,,1091229,土地1建物0車位0,,,其他,,,,0.0,0,0,0,有,無,2776800,9075,,0.0,0,親友、員工、共有人或其他特殊關係間之交易；農作物；,RPUNMLRKKHGGFCD97DA,0.0,0.0,0.0,無,
南區,房地(土地+建物),大林路３５巷１５號,23.5,都市：其他:住宅區,,,1100120,土地1建物1車位0,一層，地下層,四層,公寓(5樓含以下無電梯),住家用,見其他登記事項,0580404,94.37,3,2,2,有,無,5680000,60189,,0.0,0,,RPVNMLRKKHGGFCD08DA,94.37,0.0,0.0,無,1521
南區,房地(土地+建物),金華路一段１５４巷３８號三樓之３,8.43,都市：其他:住宅區,,,1100125,土地1建物1車位0,三層,五層,公寓(5樓含以下無電梯),住家用,鋼筋混凝土造,0710226,24.189999999999998,1,0,1,有,無,430000,17776,,0.0,0,,RPPPMLSJKHGGFCD67DA,17.85,0.0,3.87,無,
南區,房地(土地+建物),永春街３６號二樓,41.91,都市：其他:商業區,,,1091225,土地1建物1車位0,二層,八層,華廈(10層含以下有電梯),商業用,鋼筋混凝土造,0810319,320.66,10,0,10,有,無,10000000,31186,,0.0,0,,RPXOMLRKKHGGFCD38DA,237.36,0.0,3.04,有,
東區,土地,東寧段563-1地號,2.2,都市：其他:第五種住宅區,,,1100209,土地1建物0車位0,,,其他,,,,0.0,0,0,0,有,無,266200,121000,,0.0,0,親友、員工、共有人或其他特殊關係間之交易；,RPOOMLRKKHGGFCD47DA,0.0,0.0,0.0,無,
新營區,土地,太子宮段埤子底小段356地號,2111.0,,特定農業區,農牧用地,1100201,土地1建物0車位0,,,其他,,,,0.0,0,0,0,有,無,8500000,4027,,0.0,0,原因：朋友間買賣。,RPQNMLRKKHGGFDD67DA,0.0,0.0,0.0,無,
鹽水區,土地,飯店段2084地號,5090.0,,特定農業區,農牧用地,1091204,土地3建物0車位0,,,其他,,,,0.0,0,0,0,有,無,5921200,1163,,0.0,0,,RPPNMLTJKHGGFDD67DA,0.0,0.0,0.0,無,1522
柳營區,土地,大腿段767地號,3326.0,,特定農業區,農牧用地,1100108,土地1建物0車位0,,,其他,,,,0.0,0,0,0,有,無,8000000,2405,,0.0,0,,RPOOMLRKKHGGFDD57DA,0.0,0.0,0.0,無,
新營區,房地(土地+建物),新南二路７號,106.79,都市：其他:住宅區,,,1081118,土地1建物1車位0,全,四層,透天厝,住家用,鋼筋混凝土造,1090902,200.91,5,2,4,有,無,11200000,55746,,0.0,0,,RPQNMLNJKHGGFDD17DA,186.02,0.0,14.89,無,
新營區,房地(土地+建物),新南二路５號,104.93,都市：其他:住宅區,,,1081213,土地1建物1車位0,全,四層,透天厝,住家用,鋼筋混凝土造,1090902,198.25,5,2,4,有,無,11200000,56494,,0.0,0,,RPRNMLNJKHGGFDD27DA,182.98,0.0,15.27,無,
新營區,房地(土地+建物),新南二路３號,106.28,都市：其他:住宅區,,,1080922,土地1建物1車位0,全,四層,透天厝,住家用,鋼筋混凝土造,1090902,228.85,5,2,4,有,無,12650000,55276,,0.0,0,,RPSNMLNJKHGGFDD37DA,210.59,0.0,18.26,無,
新營區,房地(土地+建物),新南二路１號,193.0,都市：其他:住宅區,,,1080925,土地1建物1車位0,全,四層,透天厝,住家用,鋼筋混凝土造,1090902,250.07,4,2,4,有,無,15800000,63182,,0.0,0,,RPTNMLNJKHGGFDD47DA,231.21,0.0,18.86,無,
新營區,房地(土地+建物),新南一路２９號,97.81,都市：其他:住宅區,,,1081011,土地1建物1車位0,全,四層,透天厝,住家用,鋼筋混凝土造,1090902,198.73,5,2,3,有,無,10800000,54345,,0.0,0,,RPUNMLNJKHGGFDD57DA,181.19,0.0,17.54,無,
鹽水區,房地(土地+建物),土庫６８之２７號,91.58,都市：其他:農業區,,,1100120,土地2建物1車位0,全,三層,透天厝,住家用,鋼筋混凝土造,1081210,154.44,5,2,3,有,無,7000000,45325,,0.0,0,,RPPOMLMLJHGGFDD17DA,141.25,0.0,13.19,無,
新營區,房地(土地+建物),新東里２４鄰東興路１１３號,132.8,都市：其他:住宅區,,,1091216,土地1建物1車位0,全,四層,透天厝,住商用,鋼筋混凝土造,1030814,270.94,6,2,6,有,無,23500000,86735,,0.0,0,承買人負擔契稅、產權登記所需之規費、印花稅、代書費用，不含總價內。,RPSNMLPLKIPFFDD68DA,256.39,0.0,14.55,無,
鹽水區,房地(土地+建物),土庫６８之５號,88.93,都市：其他:農業區,,,1091226,土地2建物1車位0,全,三層,透天厝,住家用,鋼筋混凝土造,1081210,158.23,5,2,3,有,無,7150000,45187,,0.0,0,,RPVNMLOJJHGGFDD67DA,145.04,0.0,13.19,無,
安南區,土地,州北段630地號,116.24,都市：其他:住宅區,,,1100209,土地1建物0車位0,,,其他,,,,0.0,0,0,0,有,無,6000000,51617,,0.0,0,,RPQNMLTJKHGGFBD57DA,0.0,0.0,0.0,無,1523
安南區,土地,新淵段3地號,297.57,都市：其他:住宅區,,,1091124,土地1建物0車位0,,,其他,,,,0.0,0,0,0,有,無,20703432,69575,,0.0,0,,RPRNMLTJKHGGFBD67DA,0.0,0.0,0.0,無,
南區,房地(土地+建物),新樂路２３號,1115.0,都市：其他:乙種工業區,,,1091215,土地1建物1車位0,全,一層,透天厝,見其他登記事項,見其他登記事項,0850710,514.77,7,2,5,有,無,78900000,153272,,0.0,0,未登記建物；,RPUOMLQKKIPFFCD88DA,514.77,0.0,0.0,無,
安南區,房地(土地+建物),環館路３６４巷２２號,147.29,都市：其他:住宅區,,,1091004,土地4建物1車位0,全,四層,透天厝,見其他登記事項,鋼筋混凝土造,1090924,257.27,4,2,3,有,有,17300000,67245,,0.0,0,,RPUNMLPJKIPFFBD48DA,244.73,0.0,11.26,有,
安南區,房地(土地+建物),環館路３６４巷４０號,155.5,都市：其他:住宅區,,,1070422,土地4建物1車位0,全,四層,透天厝,見其他登記事項,鋼筋混凝土造,1090924,269.85999999999996,4,2,3,有,有,18200000,67442,,0.0,0,含傢俱設備費200000元；,RPOOMLPJKIPFFBD97DA,257.32,0.0,11.26,有,
安南區,房地(土地+建物),環館路３６４巷３２號,147.34,都市：其他:住宅區,,,1091011,土地4建物1車位0,全,四層,透天厝,見其他登記事項,鋼筋混凝土造,1090924,257.27,4,2,3,有,有,17300000,67245,,0.0,0,,RPQNMLPJKIPFFBD08DA,244.73,0.0,11.26,有,
中西區,房地(土地+建物)+車位,民權路四段１３０號十樓之５,12.12,都市：其他:住宅區,,,1100110,土地1建物1車位1,十層,十層,華廈(10層含以下有電梯),見其他登記事項,見其他登記事項,1070531,121.13,2,1,2,有,有,7800000,64394,坡道機械,29.15,0,,RPOOMLTJKHGGFAD37DA,49.86,3.83,8.14,有,1524
安平區,房地(土地+建物),健康路三段３３１號十九樓之２,7.21,都市：其他:商業區,,,1100101,土地1建物1車位0,十九層,二十六層,住宅大樓(11層含以上有電梯),見其他登記事項,見其他登記事項,1060124,84.69999999999999,3,2,2,有,有,5300000,62574,,0.0,0,,RPPOMLTJKHGGFAD47DA,49.42,2.68,5.31,有,1525
中西區,房地(土地+建物),健康路一段３９０巷４２號四樓之２,18.54,都市：其他:住宅區,,,1091227,土地3建物1車位0,四層，走廊,七層,華廈(10層含以下有電梯),住家用,鋼筋混凝土造,0721210,105.21,3,2,1,有,有,3250000,30891,,0.0,0,,RPRPMLTJKHGGFAD77DA,84.0,0.0,7.6,有,
北區,房地(土地+建物),西門路四段２７３之２號三樓,17.22,都市：其他:商業區,,,1100113,土地1建物1車位0,三層,十五層,住宅大樓(11層含以上有電梯),住家用,鋼筋混凝土造,0870815,154.31,3,2,2,有,有,7500000,48603,,0.0,0,,RPSNMLRKKHGGFAD57DA,98.55,0.0,18.52,有,
安平區,房地(土地+建物),民權路四段７２９號,76.31,都市：其他:住宅區,,,1100104,土地2建物1車位0,全,四層,透天厝,見其他登記事項,鋼筋混凝土造,0851019,187.7,4,2,3,有,無,12000000,63932,,0.0,0,,RPPQMLOJKHGGFAD17DA,177.67,0.0,10.03,無,1526
安平區,房地(土地+建物)+車位,永華五街８號二十二樓,9.81,都市：其他:商業區,,,1091126,土地1建物1車位1,二十二層,二十九層,住宅大樓(11層含以上有電梯),見其他登記事項,見其他登記事項,1070921,195.74,3,2,2,有,有,16800000,94174,坡道平面,36.46,1800000,,RPSPMLOJKHGGFAD37DA,99.3,0.77,9.66,有,
北區,土地,自強段3地號,16.0,都市：其他:公園道用地,,,1100129,土地1建物0車位0,,,其他,,,,0.0,0,0,0,有,無,1900000,118750,,0.0,0,,RPPOMLRKKHGGFAD37DA,0.0,0.0,0.0,無,1527
安平區,土地,金城段30-75地號,150.0,都市：其他:住宅區,,,1091223,土地1建物0車位0,,,其他,,,,0.0,0,0,0,有,無,12500000,83333,,0.0,0,,RPRNMLSKKHGGFAD57DA,0.0,0.0,0.0,無,
中西區,房地(土地+建物),中山路１６４巷３號四樓之１,11.75,都市：其他:商業區,,,1100123,土地1建物1車位0,四層,五層,公寓(5樓含以下無電梯),住家用,鋼筋混凝土造,0801228,53.15,2,1,1,有,無,2550000,47968,,0.0,0,,RPTOMLQLJHGGFAD67DA,45.08,0.0,2.97,無,1528
北區,房地(土地+建物),公園南路３５８號二十樓之３,7.11,都市：其他:住宅區,,,1091226,土地1建物1車位0,二十層,二十五層,住宅大樓(11層含以上有電梯),住家用,鋼筋混凝土造,0840104,88.24,3,1,1,有,有,4460000,50544,,0.0,0,,RPUNMLQLKIPFFAD68DA,57.44,0.97,9.47,有,1529
安平區,房地(土地+建物),府前三街１２６號,98.0,都市：其他:住宅區,,,1091128,土地1建物1車位0,全,五層,透天厝,見其他登記事項,見其他登記事項,0940916,283.08,6,2,6,有,無,17800000,62880,,0.0,0,陽台外推；其他增建；,RPVPMLOJKIPFFAD58DA,249.19,0.0,33.89,無,
中西區,房地(土地+建物),五妃街２５８號六樓之１９,15.41,都市：其他:住宅區,,,1091116,土地1建物1車位0,六層,八層,華廈(10層含以下有電梯),見其他登記事項,鋼筋混凝土造,0931203,84.95,2,2,1,有,有,4470000,52619,,0.0,0,,RPWOMLSJKIPFFAD98DA,58.76,0.0,4.85,有,
中西區,房地(土地+建物),青年路１４７號四樓之３,14.09,都市：其他:細部計畫道路用地,,,1091222,土地3建物1車位0,四層,十層,華廈(10層含以下有電梯),住家用,鋼筋混凝土造,0811215,125.25,3,1,2,有,有,5450000,43513,,0.0,0,,RPSNMLSKKHGGFAD67DA,87.66,0.0,6.7,有,
北區,土地,小北段1131地號,459.62,都市：其他:細部計畫道路用地,,,1100126,土地1建物0車位0,,,其他,,,,0.0,0,0,0,有,無,9137214,19880,,0.0,0,包含公共設施保留地用地；,RPPOMLSKKHGGFAD47DA,0.0,0.0,0.0,無,1530
北區,土地,小北段1074-4地號,864.61,都市：其他:細部計畫道路用地,,,1100126,土地5建物0車位0,,,其他,,,,0.0,0,0,0,有,無,25396666,29374,,0.0,0,包含公共設施保留地用地；,RPQOMLSKKHGGFAD57DA,0.0,0.0,0.0,無,1065
北區,土地,小北段1066-4地號,60.76,都市：其他:細部計畫道路用地,,,1100126,土地1建物0車位0,,,其他,,,,0.0,0,0,0,有,無,1466369,24134,,0.0,0,包含公共設施保留地用地；,RPROMLSKKHGGFAD67DA,0.0,0.0,0.0,無,
安平區,土地,漁港段379-4地號,841.2,都市：其他:港埠專用區,,,1091216,土地2建物0車位0,,,其他,,,,0.0,0,0,0,有,無,32868000,39073,,0.0,0,,RPXOMLSKKHGGFAD28DA,0.0,0.0,0.0,無,
北區,房地(土地+建物)+車位,西門路四段２７３之３號十一樓,16.2,都市：其他:商業區,,,1100114,土地1建物1車位1,十一層,十五層,住宅大樓(11層含以上有電梯),住家用,鋼筋混凝土造,0870815,162.20999999999998,3,2,2,有,有,6800000,41921,坡道平面,15.0,0,,RPSPMLSKKHGGFAD87DA,97.22,0.0,14.58,有,
中西區,房地(土地+建物)+車位,民權路三段４００巷３號五樓,24.25,都市：其他:住宅區,,,1091230,土地1建物1車位1,五層,十層,華廈(10層含以下有電梯),見其他登記事項,鋼筋混凝土造,0880730,162.11,3,2,2,有,有,7380000,45525,坡道平面,26.53,0,,RPROMLRKKHGGFAD57DA,88.4,0.0,9.68,有,
安平區,房地(土地+建物),古堡街１２２巷１５號,114.82,都市：其他:特定商業專用區,,,1091201,土地2建物1車位0,全,四層,透天厝,見其他登記事項,見其他登記事項,1091126,339.01000000000005,5,2,6,有,無,25000000,73744,,0.0,0,,RPPNMLTKKHGGFAD47DA,310.91,0.0,27.88,有,
安平區,房地(土地+建物)+車位,永華路二段２８６號二十樓,8.9,都市：其他:商業區,,,1091211,土地1建物1車位1,二十層,二十九層,住宅大樓(11層含以上有電梯),見其他登記事項,見其他登記事項,1070921,177.39,4,2,2,有,有,15850000,96085,坡道機械,23.36,1050000,,RPTPMLOJKHGGFAD47DA,95.77,0.85,9.48,有,
安平區,房地(土地+建物)+車位,永華五街８號五樓,9.16,都市：其他:商業區,,,1091220,土地1建物1車位1,五層,二十九層,住宅大樓(11層含以上有電梯),見其他登記事項,見其他登記事項,1070921,182.64,3,2,2,有,有,14370000,83626,坡道機械,23.36,1050000,,RPUPMLOJKHGGFAD57DA,99.3,0.77,9.66,有,
北區,建物,北忠街５８巷５６號,0.0,,,,1091116,土地0建物1車位0,全,五層,透天厝,住宅、停車空間,鋼筋混凝土造,0980910,1878.0,66,0,66,有,無,16800000,8946,,0.0,0,親友、員工、共有人或其他特殊關係間之交易；其他增建；含租約；,RPPNMLPJKHGGFAD96DA,1645.47,12.1,220.43,有,
北區,房地(土地+建物),公園南路３６５號十四樓之２,3.26,都市：其他:住宅區,,,1100106,土地1建物1車位0,十四層,十四層,住宅大樓(11層含以上有電梯),見其他登記事項,見其他登記事項,0960824,29.04,1,1,1,有,有,2270000,78168,,0.0,0,陽台外推；,RPQNMLPJKHGGFAD07DA,16.45,0.0,4.34,有,
中西區,房地(土地+建物)+車位,華平路９７６號八樓,34.44,都市：其他:住宅區,,,1091229,土地1建物1車位2,八層,二十四層,住宅大樓(11層含以上有電梯),見其他登記事項,見其他登記事項,1060810,395.91,3,2,3,有,有,24500000,61883,坡道平面,58.78,0,,RPQOMLPJKHGGFAD17DA,201.18,6.01,22.36,有,1532
安平區,房地(土地+建物),永華路二段２４８號十六樓之２,17.63,都市：其他:商業區,,,1100108,土地1建物1車位0,十六層,二十三層,住宅大樓(11層含以上有電梯),商業用,鋼骨鋼筋混凝土造,0840126,317.41999999999996,3,1,0,有,有,10560000,33268,,0.0,0,含土地增值稅或其他稅費；含地政士服務費；,RPRNMLRKKHGGFAD47DA,192.18,8.17,33.38,有,1533
北區,房地(土地+建物)+車位,公園北路１５６號四樓之２０,20.22,都市：其他:商業區,,,1100124,土地1建物1車位2,四層,十四層,住宅大樓(11層含以上有電梯),見其他登記事項,見其他登記事項,0951001,144.93,3,2,2,有,有,8510000,58714,坡道機械,0.0,0,,RPSPMLTJKHGGFAD87DA,74.8,2.41,10.63,有,1534
北區,房地(土地+建物),育德二路８１０巷２７弄１４號,106.77,都市：其他:住宅區,,,1091201,土地2建物1車位0,全,四層,透天厝,見其他登記事項,鋼筋混凝土造,0871126,257.22,4,2,4,有,無,14200000,55206,,0.0,0,頂樓加蓋；其他增建；,RPPOMLSJKHGGFAD37DA,248.65,0.0,8.57,無,
安平區,房地(土地+建物),同平路２０６號,57.95,都市：其他:特定住宅專用區,,,1091217,土地1建物1車位0,全,二層,透天厝,住家用,加強磚造,0610225,81.6,3,2,1,有,無,4200000,51471,,0.0,0,,RPTNMLNJKHGGFAD17DA,81.6,0.0,0.0,無,1535
安南區,房地(土地+建物),環館路３６４巷２０號,146.15,都市：其他:住宅區,,,1091010,土地4建物1車位0,全,四層,透天厝,見其他登記事項,鋼筋混凝土造,1090924,257.27,4,2,3,有,有,17570000,68294,,0.0,0,,RPVNMLPJKIPFFBD58DA,244.73,0.0,11.26,有,
安南區,房地(土地+建物),環館路３６４巷１５號,151.58,都市：其他:住宅區,,,1091018,土地4建物1車位0,全,四層,透天厝,見其他登記事項,鋼筋混凝土造,1090924,295.19,4,2,3,有,有,19000000,64365,,0.0,0,,RPWPMLPJKIPFFBD88DA,280.49,0.0,13.42,有,
安南區,房地(土地+建物),環館路３６４巷３１號,130.45,都市：其他:住宅區,,,1090822,土地4建物1車位0,全,四層,透天厝,見其他登記事項,鋼筋混凝土造,1090924,257.27,4,2,3,有,有,16300000,63358,,0.0,0,,RPTPMLLKKIPFFBD28DA,244.73,0.0,11.26,有,
安南區,房地(土地+建物),環館路３６２巷４６號,127.72,都市：其他:住宅區,,,1070428,土地4建物1車位0,全,四層,透天厝,見其他登記事項,鋼筋混凝土造,1090924,257.27,4,2,3,有,有,16380000,63669,,0.0,0,含傢俱設備費100000元；,RPVQMLPJKIPFFBD88DA,244.73,0.0,11.26,有,
安南區,房地(土地+建物),環館路３６２巷３８號,138.15,都市：其他:住宅區,,,1070428,土地4建物1車位0,全,四層,透天厝,見其他登記事項,鋼筋混凝土造,1090924,269.85999999999996,4,2,3,有,有,17380000,64404,,0.0,0,含傢俱設備費20000元；,RPORMLPJKIPFFBD28DA,257.32,0.0,11.26,有,
安南區,房地(土地+建物),環館路３６２巷３０號,149.93,都市：其他:住宅區,,,1090710,土地4建物1車位0,全,四層,透天厝,見其他登記事項,鋼筋混凝土造,1090924,295.19,4,2,3,有,有,19500000,66059,,0.0,0,,RPPNMLRJKIPFFBD18DA,280.49,0.0,13.42,有,
安南區,土地,國安段792地號,61.51,都市：其他:細部計畫道路用地,,,1100104,土地3建物0車位0,,,其他,,,,0.0,0,0,0,有,無,270000,4390,,0.0,0,包含公共設施保留地用地；,RPOOMLSJKHGGFBD37DA,0.0,0.0,0.0,無,1536
安南區,房地(土地+建物),公學路四段２巷６５弄１０９號,79.94,都市：其他:住宅區,,,1100107,土地2建物1車位0,全,四層,透天厝,見其他登記事項,鋼筋混凝土造,1040409,184.64,4,2,3,有,無,8800000,47660,,0.0,0,頂樓加蓋；其他增建；,RPPOMLLJKHGGFBD76DA,167.46,0.0,17.18,無,
安南區,土地,國安段108地號,472.38,都市：其他:細部計畫道路用地,,,1091225,土地1建物0車位0,,,其他,,,,0.0,0,0,0,有,無,1500000,3175,,0.0,0,,RPQNMLNJKHGGFBD96DA,0.0,0.0,0.0,無,
安南區,土地,四草段140-4地號,310.8,都市：其他:遊樂區,,,1100131,土地11建物0車位0,,,其他,,,,0.0,0,0,0,有,無,1598000,5142,,0.0,0,包含公共設施保留地用地；,RPRNMLOJKHGGFBD17DA,0.0,0.0,0.0,無,
安南區,土地,公塭段1252地號,210.07,都市：其他:住宅區,,,1100118,土地2建物0車位0,,,其他,,,,0.0,0,0,0,有,無,11350000,54030,,0.0,0,總價1135萬元包含道路用地15萬元整。包含公共設施保留地用地；,RPQOMLSKKHGGFBD67DA,0.0,0.0,0.0,無,
安南區,房地(土地+建物),公學路四段２巷６５弄１５０號,66.25,都市：其他:住宅區,,,1090930,土地3建物1車位0,全,三層,透天厝,住家用,鋼筋混凝土造,0840901,137.54,3,2,3,有,無,4550000,33081,,0.0,0,,RPUNMLTJKHGGFBD97DA,127.86,0.0,9.68,無,
安南區,房地(土地+建物),鎮安一街３６號,103.8,都市：其他:住宅區,,,1091116,土地2建物1車位0,全,四層,透天厝,見其他登記事項,鋼筋混凝土造,1040123,187.1,5,2,4,有,無,12000000,64137,,0.0,0,,RPPOMLRKKHGGFBD47DA,154.52,0.0,32.58,無,
新營區,房地(土地+建物),東光街４０巷４３號二樓,29.85,都市：其他:住宅區,,,1100120,土地1建物1車位0,二層,六層,華廈(10層含以下有電梯),見其他登記事項,鋼筋混凝土造,0880317,146.5,3,2,2,有,有,3800000,25939,,0.0,0,,RPOOMLTKKHGGFDD77DA,83.89,0.0,10.53,有,
東區,房地(土地+建物),富農街二段７９巷５之２號,18.45,都市：其他:第五種住宅區,,,1100122,土地1建物1車位0,三層,五層,公寓(5樓含以下無電梯),住家用,鋼筋混凝土造,0681214,60.08,3,1,2,有,無,3460000,57590,,0.0,0,,RPVNMLSKKHGGFCD18DA,48.37,0.0,0.0,無,
南區,房地(土地+建物),國民路１６５巷３６弄２５號,70.79,都市：其他:住宅區,,,1100101,土地1建物1車位0,全,二層,透天厝,住家用,加強磚造,0690423,88.2,5,2,2,有,無,5600000,63492,,0.0,0,頂樓加蓋；其他增建；,RPOPMLRKKHGGFCD57DA,88.2,0.0,0.0,無,
東區,房地(土地+建物),育樂街６６巷８號六樓,44.1,都市：其他:第五種住宅區,,,1100113,土地1建物1車位0,六層,九層,華廈(10層含以下有電梯),見其他登記事項,鋼筋混凝土造,0910102,160.07,3,1,2,有,有,10500000,65596,,0.0,0,,RPWPMLRKKHGGFCD38DA,88.27,0.0,9.93,有,
南區,土地,興農段410地號,2824.6,都市：其他:保護區,,,1091113,土地3建物0車位0,,,其他,,,,0.0,0,0,0,無,無,50000000,17702,,0.0,0,未登記建物；,RPSOMLRKKHGGFCD87DA,0.0,0.0,0.0,無,
東區,房地(土地+建物),大同路二段２４５之２號七樓之２,15.87,都市：其他:沿街商業區,,,1091226,土地3建物2車位0,七層,七層,華廈(10層含以下有電梯),住家用,鋼筋混凝土造,0720908,88.13999999999999,2,2,2,有,無,2800000,31768,,0.0,0,陽台外推；,RPROMLSKKHGGFCD87DA,58.02,0.0,8.72,有,
東區,房地(土地+建物)+車位,富強二街９號七樓,15.85,都市：其他:鄰里商業區,,,1100110,土地1建物1車位1,七層,十層,華廈(10層含以下有電梯),住家用,鋼筋混凝土造,0951207,162.2,3,2,2,有,有,10440000,64365,坡道平面,31.96,0,,RPXNMLTKKHGGFCD48DA,81.71,0.0,10.92,有,
南區,房地(土地+建物),德興路３０３巷１４號,96.0,都市：其他:住宅區,,,1091219,土地1建物1車位0,全,二層,透天厝,住家用,加強磚造,0760513,143.01,6,2,3,有,無,8000000,55940,,0.0,0,,RPRNMLTJKHGGFCD77DA,132.17,0.0,10.84,無,
東區,房地(土地+建物),東平路１１１號四樓之９,13.56,都市：其他:第五種住宅區,,,1100109,土地1建物1車位0,四層,七層,華廈(10層含以下有電梯),住家用,鋼筋混凝土造,0820727,70.58,2,2,1,有,有,3500000,49589,,0.0,0,,RPXNMLRKKHGGFCD28DA,48.63,0.0,3.88,有,
東區,房地(土地+建物),崇學路６７號十二樓之１,16.1,都市：其他:第五種住宅區,,,1100111,土地1建物1車位0,十二層，通道,十二層,住宅大樓(11層含以上有電梯),商業用,鋼筋混凝土造,0801220,144.02,3,2,2,有,有,6500000,45133,,0.0,0,全屋就已知悉及未知悉之滲漏水情形買方願自行修繕處理，即賣方不負民法規範之滲漏水瑕疵擔保責任。,RPPOMLMKJHGGFCD96DA,104.19,0.0,17.06,有,
南區,房地(土地+建物)+車位,健康路二段４９９號四樓之１,21.63,都市：其他:住宅區,,,1100112,土地2建物1車位1,四層,七層,華廈(10層含以下有電梯),住家用,鋼筋混凝土造,0820208,125.49,3,2,2,有,有,6500000,51797,坡道平面,0.0,0,,RPWOMLMLJHGGFCD77DA,70.27,0.0,11.56,有,
東區,土地,關帝段1132地號,53.26,都市：其他:細部計畫道路用地,,,1090422,土地2建物0車位0,,,其他,,,,0.0,0,0,0,有,無,571160,10724,,0.0,0,包含公共設施保留地用地；,RPRNMLLMJHGGFCD17DA,0.0,0.0,0.0,無,
南區,房地(土地+建物),大同路二段４３０巷２７之２號,43.75,都市：其他:住宅區,,,1100103,土地2建物1車位0,三層,四層,公寓(5樓含以下無電梯),住家用,鋼筋混凝土造,0670412,101.22,3,2,2,有,無,4830000,47718,,0.0,0,,RPPPMLTKJHGGFCD77DA,101.22,0.0,0.0,無,1537
大內區,房地(土地+建物),石城村１６鄰石子瀨１２２之１２４號,73.89,都市：其他:住宅區,,,1100123,土地1建物1車位0,全,三層,透天厝,住商用,鋼筋混凝土造,0830829,154.45,3,2,3,有,無,1850000,11978,,0.0,0,,RPUNMLSLJHGGFFD38DA,137.32,2.83,14.3,無,
麻豆區,房地(土地+建物),南勢５之２７號,97.91,都市：其他:農業區,,,1090711,土地2建物1車位0,全,三層,透天厝,住家用,見其他登記事項,1091118,152.0,4,1,4,有,無,8250000,54276,,0.0,0,,RPRNMLSLJHGGFFD08DA,121.75,0.0,30.25,無,
後壁區,土地,四安段1316地號,18.1,,鄉村區,乙種建築用地,1100201,土地1建物0車位0,,,其他,,,,0.0,0,0,0,有,無,78000,4309,,0.0,0,,RPPNMLTKKHGGFED87DA,0.0,0.0,0.0,無,
東山區,土地,東原段483地號,95.84,,鄉村區,乙種建築用地,1100120,土地1建物0車位0,,,其他,,,,0.0,0,0,0,有,無,4200000,43823,,0.0,0,,RPRNMLTKKHGGFED08DA,0.0,0.0,0.0,無,
白河區,土地,竹子門段182地號,3658.0,,一般農業區,農牧用地,1100120,土地1建物0車位0,,,其他,,,,0.0,0,0,0,有,無,5100000,1394,,0.0,0,,RPTNMLTKKHGGFED28DA,0.0,0.0,0.0,無,
白河區,土地,竹子門段166-3地號,744.71,,一般農業區,農牧用地,1100207,土地1建物0車位0,,,其他,,,,0.0,0,0,0,有,無,128600,173,,0.0,0,,RPTNMLRKKHGGFED08DA,0.0,0.0,0.0,無,1440
白河區,土地,竹子門段168-4地號,28646.0,,一般農業區,養殖用地,1091031,土地3建物0車位0,,,其他,,,,0.0,0,0,0,有,無,12000000,419,,0.0,0,,RPUNMLRKKHGGFED18DA,0.0,0.0,0.0,無,
麻豆區,土地,港子尾段70-33地號,94.0,,一般農業區,養殖用地,1100129,土地1建物0車位0,,,其他,,,,0.0,0,0,0,有,無,206800,2200,,0.0,0,政府機關標讓售；,RPUNMLTKKHGGFFD48DA,0.0,0.0,0.0,無,
麻豆區,房地(土地+建物),麻豆口３１之３３號,80.14,都市：其他:第三種住宅區。,,,1100110,土地1建物1車位0,全,三層,透天厝,住家用,鋼筋混凝土造,1080829,162.6,5,2,3,有,無,7970000,49016,,0.0,0,頂樓加蓋；其他增建；,RPTNMLRKKHGGFFD18DA,147.49,0.0,15.11,無,1539
大內區,土地,頭社段209地號,3245.0,,山坡地保育區,農牧用地,1091217,土地2建物0車位0,,,其他,,,,0.0,0,0,0,有,無,3900000,1202,,0.0,0,,RPTNMLSJKHGGFFD18DA,0.0,0.0,0.0,無,
麻豆區,房地(土地+建物),大山７１之５號,107.84,都市：其他:第三種住宅區。,,,1100116,土地3建物1車位0,全,三層,透天厝,住家用,見其他登記事項,1090728,158.74,4,2,4,有,無,6900000,43467,,0.0,0,,RPTNMLSKKHGGFFD28DA,145.96,0.0,12.78,無,
官田區,土地,角秀段165-10地號,1456.0,都市：其他:住宅區,,,1100217,土地2建物0車位0,,,其他,,,,0.0,0,0,0,有,無,8800000,6044,,0.0,0,,RPWNMLSKKHGGFFD58DA,0.0,0.0,0.0,無,
西港區,土地,營段1079-1地號,23.77,,鄉村區,交通用地,1100127,土地1建物0車位0,,,其他,,,,0.0,0,0,0,有,無,303781,12780,,0.0,0,政府機關標讓售；,RPWNMLSKKHGGFGD68DA,0.0,0.0,0.0,無,
佳里區,土地,佳里段1081-100地號,59.0,都市：其他:商業區,,,1100203,土地1建物0車位0,,,其他,,,,0.0,0,0,0,有,無,1000000,16949,,0.0,0,未登記建物；,RPRNMLTKKHGGFGD28DA,0.0,0.0,0.0,無,
學甲區,土地,欣榮段690-2地號,94.1,都市：其他:住宅區,,,1100203,土地1建物0車位0,,,其他,,,,0.0,0,0,0,有,無,1370000,14559,,0.0,0,親友、員工、共有人或其他特殊關係間之交易；,RPTOMLSKKHGGFGD48DA,0.0,0.0,0.0,無,
佳里區,土地,佳里段3294-3地號,253.51,,特定農業區,養殖用地,1100121,土地4建物0車位0,,,其他,,,,0.0,0,0,0,有,無,220000,868,,0.0,0,親友、員工、共有人或其他特殊關係間之交易；,RPUOMLSKKHGGFGD58DA,0.0,0.0,0.0,無,
西港區,房地(土地+建物),新港２２之７號,154.85,,鄉村區,乙種建築用地,1090917,土地1建物1車位0,全,三層,透天厝,住家用,鋼筋混凝土造,1090823,181.6,4,2,4,有,無,8300000,45705,,0.0,0,,RPSNMLSKKHGGFGD28DA,171.41,0.0,10.19,無,
西港區,房地(土地+建物),新港２２之６號,126.76,,鄉村區,乙種建築用地,1091007,土地1建物1車位0,全,三層,透天厝,住家用,鋼筋混凝土造,1090823,179.55,5,2,3,有,無,6800000,37872,,0.0,0,,RPTNMLSKKHGGFGD38DA,164.44,0.0,15.11,無,
學甲區,房地(土地+建物),民權路１６８號,76.43,都市：其他:住宅區,,,1091204,土地1建物1車位0,全,四層,透天厝,住家用,鋼筋混凝土造,1070607,181.96,4,2,4,有,無,7180000,39459,,0.0,0,,RPSOMLRKKHGGFGD28DA,169.4,0.0,12.56,無,
西港區,房地(土地+建物),慶安路１７１巷５２號,126.98,都市：其他:住宅區,,,1100106,土地5建物1車位0,全,四層,透天厝,見其他登記事項,鋼筋混凝土造,1090416,218.56,5,2,5,有,無,12600000,57650,,0.0,0,,RPTOMLRKKHGGFGD38DA,199.09,0.0,19.47,無,
學甲區,土地,育英段553地號,15.78,都市：其他:計畫道路用地,,,1100123,土地2建物0車位0,,,其他,,,,0.0,0,0,0,有,無,126000,7985,,0.0,0,親友、員工、共有人或其他特殊關係間之交易；,RPPNMLMKKHGGFGD37DA,0.0,0.0,0.0,無,
新市區,房地(土地+建物),忠孝街２０１巷１弄８號,94.37,都市：其他:住宅區,,,1091001,土地1建物1車位0,全,四層,透天厝,見其他登記事項,鋼筋混凝土造,1090529,239.54,5,2,6,有,無,17500000,73057,,0.0,0,,RPQONLNJKIPFFHD68DA,219.89,0.0,19.65,無,
新化區,土地,新化段太子廟小段1938-47地號,608.5,,特定農業區,丁種建築用地,1100121,土地1建物0車位0,,,其他,,,,0.0,0,0,0,有,無,20218726,33227,,0.0,0,,RPORMLPLJHGGFHD08DA,0.0,0.0,0.0,無,
新化區,房地(土地+建物),竹子２４７之５７７號,129.15,,特定農業區,甲種建築用地,1091223,土地14建物1車位0,全,四層,透天厝,住家用,鋼筋混凝土造,0830118,168.89,4,3,3,有,有,6350000,37598,,0.0,0,其他增建；,RPSQMLNLKIPFFHD56DA,156.68,0.12,11.68,無,
善化區,房地(土地+建物),西拉雅大道２９６號,178.55,都市：其他:生活服務區(產業服務專用),,,1091223,土地5建物1車位0,全,四層,透天厝,見其他登記事項,鋼筋混凝土造,1060505,305.58,5,2,8,有,無,24300000,79521,,0.0,0,,RPTNMLQLKIPFFHD66DA,290.43,0.0,15.15,無,1540
新化區,房地(土地+建物),民生路３１４巷７６之１號,75.06,都市：其他:住宅區,,,1100106,土地3建物1車位0,全,四層,透天厝,見其他登記事項,鋼筋混凝土造,1040501,174.36,4,2,4,有,無,10660000,61138,,0.0,0,陽台外推；其他增建；,RPPNMLQKKHGGFHD87DA,155.54,0.0,18.82,無,
安定區,房地(土地+建物),管寮７３之５號,163.0,,鄉村區,乙種建築用地,1091229,土地1建物1車位0,全,二層,透天厝,住家用,加強磚造,0871021,177.27,4,2,2,有,無,7800000,44001,,0.0,0,頂樓加蓋；,RPVNMLRKKHGGFHD58DA,173.1,0.0,4.17,無,
新化區,土地,新音段896-1地號,0.13,都市：其他:商業區,,,1100130,土地1建物0車位0,,,其他,,,,0.0,0,0,0,有,無,7400,0,,0.0,0,,RPWNMLRKKHGGFHD68DA,0.0,0.0,0.0,無,0887
新化區,房地(土地+建物),中正路５７８號十三樓之５,10.24,都市：其他:商業區,,,1100109,土地1建物1車位0,十三層,十三層,住宅大樓(11層含以上有電梯),住家用,鋼筋混凝土造,0850515,104.57000000000001,2,1,2,有,有,2100000,20082,,0.0,0,,RPXNMLRKKHGGFHD78DA,58.33,0.0,23.12,有,1542
新市區,土地,南社內段330地號,1083.03,,鄉村區,乙種建築用地,1091216,土地1建物0車位0,,,其他,,,,0.0,0,0,0,有,無,40080000,37007,,0.0,0,,RPOOMLRKKHGGFHD97DA,0.0,0.0,0.0,無,
安定區,房地(土地+建物),港口２５之５２號,72.45,,鄉村區,乙種建築用地,1100121,土地2建物1車位0,全,三層,透天厝,住家用,鋼筋混凝土造,0851108,141.33,3,2,3,有,無,4900000,34671,,0.0,0,,RPPOMLRKKHGGFHD08DA,135.62,0.0,5.71,無,1543
安定區,房地(土地+建物),港口３１之５號,131.0,,鄉村區,乙種建築用地,1091226,土地2建物1車位0,全,三層,透天厝,住家用,鋼筋混凝土造,1030212,200.12,4,2,5,有,無,11650000,58215,,0.0,0,,RPUNMLPJKHGGFHD18DA,186.14,0.0,13.98,無,
善化區,土地,德興段49-9地號,208.44,,鄉村區,乙種建築用地,1090915,土地1建物0車位0,,,其他,,,,0.0,0,0,0,有,無,2422400,11622,,0.0,0,,RPVNMLTJKHGGFHD68DA,0.0,0.0,0.0,無,
善化區,房地(土地+建物),坐駕２１之６號,80.0,都市：其他:住宅區,,,1090717,土地2建物1車位0,全,四層,透天厝,見其他登記事項,鋼筋混凝土造,1091217,178.38,4,2,5,有,無,9000000,50454,,0.0,0,預售屋、或土地及建物分次登記案件；,RPWNMLSKKHGGFHD78DA,161.05,0.0,17.33,無,
新市區,土地,東潭頂段144-3地號,2500.0,,特定農業區,農牧用地,1100109,土地1建物0車位0,,,其他,,,,0.0,0,0,0,有,無,5500000,2200,,0.0,0,共有人間之買賣親友、員工、共有人或其他特殊關係間之交易；,RPXNMLSKKHGGFHD88DA,0.0,0.0,0.0,無,
新化區,土地,新化段太子廟小段2192-12地號,47.0,,特定農業區,甲種建築用地,1091206,土地1建物0車位0,,,其他,,,,0.0,0,0,0,有,無,710875,15125,,0.0,0,,RPUOMLTKKHGGFHD78DA,0.0,0.0,0.0,無,
歸仁區,房地(土地+建物),中正六街１３號,68.0,都市：其他:住宅區,,,1090330,土地1建物1車位0,全,三層,透天厝,見其他登記事項,見其他登記事項,1081205,137.97,4,1,5,有,無,17500000,126839,,0.0,0,陽台外推；頂樓加蓋；其他增建；,RPUNMLTLKIPFFID17DA,137.97,0.0,0.0,無,
仁德區,土地,仁義段174地號,92.56,都市：其他:商業區,,,1091128,土地1建物0車位0,,,其他,,,,0.0,0,0,0,有,無,13380000,144555,,0.0,0,,RPSNMLSKKHGGFID48DA,0.0,0.0,0.0,無,
仁德區,土地,中洲西段875-7地號,32.53,,鄉村區,交通用地,1100114,土地1建物0車位0,,,其他,,,,0.0,0,0,0,有,無,933611,28700,,0.0,0,政府機關標讓售；,RPQNMLTKKHGGFID38DA,0.0,0.0,0.0,無,
歸仁區,土地,八甲東段105地號,987.89,,特定農業區,農牧用地,1091217,土地1建物0車位0,,,其他,,,,0.0,0,0,0,有,無,2800000,2834,,0.0,0,,RPTNMLRKKHGGFID48DA,0.0,0.0,0.0,無,
仁德區,土地,中軍段265地號,285.31,都市：其他:住宅區,,,1100128,土地1建物0車位0,,,其他,,,,0.0,0,0,0,有,無,9925650,34789,,0.0,0,,RPVNMLPJKHGGFID38DA,0.0,0.0,0.0,無,1544
仁德區,土地,中軍段265地號,142.66,都市：其他:住宅區,,,1100128,土地1建物0車位0,,,其他,,,,0.0,0,0,0,有,無,4962250,34784,,0.0,0,,RPRNMLSJKHGGFID28DA,0.0,0.0,0.0,無,1544
關廟區,土地,忠孝段29-1地號,2057.0,都市：其他:住宅區,,,1091114,土地2建物0車位0,,,其他,,,,0.0,0,0,0,有,無,59090000,28726,,0.0,0,,RPROMLLJKHGGFID67DA,0.0,0.0,0.0,無,
關廟區,土地,忠孝段29地號,2057.0,都市：其他:住宅區,,,1091112,土地2建物0車位0,,,其他,,,,0.0,0,0,0,有,無,59109000,28736,,0.0,0,,RPUOMLLJKHGGFID97DA,0.0,0.0,0.0,無,
關廟區,土地,忠孝段28地號,290.0,都市：其他:計畫道路用地,,,1091112,土地1建物0車位0,,,其他,,,,0.0,0,0,0,有,無,3828000,13200,,0.0,0,包含公共設施保留地用地；,SPUOMLLJKHGGFID08DA,0.0,0.0,0.0,無,
關廟區,土地,忠孝段92地號,364.0,都市：其他:住宅區,,,1091112,土地1建物0車位0,,,其他,,,,0.0,0,0,0,有,無,12112100,33275,,0.0,0,,RPPOMLLJKHGGFID47DA,0.0,0.0,0.0,無,
關廟區,房地(土地+建物),大仁街２３１號,89.0,都市：其他:住宅區,,,1090616,土地1建物1車位0,全,四層,透天厝,住家用,見其他登記事項,1091102,195.04,5,2,5,有,無,9350000,47939,,0.0,0,未登記建物；,RPXNMLQLJHGGFID78DA,176.7,0.0,18.34,無,
關廟區,房地(土地+建物),大仁街２３５巷７號,120.0,都市：其他:住宅區,,,1090317,土地1建物1車位0,全,四層,透天厝,見其他登記事項,見其他登記事項,1091102,193.74,5,2,5,有,無,10200000,52648,,0.0,0,土地價款4590000元，建物價款5610000元，共計10200000元。交易總價，因後來有找補，與原契約的價錢不同，增加價金新台幣 10642元整。未登記建物；,RPWNMLRLJHGGFID78DA,179.43,0.0,14.31,無,
關廟區,房地(土地+建物),大仁街２３５巷１１號,87.0,都市：其他:住宅區,,,1080622,土地1建物1車位0,全,四層,透天厝,住家用,見其他登記事項,1091102,186.36,5,2,5,有,無,8780000,47113,,0.0,0,土地價款4390000元，建物價款4390000元，共計8780000元。交易總價，因後來有找補，與原契約的價錢不同，增加價金新台幣 20104元整。未登記建物；,RPOOMLRLJHGGFID08DA,169.63,0.0,16.73,無,
歸仁區,土地,歸仁北段845-21地號,101.0,都市：其他:住宅區,,,1091221,土地1建物0車位0,,,其他,,,,0.0,0,0,0,有,無,8860225,87725,,0.0,0,,RPSOMLPLJHGGFID28DA,0.0,0.0,0.0,無,1546
新營區,房地(土地+建物),東泰路２８之２２號,115.08,都市：其他:住宅區,,,1080911,土地1建物1車位0,全,三層,透天厝,住家用,鋼筋混凝土造,1090715,211.24,2,2,4,有,無,14380000,68074,,0.0,0,預售屋、或土地及建物分次登記案件；,RPWNMLTKKHGGFDD58EA,208.5,0.0,2.74,無,
柳營區,土地,雙和段151地號,8415.66,都市：其他:農業區,,,1100120,土地2建物0車位0,,,其他,,,,0.0,0,0,0,有,無,8600000,1022,,0.0,0,,RPXNMLTKKHGGFDD68EA,0.0,0.0,0.0,無,
新營區,房地(土地+建物),東泰路２８之１９號,90.63,都市：其他:住宅區,,,1080716,土地1建物1車位0,全,三層,透天厝,住家用,鋼筋混凝土造,1090715,200.73,5,1,5,有,無,13200000,65760,,0.0,0,預售屋、或土地及建物分次登記案件；,RPSNMLTKKHGGFDD18EA,185.16,0.0,15.57,無,
新營區,房地(土地+建物),東泰路２８之２０號,87.28,都市：其他:住宅區,,,1090414,土地2建物1車位0,全,三層,透天厝,住家用,鋼筋混凝土造,1090715,197.43,4,1,4,有,無,13000000,65846,,0.0,0,預售屋、或土地及建物分次登記案件；,RPTNMLTKKHGGFDD28EA,182.12,0.0,15.31,無,
新營區,房地(土地+建物),東泰路２８之２１號,87.13,都市：其他:住宅區,,,1090118,土地1建物1車位0,全,三層,透天厝,住家用,鋼筋混凝土造,1090715,197.43,4,1,4,有,無,12800000,64833,,0.0,0,預售屋、或土地及建物分次登記案件；,RPUNMLTKKHGGFDD38EA,182.12,0.0,15.31,無,
佳里區,房地(土地+建物)+車位,六安里林園街２１２之６號十一樓,34.81,都市：其他:住宅區,,,1100103,土地6建物1車位2,十一層，十二層,十二層,住宅大樓(11層含以上有電梯),住家用,鋼筋混凝土造,0850215,240.58999999999997,4,3,4,有,有,5370000,22320,坡道機械,0.0,0,,RPQNMLKLKHGGFGD47EA,173.83,0.0,16.12,有,
安南區,土地,鎮安段704地號,914.24,都市：其他:農業區,,,1100107,土地1建物0車位0,,,其他,,,,0.0,0,0,0,有,無,15210250,16637,,0.0,0,,RPPNMLTKKHGGFBD67EA,0.0,0.0,0.0,無,
安南區,土地,科工段427-1地號,5886.6,都市：其他:工業區,,,1100204,土地2建物0車位0,,,其他,,,,0.0,0,0,0,有,無,118679742,20161,,0.0,0,政府機關標讓售；,RPQNMLSKKHGGFBD67EA,0.0,0.0,0.0,無,
安南區,土地,原西段831-2地號,331.0,都市：其他:農業區,,,1090825,土地1建物0車位0,,,其他,,,,0.0,0,0,0,有,無,2503100,7562,,0.0,0,,RPRNMLSKKHGGFBD77EA,0.0,0.0,0.0,無,
永康區,房地(土地+建物),富強路二段１２８巷２５號,84.99,都市：其他:住宅區,,,1091228,土地1建物1車位0,全,四層,透天厝,住家用,見其他登記事項,1071221,157.59,6,2,4,有,無,11000000,69801,,0.0,0,親友、員工、共有人或其他特殊關係間之交易；,RPWOMLSKKHGGFKD56DA,146.8,0.0,10.79,無,1547
永康區,土地,六合段740地號,147.45,都市：其他:計畫道路用地,,,1100129,土地5建物0車位0,,,其他,,,,0.0,0,0,0,有,無,1092000,7406,,0.0,0,包含公共設施保留地用地；,RPQNMLTKKHGGFKD58DA,0.0,0.0,0.0,無,
永康區,房地(土地+建物)+車位,中正南路７７９巷１０弄１號五樓之３,29.83,都市：其他:住宅區,,,1100202,土地1建物1車位1,五層,七層,華廈(10層含以下有電梯),住家用,見其他登記事項,1070221,121.0,3,0,3,有,有,6680000,55207,坡道平面,27.73,0,夾層；,RPTNMLRKKHGGFKD68DA,52.65,0.0,6.15,有,
永康區,房地(土地+建物),中華二路２０６巷５２弄９號之５,24.98,都市：其他:商業區,,,1091231,土地1建物1車位0,五層,五層,公寓(5樓含以下無電梯),住家用,鋼筋混凝土造,0720128,92.81,2,2,1,有,無,3700000,39866,,0.0,0,其他增建；,RPOPMLRKKHGGFKD38DA,68.51,0.0,10.83,無,
永康區,房地(土地+建物),復國二路３３８巷２０號,85.19,都市：其他:住宅區,,,1091209,土地3建物1車位0,全,四層,透天厝,住家用,鋼筋混凝土造,0840512,178.67,4,2,3,有,無,8700000,48693,,0.0,0,,RPSNMLSKKHGGFKD68DA,168.22,1.8,8.65,無,
永康區,房地(土地+建物),大橋里中正路２７９巷２弄３號,1094.12,都市：其他:工業區,,,1091207,土地2建物2車位0,全,一層,透天厝,工業用,鋼造,0780315,768.71,5,2,4,有,無,53000000,68947,,0.0,0,,RPQOMLNJKHGGFKD97DA,731.68,37.03,0.0,無,
永康區,房地(土地+建物)+車位,復華里復華八街４７巷４１號五樓之３,16.98,都市：其他:住宅區,,,1091228,土地1建物1車位1,五層,六層,華廈(10層含以下有電梯),住家用,鋼筋混凝土造,0850426,98.99000000000001,3,1,2,有,有,4390000,44348,坡道平面,0.0,0,夾層；,RPWOMLSJKHGGFKD09DA,49.34,2.38,7.38,有,
永康區,房地(土地+建物)+車位,復國路７２號二樓之３,50.48,都市：其他:住宅區,,,1090531,土地1建物1車位1,二層,十四層,住宅大樓(11層含以上有電梯),住家用,鋼筋混凝土造,0960920,177.71,3,2,2,有,有,6350000,35732,坡道平面,0.0,0,,RPROMLSJKHGGFKD58DA,99.29,0.0,10.58,有,
永康區,土地,埔園段254地號,198.62,都市：其他:商業區,,,1091229,土地2建物0車位0,,,其他,,,,0.0,0,0,0,有,無,17483114,88023,,0.0,0,,RPXNMLSLJHGGFKD56DA,0.0,0.0,0.0,無,
永康區,房地(土地+建物)+車位,鹽行里永安路１６５巷１３５號六樓之１,21.82,都市：其他:住宅區,,,1100109,土地1建物1車位1,六層,十層,華廈(10層含以下有電梯),住家用,鋼筋混凝土造,0890816,146.19,3,2,2,有,有,6230000,42616,坡道平面,0.0,1000000,,RPSNMLTJJHGGFKD58DA,83.91,0.0,10.22,有,
玉井區,房地(土地+建物),大智街１１號,124.25,都市：其他:住宅區,,,1091231,土地1建物1車位0,全,二層,透天厝,住商用,加強磚造,0700108,170.58,4,2,3,有,無,5000000,29312,,0.0,0,親友、員工、共有人或其他特殊關係間之交易；受債權債務關係影響或債務抵償；,RPPNMLTJKHGGFJD28DA,161.27,0.0,9.31,無,
仁德區,房地(土地+建物)+車位,太子里長興路３２號六樓之３,22.02,都市：其他:商業區,,,1100121,土地1建物1車位1,六層,十二層,住宅大樓(11層含以上有電梯),見其他登記事項,鋼筋混凝土造,1041130,135.04,2,2,1,有,有,6300000,46653,坡道平面,15.92,0,,RPOOMLKLKHGGFID47DA,73.01,0.0,8.51,有,
永康區,土地,保生段925地號,265.46,都市：其他:道路用地,,,1100111,土地3建物0車位0,,,其他,,,,0.0,0,0,0,有,無,4820000,18157,,0.0,0,包含公共設施保留地用地；,RPTNMLSJKHGGFKD68DA,0.0,0.0,0.0,無,1548
永康區,土地,保生段925地號,1.83,都市：其他:道路用地,,,1100203,土地1建物0車位0,,,其他,,,,0.0,0,0,0,有,無,67000,36612,,0.0,0,包含公共設施保留地用地；,RPUNMLSJKHGGFKD78DA,0.0,0.0,0.0,無,1548
永康區,房地(土地+建物),廣興街６９巷１０弄９號,110.02,都市：其他:住宅區,,,1080619,土地1建物1車位0,全,四層,透天厝,住家用,鋼筋混凝土構造,1091103,245.39,6,2,5,有,無,13650000,55626,,0.0,0,,RPXOMLSJKHGGFKD56DA,225.47,0.0,19.92,無,
永康區,房地(土地+建物),東橋七路１９５號十一樓之７,14.86,都市：其他:住宅區,,,1100121,土地1建物1車位0,十一層,十六層,住宅大樓(11層含以上有電梯),住家用,見其他登記事項,1061114,87.69,2,1,1,有,有,5800000,66142,,0.0,0,,RPUNMLTJKHGGFKD88DA,49.79,1.08,7.22,有,1550
永康區,房地(土地+建物),烏竹里自強路７７３巷２弄５號七樓之４,15.31,都市：其他:住宅區,,,1100109,土地1建物1車位0,七層,七層,華廈(10層含以下有電梯),住家用,鋼筋混凝土造,0830128,96.6,3,2,2,有,有,3160000,32712,,0.0,0,,RPQOMLOJKHGGFKD08DA,72.14,0.0,5.8,有,
永康區,房地(土地+建物),中正路１２７巷１９弄４號,103.77,都市：其他:道路用地,,,1100122,土地2建物1車位0,全,二層,透天厝,住商用,加強磚造,0690100,108.57,7,2,3,有,無,8000000,73685,,0.0,0,頂樓加蓋；其他增建；,RPVNMLNJKHGGFKD38DA,108.57,0.0,0.0,無,
永康區,房地(土地+建物),西勢路１４３巷２８號,128.61,都市：其他:住宅區,,,1080925,土地1建物1車位0,全,四層,透天厝,住家用,見其他登記事項,1091103,267.23,6,2,5,有,無,15620000,58452,,0.0,0,,RPPNMLLMJHGGFKD77DA,248.64,0.0,18.59,無,
永康區,房地(土地+建物),西勢路１４３巷３８號,151.98,都市：其他:住宅區,,,1090527,土地2建物1車位0,全,四層,透天厝,住家用,鋼筋混凝土構造,1091103,223.42,6,2,4,有,無,12800000,57291,,0.0,0,,RPQNMLLMJHGGFKD87DA,207.42,0.0,16.0,無,
永康區,房地(土地+建物),西勢路１４３巷４０號,149.7,都市：其他:住宅區,,,1091213,土地2建物1車位0,全,四層,透天厝,住家用,鋼筋混凝土構造,1091103,222.96,6,2,4,有,無,12600000,56512,,0.0,0,,RPRNMLLMJHGGFKD97DA,207.42,0.0,15.54,無,
永康區,房地(土地+建物),廣興街６９巷１０弄１１號,86.23,都市：其他:住宅區,,,1080621,土地1建物1車位0,全,三層,透天厝,住家用,鋼筋混凝土構造,1091103,195.8,5,2,3,有,無,11650000,59499,,0.0,0,,RPSNMLLMJHGGFKD08DA,174.73,0.0,21.07,無,
永康區,房地(土地+建物),廣興街６９巷１０弄１３號,86.31,都市：其他:住宅區,,,1090718,土地1建物1車位0,全,三層,透天厝,住家用,鋼筋混凝土構造,1091103,195.8,5,2,3,有,無,11600000,59244,,0.0,0,,RPTNMLLMJHGGFKD18DA,174.73,0.0,21.07,無,
永康區,房地(土地+建物),廣興街６９巷１０弄１５號,86.39,都市：其他:住宅區,,,1081223,土地1建物1車位0,全,三層,透天厝,住家用,鋼筋混凝土構造,1091103,195.8,5,2,3,有,無,11720000,59857,,0.0,0,,RPUNMLLMJHGGFKD28DA,174.73,0.0,21.07,無,
永康區,房地(土地+建物),廣興街６９巷１０弄１７號,86.45,都市：其他:住宅區,,,1080611,土地2建物1車位0,全,三層,透天厝,住家用,鋼筋混凝土構造,1091103,195.8,5,2,3,有,無,11650000,59499,,0.0,0,,RPVNMLLMJHGGFKD38DA,174.73,0.0,21.07,無,
永康區,房地(土地+建物),廣興街６９巷１０弄１９號,85.98,都市：其他:住宅區,,,1090323,土地2建物1車位0,全,三層,透天厝,住家用,鋼筋混凝土構造,1091103,195.8,5,2,3,有,無,11500000,58733,,0.0,0,,RPWNMLLMJHGGFKD48DA,174.73,0.0,21.07,無,
永康區,房地(土地+建物),廣興街６９巷１０弄２１號,85.74,都市：其他:住宅區,,,1090419,土地1建物1車位0,全,三層,透天厝,住家用,鋼筋混凝土構造,1091103,195.8,5,2,3,有,無,11700000,59755,,0.0,0,,RPXNMLLMJHGGFKD58DA,174.73,0.0,21.07,無,
永康區,房地(土地+建物),廣興街６９巷１０弄２３號,85.95,都市：其他:住宅區,,,1080616,土地1建物1車位0,全,三層,透天厝,住家用,鋼筋混凝土構造,1091103,195.8,5,2,3,有,無,11700000,59755,,0.0,0,,RPOOMLLMJHGGFKD77DA,174.73,0.0,21.07,無,
永康區,房地(土地+建物),廣興街６９巷１０弄２５號,86.16,都市：其他:住宅區,,,1080625,土地1建物1車位0,全,三層,透天厝,住家用,鋼筋混凝土構造,1091103,195.8,5,2,3,有,無,11720000,59857,,0.0,0,預售屋、或土地及建物分次登記案件；,RPQOMLLMJHGGFKD97DA,174.73,0.0,21.07,無,
永康區,房地(土地+建物),廣興街６９巷１０弄２７號,87.1,都市：其他:住宅區,,,1090822,土地1建物1車位0,全,三層,透天厝,住家用,鋼筋混凝土構造,1091103,195.8,5,2,3,有,無,11760000,60061,,0.0,0,,RPROMLLMJHGGFKD08DA,174.73,0.0,21.07,無,
永康區,房地(土地+建物),廣興街６９巷１０弄２９號,94.05,都市：其他:住宅區,,,1080706,土地1建物1車位0,全,四層,透天厝,住家用,鋼筋混凝土構造,1091103,207.33,5,2,3,有,無,12900000,62220,,0.0,0,,RPSOMLLMJHGGFKD18DA,191.04,0.0,16.29,無,
永康區,房地(土地+建物),廣興街６９巷１０弄３１號,94.04,都市：其他:住宅區,,,1080625,土地1建物1車位0,全,四層,透天厝,住家用,鋼筋混凝土構造,1091103,207.33,5,2,3,有,無,11370000,54840,,0.0,0,,RPTOMLLMJHGGFKD28DA,191.04,0.0,16.29,無,
永康區,房地(土地+建物),廣興街６９巷１０弄３３號,89.54,都市：其他:住宅區,,,1090912,土地1建物1車位0,全,三層,透天厝,住家用,鋼筋混凝土構造,1091103,199.71,5,2,3,有,無,12400000,62090,,0.0,0,,RPUOMLLMJHGGFKD38DA,188.98,0.0,10.73,無,
永康區,房地(土地+建物),廣興街９５巷１１號,96.58,都市：其他:住宅區,,,1090607,土地1建物1車位0,全,四層,透天厝,住家用,鋼筋混凝土構造,1091103,209.99,4,2,4,有,無,12700000,60479,,0.0,0,,RPVOMLLMJHGGFKD48DA,191.53,0.0,18.46,無,
永康區,房地(土地+建物),廣興街９５巷１３號,88.55,都市：其他:住宅區,,,1081112,土地1建物1車位0,全,三層,透天厝,住家用,鋼筋混凝土構造,1091103,196.36,4,2,4,有,無,12490000,63608,,0.0,0,,RPWOMLLMJHGGFKD58DA,185.83,0.0,10.53,無,
永康區,房地(土地+建物),廣興街９５巷１５號,91.0,都市：其他:住宅區,,,1081019,土地1建物1車位0,全,三層,透天厝,住家用,鋼筋混凝土構造,1091103,196.36,4,2,4,有,無,12600000,64168,,0.0,0,,RPXOMLLMJHGGFKD68DA,185.83,0.0,10.53,無,
永康區,房地(土地+建物),廣興街９５巷１７號,93.44,都市：其他:住宅區,,,1080604,土地1建物1車位0,全,四層,透天厝,住家用,鋼筋混凝土構造,1091103,207.74,4,2,4,有,無,12800000,61615,,0.0,0,,RPOPMLLMJHGGFKD87DA,189.46,0.0,18.28,無,
永康區,房地(土地+建物),廣興街９５巷１９號,95.88,都市：其他:住宅區,,,1080604,土地1建物1車位0,全,四層,透天厝,住家用,鋼筋混凝土構造,1091103,207.74,4,2,4,有,無,12900000,62097,,0.0,0,,RPPPMLLMJHGGFKD97DA,189.46,0.0,18.28,無,
永康區,房地(土地+建物),廣興街９５巷２１號,92.06,都市：其他:住宅區,,,1091017,土地1建物1車位0,全,四層,透天厝,住家用,鋼筋混凝土構造,1091103,208.01,5,2,3,有,無,12400000,59613,,0.0,0,,RPQPMLLMJHGGFKD08DA,189.98,0.0,18.03,無,
永康區,房地(土地+建物)+車位,永平街２９８巷１５之７號,16.92,都市：其他:住宅區,,,1100122,土地1建物1車位1,四層,九層,華廈(10層含以下有電梯),住家用,鋼筋混凝土造,0851003,121.13999999999999,3,2,2,有,有,4700000,38798,一樓平面,0.0,0,,RPRNMLSKKHGGFKD58DA,73.27,0.0,11.86,有,
永康區,房地(土地+建物),大灣路４４巷２０弄５號,79.89,都市：其他:住宅區,,,1090120,土地2建物1車位0,全,四層,透天厝,集合住宅,鋼筋混凝土構造,1091110,157.99,5,2,5,有,無,11800000,74688,,0.0,0,,RPXOMLRKKHGGFKD56DA,139.44,0.0,18.55,無,0652
永康區,房地(土地+建物),永康里永大一路３５號,85.0,都市：其他:商業區,,,1100109,土地1建物1車位0,全,四層,透天厝,住商用,鋼筋混凝土造,0940502,255.35,4,3,5,有,無,18660000,73076,,0.0,0,,RPVNMLTKKHGGFKD09DA,223.29,0.67,31.39,無,
永康區,房地(土地+建物),中正路１巷１弄９號,62.43,都市：其他:住宅區,,,1091229,土地1建物1車位0,一層，二層,八層,公寓(5樓含以下無電梯),住家用,加強磚造,0691101,75.74,4,2,2,有,無,4400000,58093,,0.0,0,親友、員工、共有人或其他特殊關係間之交易；頂樓加蓋；其他增建；,RPOOMLTKKHGGFKD48DA,75.74,0.0,0.0,無,
永康區,房地(土地+建物),中華二路２６６巷２２號六樓之２,8.34,都市：其他:住宅區,,,1100120,土地1建物1車位0,六層,十九層,住宅大樓(11層含以上有電梯),住家用,鋼筋混凝土造,0860128,103.73,3,2,2,有,有,4150000,40008,,0.0,0,親友、員工、共有人或其他特殊關係間之交易；,RPPOMLTKKHGGFKD58DA,70.15,0.0,8.55,有,
永康區,房地(土地+建物),五王里南工街２４７巷６弄１５號五樓,34.16,都市：其他:住宅區,,,1100102,土地1建物1車位0,五層,五層,公寓(5樓含以下無電梯),住家用,鋼筋混凝土造,0820119,124.92999999999999,3,2,2,有,有,3200000,25614,,0.0,0,,RPVOMLTKKHGGFKD56DA,89.25,3.31,10.85,無,
安南區,土地,農場段809-1地號,354.84,都市：其他:主要計畫道路用地,,,1100121,土地2建物0車位0,,,其他,,,,0.0,0,0,0,有,無,2770000,7806,,0.0,0,標購包含公共設施保留地用地；,RPVNMLTKKHGGFBD28EA,0.0,0.0,0.0,無,
安南區,土地,溪東段1363-17地號,840.02,都市：其他:細部計畫道路用地,,,1100120,土地3建物0車位0,,,其他,,,,0.0,0,0,0,有,無,10248000,12200,,0.0,0,包含公共設施保留地用地；,RPXNMLTKKHGGFBD48EA,0.0,0.0,0.0,無,
安南區,土地,砂崙段131地號,439.2,都市：其他:主要計畫道路用地,,,1100119,土地2建物0車位0,,,其他,,,,0.0,0,0,0,有,無,1419000,3231,,0.0,0,包含公共設施保留地用地；,RPSNMLKLKHGGFBD17EA,0.0,0.0,0.0,無,0878
東區,房地(土地+建物),仁和路１０９巷１３號,44.0,都市：其他:第五種住宅區,,,1100122,土地1建物1車位0,全,二層,透天厝,住家用,加強磚造,0600919,48.24,2,2,1,有,無,2600000,53897,,0.0,0,,RPPOMLTKKHGGFCD87EA,48.24,0.0,0.0,無,
東區,房地(土地+建物),德東街２３５巷２１號六樓之１０,20.74,都市：其他:第五種住宅區,,,1100110,土地1建物1車位0,六層,七層,華廈(10層含以下有電梯),住家用,鋼筋混凝土造,0870112,109.25999999999999,3,2,2,有,有,5200000,47593,,0.0,0,,RPPNMLKLKHGGFCD96EA,75.01,0.0,8.59,有,
麻豆區,土地,大山段220地號,1384.92,都市：其他:計畫道路用地,,,1090809,土地6建物0車位0,,,其他,,,,0.0,0,0,0,有,無,17516465,12648,,0.0,0,,RPOOMLSKKHGGFFD97EA,0.0,0.0,0.0,無,
六甲區,土地,中社段1817地號,1141.0,,特定農業區,農牧用地,1100217,土地1建物0車位0,,,其他,,,,0.0,0,0,0,有,無,2624300,2300,,0.0,0,,RPRNMLMLKHGGFFD67EA,0.0,0.0,0.0,無,
六甲區,房地(土地+建物),建工街５９巷２弄７號,92.95,都市：其他:住宅區,,,1091221,土地2建物1車位0,全,二層,透天厝,住家用,加強磚造,0701231,104.72,4,1,2,有,無,742660,7092,,0.0,0,親友、員工、共有人或其他特殊關係間之交易；,RPQNMLPJKHGGFFD67EA,104.72,0.0,0.0,無,
六甲區,土地,七甲段145-65地號,90.0,都市：其他:住宅區,,,1091221,土地3建物0車位0,,,其他,,,,0.0,0,0,0,有,無,558000,6200,,0.0,0,親友、員工、共有人或其他特殊關係間之交易；未登記建物；,RPRNMLPJKHGGFFD77EA,0.0,0.0,0.0,無,
柳營區,房地(土地+建物),十美街１８６巷２０號,111.6,都市：其他:住宅區,,,1100124,土地2建物1車位0,全,三層,透天厝,住家用,鋼筋混凝土造,1090907,152.09,4,2,3,有,無,7550000,49642,,0.0,0,,RPPNMLKLKHGGFDD07EA,126.07,0.0,26.02,無,0948
新營區,土地,新富段361地號,70.56,都市：其他:主要計畫道路用地,,,1100119,土地2建物0車位0,,,其他,,,,0.0,0,0,0,有,無,1400000,19841,,0.0,0,包含公共設施保留地用地；,RPRNMLKLKHGGFDD27EA,0.0,0.0,0.0,無,
東山區,土地,前大埔段707-195地號,1005.0,,山坡地保育區,林業用地,1100204,土地1建物0車位0,,,其他,,,,0.0,0,0,0,有,無,400000,398,,0.0,0,,RPXNMLTKKHGGFED78EA,0.0,0.0,0.0,無,
後壁區,土地,安溪寮段下寮小段981地號,398.0,,特定農業區,農牧用地,1100129,土地1建物0車位0,,,其他,,,,0.0,0,0,0,有,無,318400,800,,0.0,0,,RPPNMLKLKHGGFED17EA,0.0,0.0,0.0,無,
後壁區,土地,上茄苳段上茄苳小段1014地號,2100.0,,特定農業區,農牧用地,1100126,土地1建物0車位0,,,其他,,,,0.0,0,0,0,有,無,2310000,1100,,0.0,0,,RPPNMLMLKHGGFED37EA,0.0,0.0,0.0,無,
後壁區,土地,上茄苳段上茄苳小段1421地號,3200.0,,特定農業區,農牧用地,1100209,土地1建物0車位0,,,其他,,,,0.0,0,0,0,有,無,5280000,1650,,0.0,0,,RPQNMLMLKHGGFED47EA,0.0,0.0,0.0,無,
鹽水區,土地,新岸段326地號,125.85,都市：其他:住宅區,,,1100205,土地1建物0車位0,,,其他,,,,0.0,0,0,0,有,無,2400000,19070,,0.0,0,,RPXNMLKLKHGGFDD87EA,0.0,0.0,0.0,無,
柳營區,土地,柳營段溫厝小段259地號,461.78,,特定農業區,農牧用地,1100205,土地1建物0車位0,,,其他,,,,0.0,0,0,0,有,無,184712,400,,0.0,0,,RPOOMLKLKHGGFDD07EA,0.0,0.0,0.0,無,1554
新營區,土地,新榮段279-1地號,412.38,都市：其他:工業區,,,1100209,土地1建物0車位0,,,其他,,,,0.0,0,0,0,有,無,11226960,27225,,0.0,0,,RPSNMLMLKHGGFDD57EA,0.0,0.0,0.0,無,
新化區,土地,洋子段627地號,161.0,,特定農業區,甲種建築用地,1100112,土地1建物0車位0,,,其他,,,,0.0,0,0,0,有,無,2566696,15942,,0.0,0,親友、員工、共有人或其他特殊關係間之交易；未登記建物；,RPXNMLTKKHGGFHD09EA,0.0,0.0,0.0,無,
新化區,土地,知母義段179-14地號,538.0,,一般農業區,農牧用地,1091201,土地1建物0車位0,,,其他,,,,0.0,0,0,0,有,無,1237400,2300,,0.0,0,協議價購；,RPQNMLKLKHGGFHD57EA,0.0,0.0,0.0,無,
歸仁區,土地,武東段31地號,108.43,都市：其他:住宅區,,,1100113,土地1建物0車位0,,,其他,,,,0.0,0,0,0,有,無,7800000,71936,,0.0,0,親友、員工、共有人或其他特殊關係間之交易；,RPVOMLMKJHGGFID28EA,0.0,0.0,0.0,無,
關廟區,土地,深坑子段800-10地號,1752.0,,一般農業區,農牧用地,1100125,土地1建物0車位0,,,其他,,,,0.0,0,0,0,有,無,5600000,3196,,0.0,0,,RPXOMLNLKIPFFID07EA,0.0,0.0,0.0,無,1555
仁德區,土地,興安段337地號,79.03,都市：其他:住宅區,,,1091222,土地1建物0車位0,,,其他,,,,0.0,0,0,0,有,無,3824000,48387,,0.0,0,,RPQNMLSKJHGGFID18DA,0.0,0.0,0.0,無,
仁德區,土地,上崙段324-4地號,1282.33,都市：其他:農業區,,,1091020,土地2建物0車位0,,,其他,,,,0.0,0,0,0,有,無,9100000,7096,,0.0,0,,RPWPMLTLJHGGFID56DA,0.0,0.0,0.0,無,
仁德區,房地(土地+建物),中山路３２８巷８號,80.06,都市：其他:住宅區,,,1100117,土地2建物1車位0,全,二層,透天厝,住家用,加強磚造,0811113,108.66,3,2,2,有,無,4000000,36812,,0.0,0,,RPRNMLRKKHGGFID28DA,98.46,6.24,3.96,無,
仁德區,房地(土地+建物),大甲里中正西路４０２號四樓之３,4.83,都市：其他:住宅區,,,1100201,土地2建物1車位0,四層,四層,華廈(10層含以下有電梯),見其他登記事項,鋼筋混凝土造,0960920,13.629999999999999,0,0,0,無,有,540000,39618,,0.0,0,,RPSNMLRKKHGGFID38DA,7.14,0.9,0.0,有,
歸仁區,土地,武東段452地號,220.07,都市：其他:住宅區,,,1091230,土地1建物0車位0,,,其他,,,,0.0,0,0,0,有,無,17500000,79520,,0.0,0,,RPRNMLTKKHGGFID48DA,0.0,0.0,0.0,無,
仁德區,房地(土地+建物),仁和里和愛街１３號八樓之１,52.82,都市：其他:住宅區,,,1091225,土地1建物1車位0,八層,十三層,住宅大樓(11層含以上有電梯),住家用,鋼筋混凝土造,0990422,168.57,3,2,2,有,有,5000000,29661,,0.0,0,親友、員工、共有人或其他特殊關係間之交易；,RPVNMLTKKHGGFID88DA,95.37,0.0,10.28,有,
歸仁區,房地(土地+建物),看東里成功六街１６號,79.0,都市：其他:住宅區,,,1100126,土地2建物1車位0,全,二層,透天厝,住商用,加強磚造,0680620,102.3,4,2,3,有,無,4000000,39101,,0.0,0,頂樓加蓋；其他增建；,RPUOMLSKKHGGFID78DA,102.3,0.0,0.0,無,0132
歸仁區,土地,歸仁北段203-47地號,106.87,都市：其他:住宅區,,,1091227,土地1建物0車位0,,,其他,,,,0.0,0,0,0,有,無,8000000,74857,,0.0,0,,RPUNMLSKKHGGFID68DA,0.0,0.0,0.0,無,
仁德區,房地(土地+建物)+車位,德南路１６８巷２號四樓之８,22.62,都市：其他:住宅區,,,1100120,土地2建物1車位1,四層,八層,華廈(10層含以下有電梯),見其他登記事項,見其他登記事項,1080201,110.19,2,2,1,有,有,5880000,53362,坡道平面,33.04,0,,RPWNMLSKKHGGFID88DA,49.24,0.0,3.34,有,1557
龍崎區,土地,龍船段36-25地號,3000.0,,山坡地保育區,農牧用地,1100122,土地1建物0車位0,,,其他,,,,0.0,0,0,0,有,無,750000,250,,0.0,0,,RPQOMLTKKHGGFID48DA,0.0,0.0,0.0,無,
龍崎區,土地,龍船段36-16地號,8500.0,,山坡地保育區,農牧用地,1100204,土地1建物0車位0,,,其他,,,,0.0,0,0,0,有,無,2125000,250,,0.0,0,,RPROMLTKKHGGFID58DA,0.0,0.0,0.0,無,1558
仁德區,房地(土地+建物),上崙里德善路３０５巷１３弄１８１號,76.31,都市：其他:住宅區,,,1091228,土地2建物1車位0,全,四層,透天厝,住家用,鋼筋混凝土造,1040730,170.45999999999998,4,2,3,有,有,10000000,58665,,0.0,0,陽台外推；頂樓加蓋；其他增建；,RPPNMLTKKHGGFID28DA,150.76,0.0,19.53,無,
善化區,房地(土地+建物),民生路２７５號三樓,7.95,都市：其他:商業區,,,1100107,土地1建物1車位0,三層,十層,公寓(5樓含以下無電梯),住商用,鋼筋混凝土造,0830708,57.650000000000006,1,1,1,有,有,3500000,60711,,0.0,0,,RPVOMLTKKHGGFHD88DA,41.21,0.0,5.85,無,1559
安定區,土地,蘇厝段1603地號,1600.0,都市：其他:農業區(供申請變更開發為產業支援區),,,1090905,土地1建物0車位0,,,其他,,,,0.0,0,0,0,有,無,21280000,13300,,0.0,0,,RPXOMLTKKHGGFHD09DA,0.0,0.0,0.0,無,
安定區,土地,海安段912地號,39.81,,鄉村區,乙種建築用地,1100201,土地1建物0車位0,,,其他,,,,0.0,0,0,0,有,無,602000,15122,,0.0,0,,RPVNMLTKKHGGFHD78DA,0.0,0.0,0.0,無,
善化區,土地,曾文段2264地號,1153.0,,特定農業區,農牧用地,1100203,土地1建物0車位0,,,其他,,,,0.0,0,0,0,有,無,6500000,5637,,0.0,0,,RPPOMLTKKHGGFHD28DA,0.0,0.0,0.0,無,
新市區,土地,大營段3190地號,293.0,,鄉村區,乙種建築用地,1100121,土地1建物0車位0,,,其他,,,,0.0,0,0,0,有,無,11000000,37543,,0.0,0,,RPQNMLQLJHGGFHD97DA,0.0,0.0,0.0,無,
新市區,房地(土地+建物),大洲４３之３１號,106.11,,鄉村區,乙種建築用地,1100117,土地4建物1車位0,全,三層,透天厝,住家用,鋼筋混凝土造,1090921,170.26,4,2,3,有,無,9700000,56972,,0.0,0,,RPWNMLPLJHGGFHD48DA,156.76,0.0,13.5,無,
安定區,房地(土地+建物),蘇厝３１２之６號,146.88,,鄉村區,乙種建築用地,1090504,土地2建物1車位0,全,四層,透天厝,住家用,鋼筋混凝土造,1091019,249.55,6,2,3,有,無,10580000,42396,,0.0,0,預售屋、或土地及建物分次登記案件；,RPVOMLPLJHGGFHD48DA,230.87,0.0,18.68,無,
新市區,房地(土地+建物),三舍２０３之６號,83.76,,鄉村區,乙種建築用地,1091129,土地3建物1車位0,全,四層,透天厝,見其他登記事項,鋼筋混凝土造,1091007,173.49,4,2,5,有,無,9850000,56776,,0.0,0,,RPSOMLRLJHGGFHD38DA,157.02,0.0,16.46,無,
新市區,房地(土地+建物),大洲４３之２６號,93.11,,鄉村區,乙種建築用地,1100126,土地3建物1車位0,全,三層,透天厝,住家用,鋼筋混凝土造,1090921,181.03,4,2,3,有,無,11200000,61868,,0.0,0,,RPSPMLSLJHGGFHD58DA,168.4,0.0,12.63,無,
西港區,土地,劉厝段1452地號,970.0,,特定農業區,農牧用地,1100114,土地1建物0車位0,,,其他,,,,0.0,0,0,0,有,無,2200000,2268,,0.0,0,,RPQNMLSKKHGGFGD08DA,0.0,0.0,0.0,無,
學甲區,房地(土地+建物),新榮里６鄰東寮６４之３２號,119.39,都市：其他:住宅區,,,1100112,土地2建物1車位0,全,二層,透天厝,住商用,加強磚造,0670123,101.2,2,1,2,有,無,1880000,18577,,0.0,0,,RPWOMLSKKHGGFGD78DA,101.2,0.0,0.0,無,
佳里區,房地(土地+建物),鎮山里勝利路１２１號,106.53,都市：其他:住宅區,,,1100204,土地2建物1車位0,全,二層,透天厝,住商用,加強磚造,0740712,115.21,4,3,2,有,無,6180000,53641,,0.0,0,,RPXNMLTKKHGGFGD88DA,107.52,0.0,7.69,無,
佳里區,房地(土地+建物),六安街２３巷６號,101.4,都市：其他:住宅區,,,1091227,土地1建物1車位0,全,三層,透天厝,見其他登記事項,鋼筋混凝土造,1090605,189.62,4,2,3,有,無,8750000,46145,,0.0,0,,RPOOMLTKKHGGFGD08DA,166.35,0.0,23.27,無,
佳里區,房地(土地+建物),六安街２３巷９號,101.76,都市：其他:住宅區,,,1091219,土地1建物1車位0,全,三層,透天厝,見其他登記事項,鋼筋混凝土造,1090605,183.92,4,2,3,有,無,8280000,45020,,0.0,0,,RPPOMLTKKHGGFGD18DA,161.64,0.0,22.28,無,
北門區,土地,溪底寮段三寮灣小段949地號,1242.0,,一般農業區,農牧用地,1100201,土地1建物0車位0,,,其他,,,,0.0,0,0,0,有,無,700000,564,,0.0,0,,RPTOMLLJKHGGFGD67DA,0.0,0.0,0.0,無,
佳里區,房地(土地+建物),六安里１３鄰六安１０３之９號,101.0,,特定農業區,甲種建築用地,1091227,土地1建物1車位0,全,四層,透天厝,住家用,鋼筋混凝土造,1020521,255.42,4,2,5,有,無,11000000,43066,,0.0,0,其他增建；,RPVNMLMJKHGGFGD87DA,234.55,0.0,20.87,無,
七股區,土地,下山子寮段73-5地號,22000.0,,一般農業區,養殖用地,1091124,土地1建物0車位0,,,其他,,,,0.0,0,0,0,有,無,7040000,320,,0.0,0,親友、員工、共有人或其他特殊關係間之交易；農業設施；,RPUNMLSKJHGGFGD38DA,0.0,0.0,0.0,無,
六甲區,房地(土地+建物),進化街４２巷５號,112.58,都市：其他:計畫道路用地,,,1100125,土地3建物1車位0,全,三層,透天厝,住家用,見其他登記事項,1091014,162.25,5,2,4,有,無,7750000,47766,,0.0,0,,RPVNMLSKKHGGFFD48DA,150.27,0.0,11.98,無,
麻豆區,土地,謝厝寮段882-7地號,352.0,,特定農業區,交通用地,1100118,土地1建物0車位0,,,其他,,,,0.0,0,0,0,有,無,1100000,3125,,0.0,0,包含公共設施保留地用地；,RPSNMLKLKHGGFFD47DA,0.0,0.0,0.0,無,
下營區,土地,營平段563-43地號,117.28,都市：其他:住宅區,,,1100127,土地1建物0車位0,,,其他,,,,0.0,0,0,0,有,無,3280975,27976,,0.0,0,,RPTNMLKLKHGGFFD57DA,0.0,0.0,0.0,無,
麻豆區,土地,謝厝寮段882-5地號,1768.0,,特定農業區,農牧用地,1100118,土地1建物0車位0,,,其他,,,,0.0,0,0,0,有,無,4500000,2545,,0.0,0,機電設備；,RPUNMLKLKHGGFFD67DA,0.0,0.0,0.0,無,
麻豆區,土地,油車段693-1地號,117.05,都市：其他:第三種住宅區。,,,1100121,土地1建物0車位0,,,其他,,,,0.0,0,0,0,有,無,4425900,37812,,0.0,0,,RPVNMLTKKHGGFFD58DA,0.0,0.0,0.0,無,1560
麻豆區,土地,港埔段352地號,185.6,,一般農業區,農牧用地,1100114,土地1建物0車位0,,,其他,,,,0.0,0,0,0,有,無,400000,2155,,0.0,0,親友、員工、共有人或其他特殊關係間之交易；,RPWNMLTKKHGGFFD68DA,0.0,0.0,0.0,無,
大內區,土地,大內段1460地號,703.5,,一般農業區,農牧用地,1100105,土地1建物0車位0,,,其他,,,,0.0,0,0,0,有,無,2400000,3412,,0.0,0,農作物；,RPSNMLTKKHGGFFD28DA,0.0,0.0,0.0,無,1561
大內區,土地,大內段1460地號,703.5,,一般農業區,農牧用地,1100105,土地1建物0車位0,,,其他,,,,0.0,0,0,0,有,無,2100000,2985,,0.0,0,農作物；,RPTNMLTKKHGGFFD38DA,0.0,0.0,0.0,無,1561
麻豆區,土地,晉江段29-17地號,76.25,都市：其他:第三種住宅區。,,,1100106,土地2建物0車位0,,,其他,,,,0.0,0,0,0,有,無,1550000,20328,,0.0,0,,RPPNMLKLKHGGFFD17DA,0.0,0.0,0.0,無,
將軍區,土地,山子段2923-2地號,171.07,,一般農業區,農牧用地,1100106,土地2建物0車位0,,,其他,,,,0.0,0,0,0,有,無,70276,411,,0.0,0,親友、員工、共有人或其他特殊關係間之交易；,RPQNMLPKJHGGFGD67DA,0.0,0.0,0.0,無,
北門區,土地,仁里段460地號,71.67,,特定農業區,甲種建築用地,1100114,土地1建物0車位0,,,其他,,,,0.0,0,0,0,有,無,731000,10200,,0.0,0,親友、員工、共有人或其他特殊關係間之交易；,RPPNMLOKJHGGFGD47DA,0.0,0.0,0.0,無,0324
白河區,房地(土地+建物),永安里１３鄰民安路６０號,111.0,都市：其他:住宅區,,,1100127,土地1建物1車位0,全,三層,透天厝,見其他登記事項,見其他登記事項,1090122,235.83,4,3,5,有,無,13210000,56015,,0.0,0,本件買賣土地價款新台幣3698800元，建物價款新台幣9511200元合計新台幣13210000元。,RPOOMLTKKHGGFED87DA,225.48,0.0,10.35,有,
白河區,土地,中興段1239地號,151.0,都市：其他:商業區,,,1100204,土地1建物0車位0,,,其他,,,,0.0,0,0,0,有,無,3500000,23179,,0.0,0,未登記建物；,RPRNMLMLKHGGFED47DA,0.0,0.0,0.0,無,
白河區,土地,六重溪段15-3地號,4025.75,,山坡地保育區,林業用地,1100125,土地1建物0車位0,,,其他,,,,0.0,0,0,0,有,無,2000000,497,,0.0,0,親友、員工、共有人或其他特殊關係間之交易；,RPRNMLPJKHGGFED57DA,0.0,0.0,0.0,無,1564
東區,房地(土地+建物),崇明路１３７號十六樓,3.83,都市：其他:第五種住宅區,,,1100129,土地1建物1車位0,十六層,十六層,住宅大樓(11層含以上有電梯),住家用,鋼筋混凝土造,0850203,37.21,1,1,1,有,有,1600000,42999,,0.0,0,,RPVOMLMJKHGGFCD57DA,25.19,0.0,3.14,有,
南區,房地(土地+建物)+車位,水交社路８０巷２８號七樓,24.18,都市：其他:住宅區,,,1091217,土地1建物1車位1,七層,七層,華廈(10層含以下有電梯),見其他登記事項,鋼筋混凝土造,1031016,129.46,2,2,1,有,有,6680000,51599,坡道平面,31.21,0,,RPTNMLMLKIPFFCD38DA,59.32,3.15,4.67,有,
東區,房地(土地+建物),東寧路３４２號四樓之４,4.91,都市：其他:第五種住宅區,,,1100128,土地2建物1車位0,四層,七層,華廈(10層含以下有電梯),住家用,鋼筋混凝土造,0821209,26.09,1,0,1,有,有,1200000,45995,,0.0,0,,RPPPMLSKKHGGFCD77DA,16.2,0.0,2.82,有,
東區,房地(土地+建物)+車位,中華東路二段１６７號十三樓之１２,4.06,都市：其他:第五種住宅區,,,1091230,土地2建物1車位1,十三層,十四層,住宅大樓(11層含以上有電梯),住家用,鋼筋混凝土造,0970229,72.15,1,1,1,有,有,3500000,48510,坡道平面,27.82,0,,RPPNMLTKKHGGFCD67DA,25.23,0.0,2.93,有,
南區,土地,白雪段58地號,0.72,都市：其他:住宅區,,,1100205,土地1建物0車位0,,,其他,,,,0.0,0,0,0,有,無,20000,0,,0.0,0,,RPQNMLTKKHGGFCD77DA,0.0,0.0,0.0,無,
東區,房地(土地+建物)+車位,崇德十八街１６號三樓,14.62,都市：其他:鄰里商業區,,,1100117,土地1建物1車位1,三層,六層,華廈(10層含以下有電梯),住家用,鋼筋混凝土造,0820216,95.93,2,1,1,有,有,4800000,50036,升降機械,0.0,0,,RPPNMLSKKHGGFCD57DA,59.96,0.0,5.9,有,
東區,土地,竹篙厝段4277地號,239.13,都市：其他:第五種住宅區,,,1091201,土地1建物0車位0,,,其他,,,,0.0,0,0,0,有,無,41955460,175450,,0.0,0,,RPQNMLSKKHGGFCD67DA,0.0,0.0,0.0,無,1565
東區,房地(土地+建物),大同路一段２７５巷６號五樓之２,18.05,都市：其他:中心商業區,,,1100123,土地2建物1車位0,五層,五層,公寓(5樓含以下無電梯),住家用,鋼筋混凝土造,0770924,71.84,3,1,1,有,無,2750000,38280,,0.0,0,,RPSNMLSKKHGGFCD87DA,59.38,0.0,1.31,無,
東區,房地(土地+建物),中華東路一段２巷１７號,90.0,都市：其他:鄰里商業區,,,1091230,土地1建物1車位0,全,二層,透天厝,住家用,加強磚造,0631122,87.1,5,1,5,有,無,12500000,143513,,0.0,0,陽台外推；頂樓加蓋；其他增建；含租約；,RPXNMLSKKHGGFCD38DA,87.1,0.0,0.0,無,
南區,房地(土地+建物),福吉五街１６巷１號,74.0,都市：其他:住宅區,,,1091215,土地1建物1車位0,全,三層,透天厝,住家用,鋼筋混凝土造,0650819,129.04,4,2,3,有,無,8000000,61996,,0.0,0,,RPXPMLRKKHGGFCD48DA,129.04,0.0,0.0,無,
南區,房地(土地+建物)+車位,水交社路２０巷１２號五樓之５,26.49,都市：其他:住宅區,,,1100129,土地3建物1車位1,五層,七層,華廈(10層含以下有電梯),見其他登記事項,鋼筋混凝土造,1051201,154.03,2,2,2,有,有,7875000,51126,坡道平面,25.33,0,親友、員工、共有人或其他特殊關係間之交易；,RPUPMLRKKHGGFCD18DA,71.32,0.99,10.43,有,1566
東區,房地(土地+建物),裕義路６２號,135.01,都市：其他:虎尾寮第二種住宅區,,,1091201,土地1建物1車位0,全,四層,透天厝,見其他登記事項,鋼筋混凝土造,1040416,256.53,5,2,4,有,無,23000000,89658,,0.0,0,,RPQNMLKLKHGGFCD96DA,236.94,1.6,17.99,無,
新營區,土地,茄苳段1062地號,331.75,都市：其他:住宅區,,,1100128,土地1建物0車位0,,,其他,,,,0.0,0,0,0,有,無,7024722,21175,,0.0,0,未登記建物；,RPQOMLTKKHGGFDD97DA,0.0,0.0,0.0,無,1567
新營區,房地(土地+建物),茄苳６１之５號,111.0,都市：其他:計畫道路用地,,,1100111,土地2建物1車位0,全,三層,透天厝,住家用,鋼筋混凝土造,0840810,221.14,7,2,4,有,無,7800000,35272,,0.0,0,其他增建；,RPTNMLRKKHGGFDD97DA,213.34,0.0,7.8,無,
新營區,土地,後鎮段2752地號,9646.0,,特定農業區,農牧用地,1100105,土地2建物0車位0,,,其他,,,,0.0,0,0,0,有,無,4090000,424,,0.0,0,承買人為三七五租約承租人。,RPQNMLKLKHGGFDD07DA,0.0,0.0,0.0,無,
鹽水區,土地,天保厝段779地號,4024.0,,特定農業區,農牧用地,1091223,土地2建物0車位0,,,其他,,,,0.0,0,0,0,有,無,4748000,1180,,0.0,0,,RPSNMLKLKHGGFDD27DA,0.0,0.0,0.0,無,
鹽水區,土地,南港段415地號,663.67,,鄉村區,乙種建築用地,1100208,土地2建物0車位0,,,其他,,,,0.0,0,0,0,有,無,2450000,3692,,0.0,0,,RPTNMLKLKHGGFDD37DA,0.0,0.0,0.0,無,
新營區,房地(土地+建物),南紙街１１７巷１６號二樓之六,21.02,都市：其他:住宅區,,,1100104,土地1建物1車位0,二層,七層,華廈(10層含以下有電梯),住家用,鋼筋混凝土造,0840119,114.00999999999999,3,2,2,有,有,2880000,25261,,0.0,0,陽台外推；,RPUNMLKLKHGGFDD47DA,75.52,0.0,15.69,有,
新營區,房地(土地+建物),延平路１４０巷５６號,128.75,都市：其他:住宅區,,,1100206,土地1建物1車位0,全,一層,透天厝,住家用,磚造,,77.78,3,2,1,有,無,2550000,32785,,0.0,0,其他增建；,RPWNMLKLKHGGFDD67DA,77.78,0.0,0.0,無,
新營區,土地,新卯舍段543-1地號,3669.07,都市：其他:綠地,,,1100104,土地2建物0車位0,,,其他,,,,0.0,0,0,0,有,無,8780000,2393,,0.0,0,,RPPOMLRKKHGGFDD67DA,0.0,0.0,0.0,無,
新營區,土地,新電段739地號,4638.15,都市：其他:住宅區,,,1091202,土地6建物0車位0,,,其他,,,,0.0,0,0,0,有,無,193796092,41783,,0.0,0,包含公共設施保留地用地；,RPQNMLPJKHGGFDD37DA,0.0,0.0,0.0,無,
新營區,土地,王公段726地號,17.9,都市：其他:住宅區,,,1100105,土地1建物0車位0,,,其他,,,,0.0,0,0,0,有,無,812000,45363,,0.0,0,,RPWNMLLLJHGGFDD67DA,0.0,0.0,0.0,無,
安南區,土地,海前段1143地號,1083.38,都市：其他:住宅區,,,1091105,土地1建物0車位0,,,其他,,,,0.0,0,0,0,有,無,95080000,87762,,0.0,0,,RPROMLSKKHGGFBD77DA,0.0,0.0,0.0,無,
安南區,房地(土地+建物),海環街３２巷７４號,74.9,都市：其他:住宅區,,,1100114,土地2建物1車位0,全,二層,透天厝,住家用,加強磚造,0690126,68.2,4,2,2,有,無,5000000,73314,,0.0,0,親友、員工、共有人或其他特殊關係間之交易；陽台外推；頂樓加蓋；,RPUOMLSKKHGGFBD08DA,68.2,0.0,0.0,無,
安南區,土地,和業段18-8地號,38.49,都市：其他:主要計畫道路用地,,,1100206,土地1建物0車位0,,,其他,,,,0.0,0,0,0,有,無,700000,18187,,0.0,0,,RPSNMLPJKHGGFBD37DA,0.0,0.0,0.0,無,
安南區,房地(土地+建物),環館路３６０巷４０號,129.92,都市：其他:住宅區,,,1070428,土地4建物1車位0,全,四層,透天厝,見其他登記事項,鋼筋混凝土造,1090924,257.27,4,2,3,有,有,16380000,63669,,0.0,0,,RPOSMLRJKIPFFBD58DA,244.73,0.0,11.26,有,
安南區,房地(土地+建物),環館路３６０巷３８號,123.9,都市：其他:住宅區,,,1081006,土地4建物1車位0,全,四層,透天厝,見其他登記事項,鋼筋混凝土造,1090924,257.27,4,2,3,有,有,16800000,65301,,0.0,0,,RPPSMLRJKIPFFBD68DA,244.73,0.0,11.26,有,
安南區,房地(土地+建物),環館路３６０巷２０號,154.88,都市：其他:住宅區,,,1070915,土地4建物1車位0,全,四層,透天厝,見其他登記事項,鋼筋混凝土造,1090924,297.69,4,2,3,有,有,19200000,64497,,0.0,0,,RPVSMLRJKIPFFBD66DA,282.7,0.0,13.71,有,
安南區,房地(土地+建物),環館路３６２巷２３號,134.93,都市：其他:住宅區,,,1090730,土地4建物1車位0,全,四層,透天厝,見其他登記事項,鋼筋混凝土造,1090924,266.96,4,2,3,有,有,16580000,62107,,0.0,0,,RPXQMLRJKIPFFBD66DA,254.42,0.0,11.26,有,
安南區,房地(土地+建物),環館路３６２巷１１號,151.57,都市：其他:住宅區,,,1091206,土地4建物1車位0,全,四層,透天厝,見其他登記事項,鋼筋混凝土造,1090924,295.19,4,2,3,有,有,19000000,64365,,0.0,0,,RPSPMLLKKIPFFBD18DA,280.49,0.0,13.42,有,
安平區,房地(土地+建物),民權路四段６７９巷２弄３０號,74.64,都市：其他:住宅區,,,1091226,土地1建物1車位0,全,四層,透天厝,見其他登記事項,鋼筋混凝土造,0851114,200.74,5,3,4,有,無,8880000,44236,,0.0,0,頂樓加蓋；,RPTQMLSKKHGGFAD08DA,193.28,3.71,3.75,無,
安南區,土地,溪心段495地號,41.23,都市：其他:細部計畫道路用地,,,1091118,土地3建物0車位0,,,其他,,,,0.0,0,0,0,有,無,240000,5821,,0.0,0,包含公共設施保留地用地；,RPPNMLSKJHGGFBD37DA,0.0,0.0,0.0,無,1568
安南區,房地(土地+建物),惠安街１４５巷２７號,110.5,都市：其他:住宅區,,,1100104,土地1建物1車位0,全,二層,透天厝,住家用,加強磚造,0690909,90.4,4,1,2,有,無,5600000,61947,,0.0,0,,RPXPMLLLJHGGFBD77DA,90.4,0.0,0.0,無,
北區,土地,小北段1122地號,28.79,都市：其他:住宅區,,,1100202,土地1建物0車位0,,,其他,,,,0.0,0,0,0,有,無,4500000,156304,,0.0,0,畸零地或有合併使用效益；,RPQQMLMJKHGGFAD07DA,0.0,0.0,0.0,無,1569
北區,房地(土地+建物),成功路３８８號十樓之１３,6.39,都市：其他:商業區,,,1100107,土地1建物1車位0,十層,十二層,住宅大樓(11層含以上有電梯),住家用,鋼筋混凝土造,0711012,63.54,2,2,1,有,有,2400000,37771,,0.0,0,,RPVPMLMJKHGGFAD47DA,41.45,0.0,5.99,有,1570
安平區,房地(土地+建物)+車位,國平南路９８號二十樓之５,31.9,都市：其他:商業區,,,1091007,土地2建物1車位1,二十層,二十四層,住宅大樓(11層含以上有電梯),見其他登記事項,見其他登記事項,1070529,361.81,3,2,3,有,有,23830000,66347,坡道平面,21.93,1280000,,RPUNMLOJKHGGFAD37DA,188.83,0.0,42.99,有,
安平區,房地(土地+建物)+車位,國平南路９６號二十四樓之３,33.98,都市：其他:商業區,,,1091124,土地2建物1車位2,二十四層,二十四層,住宅大樓(11層含以上有電梯),見其他登記事項,見其他登記事項,1070529,390.5,3,2,3,有,有,27680000,73506,坡道平面,43.86,2200000,,RPXOMLSLJHGGFAD28DA,190.86,0.0,45.49,有,
北區,房地(土地+建物),西門路四段５９６號,90.0,都市：其他:住宅區,,,1091201,土地2建物1車位0,全,三層,透天厝,住商用,鋼筋混凝土造,0700123,133.44,4,2,3,有,無,12800000,95923,,0.0,0,頂樓加蓋；其他增建；,RPORMLSLJHGGFAD67DA,133.44,0.0,0.0,無,1571
安平區,房地(土地+建物),慶平路１６６號九樓之３,9.24,都市：其他:商業區,,,1091224,土地1建物1車位0,九層,十二層,住宅大樓(11層含以上有電梯),住家用,鋼筋混凝土造,0850427,106.27000000000001,3,2,2,有,有,4000000,37640,升降機械,0.0,0,親友、員工、共有人或其他特殊關係間之交易；,RPXNMLSJKHGGFAD08DA,64.61,2.4,3.54,有,1572
安平區,房地(土地+建物),育平五街２之１號,7.84,都市：其他:住宅區,,,1100116,土地1建物1車位0,一層，二層,二十二層,住宅大樓(11層含以上有電梯),住商用,鋼筋混凝土造,0861021,111.78999999999999,1,1,2,有,有,4200000,37570,,0.0,0,親友、員工、共有人或其他特殊關係間之交易；,RPRNMLSJKHGGFAD47DA,92.92,0.0,11.38,有,
安平區,房地(土地+建物)+車位,永華五街１０號十二樓,8.63,都市：其他:商業區,,,1091212,土地1建物1車位1,十二層,二十九層,住宅大樓(11層含以上有電梯),見其他登記事項,見其他登記事項,1070921,148.81,2,2,2,有,有,14690000,107931,坡道機械,23.36,1150000,,RPOQMLOJKHGGFAD07DA,92.77,2.89,6.97,有,
安平區,房地(土地+建物)+車位,永華五街１０號六樓,8.63,都市：其他:商業區,,,1091219,土地1建物1車位1,六層,二十九層,住宅大樓(11層含以上有電梯),見其他登記事項,見其他登記事項,1070921,172.17000000000002,2,2,2,有,有,13970000,86150,坡道機械,23.36,1150000,,RPWPMLOJKHGGFAD77DA,92.77,2.89,6.97,有,
中西區,房地(土地+建物)+車位,中華西路二段４１２號三樓之５,27.22,都市：其他:住宅區,,,1100123,土地1建物1車位1,三層,二十五層,住宅大樓(11層含以上有電梯),集合住宅,鋼筋混凝土構造,1060817,282.67,3,2,3,有,有,16960000,63728,坡道平面,33.8,1100000,,RPQNMLTKKHGGFAD57DA,161.85,0.0,13.73,有,
中西區,房地(土地+建物),開山路１２２巷３６弄５號,39.15,都市：其他:商業區,,,1100202,土地1建物1車位0,全,二層,透天厝,住家用,磚造,,55.97,2,1,1,有,無,1708775,30530,,0.0,0,親友、員工、共有人或其他特殊關係間之交易；頂樓加蓋；,RPVNMLTKKHGGFAD08DA,55.97,0.0,0.0,無,
北區,土地,公園段137-2地號,26.8,都市：其他:商業區,,,1100208,土地2建物0車位0,,,其他,,,,0.0,0,0,0,有,無,3307909,123429,,0.0,0,政府機關標讓售；,RPWNMLTKKHGGFAD18DA,0.0,0.0,0.0,無,
安平區,房地(土地+建物)+車位,平通路５８０巷１０３號二樓之１,18.25,都市：其他:住宅區,,,1100122,土地5建物1車位1,二層,十層,華廈(10層含以下有電梯),住家用,鋼筋混凝土造,0850822,142.57,3,2,2,有,有,5600000,39279,坡道平面,0.0,0,,RPXNMLSKKHGGFAD18DA,73.7,2.88,13.16,有,
安平區,房地(土地+建物),建平十七街２３１號十六樓之３,6.04,都市：其他:商業區,,,1100107,土地1建物1車位0,十六層,十七層,住宅大樓(11層含以上有電梯),住家用,鋼筋混凝土造,0840829,117.36,3,2,2,有,有,4500000,38344,,0.0,0,,RPQOMLRKKHGGFAD47DA,80.41,0.0,12.22,有,1573
北區,房地(土地+建物)+車位,海安路三段８６８號五樓之２,24.25,都市：其他:住宅區,,,1100112,土地1建物1車位1,五層,二十四層,住宅大樓(11層含以上有電梯),見其他登記事項,見其他登記事項,1070409,256.29999999999995,4,2,2,有,有,21680000,92238,坡道平面,35.35,1300000,,RPTNMLMKJHGGFAD07DA,140.2,0.0,16.94,有,1574
安平區,土地,金城段29-65地號,72.73,都市：其他:住宅區,,,1091130,土地1建物0車位0,,,其他,,,,0.0,0,0,0,有,無,7480000,102846,,0.0,0,畸零地或有合併使用效益；,RPUNMLLJKIPFFAD97DA,0.0,0.0,0.0,無,
北區,房地(土地+建物),北成路８０巷２２弄６號,23.9,都市：其他:住宅區,,,1091229,土地1建物1車位0,一層，夾層,九層,公寓(5樓含以下無電梯),住家用,鋼筋混凝土造,0840913,95.94,2,2,2,有,有,5750000,59927,,0.0,0,,RPSOMLKMKIPFFAD08DA,80.71,0.0,0.0,無,
安平區,房地(土地+建物)+車位,建平十五街５６之１號,24.11,都市：其他:住宅區,,,1091225,土地1建物1車位1,一層,六層,華廈(10層含以下有電梯),住家用,鋼筋混凝土造,0810724,138.19,4,2,2,有,有,5100000,36906,升降平面,0.0,0,其他增建；,RPUOMLLLJHGGFAD27DA,74.04,15.39,0.0,有,1575
北區,房地(土地+建物)+車位,北門路二段５４７巷２８號四樓之５,31.08,都市：其他:住宅區,,,1100126,土地1建物1車位1,四層,十一層,住宅大樓(11層含以上有電梯),見其他登記事項,鋼筋混凝土造,0930521,143.2,3,1,2,有,有,6000000,41899,坡道平面,0.0,0,其他增建；,RPPNMLKLKHGGFAD66DA,86.32,0.0,8.6,有,
安平區,房地(土地+建物)+車位,平豐路１２２號二十二樓之１,43.18,都市：其他:住宅區,,,1100111,土地1建物1車位2,二十二層,二十七層,住宅大樓(11層含以上有電梯),見其他登記事項,見其他登記事項,1050604,300.28999999999996,2,2,3,有,有,17200000,57278,坡道平面,72.02,0,,RPQNMLKLKHGGFAD76DA,147.61,0.0,9.76,有,1576
安平區,房地(土地+建物),永華路二段９０６號十三樓之５,8.89,都市：其他:商業區,,,1100121,土地1建物1車位0,十三層,十四層,住宅大樓(11層含以上有電梯),見其他登記事項,見其他登記事項,0960111,106.35,3,2,2,有,有,3500000,32910,,0.0,0,親友、員工、共有人或其他特殊關係間之交易；,RPPNMLSKKHGGFAD37DA,70.52,0.0,7.68,有,
北區,房地(土地+建物),公園路１２８號二樓之２７,15.23,都市：其他:細部計畫道路用地,,,1100201,土地13建物1車位0,二層,八層,華廈(10層含以下有電梯),住家用,鋼筋混凝土造,0700923,106.61,3,1,1,有,有,2650000,24857,,0.0,0,親友、員工、共有人或其他特殊關係間之交易；,RPQOMLMLKHGGFAD07DA,82.35,0.0,0.0,有,
安平區,房地(土地+建物)+車位,永華五街８號十三樓,9.16,都市：其他:商業區,,,1091207,土地1建物1車位1,十三層,二十九層,住宅大樓(11層含以上有電梯),見其他登記事項,見其他登記事項,1070921,182.64,3,2,2,有,有,16300000,94488,坡道機械,23.36,1250000,,RPVPMLOJKHGGFAD67DA,99.3,0.77,9.66,有,
中西區,房地(土地+建物),府前一街１７１號五樓之２,7.73,都市：其他:住宅區,,,1100122,土地1建物1車位0,五層,五層,公寓(5樓含以下無電梯),住家用,鋼筋混凝土造,0780112,29.8,1,0,1,有,無,850000,28523,,0.0,0,,RPOPMLPJKHGGFAD07DA,20.92,0.0,3.22,無,
安平區,房地(土地+建物)+車位,永華路二段８００號二十二樓,23.52,都市：其他:住宅區,,,1091220,土地1建物1車位1,二十二層,二十九層,住宅大樓(11層含以上有電梯),見其他登記事項,見其他登記事項,1070125,260.72,3,2,3,有,有,16300000,61916,坡道平面,24.11,1650000,,RPUNMLTJKHGGFAD87DA,131.12,10.61,17.01,有,
安平區,房地(土地+建物)+車位,永華路二段７９６號二十四樓,22.8,都市：其他:住宅區,,,1091217,土地1建物1車位2,二十四層,二十九層,住宅大樓(11層含以上有電梯),見其他登記事項,見其他登記事項,1070125,251.93,3,2,2,有,有,15500000,63314,坡道平面,42.34,2230000,,RPVNMLTJKHGGFAD97DA,120.22,8.71,11.49,有,
安南區,土地,本淵段672地號,0.37,都市：其他:住宅區,,,1091118,土地1建物0車位0,,,其他,,,,0.0,0,0,0,有,無,5600,0,,0.0,0,親友、員工、共有人或其他特殊關係間之交易；,RPPNMLLLJHGGFBD76DA,0.0,0.0,0.0,無,1044
安南區,土地,十字段1168地號,196.69,都市：其他:住宅區,,,1091230,土地1建物0車位0,,,其他,,,,0.0,0,0,0,有,無,16500000,83888,,0.0,0,,RPQOMLKLJHGGFBD86DA,0.0,0.0,0.0,無,
安南區,房地(土地+建物),環館路３６０巷１３號,240.38,都市：其他:住宅區,,,1081126,土地4建物1車位0,全,四層,透天厝,見其他登記事項,鋼筋混凝土造,1090924,327.28999999999996,5,2,4,有,有,30000000,91662,,0.0,0,,RPUTMLRJKIPFFBD66DA,312.84,0.0,13.17,有,
安南區,房地(土地+建物),環館路３６０巷１２號,152.28,都市：其他:住宅區,,,1090327,土地4建物1車位0,全,四層,透天厝,見其他登記事項,鋼筋混凝土造,1090924,295.19,4,2,3,有,有,19320000,65449,,0.0,0,,RPOTMLRJKIPFFBD68DA,280.49,0.0,13.42,有,
安南區,房地(土地+建物),安中路一段６３９巷８０弄２９號,101.0,都市：其他:商業區,,,1100123,土地5建物1車位0,全,四層,透天厝,見其他登記事項,鋼筋混凝土造,0960326,159.84,4,2,4,有,有,10500000,65691,,0.0,0,其他增建；,RPWNMLSJKHGGFBD08DA,151.5,0.0,8.34,無,
安南區,土地,北興段39-1地號,5232.96,都市：其他:河川區,,,1091217,土地2建物0車位0,,,其他,,,,0.0,0,0,0,有,無,15500000,2962,,0.0,0,,RPRNMLSKKHGGFBD67DA,0.0,0.0,0.0,無,
安南區,土地,怡中段467地號,3323.85,都市：其他:變電所用地,,,1091230,土地2建物0車位0,,,其他,,,,0.0,0,0,0,有,無,110600000,33275,,0.0,0,,RPVNMLTKKHGGFBD18DA,0.0,0.0,0.0,無,
安南區,房地(土地+建物),安和路一段４５９巷３８號,110.01,都市：其他:細部計畫道路用地,,,1091231,土地2建物1車位0,全,二層,透天厝,住家用,加強磚造,0651229,102.3,4,2,2,有,無,4380000,42815,,0.0,0,親友、員工、共有人或其他特殊關係間之交易；預售屋、或土地及建物分次登記案件；,RPOOMLTKKHGGFBD57DA,102.3,0.0,0.0,無,
安南區,土地,溪東段73地號,120.5,都市：其他:住宅區,,,1100120,土地1建物0車位0,,,其他,,,,0.0,0,0,0,有,無,3900000,32365,,0.0,0,,RPQNMLKLKHGGFBD86DA,0.0,0.0,0.0,無,
安南區,房地(土地+建物),國安街５６巷９７弄６號,91.64,都市：其他:住宅區,,,1100106,土地1建物1車位0,全,二層,透天厝,住家用,加強磚造,0700203,100.95,4,2,2,有,無,2080368,20608,,0.0,0,親友、員工、共有人或其他特殊關係間之交易；,RPPNMLLLKHGGFBD86DA,100.95,0.0,0.0,無,
安南區,房地(土地+建物),安富街２５１巷５６弄３９號,88.15,都市：其他:住宅區,,,1100114,土地1建物1車位0,全,二層,透天厝,住家用,加強磚造,0701204,114.86,4,2,2,有,無,5500000,47884,,0.0,0,,RPRNMLMLKHGGFBD17DA,108.73,0.0,6.13,無,
鹽水區,房地(土地+建物),和平路２５３號,95.97,都市：其他:住宅區,,,1091212,土地1建物1車位0,全,三層,透天厝,住商用,鋼筋混凝土造,1090228,187.41,4,2,4,有,無,8300000,44288,,0.0,0,,RPPNMLMLKHGGFDD17DA,175.59,0.0,11.82,無,
鹽水區,房地(土地+建物),和平路２５１號,94.91,都市：其他:住宅區,,,1091224,土地1建物1車位0,全,三層,透天厝,住商用,鋼筋混凝土造,1090228,187.41,4,2,4,有,無,8150000,43488,,0.0,0,,RPQNMLMLKHGGFDD27DA,175.59,0.0,11.82,無,
鹽水區,房地(土地+建物),汫水里１２鄰溪州寮２之４５號,86.0,,特定農業區,甲種建築用地,1100119,土地1建物1車位0,全,三層,透天厝,住家用,鋼筋混凝土造,1000913,144.29,4,2,4,有,無,5900000,40890,,0.0,0,,RPRNMLMLKHGGFDD37DA,133.87,0.0,10.42,無,1578
鹽水區,土地,天保厝段780地號,2560.0,,特定農業區,農牧用地,1100115,土地1建物0車位0,,,其他,,,,0.0,0,0,0,有,無,3020000,1180,,0.0,0,,RPUNMLMLKHGGFDD67DA,0.0,0.0,0.0,無,
新營區,房地(土地+建物)+車位,隋唐街７號三樓之一,33.36,都市：其他:住宅區,,,1091201,土地1建物1車位1,三層,十五層,住宅大樓(11層含以上有電梯),見其他登記事項,鋼筋混凝土造,1090331,203.15,4,2,2,有,有,9670000,47448,坡道平面,22.53,1100000,房地總價含管理費預售屋、或土地及建物分次登記案件；,RPSOMLRKKHGGFDD97DA,110.45,0.0,11.61,有,
新營區,房地(土地+建物)+車位,隋唐街９號十一樓之二,32.13,都市：其他:住宅區,,,1091001,土地1建物1車位1,十一層,十五層,住宅大樓(11層含以上有電梯),見其他登記事項,鋼筋混凝土造,1090331,195.87,4,2,2,有,有,10390000,53594,坡道平面,22.53,1100000,房地總價含管理費預售屋、或土地及建物分次登記案件；,RPVOMLRKKHGGFDD28DA,106.3,0.0,10.94,有,
新營區,房地(土地+建物)+車位,隋唐街１１號四樓之二,26.57,都市：其他:住宅區,,,1100108,土地1建物1車位1,四層,十五層,住宅大樓(11層含以上有電梯),見其他登記事項,鋼筋混凝土造,1090331,168.28,3,2,2,有,有,8200000,48714,坡道平面,22.53,1100000,房地總價含管理費、商品提貨單預售屋、或土地及建物分次登記案件；,RPWOMLRKKHGGFDD38DA,87.96,0.0,10.73,有,
新營區,土地,華城段627-1地號,200.72,都市：其他:主要計畫道路用地,,,1091229,土地4建物0車位0,,,其他,,,,0.0,0,0,0,有,無,1200000,5978,,0.0,0,包含公共設施保留地用地；,RPQNMLSKKHGGFDD77DA,0.0,0.0,0.0,無,
新營區,土地,茄苳段447地號,846.1,都市：其他:住宅區,,,1100203,土地2建物0車位0,,,其他,,,,0.0,0,0,0,有,無,51189050,60500,,0.0,0,,RPUNMLOJKHGGFDD67DA,0.0,0.0,0.0,無,
新營區,房地(土地+建物),忠政里府西路４７巷１１之１號,25.87,都市：其他:住宅區,,,1091215,土地2建物1車位0,二層,六層,華廈(10層含以下有電梯),住家用,鋼筋混凝土造,0820215,115.88,3,2,2,有,有,3100000,26752,,0.0,0,,RPSOMLMKJHGGFDD37DA,79.36,0.0,3.0,有,
東區,房地(土地+建物),東寧路５４０號五樓之１,6.7,都市：其他:第五種住宅區,,,1100131,土地2建物1車位0,五層,七層,華廈(10層含以下有電梯),住家用,鋼筋混凝土造,0780425,34.08,1,0,1,有,有,1550000,45481,,0.0,0,,RPVNMLKLKHGGFCD47DA,20.99,0.0,0.0,有,
東區,土地,大同段533地號,13.2,都市：其他:沿街商業區,,,1100205,土地3建物0車位0,,,其他,,,,0.0,0,0,0,有,無,2217072,167960,,0.0,0,政府機關標讓售；,RPXNMLKLKHGGFCD67DA,0.0,0.0,0.0,無,
東區,房地(土地+建物)+車位,崇明十街７２號五樓之４,21.18,都市：其他:第五種住宅區,,,1091230,土地1建物1車位1,五層,六層,華廈(10層含以下有電梯),住家用,鋼筋混凝土造,0800827,136.85000000000002,3,2,2,有,有,5000000,36536,升降平面,0.0,0,,RPOQMLRKKHGGFCD67DA,77.89,1.6,9.19,有,
東區,房地(土地+建物),大同路一段２４１巷５１號四樓,29.33,都市：其他:第五種住宅區,,,1091210,土地1建物1車位0,四層,五層,公寓(5樓含以下無電梯),住家用,鋼筋混凝土造,0700602,87.67999999999999,2,2,1,有,無,1950000,22240,,0.0,0,,RPPPMLRKKHGGFCD67DA,73.82,0.0,0.0,無,
南區,房地(土地+建物),金華路一段１５４巷４６號三樓之１三樓之２,27.69,都市：其他:住宅區,,,1091226,土地1建物1車位0,三層,五層,華廈(10層含以下有電梯),住家用,鋼筋混凝土造,0710226,81.32000000000001,2,2,1,有,無,2550000,31358,,0.0,0,,RPOOMLSKKHGGFCD57DA,57.62,0.0,11.36,有,
東區,房地(土地+建物)+車位,仁和路９５號之１０之３，三樓,25.68,都市：其他:第五種住宅區,,,1091215,土地2建物1車位1,三層,五層,華廈(10層含以下有電梯),見其他登記事項,見其他登記事項,1090710,87.5,2,2,1,有,無,6050000,67586,一樓平面,14.26,1100000,,RPSOMLTKKHGGFCD08DA,52.25,0.0,3.18,有,
東區,房地(土地+建物)+車位,仁和路９５號之１０之３，五樓,25.68,都市：其他:第五種住宅區,,,1091215,土地2建物1車位1,五層,五層,華廈(10層含以下有電梯),見其他登記事項,見其他登記事項,1090710,87.5,2,2,1,有,無,6000000,66903,一樓平面,14.26,1100000,,RPTOMLTKKHGGFCD18DA,52.25,0.0,3.18,有,
東區,房地(土地+建物),仁和路９５號之１０之１，二樓,27.4,都市：其他:第五種住宅區,,,1091215,土地2建物1車位0,二層,五層,華廈(10層含以下有電梯),見其他登記事項,見其他登記事項,1090710,82.5,2,2,1,有,無,5200000,63030,,0.0,0,,RPVOMLTKKHGGFCD38DA,56.03,0.0,7.45,有,
東區,房地(土地+建物)+車位,崇善一街８０號八樓之１,10.67,都市：其他:細部計畫道路用地,,,1091229,土地3建物1車位1,八層,十八層,住宅大樓(11層含以上有電梯),住家用,鋼筋混凝土造,0850209,127.58,3,2,2,有,有,6500000,50948,坡道機械,0.0,0,,RPXOMLTKKHGGFCD58DA,75.39,0.89,12.16,有,1579
南區,房地(土地+建物),喜樹路１５１巷３６弄６號,121.0,都市：其他:住宅區,,,1100124,土地1建物1車位0,全,三層,透天厝,住家用,鋼筋混凝土造,1060206,216.19,6,2,4,有,無,13370000,61844,,0.0,0,其他增建；,RPUOMLNJKHGGFCD57DA,207.34,0.0,8.86,無,
東區,房地(土地+建物),崇善九街２１號,92.0,都市：其他:第五種住宅區,,,1100105,土地1建物1車位0,全,二層,透天厝,住家用,加強磚造,0680528,112.56,6,2,3,有,無,11000000,97726,,0.0,0,陽台外推；頂樓加蓋；其他增建；,RPUNMLPJJHGGFCD57DA,112.56,0.0,0.0,無,
東區,房地(土地+建物),崇善路８１４號,66.6,都市：其他:第五種住宅區,,,1100125,土地2建物1車位0,全,三層,透天厝,住商用,鋼筋混凝土造,0680808,91.21,3,2,3,有,無,6650000,72909,,0.0,0,,RPRNMLTLJHGGFCD87DA,91.2,0.0,0.0,無,
東區,房地(土地+建物)+車位,東光路一段１５號五樓,22.34,都市：其他:第五種住宅區,,,1100122,土地1建物1車位1,五層,八層,華廈(10層含以下有電梯),住家用,鋼筋混凝土造,0811223,154.63,4,2,2,有,有,8600000,55617,坡道平面,0.0,1000000,,RPUOMLMLJHGGFCD57DA,97.52,0.0,4.52,有,
麻豆區,土地,謝厝寮段988-10地號,1046.0,,特定農業區,農牧用地,1091224,土地3建物0車位0,,,其他,,,,0.0,0,0,0,有,無,2350000,2247,,0.0,0,農作物；,RPRNMLKLKHGGFFD37DA,0.0,0.0,0.0,無,
大內區,土地,大內段1401-1地號,1324.0,,一般農業區,農牧用地,1091214,土地1建物0車位0,,,其他,,,,0.0,0,0,0,有,無,2180000,1647,,0.0,0,農作物；,RPPOMLTKKHGGFFD08DA,0.0,0.0,0.0,無,
麻豆區,土地,前後班段566地號,58.38,都市：其他:計畫道路用地,,,1100120,土地1建物0車位0,,,其他,,,,0.0,0,0,0,有,無,875700,15000,,0.0,0,親友、員工、共有人或其他特殊關係間之交易；,RPRNMLTKKHGGFFD18DA,0.0,0.0,0.0,無,
麻豆區,土地,大埤段1105地號,441.2,都市：其他:第三種住宅區。,,,1100107,土地1建物0車位0,,,其他,,,,0.0,0,0,0,有,無,4750000,10766,,0.0,0,,RPPOMLSKKHGGFFD97DA,0.0,0.0,0.0,無,
六甲區,房地(土地+建物),龜子港１１１巷６８弄１７號,74.11,,特定農業區,甲種建築用地,1080709,土地5建物1車位0,全,二層,透天厝,住家用,見其他登記事項,1090910,75.56,3,2,2,有,無,4630000,61276,,0.0,0,預售屋、或土地及建物分次登記案件；,RPPNMLTKKHGGFFD97DA,64.38,0.0,11.18,無,
麻豆區,土地,謝厝寮段1128地號,179.42,,鄉村區,乙種建築用地,1100202,土地1建物0車位0,,,其他,,,,0.0,0,0,0,有,無,2170000,12095,,0.0,0,,RPQNMLMLKHGGFFD47DA,0.0,0.0,0.0,無,
麻豆區,土地,南寮段664地號,1065.0,,特定農業區,農牧用地,1100102,土地1建物0車位0,,,其他,,,,0.0,0,0,0,有,無,1600000,1502,,0.0,0,,RPSNMLMLKHGGFFD67DA,0.0,0.0,0.0,無,
麻豆區,土地,安業段99-2地號,47.67,,鄉村區,乙種建築用地,1100126,土地3建物0車位0,,,其他,,,,0.0,0,0,0,有,無,960000,20138,,0.0,0,,RPVNMLKLKHGGFFD77DA,0.0,0.0,0.0,無,1580
麻豆區,土地,安業段99-2地號,31.78,,鄉村區,乙種建築用地,1100126,土地3建物0車位0,,,其他,,,,0.0,0,0,0,有,無,560000,17621,,0.0,0,親友、員工、共有人或其他特殊關係間之交易；,SPVNMLKLKHGGFFD87DA,0.0,0.0,0.0,無,1580
麻豆區,土地,安業段99-2地號,31.78,,鄉村區,乙種建築用地,1100126,土地3建物0車位0,,,其他,,,,0.0,0,0,0,有,無,560000,17621,,0.0,0,親友、員工、共有人或其他特殊關係間之交易；,TPVNMLKLKHGGFFD97DA,0.0,0.0,0.0,無,1580
官田區,房地(土地+建物),工社中街１６巷１１號,192.42,都市：其他:公園兼兒童遊樂場用地,,,1091206,土地3建物1車位0,全,三層,透天厝,住家用,見其他登記事項,1080705,251.97,5,2,5,有,無,16200000,64293,,0.0,0,,RPWNMLKLKHGGFFD87DA,227.7,24.27,0.0,無,
六甲區,房地(土地+建物),進化街４２巷８弄５號,109.3,都市：其他:住宅區,,,1100125,土地3建物1車位0,全,三層,透天厝,住家用,見其他登記事項,1091014,158.01,4,2,3,有,無,7650000,48415,,0.0,0,,RPUNMLSKKHGGFFD38DA,146.16,0.0,11.85,無,
麻豆區,土地,南勢段424地號,26.26,都市：其他:第三種住宅區。,,,1100209,土地1建物0車位0,,,其他,,,,0.0,0,0,0,有,無,953198,36298,,0.0,0,,RPQNMLTJKHGGFFD97DA,0.0,0.0,0.0,無,
麻豆區,土地,磚井段970地號,667.34,都市：其他:農業區,,,1100125,土地1建物0車位0,,,其他,,,,0.0,0,0,0,有,無,900000,1349,,0.0,0,親友、員工、共有人或其他特殊關係間之交易；,RPUNMLPJKHGGFFD97DA,0.0,0.0,0.0,無,
佳里區,房地(土地+建物),漳洲里４鄰番子寮２１３號之３附１,88.35,,鄉村區,乙種建築用地,1100106,土地2建物1車位0,全,四層,透天厝,住家用,鋼筋混凝土造,0850709,143.68,4,2,3,有,無,3800000,26448,,0.0,0,其他增建；,RPSOMLMLJHGGFGD77DA,132.96,0.0,10.72,無,
西港區,土地,港南段1088-16地號,11.35,都市：其他:住宅區,,,1100218,土地1建物0車位0,,,其他,,,,0.0,0,0,0,有,無,450000,39648,,0.0,0,,RPRNMLKLKHGGFGD47DA,0.0,0.0,0.0,無,
學甲區,房地(土地+建物),仁得里１鄰建國路３７之３號,114.34,都市：其他:住宅區,,,1100105,土地1建物1車位0,全,四層,透天厝,見其他登記事項,鋼筋混凝土造,1030721,266.88,5,2,6,有,無,10500000,39344,,0.0,0,,RPSNMLKLKHGGFGD57DA,247.08,0.0,19.8,無,
學甲區,土地,東陽段554-1地號,1198.69,都市：其他:住宅區,,,1091204,土地2建物0車位0,,,其他,,,,0.0,0,0,0,有,無,18000000,15016,,0.0,0,,RPQOMLSKKHGGFGD18DA,0.0,0.0,0.0,無,
佳里區,房地(土地+建物),建中街４１巷７號,44.0,都市：其他:住宅區,,,1100121,土地1建物1車位0,全,二層,透天厝,住家用,加強磚造,0620130,71.39,2,2,2,有,無,641600,8987,,0.0,0,親友、員工、共有人或其他特殊關係間之交易；,RPPNMLMLKHGGFGD47DA,71.39,0.0,0.0,無,
將軍區,土地,山子段1247地號,139.34,,鄉村區,乙種建築用地,1100125,土地1建物0車位0,,,其他,,,,0.0,0,0,0,有,無,632240,4537,,0.0,0,親友、員工、共有人或其他特殊關係間之交易；,RPRNMLMLKHGGFGD67DA,0.0,0.0,0.0,無,1583
佳里區,房地(土地+建物),建南里３４鄰佳南路２２７號,112.95,都市：其他:住宅區,,,1091125,土地1建物1車位0,全,四層,透天厝,住商用,鋼筋混凝土造,1010806,208.35,5,2,4,有,無,12500000,59995,,0.0,0,,RPWNMLTKKHGGFGD78DA,183.58,0.0,24.77,無,
新市區,房地(土地+建物),昆明街２之７號,96.28,都市：其他:住宅區,,,1091231,土地1建物1車位0,全,三層,透天厝,住家用,鋼筋混凝土造,0781209,186.15,4,2,3,有,無,3600000,19339,,0.0,0,二親等間買賣價金中貳百貳拾萬元整主張贈與親友、員工、共有人或其他特殊關係間之交易；,RPSOMLQLJHGGFHD28DA,186.15,0.0,0.0,無,
新市區,房地(土地+建物),大洲４３之２１號,111.98,,鄉村區,乙種建築用地,1100123,土地3建物1車位0,全,四層,透天厝,見其他登記事項,鋼筋混凝土造,1090522,159.63,4,2,3,有,無,9700000,60766,,0.0,0,陽台外推；,RPTOMLQLJHGGFHD38DA,140.89,0.0,18.74,無,
新化區,土地,唪口段1309-1地號,5000.0,,特定農業區,農牧用地,1091221,土地1建物0車位0,,,其他,,,,0.0,0,0,0,有,無,27000000,5400,,0.0,0,土地增值稅由買賣雙方各負擔1/2含土地增值稅或其他稅費；,RPWOMLSLKIPFFHD27DA,0.0,0.0,0.0,無,
新市區,房地(土地+建物),三民街５０巷２０號,83.69,都市：其他:計畫道路用地,,,1100127,土地4建物1車位0,全,三層,透天厝,住商用,鋼筋混凝土造,0780529,145.57,3,2,2,有,無,6000000,41217,,0.0,0,未登記建物；,RPSNMLKLKHGGFHD67DA,141.66,0.0,3.92,無,
安定區,土地,蘇興段792地號,310.37,,鄉村區,乙種建築用地,1100130,土地4建物0車位0,,,其他,,,,0.0,0,0,0,有,無,7000000,22554,,0.0,0,原因：共有土地買賣。,RPPOMLKLKHGGFHD47DA,0.0,0.0,0.0,無,1584
安定區,土地,蘇興段792地號,41.75,,鄉村區,乙種建築用地,1100130,土地4建物0車位0,,,其他,,,,0.0,0,0,0,有,無,943396,22596,,0.0,0,,RPOPMLKLKHGGFHD47DA,0.0,0.0,0.0,無,1584
安定區,土地,蘇興段792地號,103.46,,鄉村區,乙種建築用地,1100130,土地4建物0車位0,,,其他,,,,0.0,0,0,0,有,無,2339428,22612,,0.0,0,,RPPPMLKLKHGGFHD57DA,0.0,0.0,0.0,無,1584
新市區,土地,新北段171-1地號,27.76,都市：其他:住宅區,,,1100204,土地1建物0車位0,,,其他,,,,0.0,0,0,0,有,無,2477000,89229,,0.0,0,,RPPOMLTJKHGGFHD18DA,0.0,0.0,0.0,無,
安定區,房地(土地+建物),蘇厝３４５之１１號,95.49,,鄉村區,乙種建築用地,1100109,土地1建物1車位0,全,三層,透天厝,住家用,鋼筋混凝土造,1050226,169.15,4,2,5,有,無,8500000,50251,,0.0,0,,RPPNMLRKKHGGFHD97DA,149.4,0.0,19.75,無,
善化區,房地(土地+建物),中華路８９號五樓之３,22.55,都市：其他:住宅區,,,1100127,土地1建物1車位0,五層,五層,華廈(10層含以下有電梯),見其他登記事項,鋼筋混凝土造,1041120,63.31,2,0,2,有,有,4600000,72658,,0.0,0,,RPRNMLRKKHGGFHD18DA,41.75,0.0,4.38,有,
安定區,房地(土地+建物),新吉７３之１５號,75.04,,鄉村區,乙種建築用地,1100130,土地1建物1車位0,全,四層,透天厝,住家用,鋼筋混凝土造,0850115,189.64,5,2,3,有,無,6680000,35225,,0.0,0,,RPTNMLMJKHGGFHD77DA,179.66,0.0,9.98,無,0120
新市區,房地(土地+建物),豐榮１８９之１３５號,308.64,,一般農業區,丁種建築用地,1091130,土地4建物1車位0,全,一層,透天厝,見其他登記事項,見其他登記事項,1080502,161.0,0,0,2,有,有,12250000,76087,,0.0,0,,RPXNMLKLKHGGFHD18DA,160.16,0.0,0.0,無,
新市區,房地(土地+建物),信義街１７巷９號,251.2,都市：其他:住宅區,,,1100111,土地3建物1車位0,全,四層,透天厝,見其他登記事項,鋼筋混凝土造,1031007,350.47999999999996,8,0,8,有,無,18500000,52785,,0.0,0,,RPXNMLMLKHGGFHD38DA,312.63,0.0,37.77,無,
新化區,房地(土地+建物),中山路１００之１３號,90.7,,一般農業區,甲種建築用地,1100128,土地2建物1車位0,全,四層,透天厝,見其他登記事項,鋼筋混凝土造,0831020,286.11,6,2,4,有,無,7800000,27262,,0.0,0,,RPSOMLMLKHGGFHD97DA,255.5,1.81,7.14,無,
山上區,房地(土地+建物),南洲１３０之１０號,119.17,都市：其他:商業區,,,1100112,土地1建物1車位0,全,二層,透天厝,住家用,加強磚造,0690201,118.25,3,1,2,有,無,3500000,29598,,0.0,0,賣方代買方負擔契稅8172含土地增值稅或其他稅費8172元；,RPUOMLMLKHGGFHD18DA,118.25,0.0,0.0,無,
關廟區,土地,松腳段99地號,126.0,都市：其他:住宅區,,,1091223,土地3建物0車位0,,,其他,,,,0.0,0,0,0,有,無,2000000,15873,,0.0,0,未登記建物；,RPPQMLTKKHGGFID58DA,0.0,0.0,0.0,無,
歸仁區,房地(土地+建物),崙頂一街１７號六樓之５,30.68,都市：其他:住宅區,,,1100106,土地1建物1車位0,六層,六層,華廈(10層含以下有電梯),見其他登記事項,見其他登記事項,1090608,101.84,3,2,2,有,有,5860000,57541,,0.0,0,,RPTNMLSKKHGGFID58DA,66.95,0.0,5.36,有,
永康區,房地(土地+建物),中華一路１８１巷３０號,98.57,都市：其他:住宅區,,,1100127,土地1建物1車位0,全,四層,透天厝,住商用,鋼筋混凝土造,0740430,217.16,5,1,3,有,無,18000000,82888,,0.0,0,,RPUOMLKLKHGGFKD38EA,207.31,0.0,9.85,無,
永康區,房地(土地+建物),西灣里國光八街５號六樓,20.14,都市：其他:住宅區,,,1100126,土地1建物1車位0,六層,七層,華廈(10層含以下有電梯),住家用,鋼筋混凝土造,0810604,102.88,3,2,2,有,有,2750000,26730,,0.0,0,,RPTVMLMLKHGGFKD56EA,74.03,0.0,1.63,有,
新營區,房地(土地+建物),民生里民生路１３９巷３號,60.24,都市：其他:住宅區,,,1100120,土地1建物1車位0,全,三層,透天厝,住家用,加強磚造,0651005,123.87,3,2,3,有,無,3080000,24865,,0.0,0,其他增建；,RPVNMLKLKHGGFDD67EA,123.87,0.0,0.0,無,
大內區,土地,大內段9-1地號,3977.0,,一般農業區,農牧用地,1091229,土地1建物0車位0,,,其他,,,,0.0,0,0,0,有,無,6300000,1584,,0.0,0,,RPWNMLMLKHGGFFD18EA,0.0,0.0,0.0,無,
佳里區,土地,佳里段856-16地號,89.0,都市：其他:住宅區,,,1091207,土地1建物0車位0,,,其他,,,,0.0,0,0,0,有,無,6570787,73829,,0.0,0,,RPXNMLMLKHGGFGD38EA,0.0,0.0,0.0,無,
永康區,房地(土地+建物),甲頂里南台街５４巷５３之２號,98.8,都市：其他:住宅區,,,1091223,土地5建物3車位0,三層,四層,公寓(5樓含以下無電梯),住家用,鋼筋混凝土造,0820331,199.64,8,1,7,有,無,12250000,61360,,0.0,0,,RPSOMLTKKHGGFKD88DA,144.84,10.61,10.64,無,
永康區,房地(土地+建物)+車位,大橋五街１３７號三樓之２,18.72,都市：其他:住宅區,,,1100109,土地1建物1車位3,三層,十層,華廈(10層含以下有電梯),住家用,鋼筋混凝土造,0811003,152.31,3,2,2,有,有,6000000,39393,坡道平面,0.0,0,陽台外推；,RPVPMLSKKHGGFKD56DA,57.09,9.64,10.37,有,0373
永康區,房地(土地+建物),安康里大橋一街５７之５號十四樓之３２,4.24,都市：其他:住宅區,,,1100122,土地1建物1車位0,十四層,十四層,住宅大樓(11層含以上有電梯),住家用,鋼筋混凝土造,0880824,40.79,1,0,1,有,有,1830000,44864,,0.0,0,,RPUOMLTKKHGGFKD09DA,27.44,0.0,2.74,有,1589
永康區,房地(土地+建物),崑山里大仁街３１巷３５號四樓之３,16.44,都市：其他:住宅區,,,1100116,土地1建物1車位0,四層,七層,華廈(10層含以下有電梯),住家用,鋼筋混凝土造,0830722,78.29,2,0,2,有,無,3000000,38319,,0.0,0,,RPUOMLKLKHGGFKD28DA,47.26,0.0,5.87,有,
永康區,房地(土地+建物),鹽洲里鹽行路１４６巷２０弄７之１２號,16.49,都市：其他:住宅區,,,1100130,土地1建物1車位0,七層,十一層,住宅大樓(11層含以上有電梯),住家用,鋼筋混凝土造,0841222,118.44999999999999,3,2,2,有,有,4550000,38413,,0.0,0,,RPTPMLKLKHGGFKD28DA,72.96,2.68,14.49,有,1590
永康區,房地(土地+建物),永安路１６５巷２２號七樓之３,22.94,都市：其他:住宅區,,,1091209,土地1建物1車位0,七層,七層,華廈(10層含以下有電梯),住家用,鋼筋混凝土造,0830122,132.29999999999998,3,2,2,有,有,5170000,39078,,0.0,0,,RPQNMLLLKHGGFKD87DA,89.08,0.0,14.49,有,
永康區,房地(土地+建物),正南五街５２０巷５５弄２０號,82.97,都市：其他:住宅區,,,1100119,土地2建物1車位0,全,四層,透天厝,住家用,鋼筋混凝土造,0991223,216.34,8,0,8,有,無,12700000,58704,,0.0,0,,RPQOMLTKKHGGFKD68DA,164.75,17.71,33.88,無,
永康區,房地(土地+建物),甲頂里南台街５４巷５３之１號,98.8,都市：其他:住宅區,,,1091223,土地5建物3車位0,二層,四層,公寓(5樓含以下無電梯),住家用,鋼筋混凝土造,0820331,215.85000000000002,12,0,12,有,無,12250000,56752,,0.0,0,頂樓加蓋；,RPSNMLTKKHGGFKD78DA,161.02,0.0,21.28,無,
永康區,土地,保生段291地號,50.34,都市：其他:住宅區,,,1100205,土地1建物0車位0,,,其他,,,,0.0,0,0,0,有,無,2000000,39730,,0.0,0,,RPPPMLSKKHGGFKD58DA,0.0,0.0,0.0,無,
永康區,房地(土地+建物),中正六街１７７號五樓之２,4.29,都市：其他:住宅區,,,1100203,土地1建物1車位0,五層,八層,華廈(10層含以下有電梯),住家用,鋼筋混凝土造,0831224,30.490000000000002,1,0,1,有,有,1180000,38701,,0.0,0,,RPQNMLSKKHGGFKD48DA,17.9,0.7,2.42,有,
永康區,房地(土地+建物)+車位,大安街４６８巷１２號四樓之２,21.53,都市：其他:住宅區,,,1100115,土地1建物1車位1,四層,十層,華廈(10層含以下有電梯),住家用,見其他登記事項,1080131,95.29,2,2,1,有,有,5320000,55830,坡道平面,24.84,0,,RPXUMLMLKHGGFKD76DA,42.07,0.0,4.7,有,1591
永康區,土地,埔北段186地號,109.25,都市：其他:道路用地,,,1091216,土地1建物0車位0,,,其他,,,,0.0,0,0,0,有,無,1680000,15378,,0.0,0,包含公共設施保留地用地；,RPRPMLLMJHGGFKD18DA,0.0,0.0,0.0,無,
永康區,土地,四維段322地號,39.06,都市：其他:道路用地,,,1091208,土地1建物0車位0,,,其他,,,,0.0,0,0,0,有,無,578000,14798,,0.0,0,包含公共設施保留地用地；,RPVPMLLMJHGGFKD58DA,0.0,0.0,0.0,無,
永康區,房地(土地+建物),鹽行里中正路８７２巷６號五樓,22.3,都市：其他:住宅區,,,1100113,土地1建物1車位0,五層,八層,公寓(5樓含以下無電梯),住家用,鋼筋混凝土造,0820526,110.71,4,1,2,有,無,3900000,35227,,0.0,0,,RPRNMLLJKHGGFKD77DA,79.19,0.0,9.14,無,
永康區,房地(土地+建物),東橋十二街１７２號八樓之５,14.6,都市：其他:住宅區,,,1091216,土地1建物1車位0,八層,十五層,住宅大樓(11層含以上有電梯),住家用,見其他登記事項,1080315,94.94999999999999,3,2,2,有,有,7200000,75829,,0.0,0,,RPRNMLTJKHGGFKD58DA,61.68,0.0,4.7,有,1592
永康區,土地,永華段1263地號,162.55,都市：其他:道路用地,,,1091230,土地5建物0車位0,,,其他,,,,0.0,0,0,0,有,無,2300000,14149,,0.0,0,包含公共設施保留地用地；,RPQPMLSLJHGGFKD68DA,0.0,0.0,0.0,無,1196
永康區,土地,蜈蜞潭段2002-5地號,449.0,都市：其他:道路用地,,,1091111,土地1建物0車位0,,,其他,,,,0.0,0,0,0,有,無,6260000,13942,,0.0,0,包含公共設施保留地用地；,RPOQMLLLJHGGFKD87DA,0.0,0.0,0.0,無,
玉井區,土地,玉興段1049地號,103.45,都市：其他:住宅區,,,1100123,土地1建物0車位0,,,其他,,,,0.0,0,0,0,有,無,4505000,43548,,0.0,0,,RPSNMLPJKHGGFJD18DA,0.0,0.0,0.0,無,
南化區,土地,北安段433地號,215.03,,鄉村區,乙種建築用地,1100202,土地1建物0車位0,,,其他,,,,0.0,0,0,0,有,無,3650000,16974,,0.0,0,未登記建物；,RPTNMLOJKHGGFJD18DA,0.0,0.0,0.0,無,
楠西區,土地,楠中段287地號,90.79,都市：其他:住宅區,,,1100218,土地1建物0車位0,,,其他,,,,0.0,0,0,0,有,無,1200000,13217,,0.0,0,,RPPNMLSKKHGGFJD28DA,0.0,0.0,0.0,無,
永康區,房地(土地+建物),新興街３５巷１５弄８之８號二樓,16.0,都市：其他:住宅區,,,1091222,土地1建物1車位0,二層,五層,公寓(5樓含以下無電梯),住家用,鋼筋混凝土造,0800123,69.4,2,1,1,有,有,2630000,37896,,0.0,0,,RPTOMLPJJHGGFKD38DA,49.66,0.0,2.37,無,
永康區,房地(土地+建物),崑山里崑山街２１巷４０號,91.0,都市：其他:住宅區,,,1091229,土地1建物1車位0,全,二層,透天厝,住家用,加強磚造,0700314,87.6,3,2,3,有,無,4000000,45662,,0.0,0,親友、員工、共有人或其他特殊關係間之交易；,RPXVMLMLKHGGFKD86DA,87.6,0.0,0.0,無,
永康區,房地(土地+建物)+車位,龍潭里中山北路２６４巷２８６弄１之３號,31.55,都市：其他:住宅區,,,1100110,土地1建物1車位1,四層,五層,華廈(10層含以下有電梯),住家用,鋼筋混凝土造,0830416,130.62,4,2,2,有,有,6380000,48844,一樓平面,0.0,800000,,RPPNMLLLKHGGFKD77DA,88.42,0.0,10.37,有,
永康區,房地(土地+建物)+車位,中正南路７７９巷１０弄１號四樓之１,28.45,都市：其他:住宅區,,,1091230,土地1建物1車位1,四層,七層,華廈(10層含以下有電梯),住家用,見其他登記事項,1070221,116.50999999999999,3,0,3,有,有,6650000,57077,坡道平面,27.73,0,夾層；,RPOOMLRKKHGGFKD28DA,50.27,0.0,5.59,有,1594
永康區,房地(土地+建物)+車位,鹽行里永安路１６５巷１２５號八樓之１,18.8,都市：其他:住宅區,,,1100101,土地1建物1車位1,八層,十層,華廈(10層含以下有電梯),住家用,鋼筋混凝土造,0890816,129.10999999999999,3,2,2,有,有,5180000,40121,坡道平面,0.0,0,,RPTNMLTKKHGGFKD88DA,74.69,0.0,6.63,有,
永康區,房地(土地+建物),忠孝路４１０巷１０８弄９號,103.67,都市：其他:住宅區,,,1100116,土地3建物1車位0,全,五層,透天厝,見使用執照,鋼筋混凝土造,0920117,260.91,5,2,4,有,無,16800000,64390,,0.0,0,頂樓加蓋；其他增建；,RPXNMLTKKHGGFKD66DA,229.72,0.0,31.19,有,
永康區,房地(土地+建物),復華六街９３巷１１弄２０號,80.94,都市：其他:商業區,,,1091230,土地1建物1車位0,全,二層,透天厝,住家用,鋼筋混凝土造,0740115,99.31,5,2,4,有,無,7000000,70486,,0.0,0,頂樓加蓋；其他增建；,RPVPMLMLKHGGFKD68DA,80.16,15.48,3.67,無,
永康區,房地(土地+建物),六合里新興街８之２號二樓之３,8.25,都市：其他:住宅區,,,1091230,土地1建物1車位0,二層,十一層,住宅大樓(11層含以上有電梯),住家用,鋼筋混凝土造,0880519,81.29,3,1,2,有,有,2000000,24603,,0.0,0,親友、員工、共有人或其他特殊關係間之交易；,RPRPMLKLKHGGFKD08DA,44.18,6.03,6.81,有,
永康區,房地(土地+建物),三民街１３４之７號,80.13,都市：其他:住宅區,,,1091228,土地1建物1車位0,全,三層,透天厝,住家用,鋼筋混凝土造,0810501,173.27,4,2,3,有,無,8000000,46171,,0.0,0,,RPSPMLKLKHGGFKD18DA,144.48,16.37,12.42,無,
永康區,土地,東橋段250-1地號,255.71,都市：其他:住宅區,,,1090505,土地4建物0車位0,,,其他,,,,0.0,0,0,0,有,無,33647000,131583,,0.0,0,,RPTOMLTKKHGGFKD98DA,0.0,0.0,0.0,無,
永康區,房地(土地+建物),中正路２５６巷７號之４１,14.72,都市：其他:住宅區,,,1100127,土地1建物1車位0,十二層,十六層,住宅大樓(11層含以上有電梯),住家用,鋼筋混凝土造,0820824,86.50999999999999,3,2,2,有,有,3000000,34678,,0.0,0,,RPPNMLKLKHGGFKD67DA,61.3,1.55,8.48,有,
永康區,土地,永強段367地號,1646.3,都市：其他:住宅區,,,1091124,土地2建物0車位0,,,其他,,,,0.0,0,0,0,有,無,116700000,70886,,0.0,0,,RPQNMLKLKHGGFKD77DA,0.0,0.0,0.0,無,
永康區,土地,永強段397地號,231.41,都市：其他:道路用地,,,1091124,土地2建物0車位0,,,其他,,,,0.0,0,0,0,有,無,1300000,5618,,0.0,0,包含公共設施保留地用地；,SPQNMLKLKHGGFKD87DA,0.0,0.0,0.0,無,
南區,土地,省躬段509-1地號,48.84,都市：其他:細部計畫道路用地,,,1100128,土地4建物0車位0,,,其他,,,,0.0,0,0,0,有,無,200000,4095,,0.0,0,親友、員工、共有人或其他特殊關係間之交易；,RPQOMLMLKHGGFCD37EA,0.0,0.0,0.0,無,1595
安南區,房地(土地+建物),海佃路一段３８８巷２８號,88.82,都市：其他:住宅區,,,1100128,土地1建物1車位0,全,二層,透天厝,住家用,加強磚造,0690103,93.02,4,2,3,有,無,3800000,40851,,0.0,0,,RPUNMLMLKHGGFBD57EA,93.02,0.0,0.0,無,
安南區,土地,安中段593地號,101.07,都市：其他:國中學校用地,,,1100204,土地1建物0車位0,,,其他,,,,0.0,0,0,0,有,無,3050000,30177,,0.0,0,包含公共設施保留地用地；,RPXOMLMLKHGGFBD97EA,0.0,0.0,0.0,無,
安南區,土地,科工段868地號,8618.58,都市：其他:工業區,,,1100209,土地1建物0車位0,,,其他,,,,0.0,0,0,0,有,無,140482854,16300,,0.0,0,政府機關標讓售；,RPSPMLMLKHGGFBD57EA,0.0,0.0,0.0,無,
麻豆區,土地,五王段1019地號,78.27,都市：其他:農業區,,,1100119,土地6建物0車位0,,,其他,,,,0.0,0,0,0,有,無,500000,6388,,0.0,0,親友、員工、共有人或其他特殊關係間之交易；農作物；,RPSNMLNLKHGGFFD87EA,0.0,0.0,0.0,無,1596
麻豆區,土地,五王段1031-8地號,214.76,都市：其他:農業區,,,1100119,土地2建物0車位0,,,其他,,,,0.0,0,0,0,有,無,500000,2328,,0.0,0,親友、員工、共有人或其他特殊關係間之交易；農作物；,RPTNMLNLKHGGFFD97EA,0.0,0.0,0.0,無,
官田區,土地,角秀段322-8地號,534.01,都市：其他:計畫道路用地,,,1091104,土地2建物0車位0,,,其他,,,,0.0,0,0,0,有,無,7900000,14794,,0.0,0,,RPRNMLSKKHGGFFD18EA,0.0,0.0,0.0,無,1597
新營區,土地,建國段1025地號,149.5,,鄉村區,乙種建築用地,1100122,土地1建物0車位0,,,其他,,,,0.0,0,0,0,有,無,1808800,12099,,0.0,0,,RPPNMLOLKHGGFDD47EA,0.0,0.0,0.0,無,
新營區,土地,建國段1027地號,337.88,,鄉村區,乙種建築用地,1100122,土地2建物0車位0,,,其他,,,,0.0,0,0,0,有,無,3300000,9767,,0.0,0,,RPQNMLOLKHGGFDD57EA,0.0,0.0,0.0,無,
柳營區,土地,柳營段柳營小段761地號,3300.0,都市：其他:農業區,,,1100104,土地1建物0車位0,,,其他,,,,0.0,0,0,0,有,無,5000000,1515,,0.0,0,,RPRNMLOLKHGGFDD67EA,0.0,0.0,0.0,無,
新營區,土地,民族段276-3地號,26.31,都市：其他:住宅區,,,1100201,土地1建物0車位0,,,其他,,,,0.0,0,0,0,有,無,1415741,53810,,0.0,0,政府機關標讓售；,RPSNMLOLKHGGFDD77EA,0.0,0.0,0.0,無,
鹽水區,房地(土地+建物),岸內里１１鄰朝琴路１６７巷２５號,144.59,都市：其他:住宅區,,,1100108,土地3建物1車位0,全,三層,透天厝,住家用,鋼筋混凝土造,1031016,212.39,4,1,5,有,無,8380000,39456,,0.0,0,,RPWNMLMLKHGGFDD97EA,199.01,0.0,13.38,無,
新營區,土地,三德段1397地號,131.79,都市：其他:綠地,,,1100119,土地2建物0車位0,,,其他,,,,0.0,0,0,0,有,無,3290000,24964,,0.0,0,買方負擔土地增值稅693479元,RPUNMLNLKHGGFDD87EA,0.0,0.0,0.0,無,1598
白河區,土地,六重溪段182-1地號,508.64,,山坡地保育區,農牧用地,1100203,土地1建物0車位0,,,其他,,,,0.0,0,0,0,有,無,48000,94,,0.0,0,,RPPNMLNLKHGGFED47EA,0.0,0.0,0.0,無,
後壁區,土地,菁寮段3438地號,2535.0,,特定農業區,農牧用地,1100121,土地1建物0車位0,,,其他,,,,0.0,0,0,0,有,無,3194100,1260,,0.0,0,,RPPNMLOLKHGGFED57EA,0.0,0.0,0.0,無,
玉井區,房地(土地+建物),中華路１９２巷３４號,72.99,都市：其他:住宅區,,,1100202,土地2建物1車位0,全,三層,透天厝,住商用,見其他登記事項,0800319,173.71,2,1,2,有,無,3900000,22451,,0.0,0,未登記建物；,RPPNMLNLKHGGFJD97EA,149.47,7.1,17.14,無,
仁德區,土地,保甲段438地號,317.01,都市：其他:農業區,,,1100201,土地1建物0車位0,,,其他,,,,0.0,0,0,0,有,無,6712300,21174,,0.0,0,親友、員工、共有人或其他特殊關係間之交易；,RPUNMLKLJHGGFID97EA,0.0,0.0,0.0,無,
關廟區,土地,布袋尾段42-15地號,271.75,,一般農業區,甲種建築用地,1100205,土地3建物0車位0,,,其他,,,,0.0,0,0,0,有,無,2050000,7544,,0.0,0,,RPTOMLRKKHGGFID58DA,0.0,0.0,0.0,無,
關廟區,建物,布袋里長裕街１１７巷１５號,0.0,,,,1080821,土地0建物15車位0,全,一層,透天厝,豬舍。,鋼造,0820331,7099.58,0,0,0,無,無,8000000,1127,,0.0,0,1.本買賣標的物為15棟之畜牧設施即豬舍及汙水處理廠。2.於108年8月份簽定建物買賣契約書給付定金後，待賣方訴訟取得本案建物所有權後，於110年2月再辦理本案建物買賣移轉登記。,RPRPMLSKKHGGFID58DA,7099.58,0.0,0.0,無,
仁德區,房地(土地+建物)+車位,仁和里和愛街１０號九樓之５,47.2,都市：其他:住宅區,,,1100109,土地1建物1車位1,九層,十四層,住宅大樓(11層含以上有電梯),住家用,鋼筋混凝土造,0990422,174.15,3,2,2,有,有,7200000,41344,坡道平面,0.0,0,未登記建物；,RPPNMLKLKHGGFID47DA,102.03,0.0,10.11,有,
歸仁區,土地,沙崙段1757-4地號,90.0,,特定專用區,農牧用地,1100106,土地1建物0車位0,,,其他,,,,0.0,0,0,0,有,無,1350000,15000,,0.0,0,,RPVNMLKLKHGGFID08DA,0.0,0.0,0.0,無,
歸仁區,房地(土地+建物),仁愛南街１７２巷３６號,93.0,都市：其他:住宅區,,,1080930,土地1建物1車位0,全,三層,透天厝,住家用,見其他登記事項,1091112,208.73,4,2,3,有,無,12800000,61323,,0.0,0,,RPWNMLKLKHGGFID18DA,196.08,0.0,12.65,無,
仁德區,土地,鍾厝段487地號,115.85,都市：其他:住宅區,,,1100128,土地1建物0車位0,,,其他,,,,0.0,0,0,0,有,無,7000000,60423,,0.0,0,親友、員工、共有人或其他特殊關係間之交易；,RPQNMLMLKHGGFID77DA,0.0,0.0,0.0,無,1599
關廟區,土地,南雄段758地號,200.0,都市：其他:住宅區,,,1100206,土地2建物0車位0,,,其他,,,,0.0,0,0,0,有,無,6050000,30250,,0.0,0,含土地增值稅或其他稅費；含地政士服務費；未登記建物；,RPRNMLNLKHGGFID97DA,0.0,0.0,0.0,無,
關廟區,房地(土地+建物),園中街５２巷２１號,101.7,都市：其他:住宅區,,,1090426,土地3建物1車位0,全,三層,透天厝,住家用,見其他登記事項,1090708,167.77,5,2,3,有,無,8150000,48578,,0.0,0,,RPTNMLNLKHGGFID18DA,157.98,0.0,9.79,無,
歸仁區,土地,大同段663地號,32.91,都市：其他:住宅區,,,1100122,土地1建物0車位0,,,其他,,,,0.0,0,0,0,有,無,1194000,36281,,0.0,0,,RPUNMLNLKHGGFID28DA,0.0,0.0,0.0,無,0072
仁德區,房地(土地+建物),二行里二行一路８３巷１６號,85.53,都市：其他:住宅區,,,1100122,土地1建物1車位0,全,一層,透天厝,住家用,加強磚造,0650622,42.99,3,2,2,有,無,1782017,41452,,0.0,0,親友、員工、共有人或其他特殊關係間之交易；,RPVNMLNLKHGGFID38DA,43.0,0.0,0.0,無,
關廟區,土地,松腳段285地號,86.67,都市：其他:住宅區,,,1100109,土地1建物0車位0,,,其他,,,,0.0,0,0,0,有,無,1572600,18145,,0.0,0,因建物年久失修，未辦理移轉登記，但總價包含建物價格。,RPXNMLNLKHGGFID58DA,0.0,0.0,0.0,無,
仁德區,房地(土地+建物),上崙街４０１巷１７號,108.01,都市：其他:住宅區,,,1100108,土地1建物1車位0,全,二層,透天厝,住家用,加強磚造,0760226,118.69,3,2,2,有,無,5950000,50131,,0.0,0,,RPUPMLLJKHGGFID08DA,118.69,0.0,0.0,無,1601
仁德區,房地(土地+建物)+車位,德南路１６８巷２號八樓之８,22.62,都市：其他:住宅區,,,1091111,土地2建物1車位1,八層,八層,華廈(10層含以下有電梯),見其他登記事項,見其他登記事項,1080201,110.19,2,2,1,有,有,5000000,45376,坡道平面,33.04,0,,RPPNMLRJKHGGFID97DA,49.24,0.0,3.34,有,1602
安定區,土地,港子尾段1134地號,3950.0,,特定農業區,農牧用地,1100103,土地2建物0車位0,,,其他,,,,0.0,0,0,0,有,無,24885000,6300,,0.0,0,,RPPNMLNLKHGGFHD67DA,0.0,0.0,0.0,無,
新市區,房地(土地+建物),豐榮１８８之３３號,292.64,,一般農業區,丁種建築用地,1091215,土地4建物1車位0,全,一層,透天厝,工業用,見其他登記事項,1080811,161.27,0,0,2,有,有,13180000,81726,,0.0,0,,RPOOMLKLKHGGFHD37DA,161.27,0.0,0.0,無,
善化區,房地(土地+建物),坐駕２１之１０號,99.78,都市：其他:住宅區,,,1090309,土地2建物1車位0,全,四層,透天厝,見其他登記事項,鋼筋混凝土造,1091217,211.92,4,2,5,有,無,10000000,47188,,0.0,0,預售屋、或土地及建物分次登記案件；,RPVNMLMLKHGGFHD18DA,194.26,0.0,17.66,無,
新市區,房地(土地+建物),光華街１８８巷５號,104.44,都市：其他:住宅區,,,1091227,土地2建物1車位0,全,三層,透天厝,住家用,鋼筋混凝土造,1031016,156.4,4,2,5,有,無,12200000,78005,,0.0,0,,RPPNMLLMJHGGFHD47DA,138.02,0.0,18.38,無,
善化區,房地(土地+建物),坐駕２１之８號,72.42,都市：其他:住宅區,,,1090717,土地2建物1車位0,全,四層,透天厝,見其他登記事項,鋼筋混凝土造,1091217,171.86,4,2,5,有,無,8820000,51321,,0.0,0,預售屋、或土地及建物分次登記案件；,RPQNMLSJKHGGFHD08DA,154.91,0.0,16.95,無,
安定區,土地,蘇興段792地號,174.59,,鄉村區,乙種建築用地,1100131,土地4建物0車位0,,,其他,,,,0.0,0,0,0,有,無,3660000,20963,,0.0,0,,RPQPMLKLKHGGFHD67DA,0.0,0.0,0.0,無,1584
新化區,土地,新豐段1149地號,5.98,都市：其他:商業區,,,1091231,土地1建物0車位0,,,其他,,,,0.0,0,0,0,有,無,380000,63545,,0.0,0,,RPPNMLLLKHGGFHD47DA,0.0,0.0,0.0,無,
新市區,土地,華美段472地號,47.61,都市：其他:計畫道路用地,,,1100218,土地1建物0車位0,,,其他,,,,0.0,0,0,0,有,無,190000,3991,,0.0,0,包含公共設施保留地用地；,RPQNMLMLKHGGFHD67DA,0.0,0.0,0.0,無,
新市區,房地(土地+建物),豐榮１８８之３５號,292.64,,一般農業區,丁種建築用地,1091111,土地4建物1車位0,全,一層,透天厝,工業用,見其他登記事項,1080811,161.27,0,0,2,有,有,13000000,80610,,0.0,0,,RPROMLKLKHGGFHD67DA,161.27,0.0,0.0,無,
新市區,房地(土地+建物),豐榮１８８之３６號,292.64,,一般農業區,丁種建築用地,1091214,土地4建物1車位0,全,一層,透天厝,工業用,見其他登記事項,1080811,161.27,0,0,2,有,有,13050000,80920,,0.0,0,,RPUOMLKLKHGGFHD97DA,161.27,0.0,0.0,無,
新市區,房地(土地+建物),豐榮１７７之１３號,283.64,,一般農業區,丁種建築用地,1091128,土地4建物1車位0,全,一層,透天厝,見其他登記事項,見其他登記事項,1090401,161.0,0,0,2,有,有,13260000,82360,,0.0,0,,RPVOMLKLKHGGFHD08DA,161.0,0.0,0.0,無,
新市區,房地(土地+建物),豐榮１７７之８號,288.64,,一般農業區,丁種建築用地,1091214,土地4建物1車位0,全,一層,透天厝,見其他登記事項,見其他登記事項,1090306,161.27,0,0,2,有,有,13500000,83711,,0.0,0,,RPWOMLKLKHGGFHD18DA,161.27,0.0,0.0,無,
新市區,土地,大營段3052地號,569.0,,鄉村區,乙種建築用地,1091108,土地3建物0車位0,,,其他,,,,0.0,0,0,0,有,無,18186200,31962,,0.0,0,,RPSOMLTKKHGGFHD58DA,0.0,0.0,0.0,無,
新市區,土地,大營段3050-1地號,551.0,,鄉村區,乙種建築用地,1091109,土地2建物0車位0,,,其他,,,,0.0,0,0,0,有,無,15000000,27223,,0.0,0,,RPTOMLTKKHGGFHD68DA,0.0,0.0,0.0,無,1604
新化區,土地,頂山腳段517-5地號,139.72,,鄉村區,乙種建築用地,1091018,土地2建物0車位0,,,其他,,,,0.0,0,0,0,有,無,3200000,22903,,0.0,0,包含公共設施保留地用地；,RPOOMLSKKHGGFHD08DA,0.0,0.0,0.0,無,
歸仁區,土地,歸仁北段618-91地號,200.0,都市：其他:住宅區,,,1091124,土地1建物0車位0,,,其他,,,,0.0,0,0,0,有,無,15730000,78650,,0.0,0,,RPUOMLOLJIPFFID66DA,0.0,0.0,0.0,無,
善化區,房地(土地+建物),東勢寮１６８之６號,126.0,,鄉村區,乙種建築用地,1091018,土地3建物1車位0,全,三層,透天厝,住家用,鋼筋混凝土造,1091021,183.74,5,2,4,有,無,8700000,47350,,0.0,0,,RPOPMLLKJHGGFHD37DA,176.81,0.0,6.93,無,
學甲區,土地,仁得段1017地號,284.3,都市：其他:住宅區,,,1100102,土地2建物0車位0,,,其他,,,,0.0,0,0,0,有,無,6278000,22082,,0.0,0,未登記建物；,RPWNMLNLKHGGFGD28DA,0.0,0.0,0.0,無,
將軍區,土地,西和段63地號,165.82,都市：其他:住宅區,,,1091027,土地1建物0車位0,,,其他,,,,0.0,0,0,0,有,無,679100,4095,,0.0,0,畸零地或有合併使用效益；地清或未辦繼承標售；,RPXNMLNLKHGGFGD38DA,0.0,0.0,0.0,無,
西港區,房地(土地+建物),大塭寮５０之１８號,104.64,,鄉村區,乙種建築用地,1100128,土地3建物1車位0,全,三層,透天厝,見其他登記事項,鋼筋混凝土造,1091211,177.08,5,2,3,有,無,6260000,35351,,0.0,0,其他增建；,RPQNMLNLKHGGFGD67DA,164.34,0.0,12.74,無,
佳里區,土地,三協段906地號,5118.0,,特定農業區,農牧用地,1091119,土地1建物0車位0,,,其他,,,,0.0,0,0,0,有,無,25000000,4885,,0.0,0,未登記建物；,RPOOMLMJLHGGFGD37DA,0.0,0.0,0.0,無,
七股區,土地,篤加段150-1地號,33733.0,,一般農業區,養殖用地,1091219,土地1建物0車位0,,,其他,,,,0.0,0,0,0,有,無,23610000,700,,0.0,0,農業設施；,RPTNMLMLKHGGFGD87DA,0.0,0.0,0.0,無,
七股區,土地,後港段1200地號,803.0,,鄉村區,乙種建築用地,1091113,土地1建物0車位0,,,其他,,,,0.0,0,0,0,有,無,7408000,9225,,0.0,0,,RPWNMLMLKHGGFGD18DA,0.0,0.0,0.0,無,
西港區,土地,大塭寮段1561地號,2320.0,,特定農業區,農牧用地,1091203,土地1建物0車位0,,,其他,,,,0.0,0,0,0,有,無,4000000,1724,,0.0,0,,RPTNMLKLKHGGFGD67DA,0.0,0.0,0.0,無,
將軍區,土地,國中段358-7地號,1569.0,都市：其他:溝渠用地,,,1091217,土地3建物0車位0,,,其他,,,,0.0,0,0,0,有,無,2200000,1402,,0.0,0,包含公共設施保留地用地；,RPQOMLLJKHGGFGD37DA,0.0,0.0,0.0,無,
學甲區,土地,興善段320地號,44.34,都市：其他:商業區,,,1100113,土地1建物0車位0,,,其他,,,,0.0,0,0,0,有,無,670000,15111,,0.0,0,,RPQOMLMJKHGGFGD47DA,0.0,0.0,0.0,無,
安定區,土地,中沙段283地號,324.0,,鄉村區,乙種建築用地,1091116,土地1建物0車位0,,,其他,,,,0.0,0,0,0,有,無,3175249,9800,,0.0,0,親友、員工、共有人或其他特殊關係間之交易；未登記建物；,RPRNMLRKJIPFFHD98DA,0.0,0.0,0.0,無,
新市區,土地,南社內段376地號,230.81,,鄉村區,乙種建築用地,1091103,土地2建物0車位0,,,其他,,,,0.0,0,0,0,有,無,9600000,41593,,0.0,0,未登記建物；,RPSNMLSKJIPFFHD56DA,0.0,0.0,0.0,無,
官田區,土地,福安段412地號,882.43,都市：其他:第一種住宅區,,,1091204,土地4建物0車位0,,,其他,,,,0.0,0,0,0,有,無,10880000,12330,,0.0,0,,RPOOMLSKKHGGFFD87DA,0.0,0.0,0.0,無,
官田區,土地,番子田段582-1地號,2159.0,,特定農業區,農牧用地,1100218,土地1建物0車位0,,,其他,,,,0.0,0,0,0,有,無,2830000,1311,,0.0,0,,RPROMLSKKHGGFFD18DA,0.0,0.0,0.0,無,1605
後壁區,房地(土地+建物),竹新里７鄰６１之１號,657.11,,鄉村區,乙種建築用地,1100122,土地1建物1車位0,全,一層,透天厝,住家用,磚造,0470710,125.06,5,3,2,有,無,5100000,40780,,0.0,0,,RPSNMLMLKHGGFED57DA,125.06,0.0,0.0,無,
白河區,土地,蓮潭段一小段933地號,3266.0,,特定農業區,農牧用地,1100125,土地1建物0車位0,,,其他,,,,0.0,0,0,0,有,無,3398000,1040,,0.0,0,,RPRNMLNLKHGGFED57DA,0.0,0.0,0.0,無,
後壁區,土地,安溪寮段頂寮小段2172地號,1142.0,,特定農業區,農牧用地,1100126,土地1建物0車位0,,,其他,,,,0.0,0,0,0,有,無,1750000,1532,,0.0,0,農作物；,RPQNMLSKKHGGFED87DA,0.0,0.0,0.0,無,1606
麻豆區,房地(土地+建物),大埕１７之５號,109.23,都市：其他:第三種住宅區。,,,1100117,土地1建物1車位0,全,三層,透天厝,住家用,鋼筋混凝土構造,1090926,202.27,5,2,5,有,無,13150000,65012,,0.0,0,未登記建物；,RPUNMLSKJHGGFFD28DA,188.44,0.0,13.83,無,
東區,房地(土地+建物)+車位,德東街１５１巷３７弄７號七樓,18.77,都市：其他:第五種住宅區,,,1100109,土地3建物1車位1,七層,八層,華廈(10層含以下有電梯),住家用,鋼筋混凝土造,0840223,106.28,3,2,2,有,有,4800000,45164,坡道機械,0.0,0,包含公共設施保留地用地；,RPWOMLMJKHGGFCD67DA,62.93,0.0,8.5,有,
東區,房地(土地+建物)+車位,長榮路一段９號七樓之３,20.36,都市：其他:中心商業區,,,1091229,土地2建物1車位2,七層,十四層,住宅大樓(11層含以上有電梯),住家用,鋼筋混凝土造,0991213,224.76999999999998,3,2,2,有,有,13100000,58282,坡道平面,0.0,2400000,,RPQOMLTLKIPFFCD88DA,91.8,0.0,10.02,有,
南區,房地(土地+建物),惠南街１０９巷２０號二樓之１,5.86,都市：其他:住宅區,,,1100206,土地1建物1車位0,二層,六層,公寓(5樓含以下無電梯),住家用,鋼筋混凝土造,0790412,27.89,1,0,1,有,有,1550000,55575,,0.0,0,,RPOPMLSJKHGGFCD57DA,17.69,0.0,3.0,無,1607
東區,房地(土地+建物)+車位,東興路１９９巷８號,24.36,都市：其他:第五種住宅區,,,1100115,土地2建物1車位1,一層,十二層,住宅大樓(11層含以上有電梯),見其他登記事項,鋼筋混凝土造,0881116,132.92000000000002,3,2,2,有,有,7500000,56425,坡道平面,0.0,0,停車位為一年抽籤一次。,RPTNMLSKKHGGFCD97DA,81.38,0.0,10.66,有,
東區,房地(土地+建物),長榮路二段３２巷１６０之１號二樓之５,8.84,都市：其他:第五種住宅區,,,1100117,土地1建物1車位0,二層,五層,華廈(10層含以下有電梯),商業用,鋼筋混凝土造,0800530,39.910000000000004,0,0,0,無,有,1450000,36332,,0.0,0,,RPTNMLKLKHGGFCD27DA,21.9,0.0,3.45,有,
南區,房地(土地+建物),喜樹路２４巷１７號,78.42,都市：其他:住宅區,,,1100108,土地2建物1車位0,全,二層,透天厝,住家用,鋼筋混凝土造,0691106,90.99,3,2,2,有,無,3950000,43411,,0.0,0,頂樓加蓋；其他增建；,RPQNMLMLKHGGFCD17DA,81.88,0.0,9.11,無,1608
南區,房地(土地+建物),新興路２６８巷１８號,68.0,都市：其他:住宅區,,,1100205,土地1建物1車位0,全,二層,透天厝,住家用,加強磚造,0620618,80.92,3,1,2,有,無,2071500,25599,,0.0,0,親友、員工、共有人或其他特殊關係間之交易；,RPSNMLMLKHGGFCD37DA,80.92,0.0,0.0,無,
新營區,土地,下角帶圍段362地號,1288.0,,特定農業區,農牧用地,1100103,土地1建物0車位0,,,其他,,,,0.0,0,0,0,有,無,1600000,1242,,0.0,0,,RPPNMLTKKHGGFDD77DA,0.0,0.0,0.0,無,1609
安南區,房地(土地+建物),智安四街１３１號,180.97,都市：其他:住宅區,,,1090923,土地1建物1車位0,全,四層,透天厝,住家用,鋼筋混凝土造,1091021,368.51,5,3,6,有,無,27000000,73268,,0.0,0,,RPQNMLNLKHGGFBD17DA,339.87,0.0,28.64,有,
安南區,房地(土地+建物),長溪路二段６７１巷２６２號,2774.87,都市：其他:農業區,,,1091231,土地13建物1車位0,全,三層,透天厝,農舍,鋼筋混凝土造,1021220,279.94,5,2,4,有,有,23500000,83947,,0.0,0,,RPSNMLSKKHGGFBD77DA,261.26,0.0,17.43,無,
安南區,房地(土地+建物),海佃路一段９５巷２３之１１號,98.0,都市：其他:住宅區,,,1091122,土地2建物1車位0,全,四層,透天厝,見其他登記事項,鋼筋混凝土造,0931123,169.75,4,1,3,有,無,10500000,61856,,0.0,0,,RPQOMLRKKHGGFBD57DA,169.75,0.0,0.0,無,
安南區,房地(土地+建物),長和路二段１２巷３２３弄４０號,99.89,都市：其他:住宅區,,,1091201,土地2建物1車位0,全,三層,透天厝,集合住宅,鋼筋混凝土造,1090825,182.36,5,2,4,有,有,13000000,71288,,0.0,0,預售屋、或土地及建物分次登記案件；,RPTNMLTKKHGGFBD97DA,155.29,0.0,27.07,無,
安南區,房地(土地+建物),本原街一段１４０巷１弄１號,87.91,都市：其他:住宅區,,,1100126,土地2建物1車位0,全,四層,透天厝,見其他登記事項,鋼筋混凝土造,1090722,187.8,4,1,4,有,無,10580000,56337,,0.0,0,,RPTNMLRLJHGGFBD77DA,163.93,0.0,23.87,無,
安南區,土地,海西段473地號,264.47,都市：其他:農業區,,,1100123,土地20建物0車位0,,,其他,,,,0.0,0,0,0,有,無,2680000,10133,,0.0,0,,RPQNMLQLJHGGFBD37DA,0.0,0.0,0.0,無,1395
安南區,土地,頂安段828地號,24.5,都市：其他:主要計畫道路用地,,,1091125,土地1建物0車位0,,,其他,,,,0.0,0,0,0,有,無,166000,6776,,0.0,0,包含公共設施保留地用地；,RPUNMLPKJHGGFBD57DA,0.0,0.0,0.0,無,
安平區,房地(土地+建物)+車位,永華路二段７９８號十二樓,20.85,都市：其他:住宅區,,,1091205,土地1建物1車位1,十二層,二十九層,住宅大樓(11層含以上有電梯),見其他登記事項,見其他登記事項,1070125,230.5,3,2,2,有,有,13250000,56689,坡道平面,24.11,1550000,,RPWNMLTJKHGGFAD08DA,118.39,8.34,11.55,有,
安平區,房地(土地+建物)+車位,永華五街１０號八樓,8.63,都市：其他:商業區,,,1091127,土地1建物1車位1,八層,二十九層,住宅大樓(11層含以上有電梯),見其他登記事項,見其他登記事項,1070921,172.17000000000002,2,2,2,有,有,14370000,88838,坡道機械,23.36,1150000,,RPXPMLOJKHGGFAD87DA,92.77,2.89,6.97,有,
安平區,房地(土地+建物),育平路１９８號,24.17,都市：其他:住宅區,,,1100109,土地1建物1車位0,一層，二層，三層，見其他登記事項,十七層,住宅大樓(11層含以上有電梯),住商用,鋼筋混凝土造,0850907,246.70000000000002,3,3,4,有,有,8900000,36076,,0.0,0,,RPOOMLNLKHGGFAD96DA,189.36,8.31,16.79,有,
北區,土地,正興段54-17地號,2.4,都市：其他:住宅區,,,1100129,土地1建物0車位0,,,其他,,,,0.0,0,0,0,有,無,174230,72596,,0.0,0,含土地增值稅或其他稅費29030元；,RPTNMLMLKHGGFAD27DA,0.0,0.0,0.0,無,
安平區,房地(土地+建物)+車位,永華八街２２號十八樓,40.59,都市：其他:社區商業區,,,1091124,土地1建物1車位2,十八層,二十一層,住宅大樓(11層含以上有電梯),見其他登記事項,見其他登記事項,1070615,283.91,3,2,3,有,有,21380000,83645,坡道平面,61.78,2800000,毛胚屋；,RPQNMLSKKHGGFAD47DA,141.23,0.0,13.13,有,
中西區,房地(土地+建物),大同路一段４６巷３７弄３號,45.14,都市：其他:商業區,,,1100111,土地1建物1車位0,全,二層,透天厝,住家用,加強磚造,0570130,79.18,3,2,1,有,無,3500000,44203,,0.0,0,頂樓加蓋；其他增建；,RPSOMLSKKHGGFAD77DA,79.18,0.0,0.0,無,0344
安平區,房地(土地+建物),育平二街９９號,99.45,都市：其他:住宅區,,,1100109,土地1建物1車位0,全,五層,透天厝,見其他登記事項,見其他登記事項,0950320,267.8,6,2,7,有,無,15800000,58999,,0.0,0,頂樓加蓋；其他增建；,RPXOMLNKJHGGFAD67DA,234.89,0.0,32.91,無,
北區,房地(土地+建物)+車位,西華街１８號七樓,62.23,都市：其他:商業區,,,1091231,土地1建物1車位2,七層,十四層,住宅大樓(11層含以上有電梯),見其他登記事項,見其他登記事項,1030129,519.21,3,2,5,有,有,39000000,75114,坡道平面,66.16,0,其他增建；,RPOPMLSKKHGGFAD47DA,273.57,0.0,35.74,有,1612
北區,房地(土地+建物),東豐路８５巷４１號,73.0,都市：其他:住宅區,,,1091221,土地2建物1車位0,全,三層,透天厝,住家用,鋼筋混凝土造,0700129,184.56,4,2,3,有,無,6700000,36303,,0.0,0,親友、員工、共有人或其他特殊關係間之交易；,RPPPMLSKKHGGFAD57DA,184.56,0.0,0.0,無,
安平區,房地(土地+建物),永華八街１９３巷３號四樓之５,11.95,都市：其他:住宅區,,,1091230,土地1建物1車位0,四層,六層,華廈(10層含以下有電梯),住家用,鋼筋混凝土造,0811222,49.53,1,1,1,有,有,1760000,35534,,0.0,0,,RPSQMLSKKHGGFAD97DA,34.57,0.0,0.0,有,
中西區,房地(土地+建物),頂美一街７號七樓之１１,7.98,都市：其他:住宅區,,,1100105,土地1建物1車位0,七層，陽台,七層,華廈(10層含以下有電梯),住家用,鋼筋混凝土造,0661202,43.809999999999995,1,0,1,有,無,2150000,49076,,0.0,0,,RPOQMLSKKHGGFAD57DA,37.66,0.0,0.0,有,1613
中西區,房地(土地+建物),大勇街１３８巷１０號,46.49,都市：其他:住宅區,,,1100124,土地1建物1車位0,全,二層,透天厝,住家用,加強磚造,0571207,68.91,3,2,1,有,無,3700000,53693,,0.0,0,其他增建；,RPXOMLMLKHGGFAD77DA,68.91,0.0,0.0,無,
安平區,房地(土地+建物)+車位,慶平路３８６號九樓之２,15.98,都市：其他:商業區,,,1100129,土地1建物1車位2,九層,十四層,住宅大樓(11層含以上有電梯),見其他登記事項,見其他登記事項,1011012,204.14,3,2,2,有,有,12000000,58783,坡道機械,0.0,0,,RPROMLNLKHGGFAD27DA,113.26,0.0,15.16,有,1614
中西區,房地(土地+建物),友愛街３６３號六樓之３,0.17,都市：其他:商業區,,,1100106,土地1建物1車位0,六層,十一層,住宅大樓(11層含以上有電梯),住家用,鋼筋混凝土造,0851127,28.71,1,0,1,有,無,1020000,35528,,0.0,0,陽台外推；,RPTPMLNLKHGGFAD57DA,15.47,0.0,5.28,有,
安平區,房地(土地+建物),健康四街７４號,133.0,都市：其他:住宅區,,,1091218,土地1建物1車位0,全,四層,透天厝,住商用,鋼筋混凝土造,0811229,340.8,6,1,6,有,無,18000000,52817,,0.0,0,陽台外推；頂樓加蓋；其他增建；,RPPPMLPJKHGGFAD17DA,325.26,0.0,15.54,無,
安平區,房地(土地+建物)+車位,平豐路４４巷２０號六樓之３,39.24,都市：其他:住宅區,,,1100114,土地1建物1車位2,六層,六層,華廈(10層含以下有電梯),住家用,鋼筋混凝土造,0820612,231.01999999999998,4,1,3,有,有,7800000,33763,坡道平面,0.0,0,,RPQOMLRLJHGGFAD47DA,124.61,2.11,18.94,有,
北區,土地,大豐段1313-111地號,64.45,都市：其他:商業區,,,1100111,土地1建物0車位0,,,其他,,,,0.0,0,0,0,有,無,10140000,157331,,0.0,0,親友、員工、共有人或其他特殊關係間之交易；未登記建物；,RPSOMLNJKHGGFAD17DA,0.0,0.0,0.0,無,
安平區,房地(土地+建物)+車位,育平九街９９號二樓之２,32.27,都市：其他:住宅區,,,1090612,土地1建物1車位1,二層,十一層,住宅大樓(11層含以上有電梯),見其他登記事項,見其他登記事項,1091204,196.55,3,2,2,有,有,13500000,75093,升降平面,30.09,1000000,預售屋、或土地及建物分次登記案件；,RPOPMLMJKHGGFAD76DA,101.14,0.0,10.18,有,
安平區,房地(土地+建物)+車位,育平九街９９號三樓之１,39.06,都市：其他:住宅區,,,1091216,土地1建物1車位1,三層,十一層,住宅大樓(11層含以上有電梯),見其他登記事項,見其他登記事項,1091204,235.78,3,2,2,有,有,16700000,76328,升降平面,30.09,1000000,預售屋、或土地及建物分次登記案件；,RPPPMLMJKHGGFAD86DA,105.45,0.0,31.58,有,
安平區,房地(土地+建物),永華路二段８１９號十一樓之１６,8.29,都市：其他:住宅區,,,1091128,土地1建物1車位0,十一層,二十四層,住宅大樓(11層含以上有電梯),住家用,鋼筋混凝土造,0840530,117.4,3,2,2,有,有,5300000,45145,,0.0,0,,RPVNMLSLJIPFFAD88DA,82.67,0.0,10.89,有,
北區,房地(土地+建物)+車位,旭日街９８之１號四樓之１,31.95,都市：其他:住宅區,,,1091124,土地1建物1車位1,四層,十層,華廈(10層含以下有電梯),見其他登記事項,鋼筋混凝土造,0911115,142.73,3,2,2,有,有,6650000,46591,坡道平面,0.0,1000000,,RPUOMLOLJIPFFAD48DA,86.89,0.0,8.61,有,
安平區,房地(土地+建物),建平三街６２巷１４號四樓之１１,15.39,都市：其他:住宅區,,,1100116,土地1建物1車位0,四層,七層,華廈(10層含以下有電梯),住家用,鋼筋混凝土造,0821008,89.80000000000001,3,2,2,有,有,3850000,42873,,0.0,0,,RPTNMLPLKHGGFAD57DA,67.95,0.0,3.81,有,1615
安南區,房地(土地+建物),安中路二段７１巷３０號,102.39,都市：其他:住宅區,,,1100126,土地1建物1車位0,全,四層,透天厝,住家用,鋼筋混凝土造,1011116,241.38,5,2,6,有,無,18750000,77678,,0.0,0,,RPPQMLRLJHGGFBD67DA,214.02,0.0,27.36,無,
安南區,土地,新淵段637-5地號,367.35,都市：其他:住宅區,,,1091031,土地3建物0車位0,,,其他,,,,0.0,0,0,0,有,無,22900000,62338,,0.0,0,未登記建物；,RPTNMLTJKHGGFBD87DA,0.0,0.0,0.0,無,
安南區,土地,淵南段393地號,66.55,都市：其他:住宅區,,,1100205,土地1建物0車位0,,,其他,,,,0.0,0,0,0,有,無,1711050,25711,,0.0,0,,RPROMLPJKHGGFBD37DA,0.0,0.0,0.0,無,
安南區,房地(土地+建物),公學路四段２５７巷３９號,105.64,都市：其他:道路用地(兼供排水使用),,,1100121,土地3建物1車位0,全,三層,透天厝,住家用,鋼筋混凝土造,0920611,133.54,3,2,4,有,無,6600000,49423,,0.0,0,包含公共設施保留地用地；,RPWPMLNJKHGGFBD77DA,128.9,0.0,4.64,無,
安南區,土地,國安段1652地號,891.42,都市：其他:住宅區,,,1091107,土地1建物0車位0,,,其他,,,,0.0,0,0,0,有,無,87630000,98304,,0.0,0,,RPTOMLSKKHGGFBD97DA,0.0,0.0,0.0,無,
安南區,土地,學東段272-1地號,166.42,都市：其他:宗教專用區,,,1100217,土地1建物0車位0,,,其他,,,,0.0,0,0,0,有,無,2013680,12100,,0.0,0,,RPPNMLSKKHGGFBD47DA,0.0,0.0,0.0,無,1616
安南區,土地,草湖段525-2地號,27.49,都市：其他:商業區,,,1100208,土地3建物0車位0,,,其他,,,,0.0,0,0,0,有,無,997200,36275,,0.0,0,,RPPNMLRKKHGGFBD37DA,0.0,0.0,0.0,無,
新營區,房地(土地+建物),五間厝１４０號,471.3,,鄉村區,乙種建築用地,1100101,土地2建物1車位0,全,二層,透天厝,住家用,加強磚造,0821001,181.1,5,3,2,有,無,5300000,29266,,0.0,0,,RPVNMLMLKHGGFDD77DA,175.01,0.0,6.09,無,
新營區,房地(土地+建物),中山路２０號八樓之一,21.36,都市：其他:商業區,,,1091230,土地1建物3車位0,八層,十二層,住宅大樓(11層含以上有電梯),住家用,鋼筋混凝土造,0860425,220.54000000000002,3,1,1,有,有,3500000,15870,,0.0,0,,RPRNMLNLKHGGFDD47DA,147.06,0.0,7.18,有,1617
新營區,房地(土地+建物),太子宮２９７之３１號,114.58,都市：其他:住宅區,,,1100124,土地3建物1車位0,全,三層,透天厝,見其他登記事項,鋼筋混凝土造,1090830,157.1,4,2,3,有,無,6980000,44430,,0.0,0,,RPOOMLNLKHGGFDD27DA,147.31,0.0,9.65,無,
鹽水區,房地(土地+建物),土庫６８之１２號,88.93,都市：其他:農業區,,,1100131,土地2建物1車位0,全,三層,透天厝,住家用,鋼筋混凝土造,1081210,158.23,5,2,3,有,無,7000000,44239,,0.0,0,,RPTOMLLJKHGGFDD37DA,145.04,0.0,13.19,無,
鹽水區,房地(土地+建物),土庫７０之２９號,93.11,,鄉村區,乙種建築用地,1100103,土地3建物1車位0,全,三層,透天厝,住家用,鋼筋混凝土造,1081110,165.13,5,2,3,有,無,7300000,44208,,0.0,0,,RPSOMLNKJHGGFDD47DA,151.94,0.0,13.19,無,
鹽水區,房地(土地+建物),土庫６８之３２號,95.18,都市：其他:農業區,,,1091228,土地2建物1車位0,全,三層,透天厝,住家用,鋼筋混凝土造,1081210,159.75,5,2,3,有,無,7100000,44444,,0.0,0,,RPQNMLOJJHGGFDD17DA,159.75,0.0,0.0,無,
南區,房地(土地+建物),金華路二段５７巷６號,65.0,都市：其他:住宅區,,,1100202,土地1建物1車位0,全,二層,透天厝,住家用,見其他登記事項,0640716,72.48,3,3,2,有,無,5010000,69123,,0.0,0,頂樓加蓋；其他增建；,RPUNMLMLKHGGFCD57DA,72.48,0.0,0.0,無,
南區,土地,中和段1539-14地號,28.0,都市：其他:細部計畫道路用地,,,1100114,土地1建物0車位0,,,其他,,,,0.0,0,0,0,有,無,100000,3571,,0.0,0,,RPWNMLMLKHGGFCD77DA,0.0,0.0,0.0,無,
東區,房地(土地+建物),東寧路５３８巷５號二樓之２,4.58,都市：其他:第五種住宅區,,,1100202,土地2建物1車位0,二層,七層,華廈(10層含以下有電梯),住家用,鋼筋混凝土造,0780425,23.75,1,1,1,有,有,1300000,54737,,0.0,0,,RPTOMLMLKHGGFCD57DA,14.35,0.0,0.0,有,
南區,房地(土地+建物),喜樹路２４巷１５號,78.42,都市：其他:住宅區,,,1100108,土地2建物1車位0,全,二層,透天厝,住家用,鋼筋混凝土造,0691106,90.99,3,2,2,有,無,2650000,29124,,0.0,0,頂樓加蓋；其他增建；,RPRNMLMLKHGGFCD27DA,81.88,0.0,9.11,無,1618
南區,土地,公英段490-2地號,16.79,都市：其他:細部計畫道路用地,,,1100126,土地1建物0車位0,,,其他,,,,0.0,0,0,0,有,無,240000,14294,,0.0,0,包含公共設施保留地用地；,RPUNMLKLKHGGFCD37DA,0.0,0.0,0.0,無,1619
東區,房地(土地+建物)+車位,東門路三段２６６巷１１號三樓,30.75,都市：其他:第五種住宅區,,,1091108,土地1建物1車位1,三層,十三層,住宅大樓(11層含以上有電梯),見其他登記事項,見其他登記事項,1071108,154.45,3,2,2,有,有,10500000,67983,坡道平面,29.31,0,,RPWOMLMLKHGGFCD87DA,75.49,0.0,9.05,有,1620
東區,土地,德高段170-18地號,88.0,都市：其他:第五種住宅區,,,1091214,土地1建物0車位0,,,其他,,,,0.0,0,0,0,有,無,10000000,113636,,0.0,0,,RPUNMLNLKHGGFCD67DA,0.0,0.0,0.0,無,
東區,房地(土地+建物),中華東路二段１９３號三樓之６,2.6,都市：其他:道路用地,,,1100124,土地3建物1車位0,三層,二十層,住宅大樓(11層含以上有電梯),住家用,鋼筋混凝土造,0841106,34.339999999999996,1,0,1,有,有,1200000,34945,,0.0,0,,RPQPMLRKKHGGFCD77DA,19.5,0.0,3.72,有,
南區,房地(土地+建物)+車位,大同路二段１１２巷９號十樓之５,36.04,都市：其他:住宅區,,,1091222,土地1建物1車位1,十層,十三層,住宅大樓(11層含以上有電梯),見其他登記事項,鋼筋混凝土造,0881021,147.36,3,2,2,有,有,5300000,35966,坡道平面,0.0,0,親友、員工、共有人或其他特殊關係間之交易；,RPVNMLOJKHGGFCD67DA,88.01,0.0,8.24,有,
東區,房地(土地+建物),崇德十八街１６號六樓,14.57,都市：其他:鄰里商業區,,,1100105,土地1建物1車位0,六層,六層,華廈(10層含以下有電梯),住家用,鋼筋混凝土造,0820216,86.7,3,2,1,有,有,3800000,43829,,0.0,0,,RPTOMLKLJHGGFCD27DA,59.97,0.0,5.9,有,
麻豆區,房地(土地+建物),大山７１之２１號,102.38,都市：其他:第三種住宅區。,,,1091216,土地3建物1車位0,全,三層,透天厝,住家用,見其他登記事項,1090728,161.78,4,2,4,有,無,6900000,42651,,0.0,0,,RPWNMLPLJHGGFFD28DA,148.0,0.0,13.78,無,
麻豆區,房地(土地+建物),南勢２４之５２號,113.42,都市：其他:農業區,,,1091224,土地4建物1車位0,全,四層,透天厝,見其他登記事項,見其他登記事項,1090507,225.18,4,2,5,有,有,11470000,50937,,0.0,0,預售屋、或土地及建物分次登記案件；,RPTNMLPJJHGGFFD77DA,199.9,25.28,0.0,無,
麻豆區,土地,謝厝寮段1120地號,540.0,,一般農業區,農牧用地,1100203,土地1建物0車位0,,,其他,,,,0.0,0,0,0,有,無,2120000,3926,,0.0,0,,RPRNMLOLKHGGFFD77DA,0.0,0.0,0.0,無,0185
官田區,土地,永安段324地號,3325.0,都市：其他:農業區,,,1100122,土地3建物0車位0,,,其他,,,,0.0,0,0,0,有,無,10000000,3008,,0.0,0,,RPVNMLNLKHGGFFD08DA,0.0,0.0,0.0,無,
麻豆區,土地,晉江段394地號,24.08,都市：其他:計畫道路用地,,,1100203,土地1建物0車位0,,,其他,,,,0.0,0,0,0,有,無,500000,20764,,0.0,0,,RPWNMLNLKHGGFFD18DA,0.0,0.0,0.0,無,
六甲區,房地(土地+建物),二甲里２０鄰民權街２９１之１號,89.74,都市：其他:住宅區,,,1100105,土地2建物1車位0,全,三層,透天厝,住商用,鋼筋混凝土造,0821111,173.88,4,2,3,有,無,6000000,34507,,0.0,0,,RPXNMLNLKHGGFFD28DA,161.1,0.0,12.78,無,
麻豆區,土地,穀興段445地號,94.0,都市：其他:商業區,,,1091230,土地2建物0車位0,,,其他,,,,0.0,0,0,0,有,無,1800000,19149,,0.0,0,親友、員工、共有人或其他特殊關係間之交易；,RPOOMLPJKHGGFFD47DA,0.0,0.0,0.0,無,
七股區,土地,三吉段340地號,168.52,,鄉村區,乙種建築用地,1100125,土地2建物0車位0,,,其他,,,,0.0,0,0,0,有,無,1260000,7477,,0.0,0,親友、員工、共有人或其他特殊關係間之交易；未登記建物；,RPPOMLPLJHGGFGD77DA,0.0,0.0,0.0,無,1622
佳里區,土地,三協段869地號,3602.78,,特定農業區,農牧用地,1100123,土地2建物0車位0,,,其他,,,,0.0,0,0,0,有,無,10095000,2802,,0.0,0,,RPROMLPLJHGGFGD97DA,0.0,0.0,0.0,無,
佳里區,房地(土地+建物)+車位,民安里６鄰同安寮９３之１號四樓之５,25.69,,鄉村區,乙種建築用地,1100203,土地1建物1車位1,四層,六層,華廈(10層含以下有電梯),見其他登記事項,鋼筋混凝土造,1071106,93.80000000000001,2,1,1,有,有,4020000,42857,坡道機械,18.17,0,,RPUNMLKLKHGGFGD77DA,52.78,0.0,4.46,有,1623
七股區,土地,看坪段501-2地號,988.0,,特定農業區,甲種建築用地,1100217,土地3建物0車位0,,,其他,,,,0.0,0,0,0,有,無,5000000,5061,,0.0,0,未登記建物；,RPSNMLTKKHGGFGD38DA,0.0,0.0,0.0,無,
佳里區,土地,佳里段921-5地號,74.83,都市：其他:住宅區,,,1091223,土地1建物0車位0,,,其他,,,,0.0,0,0,0,有,無,1880000,25124,,0.0,0,親友、員工、共有人或其他特殊關係間之交易；,RPOOMLMLKHGGFGD47DA,0.0,0.0,0.0,無,
佳里區,土地,文化段48-2地號,1753.75,,特定農業區,農牧用地,1100115,土地4建物0車位0,,,其他,,,,0.0,0,0,0,有,無,3500000,1996,,0.0,0,農作物；,RPUNMLMLKHGGFGD97DA,0.0,0.0,0.0,無,
將軍區,土地,漚汪段西甲小段1337地號,1616.0,,特定農業區,農牧用地,1100127,土地1建物0車位0,,,其他,,,,0.0,0,0,0,有,無,1650000,1021,,0.0,0,,RPVNMLTKKHGGFGD68DA,0.0,0.0,0.0,無,
西港區,土地,南海段770-1地號,20.86,都市：其他:住宅區,,,1100215,土地1建物0車位0,,,其他,,,,0.0,0,0,0,有,無,488500,23418,,0.0,0,,RPPNMLTKKHGGFGD08DA,0.0,0.0,0.0,無,
西港區,房地(土地+建物),大塭寮５０之１７號,104.17,,鄉村區,乙種建築用地,1100128,土地3建物1車位0,全,三層,透天厝,見其他登記事項,鋼筋混凝土造,1091211,175.34,5,2,3,有,無,6300000,35930,,0.0,0,其他增建；,RPRNMLNLKHGGFGD77DA,162.6,0.0,12.74,無,
佳里區,土地,新安段1324地號,10.96,,鄉村區,乙種建築用地,1100217,土地3建物0車位0,,,其他,,,,0.0,0,0,0,有,無,97080,8858,,0.0,0,親友、員工、共有人或其他特殊關係間之交易；,RPUNMLNLKHGGFGD08DA,0.0,0.0,0.0,無,1507
佳里區,房地(土地+建物),安西里光華街１３０巷４８弄２７號,111.58,都市：其他:住宅區,,,1091116,土地1建物1車位0,全,四層,透天厝,住家用,鋼筋混凝土造,0841107,276.69,4,2,4,有,無,10000000,36142,,0.0,0,,RPVOMLNLKHGGFGD28DA,237.63,20.94,18.12,無,
學甲區,土地,宅子港段163-135地號,1217.33,,河川區,農牧用地,1100125,土地1建物0車位0,,,其他,,,,0.0,0,0,0,有,無,1300000,1068,,0.0,0,,RPPNMLOLKHGGFGD67DA,0.0,0.0,0.0,無,
學甲區,房地(土地+建物),秀昌里７鄰下溪洲１６之１６１號,128.82,都市：其他:住宅區,,,1100205,土地1建物1車位0,全,三層,透天厝,住家用,鋼筋混凝土造,1041123,167.64,5,1,4,有,無,7200000,42949,,0.0,0,,RPOOMLNLKHGGFGD57DA,158.53,0.0,9.11,無,
新化區,房地(土地+建物),大新路７７之１號,126.15,都市：其他:住宅區,,,1100128,土地1建物1車位0,全,四層,透天厝,住商用,鋼筋混凝土造,0860313,238.35,6,2,5,有,無,13800000,57898,,0.0,0,,RPWOMLSLJHGGFHD88DA,226.88,0.0,11.47,無,1625
新市區,房地(土地+建物),龍目井路１４７巷１７號,219.98,都市：其他:生活服務區(產業服務專用),,,1100113,土地5建物1車位0,全,四層,透天厝,見其他登記事項,鋼筋混凝土造,1090911,422.43,5,2,8,有,無,33660000,79682,,0.0,0,,RPSNMLKLJHGGFHD57DA,389.34,0.0,33.09,有,
安定區,土地,中沙段728地號,786.24,,一般農業區,農牧用地,1091209,土地2建物0車位0,,,其他,,,,0.0,0,0,0,有,無,8800000,11193,,0.0,0,,RPRNMLSKKHGGFHD28DA,0.0,0.0,0.0,無,
新化區,土地,新音段665地號,159.06,都市：其他:商業區,,,1100114,土地3建物0車位0,,,其他,,,,0.0,0,0,0,有,無,2650000,16660,,0.0,0,親友、員工、共有人或其他特殊關係間之交易；未登記建物；,RPPNMLTKKHGGFHD18DA,0.0,0.0,0.0,無,
善化區,土地,善西段437地號,826.45,都市：其他:住宅區,,,1091022,土地2建物0車位0,,,其他,,,,0.0,0,0,0,有,無,43750000,52937,,0.0,0,未登記建物；,RPRNMLTKKHGGFHD38DA,0.0,0.0,0.0,無,
善化區,土地,善西段392地號,84.71,都市：其他:住宅區,,,1091024,土地1建物0車位0,,,其他,,,,0.0,0,0,0,有,無,4483500,52928,,0.0,0,,RPSNMLTKKHGGFHD48DA,0.0,0.0,0.0,無,
善化區,房地(土地+建物),溪尾６６之７號,127.95,,鄉村區,乙種建築用地,1100121,土地3建物1車位0,全,四層,透天厝,住家用,鋼筋混凝土造,1071114,173.37,4,2,3,有,無,9280000,53527,,0.0,0,,RPQOMLRKKHGGFHD18DA,166.38,0.0,6.99,無,
新市區,土地,潭頂段606地號,45.42,,鄉村區,乙種建築用地,1100128,土地1建物0車位0,,,其他,,,,0.0,0,0,0,有,無,300000,6605,,0.0,0,急買急賣；,RPUOMLRKKHGGFHD58DA,0.0,0.0,0.0,無,
新市區,土地,大社段1143地號,1180.0,,特定農業區,農牧用地,1100106,土地1建物0車位0,,,其他,,,,0.0,0,0,0,有,無,1650000,1398,,0.0,0,急買急賣；,RPWPMLRKKHGGFHD88DA,0.0,0.0,0.0,無,
山上區,土地,玉二段810地號,512.11,都市：其他:住宅區,,,1091215,土地2建物0車位0,,,其他,,,,0.0,0,0,0,有,無,9600000,18746,,0.0,0,,RPQNMLNLKHGGFHD77DA,0.0,0.0,0.0,無,
新市區,土地,潭頂段1028-2地號,10812.5,,一般農業區,農牧用地,1100203,土地2建物0車位0,,,其他,,,,0.0,0,0,0,有,無,12000000,1110,,0.0,0,,RPOOMLNLKHGGFHD67DA,0.0,0.0,0.0,無,
善化區,土地,善西段1025地號,394.77,都市：其他:計畫道路用地,,,1100218,土地2建物0車位0,,,其他,,,,0.0,0,0,0,有,無,9792440,24805,,0.0,0,,RPQOMLNLKHGGFHD87DA,0.0,0.0,0.0,無,1626
新市區,土地,大營段684地號,4115.5,,特定農業區,農牧用地,1100119,土地1建物0車位0,,,其他,,,,0.0,0,0,0,有,無,19548000,4750,,0.0,0,,RPROMLNLKHGGFHD97DA,0.0,0.0,0.0,無,
新市區,房地(土地+建物),中山路７８巷２５之５號,86.08,都市：其他:住宅區,,,1091101,土地3建物1車位0,全,三層,透天厝,住家用,鋼筋混凝土造,1030915,161.53,7,0,7,有,無,11500000,71194,,0.0,0,陽台外推；頂樓加蓋；,RPTOMLNLKHGGFHD18DA,146.7,0.0,14.83,無,
新化區,土地,竹子腳段891-1地號,1872.0,,一般農業區,農牧用地,1100107,土地1建物0車位0,,,其他,,,,0.0,0,0,0,有,無,16500000,8814,,0.0,0,農業設施；,RPUOMLNLKHGGFHD28DA,0.0,0.0,0.0,無,
新化區,房地(土地+建物),太平街１３４巷５６號,69.48,都市：其他:住宅區,,,1100126,土地1建物1車位0,全,三層,透天厝,住家用,鋼筋混凝土造,0770523,120.57,4,2,3,有,無,4800000,39811,,0.0,0,頂樓加蓋；其他增建；,RPVOMLNLKHGGFHD38DA,120.57,0.0,0.0,無,
善化區,房地(土地+建物),六分寮２６０之２號二樓,34.06,,鄉村區,乙種建築用地,1100118,土地1建物1車位0,二層,六層,華廈(10層含以下有電梯),見其他登記事項,鋼筋混凝土造,1070425,117.44,3,1,3,有,有,5500000,46832,,0.0,0,,RPXOMLNLKHGGFHD58DA,80.33,0.0,5.03,有,
善化區,土地,善西段1025地號,184.1,都市：其他:計畫道路用地,,,1100218,土地2建物0車位0,,,其他,,,,0.0,0,0,0,有,無,2784500,15125,,0.0,0,1.朋友間之買賣親友、員工、共有人或其他特殊關係間之交易；,RPSPMLNLKHGGFHD18DA,0.0,0.0,0.0,無,1626
善化區,房地(土地+建物)+車位,文化路１８號七樓之１,28.74,都市：其他:住宅區,,,1100120,土地1建物1車位1,七層,十二層,住宅大樓(11層含以上有電梯),住家用,鋼筋混凝土造,0960927,152.89000000000001,3,1,2,有,有,8700000,56904,坡道平面,24.02,0,,RPVPMLNLKHGGFHD48DA,86.14,0.0,12.01,有,
新市區,土地,大社段2468-4地號,161.7,,鄉村區,乙種建築用地,1091229,土地1建物0車位0,,,其他,,,,0.0,0,0,0,有,無,2300000,14224,,0.0,0,親友、員工、共有人或其他特殊關係間之交易；,RPWPMLNLKHGGFHD58DA,0.0,0.0,0.0,無,
仁德區,土地,虎山段732地號,17.11,,一般農業區,農牧用地,1100202,土地1建物0車位0,,,其他,,,,0.0,0,0,0,有,無,165000,9643,,0.0,0,,RPTNMLMJKHGGFID87DA,0.0,0.0,0.0,無,
關廟區,房地(土地+建物),園中街５２巷１３號,102.7,都市：其他:住宅區,,,1081218,土地3建物1車位0,全,三層,透天厝,住家用,鋼筋混凝土構造,1090708,167.77,5,2,3,有,無,8250000,49174,,0.0,0,,RPOOMLNLKHGGFID77DA,157.98,0.0,9.79,無,
仁德區,房地(土地+建物),太子里長興路８７巷９之６號,126.08,都市：其他:住宅區,,,1091113,土地2建物1車位0,全,四層,透天厝,住家用,鋼筋混凝土造,1020102,238.16,4,2,5,有,無,14700000,61723,,0.0,0,頂樓加蓋；其他增建；,RPTOMLNLKHGGFID28DA,220.76,0.0,17.4,無,1628
關廟區,土地,下湖段633-1地號,5398.0,,一般農業區,農牧用地,1090926,土地2建物0車位0,,,其他,,,,0.0,0,0,0,有,無,15380000,2849,,0.0,0,,RPSNMLNLKHGGFID08DA,0.0,0.0,0.0,無,
歸仁區,房地(土地+建物),保大路一段１５２巷１８０弄３０號,1879.0,,一般農業區,農牧用地,1091202,土地1建物2車位0,全,一層,透天厝,農業用,鋼骨鋼筋混凝土造,0970918,103.89,0,0,0,無,無,10500000,101068,,0.0,0,,RPOOMLRKKHGGFID08DA,103.89,0.0,0.0,無,
仁德區,房地(土地+建物),德南路２１７之２號,94.93,都市：其他:住宅區,,,1100110,土地4建物1車位0,全,三層,透天厝,住家用,鋼筋混凝土造,0961130,172.05,3,2,4,有,無,9200000,53473,,0.0,0,其他增建；,RPQNMLKLJHGGFID47DA,172.05,0.0,0.0,無,
歸仁區,房地(土地+建物)+車位,後市里民族北街２３號,34.23,都市：其他:住宅區,,,1100103,土地1建物1車位1,一層，二層，三層，騎樓,十層,華廈(10層含以下有電梯),住商用,鋼筋混凝土造,0821224,193.13,2,3,3,有,有,8000000,41423,坡道平面,15.56,0,,RPSPMLTLJHGGFID78DA,149.22,0.0,4.41,有,
新營區,土地,三德段1397地號,131.68,都市：其他:綠地,,,1100119,土地2建物0車位0,,,其他,,,,0.0,0,0,0,有,無,3287000,24962,,0.0,0,買方負擔土地增值稅613771元,RPVNMLNLKHGGFDD97EA,0.0,0.0,0.0,無,1598
鹽水區,土地,下林段286地號,1483.0,,一般農業區,農牧用地,1100217,土地1建物0車位0,,,其他,,,,0.0,0,0,0,有,無,600000,405,,0.0,0,,RPTNMLOLKHGGFDD87EA,0.0,0.0,0.0,無,
柳營區,土地,五軍營段61-24地號,124.57,,鄉村區,乙種建築用地,1100115,土地6建物0車位0,,,其他,,,,0.0,0,0,0,有,無,300000,2408,,0.0,0,親友、員工、共有人或其他特殊關係間之交易；畸零地或有合併使用效益；,RPQNMLTKKHGGFDD97EA,0.0,0.0,0.0,無,1630
柳營區,土地,五軍營段61-11地號,125.57,,鄉村區,乙種建築用地,1100115,土地6建物0車位0,,,其他,,,,0.0,0,0,0,有,無,300000,2389,,0.0,0,親友、員工、共有人或其他特殊關係間之交易；畸零地或有合併使用效益；,RPRNMLTKKHGGFDD08EA,0.0,0.0,0.0,無,1630
官田區,土地,中段245-9地號,6121.0,都市：其他:農業區,,,1100201,土地2建物0車位0,,,其他,,,,0.0,0,0,0,有,無,18647625,3046,,0.0,0,,RPOOMLOLKHGGFFD67EA,0.0,0.0,0.0,無,
官田區,土地,八田段424地號,344.36,都市：其他:第一種住宅區,,,1100130,土地2建物0車位0,,,其他,,,,0.0,0,0,0,有,無,3990000,11587,,0.0,0,未登記建物；,RPPNMLOLKHGGFFD67EA,0.0,0.0,0.0,無,
麻豆區,土地,新建段800地號,109.9,都市：其他:計畫道路用地,,,1100209,土地3建物0車位0,,,其他,,,,0.0,0,0,0,有,無,1298545,11816,,0.0,0,親友、員工、共有人或其他特殊關係間之交易；,RPQNMLOLKHGGFFD77EA,0.0,0.0,0.0,無,
安南區,土地,怡中段966地號,504.89,都市：其他:細部計畫道路用地,,,1100217,土地1建物0車位0,,,其他,,,,0.0,0,0,0,有,無,8024964,15894,,0.0,0,包含公共設施保留地用地；,RPSNMLNLKHGGFBD47EA,0.0,0.0,0.0,無,1632
安南區,土地,安西段2142地號,372.02,都市：其他:住宅區,,,1091211,土地1建物0車位0,,,其他,,,,0.0,0,0,0,有,無,33760000,90748,,0.0,0,,RPTNMLNLKHGGFBD57EA,0.0,0.0,0.0,無,1633
安南區,土地,淵西段410地號,159.23,都市：其他:細部計畫道路用地,,,1100205,土地2建物0車位0,,,其他,,,,0.0,0,0,0,有,無,1255000,7882,,0.0,0,包含公共設施保留地用地；,RPWNMLNLKHGGFBD87EA,0.0,0.0,0.0,無,
安南區,土地,安中段590地號,458.39,都市：其他:國中學校用地,,,1100204,土地1建物0車位0,,,其他,,,,0.0,0,0,0,有,無,13860000,30236,,0.0,0,包含公共設施保留地用地；,RPWOMLMLKHGGFBD87EA,0.0,0.0,0.0,無,
東區,房地(土地+建物)+車位,富農街一段１３１巷５０號二樓,22.12,都市：其他:第五種住宅區,,,1100208,土地1建物1車位1,二層,九層,華廈(10層含以下有電梯),住家用,鋼筋混凝土造,0840112,151.64999999999998,3,2,2,有,有,3000000,19782,坡道平面,0.0,0,親友、員工、共有人或其他特殊關係間之交易；,RPVNMLNLKHGGFCD87EA,89.47,0.0,11.49,有,
永康區,房地(土地+建物)+車位,大仁街１６２號五樓之１,20.79,都市：其他:住宅區,,,1100109,土地1建物1車位1,五層,八層,華廈(10層含以下有電梯),住家用,鋼筋混凝土造,0840321,138.53,3,2,2,有,有,5150000,37176,坡道機械,0.0,0,,RPROMLTKKHGGFKD78DA,85.27,0.0,13.96,有,
永康區,土地,蜈蜞潭段2017-3地號,158.6,都市：其他:道路用地,,,1100203,土地2建物0車位0,,,其他,,,,0.0,0,0,0,有,無,6750000,42560,,0.0,0,包含公共設施保留地用地；預售屋、或土地及建物分次登記案件；,RPQPMLSKKHGGFKD68DA,0.0,0.0,0.0,無,
永康區,房地(土地+建物),大灣路９４２巷４６號,106.0,都市：其他:住宅區,,,1091210,土地1建物1車位0,全,二層,透天厝,住商用,加強磚造,0710507,119.0,3,2,2,有,無,7100000,59664,,0.0,0,其他增建；,RPQOMLRKKHGGFKD48DA,114.5,0.0,4.5,無,
永康區,房地(土地+建物),埔園里龍中街４５９號,73.0,都市：其他:住宅區,,,1100115,土地1建物1車位0,全,四層,透天厝,住商用,鋼筋混凝土造,0810817,204.62,4,2,4,有,無,11200000,54736,,0.0,0,陽台外推；其他增建；,RPUNMLRKKHGGFKD78DA,177.16,8.25,19.21,無,
永康區,房地(土地+建物),大灣里民族路１２６巷８０弄１９號,104.0,都市：其他:住宅區,,,1100110,土地1建物1車位0,全,三層,透天厝,住家用,鋼筋混凝土造,0950206,185.02,5,2,3,有,無,9000000,48643,,0.0,0,,RPSNMLRKKHGGFKD58DA,166.8,0.0,18.22,無,
永康區,房地(土地+建物),中正南路７２６巷３６號,180.36,都市：其他:住宅區,,,1091228,土地2建物1車位0,全,四層,透天厝,住家用,鋼筋混凝土構造,1060630,471.32,25,0,25,有,無,37500000,79564,,0.0,0,其他增建；,RPOWMLMLKHGGFKD68DA,428.94,42.38,0.0,有,
永康區,房地(土地+建物),大橋一街７３巷３１號,106.0,都市：其他:住宅區,,,1091202,土地1建物1車位0,全,二層,透天厝,住家用,加強磚造,0731016,150.17,4,2,2,有,無,12510000,83306,,0.0,0,頂樓加蓋；其他增建；,RPTPMLMLKHGGFKD48DA,130.07,7.68,12.42,無,
永康區,房地(土地+建物),甲頂里小北路４６號,347.35,都市：其他:工業區,,,1091223,土地1建物1車位0,全,四層,透天厝,見其他登記事項,鋼筋混凝土造,0950727,486.94,3,3,5,有,無,39800000,81735,,0.0,0,其他增建；,RPQWMLMLKHGGFKD88DA,419.05,11.15,56.74,無,
永康區,房地(土地+建物),大橋里中華路６７８號,81.0,都市：其他:住宅區,,,1091231,土地1建物1車位0,全,四層,透天厝,住商用,鋼筋混凝土造,0910816,210.56,8,1,8,有,無,23800000,113032,,0.0,0,,RPRPMLNLKHGGFKD38DA,178.6,9.12,22.84,無,
永康區,房地(土地+建物)+車位,南灣里南興路１１２巷１０２號五樓之５,14.55,都市：其他:住宅區,,,1100118,土地2建物1車位1,五層,七層,華廈(10層含以下有電梯),住家用,鋼筋混凝土造,0840610,109.94,3,2,2,有,有,3880000,35292,坡道平面,0.0,0,,RPOQMLNLKHGGFKD18DA,62.65,0.0,3.35,有,1634
永康區,房地(土地+建物),埔園里自強路４７１號,90.85,都市：其他:住宅區,,,1100117,土地1建物1車位0,全,四層,透天厝,住商用,鋼筋混凝土造,0820622,202.49,5,2,3,有,無,13400000,66176,,0.0,0,其他增建；,RPORMLNLKHGGFKD28DA,184.78,0.0,17.71,無,
永康區,房地(土地+建物),正強街２９６號十三樓之２,17.45,都市：其他:住宅區,,,1091230,土地1建物1車位0,十三層,十四層,住宅大樓(11層含以上有電梯),住家用,鋼筋混凝土造,0830502,102.19,3,2,2,有,有,4000000,39143,,0.0,0,陽台外推；,RPUOMLOKJHGGFKD48DA,72.02,0.75,9.75,有,1635
永康區,房地(土地+建物),文賢街１３６巷１弄２號,86.0,都市：其他:住宅區,,,1100108,土地1建物1車位0,全,四層,透天厝,見其他登記事項,鋼筋混凝土造,0880128,185.43,3,2,3,有,無,8000000,43143,,0.0,0,,RPWNMLMLJHGGFKD48DA,168.1,0.0,17.33,無,
永康區,房地(土地+建物)+車位,復國路５８號六樓之３,50.48,都市：其他:住宅區,,,1100201,土地1建物1車位1,六層,十四層,住宅大樓(11層含以上有電梯),住家用,鋼筋混凝土造,0960920,177.71,3,2,2,有,有,6800000,38265,坡道平面,0.0,0,,RPPNMLTJKHGGFKD38DA,99.29,0.0,10.58,有,
永康區,房地(土地+建物),埔園里中正路１５巷１３號,84.37,都市：其他:住宅區,,,1091221,土地1建物1車位0,全,二層,透天厝,住家用,加強磚造,0750130,112.18,8,2,3,有,無,6200000,55268,,0.0,0,,RPQNMLRJKHGGFKD28DA,98.96,5.22,8.0,無,
永康區,房地(土地+建物),中正七街１７號六樓之１１,4.74,都市：其他:住宅區,,,1100124,土地1建物1車位0,六層,八層,華廈(10層含以下有電梯),住家用,鋼筋混凝土造,0840417,29.770000000000003,1,0,1,有,有,1550000,52066,,0.0,0,,RPVQMLMJKHGGFKD58DA,17.4,0.0,4.38,有,
永康區,土地,永興段306地號,240.93,都市：其他:住宅區,,,1091124,土地1建物0車位0,,,其他,,,,0.0,0,0,0,有,無,11800000,48977,,0.0,0,未登記建物；,RPTPMLTLJHGGFKD09DA,0.0,0.0,0.0,無,
楠西區,土地,保生段560地號,4537.88,,一般農業區,農牧用地,1100111,土地6建物0車位0,,,其他,,,,0.0,0,0,0,有,無,7000000,1543,,0.0,0,,RPQNMLNLKHGGFJD97DA,0.0,0.0,0.0,無,
楠西區,土地,楠中段897地號,127.31,都市：其他:住宅區,,,1100203,土地1建物0車位0,,,其他,,,,0.0,0,0,0,有,無,1190000,9347,,0.0,0,,RPPNMLPLKHGGFJD08DA,0.0,0.0,0.0,無,
關廟區,房地(土地+建物),保東路８８巷７８號,95.17,,鄉村區,乙種建築用地,1100119,土地2建物1車位0,全,四層,透天厝,住家用,鋼筋混凝土造,0880317,182.8,4,2,4,有,無,6500000,35558,,0.0,0,,RPPNMLPLKHGGFID97DA,161.66,9.32,11.82,無,
永康區,土地,東南段1095地號,59.35,都市：其他:道路用地,,,1091218,土地1建物0車位0,,,其他,,,,0.0,0,0,0,有,無,700000,11794,,0.0,0,包含公共設施保留地用地；,RPTPMLLMJHGGFKD38DA,0.0,0.0,0.0,無,1636
永康區,土地,埔園段465地號,93.15,都市：其他:道路用地,,,1091208,土地1建物0車位0,,,其他,,,,0.0,0,0,0,有,無,1229000,13194,,0.0,0,包含公共設施保留地用地；,RPUPMLSLJHGGFKD09DA,0.0,0.0,0.0,無,
永康區,土地,東南段739地號,34.68,都市：其他:道路用地,,,1091101,土地1建物0車位0,,,其他,,,,0.0,0,0,0,有,無,375000,10813,,0.0,0,包含公共設施保留地用地；,RPVPMLSLJHGGFKD56DA,0.0,0.0,0.0,無,
永康區,土地,竹行段77地號,1678.63,,一般農業區,農牧用地,1091210,土地1建物0車位0,,,其他,,,,0.0,0,0,0,有,無,8500000,5064,,0.0,0,,RPROMLPJKHGGFKD28DA,0.0,0.0,0.0,無,
永康區,土地,鹽東段1206地號,250.98,都市：其他:道路用地,,,1100119,土地1建物0車位0,,,其他,,,,0.0,0,0,0,有,無,7115182,28350,,0.0,0,包含公共設施保留地用地；,RPPOMLMLJHGGFKD87DA,0.0,0.0,0.0,無,1637
永康區,土地,鹽東段2035地號,713.45,都市：其他:道路用地,,,1100119,土地4建物0車位0,,,其他,,,,0.0,0,0,0,有,無,24786813,34742,,0.0,0,包含公共設施保留地用地；,RPVNMLMLJHGGFKD38DA,0.0,0.0,0.0,無,
永康區,土地,蜈蜞潭段1251-1地號,181.17,都市：其他:道路用地,,,1091211,土地1建物0車位0,,,其他,,,,0.0,0,0,0,有,無,3025539,16700,,0.0,0,包含公共設施保留地用地；,RPRSMLRLJHGGFKD98DA,0.0,0.0,0.0,無,
永康區,土地,廣興段728地號,150.38,都市：其他:道路用地,,,1091114,土地1建物0車位0,,,其他,,,,0.0,0,0,0,有,無,1200000,7980,,0.0,0,包含公共設施保留地用地；,RPPOMLPKJHGGFKD08DA,0.0,0.0,0.0,無,
永康區,房地(土地+建物),大橋五街１１之８號,92.62,都市：其他:住宅區,,,1100107,土地3建物1車位0,全,五層,透天厝,集合住宅,鋼筋混凝土構造,1090630,213.13,5,1,6,有,無,14850000,69676,,0.0,0,,RPRRMLNLKHGGFKD58DA,187.9,0.0,25.23,無,
永康區,房地(土地+建物)+車位,東橋三路１３０號十四樓之１,16.68,都市：其他:商業區,,,1100113,土地1建物1車位1,十四層,二十層,住宅大樓(11層含以上有電梯),住家用,見其他登記事項,1050512,160.1,2,2,1,有,有,11600000,72455,坡道平面,0.0,0,,RPWOMLOLKHGGFKD88DA,79.69,5.59,9.32,有,
永康區,房地(土地+建物),中山東路１５６號二樓之１０,4.42,都市：其他:住宅區,,,1100115,土地1建物1車位0,二層,十一層,住宅大樓(11層含以上有電梯),住家用,鋼筋混凝土造,0900110,25.63,1,1,1,有,有,2200000,85837,,0.0,0,,RPXUMLOLKHGGFKD96DA,16.08,1.8,0.8,有,
永康區,房地(土地+建物)+車位,永平街２９８巷１５之６號,19.82,都市：其他:住宅區,,,1100125,土地1建物1車位1,四層,九層,華廈(10層含以下有電梯),住家用,鋼筋混凝土造,0851003,136.45999999999998,3,2,2,有,有,5080000,37227,坡道平面,0.0,0,,RPWQMLNLKHGGFKD98DA,87.72,0.0,7.13,有,
永康區,房地(土地+建物),崑山里大灣路９７０巷２８號,70.56,都市：其他:住宅區,,,1100101,土地1建物1車位0,全,二層,透天厝,住家用,加強磚造,,88.35,3,1,2,有,無,3000000,33956,,0.0,0,此標的物為事故屋受民情風俗因素影響；,RPSQMLOLKHGGFKD68DA,88.35,0.0,0.0,無,
永康區,房地(土地+建物),復華里復華七街１０６巷２２號,29.38,都市：其他:住宅區,,,1100126,土地2建物1車位0,一層，二層,十一層,公寓(5樓含以下無電梯),住家用,鋼筋混凝土造,0841111,160.79999999999998,1,2,2,有,無,6760000,42040,,0.0,0,其他增建；,RPSOMLPLKHGGFKD58DA,118.87,0.0,11.98,無,
永康區,土地,保生段229地號,85.43,都市：其他:道路用地,,,1100204,土地2建物0車位0,,,其他,,,,0.0,0,0,0,有,無,1640200,19199,,0.0,0,包含公共設施保留地用地；,RPUNMLKLKHGGFKD18DA,0.0,0.0,0.0,無,
永康區,土地,南工段163地號,536.44,都市：其他:住宅區,,,1091223,土地1建物0車位0,,,其他,,,,0.0,0,0,0,有,無,74644200,139147,,0.0,0,,RPVNMLKLKHGGFKD28DA,0.0,0.0,0.0,無,
永康區,土地,南工段166地號,190.73,都市：其他:住宅區,,,1091223,土地1建物0車位0,,,其他,,,,0.0,0,0,0,有,無,24811000,130084,,0.0,0,,RPWNMLKLKHGGFKD38DA,0.0,0.0,0.0,無,
永康區,土地,南工段164-1地號,171.19,都市：其他:住宅區,,,1091223,土地1建物0車位0,,,其他,,,,0.0,0,0,0,有,無,24595500,143674,,0.0,0,,RPXNMLKLKHGGFKD48DA,0.0,0.0,0.0,無,
永康區,土地,南工段165地號,189.17,都市：其他:住宅區,,,1091223,土地1建物0車位0,,,其他,,,,0.0,0,0,0,有,無,27179500,143678,,0.0,0,,RPOOMLKLKHGGFKD67DA,0.0,0.0,0.0,無,
永康區,土地,南工段164-2地號,171.2,都市：其他:住宅區,,,1091223,土地1建物0車位0,,,其他,,,,0.0,0,0,0,有,無,23823400,139155,,0.0,0,,RPPOMLKLKHGGFKD77DA,0.0,0.0,0.0,無,
永康區,土地,南工段423地號,60.0,都市：其他:住宅區,,,1091223,土地1建物0車位0,,,其他,,,,0.0,0,0,0,有,無,8349000,139150,,0.0,0,,RPQOMLKLKHGGFKD87DA,0.0,0.0,0.0,無,1638
永康區,土地,南工段423地號,60.0,都市：其他:住宅區,,,1091223,土地1建物0車位0,,,其他,,,,0.0,0,0,0,有,無,8349000,139150,,0.0,0,,RPROMLKLKHGGFKD97DA,0.0,0.0,0.0,無,1638
永康區,土地,南工段162地號,652.53,都市：其他:住宅區,,,1091223,土地1建物0車位0,,,其他,,,,0.0,0,0,0,有,無,90804000,139157,,0.0,0,,RPSOMLKLKHGGFKD08DA,0.0,0.0,0.0,無,
永康區,土地,南工段164地號,171.19,都市：其他:住宅區,,,1091223,土地1建物0車位0,,,其他,,,,0.0,0,0,0,有,無,24595500,143674,,0.0,0,,RPTOMLKLKHGGFKD18DA,0.0,0.0,0.0,無,
永康區,房地(土地+建物)+車位,中山東路１０５巷３號,40.83,都市：其他:住宅區,,,1091226,土地1建物1車位1,一層，二層,八層,華廈(10層含以下有電梯),住商用,鋼筋混凝土造,0831229,225.09,3,2,3,有,有,9000000,39984,坡道機械,0.0,0,,RPWOMLKLKHGGFKD48DA,165.26,7.54,7.54,有,
南區,房地(土地+建物),金華路二段７１巷３之１號,33.75,都市：其他:住宅區,,,1091228,土地1建物1車位0,二層,四層,公寓(5樓含以下無電梯),住家用,鋼筋混凝土造,0670509,62.19,3,2,1,有,無,1204375,19366,,0.0,0,親友、員工、共有人或其他特殊關係間之交易；,RPSOMLOLKHGGFCD77EA,62.19,0.0,0.0,無,
六甲區,土地,龜子港段408-2地號,71.33,,鄉村區,交通用地,1100127,土地2建物0車位0,,,其他,,,,0.0,0,0,0,有,無,230000,3224,,0.0,0,親友、員工、共有人或其他特殊關係間之交易；,RPWNMLOLKHGGFFD38EA,0.0,0.0,0.0,無,
北門區,土地,玉港段1065地號,3116.15,,一般農業區,農牧用地,1100201,土地4建物0車位0,,,其他,,,,0.0,0,0,0,有,無,1500000,481,,0.0,0,,RPTNMLOLKHGGFGD18EA,0.0,0.0,0.0,無,
北門區,土地,麗湖段776地號,1281.46,,一般農業區,農牧用地,1100201,土地1建物0車位0,,,其他,,,,0.0,0,0,0,有,無,750000,585,,0.0,0,,RPUNMLOLKHGGFGD28EA,0.0,0.0,0.0,無,
柳營區,土地,果毅後段3712地號,393.75,,鄉村區,乙種建築用地,1100221,土地1建物0車位0,,,其他,,,,0.0,0,0,0,有,無,2380000,6044,,0.0,0,未登記建物；,RPRNMLPLKHGGFDD77EA,0.0,0.0,0.0,無,
新營區,土地,王公段1151地號,91.89,都市：其他:住宅區,,,1091029,土地1建物0車位0,,,其他,,,,0.0,0,0,0,有,無,3612800,39317,,0.0,0,,RPSNMLPLKHGGFDD87EA,0.0,0.0,0.0,無,
善化區,土地,胡厝寮段1347地號,593.0,,特定農業區,農牧用地,1100202,土地1建物0車位0,,,其他,,,,0.0,0,0,0,有,無,7519240,12680,,0.0,0,政府機關標讓售；,RPUNMLPLKHGGFHD48EA,0.0,0.0,0.0,無,
關廟區,土地,民生段536地號,74.0,都市：其他:住宅區,,,1100205,土地1建物0車位0,,,其他,,,,0.0,0,0,0,有,無,3600000,48649,,0.0,0,,RPROMLLJKHGGFID77EA,0.0,0.0,0.0,無,
關廟區,土地,下湖段112-1地號,152.0,,一般農業區,農牧用地,1100217,土地1建物0車位0,,,其他,,,,0.0,0,0,0,有,無,1850000,12171,,0.0,0,水利地承購；,RPSOMLLJKHGGFID87EA,0.0,0.0,0.0,無,
關廟區,房地(土地+建物),中山路一段２１巷８弄１１號,79.0,都市：其他:住宅區,,,1100117,土地2建物1車位0,全,三層,透天厝,住家用,見其他登記事項,1070117,112.57,4,2,3,有,無,6050000,53744,,0.0,0,,RPROMLKLKHGGFID77DA,101.97,0.0,10.6,無,
關廟區,房地(土地+建物),園東街５１巷１３號,99.88,都市：其他:住宅區,,,1100110,土地5建物1車位0,全,三層,透天厝,住家用,見其他登記事項,1090109,158.27,5,2,3,有,無,9000000,56865,,0.0,0,,RPSOMLKLKHGGFID87DA,142.46,0.0,15.81,無,
關廟區,房地(土地+建物),園東街５１巷２１號,102.88,都市：其他:住宅區,,,1100110,土地5建物1車位0,全,三層,透天厝,住家用,見其他登記事項,1090109,162.85,5,2,3,有,無,9100000,55880,,0.0,0,,RPTOMLKLKHGGFID97DA,151.28,0.0,11.57,無,
仁德區,土地,神農段486地號,74.4,都市：其他:住宅區,,,1100218,土地5建物0車位0,,,其他,,,,0.0,0,0,0,有,無,1150000,15457,,0.0,0,親友、員工、共有人或其他特殊關係間之交易；包含公共設施保留地用地；,RPRNMLOLKHGGFID08DA,0.0,0.0,0.0,無,
關廟區,土地,北花段1075地號,143.0,都市：其他:計畫道路用地,,,1100125,土地2建物0車位0,,,其他,,,,0.0,0,0,0,有,無,2200000,15385,,0.0,0,未登記建物；,RPUNMLMLKHGGFID18DA,0.0,0.0,0.0,無,
仁德區,房地(土地+建物),仁德里仁中六街３０巷１號,84.75,都市：其他:住宅區,,,1100130,土地1建物1車位0,全,二層,透天厝,住商用,加強磚造,0690708,90.3,5,2,2,有,無,6500000,71982,,0.0,0,頂樓加蓋；其他增建；,RPSOMLNLKHGGFID18DA,90.3,0.0,0.0,無,
歸仁區,土地,崙子頂段32-2地號,6131.5,,一般農業區,農牧用地,1100121,土地2建物0車位0,,,其他,,,,0.0,0,0,0,有,無,8000000,1305,,0.0,0,親友、員工、共有人或其他特殊關係間之交易；,RPQNMLRJKHGGFID08DA,0.0,0.0,0.0,無,
新市區,土地,三舍段568-20地號,610.0,都市：其他:農業區,,,1100208,土地2建物0車位0,,,其他,,,,0.0,0,0,0,有,無,4000000,6557,,0.0,0,買賣費用均由買方負擔,RPQNMLOLKHGGFHD87DA,0.0,0.0,0.0,無,
新市區,房地(土地+建物),中正路３０１巷１０號,128.54,都市：其他:住宅區,,,1091225,土地4建物1車位0,全,二層,透天厝,住商用,鋼筋混凝土造,0710227,106.69,5,2,2,有,無,8600000,80607,,0.0,0,頂樓加蓋；,RPSNMLMJLHGGFHD77DA,102.82,0.0,3.87,無,
善化區,土地,曾文段115地號,185.0,,一般農業區,農牧用地,1091231,土地1建物0車位0,,,其他,,,,0.0,0,0,0,有,無,4280000,23135,,0.0,0,親友、員工、共有人或其他特殊關係間之交易；,RPOPMLTKKHGGFHD28DA,0.0,0.0,0.0,無,
新化區,土地,拔林段1064地號,2817.0,,一般農業區,農牧用地,1100105,土地2建物0車位0,,,其他,,,,0.0,0,0,0,有,無,22817000,8100,,0.0,0,,RPROMLMLJHGGFHD77DA,0.0,0.0,0.0,無,
學甲區,土地,學甲段863-5地號,1328.0,,特定農業區,農牧用地,1100112,土地1建物0車位0,,,其他,,,,0.0,0,0,0,有,無,1300000,979,,0.0,0,,RPUOMLOLKHGGFGD28DA,0.0,0.0,0.0,無,
北門區,土地,保吉段855地號,45348.71,,一般農業區,養殖用地,1100119,土地4建物0車位0,,,其他,,,,0.0,0,0,0,有,無,35650000,786,,0.0,0,,RPVNMLOLKHGGFGD28DA,0.0,0.0,0.0,無,
西港區,房地(土地+建物),子林３６之６號,125.5,,鄉村區,乙種建築用地,1100116,土地3建物1車位0,全,四層,透天厝,見其他登記事項,鋼筋混凝土造,1090823,205.23,4,2,4,有,無,7900000,38493,,0.0,0,,RPXNMLOLKHGGFGD48DA,187.89,0.0,17.34,無,
七股區,土地,建功段32地號,224.73,,鄉村區,乙種建築用地,1100210,土地1建物0車位0,,,其他,,,,0.0,0,0,0,有,無,2039400,9075,,0.0,0,,RPOOMLOLKHGGFGD67DA,0.0,0.0,0.0,無,
七股區,土地,十份段143地號,1308.34,,特定農業區,農牧用地,1100210,土地1建物0車位0,,,其他,,,,0.0,0,0,0,有,無,1700830,1300,,0.0,0,,RPPOMLOLKHGGFGD77DA,0.0,0.0,0.0,無,
七股區,土地,十份段165地號,1436.21,,特定農業區,農牧用地,1100210,土地1建物0車位0,,,其他,,,,0.0,0,0,0,有,無,1867070,1300,,0.0,0,,RPQOMLOLKHGGFGD87DA,0.0,0.0,0.0,無,
學甲區,土地,中洲段24-9地號,5447.0,,一般農業區,養殖用地,1100220,土地1建物0車位0,,,其他,,,,0.0,0,0,0,有,無,1600000,294,,0.0,0,,RPRNMLPLKHGGFGD97DA,0.0,0.0,0.0,無,
西港區,土地,南海段763-1地號,13.89,都市：其他:住宅區,,,1100208,土地1建物0車位0,,,其他,,,,0.0,0,0,0,有,無,252000,18143,,0.0,0,,RPTNMLPLKHGGFGD18DA,0.0,0.0,0.0,無,
佳里區,土地,建南段782地號,409.44,都市：其他:農業區,,,1100103,土地3建物0車位0,,,其他,,,,0.0,0,0,0,有,無,2950000,7205,,0.0,0,,RPUNMLPLKHGGFGD28DA,0.0,0.0,0.0,無,
佳里區,土地,廣安段319地號,78.35,都市：其他:農業區,,,1100103,土地1建物0車位0,,,其他,,,,0.0,0,0,0,有,無,550000,7020,,0.0,0,,RPVNMLPLKHGGFGD38DA,0.0,0.0,0.0,無,
佳里區,房地(土地+建物),復興路３０號,81.61,都市：其他:住宅區,,,1100129,土地1建物1車位0,全,二層,透天厝,住商用,加強磚造,0680816,110.54,2,2,2,有,無,5000000,45232,,0.0,0,,RPOOMLPLKHGGFGD77DA,110.54,0.0,0.0,無,
佳里區,土地,佳里段2315-18地號,127.0,都市：其他:住宅區,,,1100113,土地1建物0車位0,,,其他,,,,0.0,0,0,0,有,無,14000000,110236,,0.0,0,親友、員工、共有人或其他特殊關係間之交易；,RPROMLPLKHGGFGD08DA,0.0,0.0,0.0,無,
將軍區,土地,將軍段1855地號,1707.0,,特定農業區,農牧用地,1100121,土地1建物0車位0,,,其他,,,,0.0,0,0,0,有,無,1750000,1025,,0.0,0,,RPOOMLSKKHGGFGD97DA,0.0,0.0,0.0,無,
學甲區,房地(土地+建物),建國東路２１８號,81.77,都市：其他:住宅區,,,1090530,土地1建物1車位0,全,三層,透天厝,見其他登記事項,鋼筋混凝土造,1090902,198.06,4,2,5,有,無,9550000,48218,,0.0,0,預售屋、或土地及建物分次登記案件；,RPRNMLOLJHGGFGD77DA,186.77,0.0,11.29,無,
安定區,土地,保加段686地號,164.13,都市：其他:住宅區,,,1091201,土地2建物0車位0,,,其他,,,,0.0,0,0,0,有,無,9818340,59821,,0.0,0,,RPUOMLRKKIPFFHD86DA,0.0,0.0,0.0,無,
麻豆區,土地,磚子井段340-16地號,2790.0,,一般農業區,農牧用地,1100107,土地2建物0車位0,,,其他,,,,0.0,0,0,0,有,無,4000000,1434,,0.0,0,,RPOOMLNLKHGGFFD47DA,0.0,0.0,0.0,無,1640
麻豆區,房地(土地+建物),興農里１１鄰仁愛路６１號之７,518.24,都市：其他:第三種住宅區。,,,1100218,土地3建物1車位0,全,二層,透天厝,住家用,鋼筋混凝土造,0950313,403.74,8,2,5,有,無,25000000,61921,,0.0,0,,RPQOMLSKKHGGFFD08DA,397.93,0.0,5.81,無,
六甲區,土地,水林段20地號,215.28,都市：其他:兒童遊樂場用地,,,1100205,土地2建物0車位0,,,其他,,,,0.0,0,0,0,有,無,3422952,15900,,0.0,0,包含公共設施保留地用地；,RPUNMLMLKHGGFFD87DA,0.0,0.0,0.0,無,
六甲區,土地,港子頭段905地號,1587.0,,特定農業區,農牧用地,1100208,土地1建物0車位0,,,其他,,,,0.0,0,0,0,有,無,1230000,775,,0.0,0,親友、員工、共有人或其他特殊關係間之交易；,RPUNMLPLKHGGFFD18DA,0.0,0.0,0.0,無,
後壁區,土地,新嘉段125-1地號,60.46,,一般農業區,特定目的事業用地,1100203,土地1建物0車位0,,,其他,,,,0.0,0,0,0,有,無,281623,4658,,0.0,0,,RPUNMLTKKHGGFED38DA,0.0,0.0,0.0,無,
後壁區,土地,新嘉段120-1地號,867.04,,一般農業區,特定目的事業用地,1100203,土地1建物0車位0,,,其他,,,,0.0,0,0,0,有,無,4038672,4658,,0.0,0,,RPVNMLTKKHGGFED48DA,0.0,0.0,0.0,無,
白河區,土地,關子嶺段225地號,927.75,都市：其他:遊樂設施區,,,1100217,土地1建物0車位0,,,其他,,,,0.0,0,0,0,有,無,920000,992,,0.0,0,,RPPNMLPLKHGGFED57DA,0.0,0.0,0.0,無,
東山區,土地,二重溪段60-4地號,4279.0,,一般農業區,農牧用地,1100219,土地1建物0車位0,,,其他,,,,0.0,0,0,0,有,無,1200000,280,,0.0,0,,RPQNMLNLKHGGFED47DA,0.0,0.0,0.0,無,
白河區,房地(土地+建物),外角里１０鄰三民路６３號,93.0,都市：其他:住宅區,,,1100122,土地1建物1車位0,全,三層,透天厝,見其他登記事項,見其他登記事項,1060525,175.48,3,3,3,有,無,7380000,42056,,0.0,0,土地價款新台幣4089040元，建物價款新台幣3290960元合計新台幣738萬元整。,RPQNMLNJKHGGFED27DA,161.16,0.0,14.32,無,
東區,土地,立德段929地號,88.86,都市：其他:住宅區,,,1100106,土地3建物0車位0,,,其他,,,,0.0,0,0,0,有,無,12500000,140671,,0.0,0,未登記建物；,RPRNMLSLJHGGFCD77DA,0.0,0.0,0.0,無,
東區,土地,東安段568地號,18.5,都市：其他:細部計畫道路用地,,,1091225,土地1建物0車位0,,,其他,,,,0.0,0,0,0,有,無,180000,9730,,0.0,0,包含公共設施保留地用地；,RPROMLMLJHGGFCD27DA,0.0,0.0,0.0,無,
南區,房地(土地+建物)+車位,西門路一段２８６號二樓之２,15.57,都市：其他:商業區,,,1080913,土地2建物1車位1,二層,十五層,住宅大樓(11層含以上有電梯),見其他登記事項,見其他登記事項,1091123,125.9,2,2,1,有,有,5880000,49154,坡道平面,33.74,1350000,預售屋、或土地及建物分次登記案件；,RPSNMLLLKHGGFCD27DA,54.12,1.74,6.69,有,
南區,房地(土地+建物)+車位,西門路一段２８６號八樓之２,15.57,都市：其他:商業區,,,1081006,土地2建物1車位1,八層,十五層,住宅大樓(11層含以上有電梯),見其他登記事項,見其他登記事項,1091123,125.9,2,2,1,有,有,6180000,52409,坡道平面,33.74,1350000,預售屋、或土地及建物分次登記案件；,RPTNMLLLKHGGFCD37DA,54.12,1.74,6.69,有,
南區,房地(土地+建物)+車位,西門路一段２９２號五樓之３,27.52,都市：其他:商業區,,,1090120,土地2建物1車位2,五層,十五層,住宅大樓(11層含以上有電梯),見其他登記事項,見其他登記事項,1091123,227.35000000000002,4,2,2,有,有,10680000,50541,坡道平面,67.48,2600000,車位總價無法拆分個別車位價格。預售屋、或土地及建物分次登記案件；,RPUNMLLLKHGGFCD47DA,95.64,1.44,10.9,有,
南區,房地(土地+建物)+車位,西門路一段２９２號五樓之２,21.72,都市：其他:商業區,,,1080929,土地2建物1車位1,五層,十五層,住宅大樓(11層含以上有電梯),見其他登記事項,見其他登記事項,1091123,163.07,3,2,2,有,有,7430000,47398,坡道平面,33.74,1300000,預售屋、或土地及建物分次登記案件；,RPVNMLLLKHGGFCD57DA,77.59,2.56,7.7,有,
南區,房地(土地+建物)+車位,西門路一段２７６號五樓之３,15.57,都市：其他:商業區,,,1080929,土地2建物1車位1,五層,十五層,住宅大樓(11層含以上有電梯),見其他登記事項,見其他登記事項,1091123,125.44999999999999,2,2,1,有,有,5880000,49940,坡道平面,33.74,1300000,預售屋、或土地及建物分次登記案件；,RPWNMLLLKHGGFCD67DA,54.12,1.74,6.37,有,
南區,房地(土地+建物)+車位,西門路一段２８６號二樓之１,21.72,都市：其他:商業區,,,1090118,土地2建物1車位1,二層,十五層,住宅大樓(11層含以上有電梯),見其他登記事項,見其他登記事項,1091123,162.39,3,2,2,有,有,7800000,50525,坡道平面,33.74,1300000,預售屋、或土地及建物分次登記案件；,RPXNMLLLKHGGFCD77DA,75.06,1.38,10.46,有,
南區,房地(土地+建物)+車位,西門路一段２８６號十一樓之３,17.02,都市：其他:商業區,,,1081201,土地2建物1車位1,十一層,十五層,住宅大樓(11層含以上有電梯),見其他登記事項,見其他登記事項,1091123,133.17000000000002,2,2,1,有,有,6660000,53404,坡道平面,33.74,1350000,預售屋、或土地及建物分次登記案件；,RPOOMLLLKHGGFCD96DA,58.38,1.74,7.3,有,
南區,房地(土地+建物)+車位,西門路一段２８６號十三樓之３,17.02,都市：其他:商業區,,,1090301,土地2建物1車位1,十三層,十五層,住宅大樓(11層含以上有電梯),見其他登記事項,見其他登記事項,1091123,133.17000000000002,2,2,1,有,有,6880000,55617,坡道平面,33.74,1350000,預售屋、或土地及建物分次登記案件；,RPPOMLLLKHGGFCD07DA,58.38,1.74,7.3,有,
南區,房地(土地+建物)+車位,西門路一段２８６號五樓之３,17.02,都市：其他:商業區,,,1080822,土地2建物1車位1,五層,十五層,住宅大樓(11層含以上有電梯),見其他登記事項,見其他登記事項,1091123,133.17000000000002,2,2,1,有,有,6300000,50287,坡道平面,33.74,1300000,預售屋、或土地及建物分次登記案件；,RPQOMLLLKHGGFCD17DA,58.38,1.74,7.3,有,
南區,房地(土地+建物)+車位,西門路一段２９２號七樓之２,21.72,都市：其他:商業區,,,1081110,土地2建物1車位1,七層,十五層,住宅大樓(11層含以上有電梯),見其他登記事項,見其他登記事項,1091123,164.41,3,2,2,有,有,7850000,49872,坡道平面,35.08,1400000,預售屋、或土地及建物分次登記案件；,RPROMLLLKHGGFCD27DA,77.59,2.56,7.7,有,
南區,房地(土地+建物)+車位,西門路一段２９２號八樓之２,21.72,都市：其他:商業區,,,1080915,土地2建物1車位1,八層,十五層,住宅大樓(11層含以上有電梯),見其他登記事項,見其他登記事項,1091123,163.07,3,2,2,有,有,7630000,48558,坡道平面,33.74,1350000,預售屋、或土地及建物分次登記案件；,RPSOMLLLKHGGFCD37DA,77.59,2.56,7.7,有,
南區,房地(土地+建物)+車位,西門路一段２７６號十樓之５,21.72,都市：其他:商業區,,,1090725,土地2建物1車位1,十層,十五層,住宅大樓(11層含以上有電梯),見其他登記事項,見其他登記事項,1091123,162.39,3,2,2,有,有,8480000,55810,坡道平面,33.74,1300000,預售屋、或土地及建物分次登記案件；,RPTOMLLLKHGGFCD47DA,75.06,1.38,10.46,有,
東區,房地(土地+建物),富農街二段１０９巷４２之３號,27.11,都市：其他:第五種住宅區,,,1091230,土地2建物1車位0,四層,五層,公寓(5樓含以下無電梯),住家用,鋼筋混凝土造,0740304,96.9,4,0,4,有,無,3950000,40764,,0.0,0,,RPWNMLKLKHGGFCD57DA,75.1,0.0,8.74,無,
東區,房地(土地+建物)+車位,崇賢三路２８號十四樓之７,31.65,都市：其他:第五種住宅區,,,1100118,土地1建物1車位1,十四層,十五層,住宅大樓(11層含以上有電梯),見其他登記事項,鋼筋混凝土造,1061031,183.97,3,2,2,有,有,14800000,80448,坡道平面,29.01,0,,RPUOMLMLKHGGFCD67DA,95.71,0.0,12.62,有,1641
東區,房地(土地+建物)+車位,仁東街２１號,11.84,都市：其他:第五種住宅區,,,1100202,土地1建物1車位1,一層,十四層,住宅大樓(11層含以上有電梯),住家用,鋼筋混凝土造,0871218,79.55,2,1,1,有,有,4050000,50911,坡道機械,9.83,0,陽台外推；,RPTNMLNLKHGGFCD57DA,49.53,0.0,7.33,有,
南區,房地(土地+建物),國民路２７０巷６弄１３號,77.0,都市：其他:住宅區,,,1100222,土地1建物1車位0,全,二層,透天厝,住家用,加強磚造,0741223,117.19,3,1,2,有,無,5300000,45226,,0.0,0,,RPWPMLOLKHGGFCD18DA,109.65,0.0,7.54,無,
南區,房地(土地+建物),西門路一段５４５巷１之１２號,127.16,都市：其他:商業區,,,1100217,土地5建物1車位0,全,五層,透天厝,見其他登記事項,鋼筋混凝土造,0941213,339.82,5,3,4,有,有,10000000,29427,,0.0,0,親友、員工、共有人或其他特殊關係間之交易；,RPUOMLOLKHGGFCD87DA,327.53,0.0,12.22,無,
東區,房地(土地+建物),中華東路二段２２６巷２８弄４６號,82.51,都市：其他:第五種住宅區,,,1100127,土地1建物1車位0,全,二層,透天厝,住家用,加強磚造,0640510,112.0,4,1,5,有,無,10000000,89286,,0.0,0,親友、員工、共有人或其他特殊關係間之交易；未登記建物；,RPXOMLOLKHGGFCD18DA,112.0,0.0,0.0,無,
柳營區,土地,果毅後段3374地號,4066.0,,特定農業區,農牧用地,1091226,土地3建物0車位0,,,其他,,,,0.0,0,0,0,有,無,8200000,2017,,0.0,0,,RPXNMLMLKHGGFDD97DA,0.0,0.0,0.0,無,
安南區,房地(土地+建物),北安路二段９３巷７４號,20.64,都市：其他:住宅區,,,1100205,土地1建物1車位0,全,二層,透天厝,住家用,鋼筋混凝土造,0780831,163.85,6,2,3,有,無,3200000,19530,,0.0,0,親友、員工、共有人或其他特殊關係間之交易；,RPPPMLOLKHGGFBD37DA,155.66,8.19,0.0,無,
安平區,房地(土地+建物)+車位,永華路二段８２９號十九樓,8.52,都市：其他:住宅區,,,1100202,土地1建物1車位1,十九層,二十三層,住宅大樓(11層含以上有電梯),見其他登記事項,見其他登記事項,1081217,99.85,2,2,1,有,有,6850000,68603,坡道機械,28.37,0,,RPOOMLOLKHGGFAD07DA,40.99,3.31,3.61,有,1642
安南區,土地,頂安段191-2地號,22.7,都市：其他:細部計畫道路用地,,,1091118,土地1建物0車位0,,,其他,,,,0.0,0,0,0,有,無,130000,5727,,0.0,0,包含公共設施保留地用地；,RPWNMLPKJHGGFBD77DA,0.0,0.0,0.0,無,
安南區,土地,佃西段302地號,189.98,都市：其他:住宅區,,,1091230,土地2建物0車位0,,,其他,,,,0.0,0,0,0,有,無,8750000,46057,,0.0,0,,RPQOMLKMKIPFFBD97DA,0.0,0.0,0.0,無,
安平區,房地(土地+建物)+車位,育平九街９９號五樓之１,39.06,都市：其他:住宅區,,,1091026,土地1建物1車位1,五層,十一層,住宅大樓(11層含以上有電梯),見其他登記事項,見其他登記事項,1091204,235.78,3,2,2,有,有,16900000,75842,升降平面,30.09,1300000,預售屋、或土地及建物分次登記案件；,RPUPMLMJKHGGFAD37DA,105.45,0.0,31.58,有,
安平區,房地(土地+建物)+車位,育平九街９９號四樓之１,41.55,都市：其他:住宅區,,,1091130,土地1建物1車位1,四層,十一層,住宅大樓(11層含以上有電梯),見其他登記事項,見其他登記事項,1091204,251.38,3,2,2,有,有,18500000,79082,升降平面,30.09,1000000,預售屋、或土地及建物分次登記案件；,RPRPMLMJKHGGFAD07DA,105.45,0.0,41.96,有,
安平區,房地(土地+建物)+車位,育平九街９９號五樓之２,33.56,都市：其他:住宅區,,,1080419,土地1建物1車位1,五層,十一層,住宅大樓(11層含以上有電梯),見其他登記事項,見其他登記事項,1091204,203.9,3,2,2,有,有,13900000,74219,升降平面,30.09,1000000,預售屋、或土地及建物分次登記案件；,RPSNMLPJKHGGFAD27DA,101.14,0.0,15.01,有,
安平區,房地(土地+建物)+車位,育平九街９９號六樓之１,41.55,都市：其他:住宅區,,,1091127,土地1建物1車位1,六層,十一層,住宅大樓(11層含以上有電梯),見其他登記事項,見其他登記事項,1091204,251.38,3,2,2,有,有,17800000,75918,升降平面,30.09,1000000,預售屋、或土地及建物分次登記案件；,RPUNMLPJKHGGFAD47DA,105.45,0.0,41.96,有,
安平區,房地(土地+建物)+車位,育平九街９９號六樓之２,32.27,都市：其他:住宅區,,,1080503,土地1建物1車位1,六層,十一層,住宅大樓(11層含以上有電梯),見其他登記事項,見其他登記事項,1091204,196.55,3,2,2,有,有,13800000,76895,升降平面,30.09,1000000,預售屋、或土地及建物分次登記案件；,RPVNMLPJKHGGFAD57DA,101.14,0.0,10.18,有,
北區,土地,北元段504-14地號,69.36,都市：其他:住宅區,,,1100208,土地1建物0車位0,,,其他,,,,0.0,0,0,0,有,無,8350000,120386,,0.0,0,,RPSOMLSJKHGGFAD67DA,0.0,0.0,0.0,無,1643
安平區,房地(土地+建物)+車位,育平九街９９號八樓之２,32.27,都市：其他:住宅區,,,1071208,土地1建物1車位1,八層,十一層,住宅大樓(11層含以上有電梯),見其他登記事項,見其他登記事項,1091204,196.55,3,2,2,有,有,13480000,75574,升降平面,30.09,900000,預售屋、或土地及建物分次登記案件；,RPTNMLTJKHGGFAD77DA,101.14,0.0,10.18,有,
中西區,房地(土地+建物),宮後街１６號二樓之２,4.73,都市：其他:商業區,,,1091228,土地1建物1車位0,二層,五層,華廈(10層含以下有電梯),住家用,鋼筋混凝土造,0800212,21.53,1,0,1,有,無,730000,33906,,0.0,0,,RPWPMLNLKHGGFAD87DA,14.92,0.0,0.79,有,
北區,房地(土地+建物)+車位,公園南路３６２巷２號五樓之２,15.99,都市：其他:住宅區,,,1100117,土地1建物1車位1,五層,二十五層,住宅大樓(11層含以上有電梯),住家用,鋼筋混凝土造,0840104,195.89,3,2,2,有,有,9000000,45946,坡道平面,0.0,0,,RPRQMLNLKHGGFAD47DA,123.14,0.0,13.81,有,
北區,房地(土地+建物)+車位,公園北路１５６號三樓之１７,20.23,都市：其他:商業區,,,1100130,土地1建物1車位1,三層,十四層,住宅大樓(11層含以上有電梯),見其他登記事項,見其他登記事項,0951001,149.43,3,2,2,有,有,8300000,55544,坡道平面,0.0,0,,RPTQMLNLKHGGFAD67DA,74.75,2.41,10.63,有,
中西區,房地(土地+建物),民族路三段２９３號,266.03,都市：其他:住宅區,,,1091224,土地4建物1車位0,全,五層,透天厝,商業用,鋼筋混凝土造,0790907,1085.92,0,0,5,有,無,52000000,47886,,0.0,0,其他增建；,RPVRMLNLKHGGFAD97DA,1045.72,0.0,40.2,有,
中西區,房地(土地+建物),忠義路二段１８５號四樓之１１,9.38,都市：其他:商業區,,,1091224,土地1建物1車位0,四層,十層,華廈(10層含以下有電梯),住家用,鋼筋混凝土造,0691203,77.11,2,2,1,有,有,2350000,30476,,0.0,0,,RPQOMLNLKHGGFAD17DA,60.63,0.0,0.0,有,
安平區,土地,金華段54-6地號,207.0,都市：其他:住宅區,,,1100116,土地1建物0車位0,,,其他,,,,0.0,0,0,0,有,無,24420000,117971,,0.0,0,,RPROMLMLKHGGFAD17DA,0.0,0.0,0.0,無,
中西區,房地(土地+建物),頂美一街７號七樓之１３,7.98,都市：其他:住宅區,,,1100112,土地1建物1車位0,七層，陽台,七層,華廈(10層含以下有電梯),住家用,鋼筋混凝土造,0661202,33.78,1,0,1,有,有,2000000,59207,,0.0,0,,RPUNMLTKKHGGFAD97DA,27.63,0.0,0.0,有,
安平區,房地(土地+建物),建平七街６９８號,88.0,都市：其他:住宅區,,,1100218,土地1建物1車位0,全,四層,透天厝,住商用,鋼筋混凝土造,0800128,279.74,3,1,4,有,無,12700000,45399,,0.0,0,,RPPQMLSKKHGGFAD67DA,256.08,6.36,17.3,無,
北區,房地(土地+建物),和緯路四段９５巷３６號五樓,27.87,都市：其他:住宅區,,,1100102,土地4建物1車位0,五層,五層,公寓(5樓含以下無電梯),住家用,鋼筋混凝土造,0701017,87.92,4,2,2,有,無,3660000,41629,,0.0,0,有裝潢，6樓有增建,RPOOMLRKKHGGFAD27DA,50.8,0.0,16.12,無,1644
北區,房地(土地+建物)+車位,公園南路１５９巷２號四樓之１,20.89,都市：其他:商業區,,,1080725,土地2建物1車位1,四層,十一層,住宅大樓(11層含以上有電梯),見其他登記事項,見其他登記事項,1091027,106.97999999999999,2,1,2,有,有,6930000,65574,塔式車位,14.26,850000,預售屋、或土地及建物分次登記案件；,RPSNMLKLKHGGFAD96DA,55.0,0.0,6.37,有,
中西區,房地(土地+建物),康樂街１５６號四樓之２３,5.11,都市：其他:商業區,,,1100204,土地1建物1車位0,四層,十二層,住宅大樓(11層含以上有電梯),住家用,鋼筋混凝土造,0781002,48.42,1,0,1,有,有,1500000,30979,,0.0,0,,RPSNMLMLKHGGFAD17DA,33.95,0.0,5.54,有,
安平區,土地,海興段13-13地號,99.0,都市：其他:特定住宅專用區,,,1091221,土地1建物0車位0,,,其他,,,,0.0,0,0,0,有,無,4000000,40404,,0.0,0,親友、員工、共有人或其他特殊關係間之交易；,RPVOMLSKKHGGFAD08DA,0.0,0.0,0.0,無,1645
北區,房地(土地+建物),小東路３０７巷８弄２７號,96.0,都市：其他:細部計畫道路用地,,,1100112,土地2建物1車位0,全,四層,透天厝,見其他登記事項,見其他登記事項,1040408,210.38,6,1,7,有,無,14800000,70349,,0.0,0,陽台外推；其他增建；包含公共設施保留地用地；,RPUOMLMKJHGGFAD27DA,191.1,0.0,19.28,無,1646
中西區,房地(土地+建物),西賢一街９５巷５２號,144.29,都市：其他:住宅區,,,1100118,土地2建物1車位0,全,二層,透天厝,住家用,鋼筋混凝土造,0770601,129.0,5,6,4,有,無,19500000,151163,,0.0,0,陽台外推；頂樓加蓋；其他增建；,RPQPMLSKJHGGFAD57DA,122.66,0.0,6.34,無,
中西區,房地(土地+建物)+車位,府前路一段１８１之２號,59.12,都市：其他:住宅區,,,1091117,土地3建物1車位2,一層，二層,十三層,住宅大樓(11層含以上有電梯),店舖,鋼筋混凝土造,0960704,359.25,2,2,3,有,有,37800000,105216,坡道平面,59.82,0,,RPWOMLOKJHGGFAD67DA,219.67,0.0,14.94,有,
安平區,房地(土地+建物),郡平路１８８號十五樓之３３,15.59,都市：其他:住宅區,,,1091226,土地1建物1車位0,十五層,十七層,住宅大樓(11層含以上有電梯),住家用,鋼筋混凝土造,0850907,173.29000000000002,3,2,2,有,有,6600000,38086,,0.0,0,,RPPOMLPKJHGGFAD07DA,109.11,2.47,14.1,有,1647
中西區,房地(土地+建物),民族路二段７６之１０號五樓之１,20.19,都市：其他:商業區,,,1091223,土地3建物1車位0,五層,十五層,住宅大樓(11層含以上有電梯),商業用,鋼筋混凝土造,0820511,268.3,0,0,0,無,有,9350000,34849,,0.0,0,陽台外推；,RPRPMLLLJHGGFAD07DA,187.73,0.0,26.48,有,1648
安平區,房地(土地+建物)+車位,永華路二段８３５號十八樓,8.86,都市：其他:住宅區,,,1090826,土地1建物1車位1,十八層,二十三層,住宅大樓(11層含以上有電梯),見其他登記事項,見其他登記事項,1081217,103.63,1,1,1,有,有,8350000,95668,坡道機械,28.37,1150000,含裝潢,RPVNMLRKKHGGFAD87DA,42.94,3.65,3.9,有,
安平區,房地(土地+建物),安平路５００巷２５弄１１號四樓,32.71,都市：其他:住宅區,,,1100217,土地1建物1車位0,四層,五層,華廈(10層含以下有電梯),住家用,鋼筋混凝土造,0850831,124.55,3,2,2,有,無,4800000,38539,,0.0,0,,RPPOMLTKKHGGFAD57DA,96.99,0.0,13.92,有,
北區,房地(土地+建物)+車位,開元路３３３巷１號十一樓之１,29.44,都市：其他:住宅區,,,1091225,土地2建物1車位1,十一層,十三層,住宅大樓(11層含以上有電梯),集合住宅,鋼筋混凝土造,0920916,160.57,3,2,2,有,有,7770000,48390,坡道平面,0.0,0,,RPWOMLNLKHGGFAD77DA,88.03,0.0,11.1,有,
中西區,房地(土地+建物),青年路５５號,107.69,都市：其他:商業區,,,1091230,土地1建物1車位0,全,三層,透天厝,住商用,加強磚造,0601128,285.14,5,2,5,有,無,27500000,96444,,0.0,0,頂樓加蓋；,RPQNMLOLKHGGFAD17DA,285.14,0.0,0.0,無,
安平區,房地(土地+建物)+車位,育平九街９９號九樓之１,39.06,都市：其他:住宅區,,,1080228,土地1建物1車位1,九層,十一層,住宅大樓(11層含以上有電梯),見其他登記事項,見其他登記事項,1091204,235.78,3,2,2,有,有,17700000,81190,升降平面,30.09,1000000,預售屋、或土地及建物分次登記案件；,RPQOMLTJKHGGFAD57DA,105.45,0.0,31.58,有,
安平區,房地(土地+建物)+車位,育平九街９９號九樓之２,33.56,都市：其他:住宅區,,,1081114,土地1建物1車位1,九層,十一層,住宅大樓(11層含以上有電梯),見其他登記事項,見其他登記事項,1091204,201.4,3,2,2,有,有,15500000,84642,升降平面,30.09,1000000,預售屋、或土地及建物分次登記案件；,RPROMLTJKHGGFAD67DA,101.14,0.0,12.51,有,
安平區,土地,金華段143地號,113.0,都市：其他:住宅區,,,1100128,土地1建物0車位0,,,其他,,,,0.0,0,0,0,有,無,11000000,97345,,0.0,0,,RPTOMLSJKHGGFAD77DA,0.0,0.0,0.0,無,
安平區,土地,古堡段999地號,15.03,都市：其他:特定住宅專用區,,,1091229,土地1建物0車位0,,,其他,,,,0.0,0,0,0,有,無,900000,59880,,0.0,0,親友、員工、共有人或其他特殊關係間之交易；,RPOPMLSLKIPFFAD48DA,0.0,0.0,0.0,無,
安南區,房地(土地+建物)+車位,安和路四段２５巷６８號五樓之２,39.89,都市：其他:住宅區,,,1091230,土地1建物1車位1,五層,五層,華廈(10層含以下有電梯),集合住宅,鋼筋混凝土造,1090929,126.65,3,2,2,有,有,6500000,51323,一樓平面,0.0,0,,RPTOMLNKJHGGFBD37DA,71.12,0.0,8.54,有,0411
安平區,房地(土地+建物)+車位,育平五街６８號十三樓之８,9.81,都市：其他:住宅區,,,1091228,土地1建物1車位2,十三層,二十層,住宅大樓(11層含以上有電梯),住家用,鋼筋混凝土造,0871121,135.97,3,2,2,有,有,5980000,43980,坡道機械,19.22,0,陽台外推；,RPVNMLPLKHGGFAD77DA,82.78,0.0,8.67,有,
安平區,房地(土地+建物),永華八街２號十四樓之２,6.45,都市：其他:社區商業區,,,1100121,土地1建物1車位0,十四層,十四層,住宅大樓(11層含以上有電梯),見其他登記事項,鋼筋混凝土造,0960719,67.13,1,1,1,有,有,3880000,57798,,0.0,0,,RPXNMLPLKHGGFAD97DA,37.54,0.0,9.5,有,
中西區,房地(土地+建物),民權路四段４０號,132.54,都市：其他:住宅區,,,1100115,土地1建物1車位0,全,四層,透天厝,停車空間、店舖、住宅,ＲＣ造,0941006,325.9,5,4,6,有,無,29600000,90825,,0.0,0,陽台外推；頂樓加蓋；,RPSOMLOLKHGGFAD47DA,292.58,0.9,32.42,無,
北區,房地(土地+建物),小北路２７巷２０號三樓之３,1.65,都市：其他:住宅區,,,1100125,土地3建物1車位0,三層,五層,公寓(5樓含以下無電梯),住家用,鋼筋混凝土造,0750730,100.58,3,1,1,有,有,3250000,32313,,0.0,0,土地為仁愛之家,RPTOMLPLKHGGFAD67DA,75.28,0.0,11.91,無,1650
安南區,土地,溪墘段1158-19地號,91.89,都市：其他:住宅區,,,1100201,土地1建物0車位0,,,其他,,,,0.0,0,0,0,有,無,3410038,37110,,0.0,0,政府機關標讓售；,RPRPMLOLKHGGFBD57DA,0.0,0.0,0.0,無,
安南區,土地,學東段998地號,143.2,都市：其他:住宅區,,,1100118,土地1建物0車位0,,,其他,,,,0.0,0,0,0,有,無,4700000,32821,,0.0,0,,RPRNMLPLKHGGFBD47DA,0.0,0.0,0.0,無,0007
安南區,土地,佃南段175地號,20.22,都市：其他:細部計畫道路用地,,,1100220,土地6建物0車位0,,,其他,,,,0.0,0,0,0,有,無,230000,11375,,0.0,0,含土地增值稅或其他稅費；其他                    ；親友、員工、共有人或其他特殊關係間之交易；,RPOOMLQLKHGGFBD37DA,0.0,0.0,0.0,無,1270
安南區,房地(土地+建物),海環街３１３號,91.3,都市：其他:住宅區,,,1100122,土地1建物1車位0,全,三層,透天厝,住家用,鋼筋混凝土造,1090610,171.07,5,2,3,有,無,13600000,79500,,0.0,0,,RPPOMLNLKHGGFBD17DA,140.45,0.0,30.62,無,
安南區,土地,州南段369-2地號,363.92,都市：其他:住宅區,,,1100219,土地2建物0車位0,,,其他,,,,0.0,0,0,0,有,無,5922229,16273,,0.0,0,,RPRPMLNLKHGGFBD47DA,0.0,0.0,0.0,無,
安南區,房地(土地+建物),安中路三段１５３巷２號,98.97,都市：其他:住宅區,,,1100112,土地1建物1車位0,全,四層,透天厝,住宅，停車空間,鋼筋混凝土造,1031210,220.88,5,2,4,有,無,13000000,58855,,0.0,0,未登記建物；,RPWOMLOLKHGGFBD97DA,181.89,0.0,38.99,無,
新營區,土地,太子段210地號,137.67,都市：其他:計畫道路用地,,,1100120,土地4建物0車位0,,,其他,,,,0.0,0,0,0,有,無,1680000,12203,,0.0,0,親友、員工、共有人或其他特殊關係間之交易；,RPTNMLMLKHGGFDD57DA,0.0,0.0,0.0,無,
柳營區,土地,平和段753地號,1254.91,都市：其他:河川區,,,1100218,土地2建物0車位0,,,其他,,,,0.0,0,0,0,有,無,150000,120,,0.0,0,,RPPNMLNLKHGGFDD27DA,0.0,0.0,0.0,無,
鹽水區,房地(土地+建物),水秀里土庫１之５０號,102.24,,鄉村區,乙種建築用地,1100127,土地2建物1車位0,全,二層,透天厝,住家用,加強磚造,0720826,88.2,3,1,2,有,無,1980000,22449,,0.0,0,,RPPNMLMJLHGGFDD07DA,80.8,0.0,7.4,無,
新營區,土地,新民段370地號,14.65,都市：其他:住宅區,,,1100204,土地4建物0車位0,,,其他,,,,0.0,0,0,0,有,無,88540,6044,,0.0,0,包含公共設施保留地用地；,RPXNMLOJKHGGFDD97DA,0.0,0.0,0.0,無,
新營區,房地(土地+建物)+車位,隋唐街７號四樓之一,33.36,都市：其他:住宅區,,,1091123,土地1建物1車位1,四層,十五層,住宅大樓(11層含以上有電梯),集合住宅,鋼筋混凝土造,1090331,203.15,4,2,2,有,有,9450000,46230,坡道平面,22.53,1100000,房地總價含管理費，商品提貨單,RPROMLKLKHGGFDD27DA,110.45,0.0,11.61,有,
新營區,房地(土地+建物),東興五街３２號,170.66,都市：其他:住宅區,,,1100131,土地1建物1車位0,全,四層,透天厝,住家用,鋼筋混凝土造,0911122,338.24,6,3,5,有,無,14000000,41391,,0.0,0,,RPQNMLLJKHGGFDD96DA,320.6,0.0,17.64,無,
東區,房地(土地+建物),城東街６６號,99.0,都市：其他:第五種住宅區,,,1100131,土地1建物1車位0,全,三層,透天厝,住商用,鋼筋混凝土造,0700721,143.69,4,2,2,有,無,9000000,62635,,0.0,0,其他增建；,RPXPMLOLKHGGFCD28DA,143.67,0.0,0.0,無,
東區,土地,竹篙厝段4057-6地號,526.0,都市：其他:第五種住宅區,,,1091130,土地1建物0車位0,,,其他,,,,0.0,0,0,0,有,無,68500000,130228,,0.0,0,,RPRNMLQLKHGGFCD67DA,0.0,0.0,0.0,無,
南區,土地,華南段1094地號,355.22,都市：其他:農業區,,,1100217,土地1建物0車位0,,,其他,,,,0.0,0,0,0,有,無,2880000,8108,,0.0,0,,RPUNMLQLKHGGFCD97DA,0.0,0.0,0.0,無,
東區,房地(土地+建物)+車位,崇德二十一街５８號六樓,18.5,都市：其他:第五種住宅區,,,1091228,土地2建物1車位1,六層,九層,華廈(10層含以下有電梯),住家用,鋼筋混凝土造,0821227,152.6,3,2,2,有,有,5000000,32765,坡道平面,30.26,0,親友、員工、共有人或其他特殊關係間之交易；,RPXNMLNLKHGGFCD97DA,86.08,3.08,13.24,有,
東區,房地(土地+建物),仁和路１０９巷１３５弄１０９號,97.48,都市：其他:第五種住宅區,,,1100130,土地4建物1車位0,全,三層,透天厝,住家用,鋼筋混凝土造,1020606,188.57,4,2,4,有,無,17000000,90152,,0.0,0,陽台外推；其他增建；,RPVNMLOLKHGGFCD87DA,159.67,0.0,28.9,無,
東區,房地(土地+建物),裕學路７５號,28.97,都市：其他:第五種住宅區,,,1100109,土地2建物1車位0,一層,七層,華廈(10層含以下有電梯),見其他登記事項,鋼筋混凝土造,0800909,131.65,3,2,2,有,有,5850000,44436,,0.0,0,一樓陽台增建,RPSOMLPLKHGGFCD77DA,93.03,0.7,0.0,有,
東區,房地(土地+建物)+車位,德昌路７７號七樓之７,20.93,都市：其他:第五種住宅區,,,1091223,土地1建物1車位1,七層,七層,華廈(10層含以下有電梯),集合住宅,鋼筋混凝土構造,1080226,109.97,2,2,2,有,有,6000000,54560,一樓平面,0.0,0,,RPPOMLOJLHGGFCD27DA,45.95,0.0,4.26,有,1653
東區,房地(土地+建物)+車位,富強二街９號六樓,15.85,都市：其他:商業區,,,1091229,土地1建物1車位1,六層,十層,華廈(10層含以下有電梯),住家用,鋼筋混凝土造,0951207,162.2,2,2,2,有,有,11160000,68804,坡道平面,31.96,0,,RPWOMLRKKHGGFCD28DA,81.71,0.0,10.92,有,
東區,房地(土地+建物),崇道路９６號五樓,12.62,都市：其他:第五種住宅區,,,1100122,土地1建物1車位0,五層,八層,華廈(10層含以下有電梯),住家用,鋼筋混凝土造,0811019,87.21,3,2,2,有,有,4750000,54466,,0.0,0,陽台外推；,RPOOMLMLJHGGFCD96DA,56.0,4.76,12.21,有,
東區,房地(土地+建物)+車位,德昌路１６６號十二樓,35.79,都市：其他:第五種住宅區,,,1100111,土地2建物1車位1,十二層,十三層,住宅大樓(11層含以上有電梯),見其他登記事項,見其他登記事項,1090212,171.35,3,2,2,有,有,13800000,88856,坡道平面,30.11,1250000,,RPQNMLRLJHGGFCD57DA,87.78,0.0,11.04,有,
南區,房地(土地+建物)+車位,萬年五街３５１號三樓,27.05,都市：其他:住宅區,,,1100116,土地1建物1車位1,三層,十五層,住宅大樓(11層含以上有電梯),見其他登記事項,鋼筋混凝土造,1060905,150.73000000000002,2,2,2,有,有,6350000,42128,坡道平面,24.43,0,,RPUNMLMJKHGGFCD37DA,73.68,0.0,10.46,有,1654
東山區,土地,東山段2128地號,2100.0,,特定農業區,農牧用地,1100218,土地1建物0車位0,,,其他,,,,0.0,0,0,0,有,無,1230000,586,,0.0,0,,RPTNMLMLKHGGFED67DA,0.0,0.0,0.0,無,
後壁區,土地,下茄苳段2453地號,1272.0,都市：其他:甲種工業區,,,1091119,土地1建物0車位0,,,其他,,,,0.0,0,0,0,有,無,15000000,11792,,0.0,0,,RPTNMLNLKHGGFED77DA,0.0,0.0,0.0,無,1655
後壁區,土地,安溪寮段下寮小段1010地號,634.0,,特定農業區,農牧用地,1100205,土地2建物0車位0,,,其他,,,,0.0,0,0,0,有,無,507200,800,,0.0,0,承買人為三七五租約承租人,RPQNMLPJKHGGFED47DA,0.0,0.0,0.0,無,0599
東山區,土地,田尾段2014地號,1700.0,,特定農業區,農牧用地,1100208,土地1建物0車位0,,,其他,,,,0.0,0,0,0,有,無,1530000,900,,0.0,0,,RPPNMLQLKHGGFED67DA,0.0,0.0,0.0,無,
後壁區,土地,崩埤段129-5地號,368.0,都市：其他:,一般農業區,農牧用地,1100131,土地1建物0車位0,,,其他,,,,0.0,0,0,0,有,無,143520,390,,0.0,0,親友、員工、共有人或其他特殊關係間之交易；,RPQNMLQLKHGGFED77DA,0.0,0.0,0.0,無,
白河區,房地(土地+建物),西安街３１巷３號,81.0,都市：其他:住宅區,,,1100130,土地1建物1車位0,全,二層,透天厝,住商用,加強磚造,0710818,101.76,5,2,2,有,無,3100000,30464,,0.0,0,其他增建；,RPRNMLQLKHGGFED87DA,96.24,0.0,5.52,無,
麻豆區,房地(土地+建物),油車里１７鄰新生北路３０８巷２３號,160.9,都市：其他:第三種住宅區。,,,1100118,土地2建物1車位0,全,四層,透天厝,住家用,鋼筋混凝土造,0980611,279.41,4,1,5,有,無,4000000,14316,,0.0,0,親友、員工、共有人或其他特殊關係間之交易；,RPWNMLPLKHGGFFD38DA,239.96,2.22,37.22,無,
大內區,土地,頭社段907地號,4129.0,,山坡地保育區,農牧用地,1090514,土地1建物0車位0,,,其他,,,,0.0,0,0,0,有,無,3159946,765,,0.0,0,,RPQOMLNJLHGGFFD57DA,0.0,0.0,0.0,無,
大內區,土地,石城段676地號,620.0,都市：其他:農業區,,,1091226,土地1建物0車位0,,,其他,,,,0.0,0,0,0,有,無,900000,1452,,0.0,0,,RPVNMLOLKHGGFFD18DA,0.0,0.0,0.0,無,
六甲區,土地,民族段896地號,219.1,都市：其他:計畫道路用地,,,1100217,土地1建物0車位0,,,其他,,,,0.0,0,0,0,有,無,1822287,8317,,0.0,0,親友、員工、共有人或其他特殊關係間之交易；包含公共設施保留地用地；,RPTNMLPLKHGGFFD08DA,0.0,0.0,0.0,無,
佳里區,房地(土地+建物),鎮山里仁愛路３１６號,93.0,都市：其他:住宅區,,,1091217,土地1建物1車位0,全,三層,透天厝,住商用,鋼筋混凝土造,0730919,177.4,4,2,3,有,無,9600000,54115,,0.0,0,,RPTNMLOLJHGGFGD97DA,170.92,0.0,6.48,無,
七股區,房地(土地+建物),大寮７９之２號,102.38,,鄉村區,乙種建築用地,1100110,土地3建物1車位0,全,三層,透天厝,住家用,鋼筋混凝土造,1090501,190.1,4,2,3,有,無,7120000,37454,,0.0,0,,RPQOMLMLKHGGFGD67DA,180.23,0.0,9.87,無,
學甲區,土地,興太段344地號,136.43,都市：其他:住宅區,,,1100129,土地2建物0車位0,,,其他,,,,0.0,0,0,0,有,無,1200000,8796,,0.0,0,,RPSOMLPLKHGGFGD18DA,0.0,0.0,0.0,無,
北門區,土地,麗湖段1017地號,74986.05,,一般農業區,養殖用地,1100115,土地8建物0車位0,,,其他,,,,0.0,0,0,0,有,無,53950000,719,,0.0,0,,RPPOMLPLKHGGFGD87DA,0.0,0.0,0.0,無,
北門區,土地,麗湖段683-1地號,515.52,,一般農業區,農牧用地,1091123,土地2建物0車位0,,,其他,,,,0.0,0,0,0,有,無,1500000,2910,,0.0,0,,RPWNMLPLKHGGFGD48DA,0.0,0.0,0.0,無,
西港區,房地(土地+建物),後營１２７之７號,130.13,,鄉村區,乙種建築用地,1100121,土地6建物1車位0,全,三層,透天厝,見其他登記事項,鋼筋混凝土造,1080501,138.73,4,2,3,有,無,6000000,43249,,0.0,0,,RPVOMLPLKHGGFGD48DA,130.4,0.0,8.33,無,
西港區,土地,劉厝段1538地號,2095.0,,特定農業區,農牧用地,1100127,土地1建物0車位0,,,其他,,,,0.0,0,0,0,有,無,4500000,2148,,0.0,0,,RPOQMLPLKHGGFGD97DA,0.0,0.0,0.0,無,
學甲區,土地,東興段863地號,482.87,都市：其他:住宅區,,,1100218,土地5建物0車位0,,,其他,,,,0.0,0,0,0,有,無,8700000,18017,,0.0,0,包含公共設施保留地用地；,RPXOMLOLKHGGFGD58DA,0.0,0.0,0.0,無,
新市區,房地(土地+建物),大營１２６之９９號,154.0,,特定農業區,甲種建築用地,1091123,土地1建物1車位0,全,四層,透天厝,住商用,鋼筋混凝土造,1030827,213.99,4,2,5,有,無,11900000,55610,,0.0,0,,RPTNMLSKKHGGFHD48DA,202.04,0.0,11.95,無,1657
新化區,房地(土地+建物),大新路７９號六樓之３,17.0,都市：其他:住宅區,,,1100117,土地1建物1車位0,六層,七層,華廈(10層含以下有電梯),住家用,鋼筋混凝土造,0820430,211.32999999999998,3,2,2,有,無,3600000,17035,,0.0,0,,RPPQMLRKKHGGFHD28DA,58.29,0.0,6.94,有,1658
新市區,土地,大洲段604-5地號,71.33,,一般農業區,水利用地,1100117,土地3建物0車位0,,,其他,,,,0.0,0,0,0,有,無,420000,5888,,0.0,0,,RPVNMLPJKHGGFHD28DA,0.0,0.0,0.0,無,
善化區,房地(土地+建物),小新里成功新村４３號,25.66,都市：其他:國宅專用區,,,1100208,土地3建物1車位0,一層，二層,八層,華廈(10層含以下有電梯),住家用,鋼筋混凝土造,0830923,117.15,3,2,2,有,有,2980000,25437,,0.0,0,未登記建物；,RPQNMLPLKHGGFHD97DA,80.74,5.55,5.55,有,
新市區,房地(土地+建物),華興街７２巷１３號,106.05,都市：其他:住宅區,,,1100219,土地2建物1車位0,全,四層,透天厝,見其他登記事項,鋼筋混凝土造,1091007,215.09,5,2,6,有,無,14330000,66623,,0.0,0,,RPQOMLPLKHGGFHD08DA,192.01,0.0,23.08,無,
歸仁區,房地(土地+建物),七甲里南潭二街１５５號,73.67,,特定農業區,甲種建築用地,1100111,土地2建物1車位0,全,三層,透天厝,住家用,鋼骨鋼筋混凝土造,0830422,128.23,3,2,3,有,無,5625000,43866,,0.0,0,,RPPNMLMLKHGGFID67DA,123.3,0.0,4.93,無,
仁德區,土地,太子段1117-1地號,309.43,都市：其他:住宅區,,,1090410,土地3建物0車位0,,,其他,,,,0.0,0,0,0,有,無,18429038,59558,,0.0,0,包含公共設施保留地用地；,RPOOMLLLJHGGFID47DA,0.0,0.0,0.0,無,
仁德區,土地,太子段1119地號,15.94,都市：其他:住宅區,,,1091228,土地3建物0車位0,,,其他,,,,0.0,0,0,0,有,無,1832303,114950,,0.0,0,親友、員工、共有人或其他特殊關係間之交易；包含公共設施保留地用地；,RPUOMLPLJHGGFID48DA,0.0,0.0,0.0,無,0235
歸仁區,土地,八甲西段1097地號,499.12,都市：其他:住宅區,,,1090918,土地4建物0車位0,,,其他,,,,0.0,0,0,0,有,無,24600000,49287,,0.0,0,包含公共設施保留地用地；,RPPNMLRJJHGGFID87DA,0.0,0.0,0.0,無,
歸仁區,土地,歸仁北段1130-57地號,18.0,都市：其他:商業區,,,1091215,土地1建物0車位0,,,其他,,,,0.0,0,0,0,有,無,200000,11111,,0.0,0,親友、員工、共有人或其他特殊關係間之交易；,RPTQMLLLKIPFFID56DA,0.0,0.0,0.0,無,
善化區,房地(土地+建物),陽光三路２５０號,87.73,都市：其他:生活服務區(第三種住宅區),,,1100201,土地2建物1車位0,全,四層,透天厝,住家用,鋼筋混凝土造,1050112,226.32,8,2,8,有,無,13000000,57441,,0.0,0,,RPTNMLPLKHGGFHD38EA,192.01,0.0,34.31,無,
關廟區,土地,深坑子段893-3地號,533.0,,一般農業區,農牧用地,1100130,土地1建物0車位0,,,其他,,,,0.0,0,0,0,有,無,300000,563,,0.0,0,,RPQOMLLJKHGGFID67EA,0.0,0.0,0.0,無,
新營區,土地,興業段199-14地號,1364.63,都市：其他:住宅區,,,1100127,土地3建物0車位0,,,其他,,,,0.0,0,0,0,有,無,62000000,45434,,0.0,0,本件雙方係就109.12.10土地合建房屋招標案，依招標契約所定，於一定期限內付清保證金，得轉為買賣案件。不同於一般土地買賣案件。預售屋、或土地及建物分次登記案件；,RPRNMLQLKHGGFDD87EA,0.0,0.0,0.0,無,
柳營區,土地,大腿段620-25地號,96.0,,鄉村區,乙種建築用地,1100218,土地1建物0車位0,,,其他,,,,0.0,0,0,0,有,無,696960,7260,,0.0,0,,RPTNMLQLKHGGFDD08EA,0.0,0.0,0.0,無,
後壁區,土地,長短樹段4718地號,2470.0,,特定農業區,農牧用地,1100119,土地1建物0車位0,,,其他,,,,0.0,0,0,0,有,無,3200000,1296,,0.0,0,,RPSNMLPLKHGGFED97EA,0.0,0.0,0.0,無,
北門區,土地,保吉段174地號,37.45,都市：其他:市場用地,,,1100218,土地1建物0車位0,,,其他,,,,0.0,0,0,0,有,無,600000,16021,,0.0,0,畸零地或有合併使用效益；,RPQNMLQLKHGGFGD08EA,0.0,0.0,0.0,無,
大內區,土地,公所段880地號,14.55,都市：其他:住宅區,,,1100128,土地1建物0車位0,,,其他,,,,0.0,0,0,0,有,無,159032,10930,,0.0,0,政府機關標讓售；,RPXNMLOLKHGGFFD48EA,0.0,0.0,0.0,無,
官田區,土地,社子段557地號,7030.0,,一般農業區,農牧用地,1100112,土地2建物0車位0,,,其他,,,,0.0,0,0,0,有,無,10545000,1500,,0.0,0,,RPSOMLQLKHGGFFD28EA,0.0,0.0,0.0,無,
安南區,土地,育安段148地號,1228.84,都市：其他:主要計畫道路用地,,,1091210,土地2建物0車位0,,,其他,,,,0.0,0,0,0,有,無,29000000,23599,,0.0,0,親友、員工、共有人或其他特殊關係間之交易；包含公共設施保留地用地；,RPSOMLOLKHGGFBD67EA,0.0,0.0,0.0,無,
永康區,土地,永二段530地號,137.2,都市：其他:道路用地,,,1100222,土地2建物0車位0,,,其他,,,,0.0,0,0,0,有,無,1975740,14400,,0.0,0,包含公共設施保留地用地；,RPRRMLMLKHGGFKD48DA,0.0,0.0,0.0,無,1660
永康區,房地(土地+建物),復國二路６３巷２０號,137.1,都市：其他:住宅區,,,1091225,土地1建物1車位0,全,二層,透天厝,住家用,加強磚造,0690400,114.36,15,1,15,有,無,12000000,104932,,0.0,0,陽台外推；頂樓加蓋；其他增建；,RPUPMLKLKHGGFKD38DA,114.36,0.0,0.0,無,
永康區,房地(土地+建物)+車位,東橋三路１２６號九樓之１,22.28,都市：其他:商業區,,,1100118,土地1建物1車位1,九層,二十層,住宅大樓(11層含以上有電梯),住家用,鋼筋混凝土構造,1050512,213.68,3,2,2,有,有,15000000,70198,坡道平面,19.97,0,,RPPNMLSKKHGGFKD38DA,112.25,9.0,11.51,有,1661
永康區,土地,鹽新段1061地號,84.53,都市：其他:住宅區,,,1091109,土地1建物0車位0,,,其他,,,,0.0,0,0,0,有,無,3372747,39900,,0.0,0,親友、員工、共有人或其他特殊關係間之交易；,RPWOMLPLKHGGFKD98DA,0.0,0.0,0.0,無,
永康區,土地,市政段272地號,159.99,都市：其他:住宅區,,,1080516,土地1建物0車位0,,,其他,,,,0.0,0,0,0,有,無,14518800,90748,,0.0,0,,RPPPMLPLKHGGFKD38DA,0.0,0.0,0.0,無,
永康區,房地(土地+建物),永科南路１１８號,4350.36,都市：其他:工業區,,,1091102,土地1建物2車位0,全,三層,透天厝,工廠，辦公室，宿舍,鋼骨構造，鋼筋混凝土構造,1010921,4120.35,14,2,4,有,無,211500000,51331,,0.0,0,,RPRNMLQLKHGGFKD48DA,4120.35,0.0,0.0,無,
永康區,房地(土地+建物),復國一路７７號,78.32,都市：其他:住宅區,,,1100117,土地1建物1車位0,全,二層,透天厝,住家用,鋼筋混凝土造,0760820,123.04,4,3,2,有,無,12700000,103218,,0.0,0,,RPRRMLOLKHGGFKD68DA,84.56,38.48,0.0,無,
永康區,房地(土地+建物),五王里成功路１７２巷８弄１０號三樓之３,16.36,都市：其他:住宅區,,,1100115,土地1建物1車位0,三層,五層,華廈(10層含以下有電梯),住家用,鋼筋混凝土造,0830224,70.1,1,2,1,有,無,2700000,38516,,0.0,0,,RPUPMLPLKHGGFKD88DA,45.21,1.52,8.02,有,
永康區,房地(土地+建物)+車位,東橋一路５８６號十一樓之３,29.39,都市：其他:住宅區,,,1100116,土地1建物1車位1,十一層,十五層,住宅大樓(11層含以上有電梯),住家用,鋼筋混凝土構造,1050829,197.59,4,2,2,有,有,13580000,68728,坡道平面,30.25,0,,RPWQMLPLKHGGFKD56DA,106.63,0.0,10.79,有,
永康區,土地,鹽新段339地號,14.55,都市：其他:道路用地,,,1100223,土地2建物0車位0,,,其他,,,,0.0,0,0,0,有,無,120000,8247,,0.0,0,包含公共設施保留地用地；,RPXQMLPLKHGGFKD66DA,0.0,0.0,0.0,無,0135
永康區,土地,四維段574地號,74.4,都市：其他:道路用地,,,1100218,土地1建物0車位0,,,其他,,,,0.0,0,0,0,有,無,800000,10753,,0.0,0,親友、員工、共有人或其他特殊關係間之交易；,RPORMLPLKHGGFKD48DA,0.0,0.0,0.0,無,
永康區,土地,信義段217地號,1.4,都市：其他:道路用地,,,1091229,土地1建物0車位0,,,其他,,,,0.0,0,0,0,有,無,100000,71429,,0.0,0,包含公共設施保留地用地；,RPPNMLQLKHGGFKD28DA,0.0,0.0,0.0,無,
永康區,房地(土地+建物)+車位,中華路７巷２號三樓之２,10.28,都市：其他:住宅區,,,1100106,土地1建物1車位1,三層,十九層,住宅大樓(11層含以上有電梯),集合住宅,鋼筋混凝土構造,1010817,139.67000000000002,3,2,2,有,有,10500000,75177,坡道平面,16.44,0,,RPTNMLNLKHGGFKD38DA,73.6,0.0,8.58,有,
永康區,房地(土地+建物)+車位,大武街６８號十三樓之２,13.04,都市：其他:住宅區,,,1091203,土地1建物1車位1,十三層,十六層,住宅大樓(11層含以上有電梯),住家用,鋼筋混凝土造,0830803,147.48,3,2,2,有,有,7000000,47464,坡道平面,0.0,0,,RPPWMLMLKHGGFKD78DA,86.75,0.0,11.74,有,
永康區,土地,東南段617地號,152.85,都市：其他:道路用地,,,1091120,土地1建物0車位0,,,其他,,,,0.0,0,0,0,有,無,2120000,13870,,0.0,0,包含公共設施保留地用地；,RPUQMLSKJHGGFKD09DA,0.0,0.0,0.0,無,
永康區,房地(土地+建物),勝利里勝利街１９７巷２之１號,39.45,都市：其他:住宅區,,,1091229,土地1建物1車位0,一層，二層，三層，騎樓,六層,公寓(5樓含以下無電梯),住商用,鋼筋混凝土造,0790619,210.34,4,2,3,有,無,6400000,30427,,0.0,0,,RPOOMLRJJHGGFKD08DA,163.22,0.0,14.68,無,
永康區,房地(土地+建物)+車位,大灣東路６１３號三樓之２,29.23,都市：其他:住宅區,,,1100111,土地1建物1車位1,三層,五層,華廈(10層含以下有電梯),集合住宅,鋼筋混凝土構造,1090819,97.64,2,2,2,有,有,5930000,60733,一樓平面,0.0,0,,RPSNMLKMJHGGFKD97DA,48.17,0.0,8.27,有,1663
永康區,土地,鹽北段234地號,31.94,都市：其他:道路用地,,,1091112,土地1建物0車位0,,,其他,,,,0.0,0,0,0,有,無,150000,4696,,0.0,0,包含公共設施保留地用地；,RPXPMLLMJHGGFKD78DA,0.0,0.0,0.0,無,
仁德區,土地,保甲段1321地號,474.64,,一般農業區,農牧用地,1100221,土地1建物0車位0,,,其他,,,,0.0,0,0,0,有,無,4307000,9074,,0.0,0,,RPRNMLPLKHGGFID18DA,0.0,0.0,0.0,無,
歸仁區,土地,保西段255地號,176.39,,鄉村區,乙種建築用地,1100206,土地1建物0車位0,,,其他,,,,0.0,0,0,0,有,無,2880000,16327,,0.0,0,未登記建物；,RPWNMLOLKHGGFID58DA,0.0,0.0,0.0,無,
永康區,土地,安康段52地號,336.48,都市：其他:道路用地,,,1091228,土地1建物0車位0,,,其他,,,,0.0,0,0,0,無,無,5900000,17534,,0.0,0,未登記建物；包含公共設施保留地用地；,RPVNMLSLKIPFFKD37DA,0.0,0.0,0.0,無,
仁德區,房地(土地+建物),仁德里中山路９１０巷１３弄１９號,90.43,都市：其他:農業區,,,1100127,土地2建物1車位0,全,四層,透天厝,住家用,鋼筋混凝土造,0870928,199.35999999999999,4,2,3,有,有,9750000,48907,,0.0,0,含傢俱設備費；陽台外推；頂樓加蓋；其他增建；,RPUNMLPLKHGGFID48DA,157.58,34.92,6.69,無,
仁德區,土地,仁義段633地號,2063.87,都市：其他:兒童遊樂場用地,,,1100202,土地1建物0車位0,,,其他,,,,0.0,0,0,0,有,無,39342521,19062,,0.0,0,包含公共設施保留地用地；,RPPNMLQLKHGGFID08DA,0.0,0.0,0.0,無,
關廟區,房地(土地+建物),大仁街２３５巷５之１號,86.25,都市：其他:住宅區,,,1090616,土地2建物1車位0,全,四層,透天厝,見其他登記事項,見其他登記事項,1091102,192.8,4,2,4,有,無,9000000,46680,,0.0,0,未登記建物；,RPVNMLOLKHGGFID48DA,177.01,0.0,15.79,無,
楠西區,土地,萊宅段63-1地號,4258.0,,山坡地保育區,農牧用地,1100106,土地1建物0車位0,,,其他,,,,0.0,0,0,0,有,無,2400000,564,,0.0,0,,RPPNMLMJLHGGFJD67DA,0.0,0.0,0.0,無,
永康區,房地(土地+建物),網寮里永二街２４５巷２７之１０號四樓,19.24,都市：其他:住宅區,,,1091203,土地1建物1車位0,四層,七層,華廈(10層含以下有電梯),住家用,鋼筋混凝土造,0831213,105.5,3,2,2,有,有,3600000,34123,,0.0,0,,RPOOMLOJKHGGFKD87DA,76.29,0.0,9.62,有,
永康區,建物,五王里中山東路２１８巷９弄１８號,0.0,,,,1100118,土地0建物1車位0,全,二層,透天厝,住家用,加強磚造,0711028,92.96,4,2,3,有,無,2000000,21515,,0.0,0,含土地增值稅或其他稅費8778元；未登記建物；,RPPNMLPKKHGGFKD08DA,85.92,0.0,7.04,無,
永康區,土地,東灣段422地號,47.26,都市：其他:道路用地,,,1091210,土地1建物0車位0,,,其他,,,,0.0,0,0,0,有,無,570900,12080,,0.0,0,含土地增值稅或其他稅費；含仲介費；含地政士服務費；其他                    ；包含公共設施保留地用地；,RPRQMLQLJHGGFKD68DA,0.0,0.0,0.0,無,
永康區,土地,東灣段425-2地號,13.05,都市：其他:道路用地,,,1091210,土地1建物0車位0,,,其他,,,,0.0,0,0,0,有,無,157644,12080,,0.0,0,含土地增值稅或其他稅費；含仲介費；含地政士服務費；其他                    ；包含公共設施保留地用地；,RPUQMLNLKHGGFKD78DA,0.0,0.0,0.0,無,
永康區,房地(土地+建物),中山南路１９５巷３２之７號十樓之六,11.95,都市：其他:住宅區,,,1100128,土地1建物1車位0,十層,十一層,住宅大樓(11層含以上有電梯),住家用,鋼筋混凝土造,0880317,65.95,2,1,1,有,有,3680000,55800,,0.0,0,,RPQNMLQLKHGGFKD38DA,35.41,0.0,5.9,有,
永康區,房地(土地+建物)+車位,大橋里大橋三街２８１號四樓之１,23.6,都市：其他:住宅區,,,1100109,土地1建物1車位1,四層,七層,華廈(10層含以下有電梯),住家用,鋼筋混凝土造,0830426,128.94,3,2,2,有,有,2600000,20164,坡道平面,0.0,0,親友、員工、共有人或其他特殊關係間之交易；,RPWUMLOLKHGGFKD86DA,74.65,0.0,9.01,有,
永康區,房地(土地+建物)+車位,安康里大橋一街５３之２號十二樓之２,11.36,都市：其他:住宅區,,,1100130,土地1建物1車位1,十二層,十四層,住宅大樓(11層含以上有電梯),住家用,鋼筋混凝土造,0880824,119.69999999999999,3,2,2,有,有,5300000,44277,坡道機械,0.0,0,,RPSNMLQLKHGGFKD58DA,74.1,0.0,9.97,有,
永康區,房地(土地+建物)+車位,南灣街５７號五樓之１,20.36,都市：其他:住宅區,,,1100220,土地1建物1車位1,五層,五層,華廈(10層含以下有電梯),住家用,鋼筋混凝土構造,1080322,66.68,3,2,2,有,有,3000000,44991,一樓平面,0.0,0,親友、員工、共有人或其他特殊關係間之交易；,RPWRMLQLKHGGFKD76DA,38.71,0.0,3.9,有,1664
永康區,房地(土地+建物)+車位,復國路６８號十樓之２,47.76,都市：其他:住宅區,,,1100127,土地1建物1車位1,十層,十四層,住宅大樓(11層含以上有電梯),住家用,鋼筋混凝土造,0960920,168.09,3,2,2,有,有,6700000,39860,坡道平面,0.0,0,,RPQNMLMJLHGGFKD87DA,93.7,0.0,10.2,有,
永康區,房地(土地+建物)+車位,大安街４６８巷１２號二樓之１,23.33,都市：其他:住宅區,,,1100118,土地1建物1車位1,二層,十層,華廈(10層含以下有電梯),住家用,鋼筋混凝土構造,1080131,105.78,3,2,1,有,有,5650000,53413,坡道平面,24.84,0,,RPOOMLMJLHGGFKD77DA,47.71,0.0,6.01,有,1665
永康區,房地(土地+建物),鹽行里中正路８７２巷６號七樓,22.3,都市：其他:住宅區,,,1100122,土地1建物1車位0,七層,八層,華廈(10層含以下有電梯),住家用,鋼筋混凝土造,0820526,110.71,3,2,2,有,有,4000000,36130,,0.0,0,土地增值稅108785元由買方負擔,RPTVMLNJLHGGFKD09DA,79.19,0.0,9.14,有,
永康區,土地,烏竹段1153地號,38.21,都市：其他:道路用地,,,1100222,土地1建物0車位0,,,其他,,,,0.0,0,0,0,有,無,664395,17388,,0.0,0,包含公共設施保留地用地；,RPTRMLMLKHGGFKD68DA,0.0,0.0,0.0,無,
永康區,土地,龍潭段1050地號,229.87,都市：其他:住宅區,,,1091209,土地3建物0車位0,,,其他,,,,0.0,0,0,0,有,無,12517200,54453,,0.0,0,,RPQTMLMLKHGGFKD58DA,0.0,0.0,0.0,無,
永康區,土地,龍潭段1048地號,130.13,都市：其他:道路用地,,,1091209,土地2建物0車位0,,,其他,,,,0.0,0,0,0,有,無,1968500,15127,,0.0,0,包含公共設施保留地用地；,SPQTMLMLKHGGFKD68DA,0.0,0.0,0.0,無,1666
中西區,房地(土地+建物),民生路二段４２０號七樓之３,24.37,都市：其他:商業區,,,1090321,土地1建物1車位0,七層,二十七層,住宅大樓(11層含以上有電梯),集合住宅,鋼筋混凝土構造,1091029,238.18,3,2,3,有,有,16500000,69275,,0.0,0,預售屋、或土地及建物分次登記案件；,RPQOMLPLKHGGFAD47EA,146.46,0.0,16.55,有,
安南區,土地,科工段862-4地號,7166.51,都市：其他:工業區,,,1100128,土地1建物0車位0,,,其他,,,,0.0,0,0,0,有,無,119680717,16700,,0.0,0,,RPROMLQLKHGGFBD77EA,0.0,0.0,0.0,無,
安平區,房地(土地+建物),永華路二段１２５３號,166.0,都市：其他:住宅區,,,1100119,土地1建物1車位0,全,二層,透天厝,住家用,鋼筋混凝土造,0961101,224.06,4,2,2,有,無,22000000,98188,,0.0,0,頂樓加蓋；其他增建；,RPVNMLNJLHGGFAD57EA,215.58,0.0,8.48,無,
官田區,土地,隆本段265地號,166.22,都市：其他:住宅區,,,1100218,土地2建物0車位0,,,其他,,,,0.0,0,0,0,有,無,1300000,7821,,0.0,0,,RPWNMLQLKHGGFFD58EA,0.0,0.0,0.0,無,
麻豆區,土地,興農段688-1地號,160.61,都市：其他:第三種住宅區。,,,1091231,土地4建物0車位0,,,其他,,,,0.0,0,0,0,有,無,3240000,20173,,0.0,0,親友、員工、共有人或其他特殊關係間之交易；,RPOOMLQLKHGGFFD87EA,0.0,0.0,0.0,無,
白河區,房地(土地+建物),永安里１２鄰十全街１９９號,86.0,都市：其他:住宅區,,,1100111,土地1建物1車位0,全,三層,透天厝,Ｈ－２住宅,鋼筋混凝土構造,1090325,191.16,6,2,5,有,無,8380000,43838,,0.0,0,其他增建；,RPQNMLMJLHGGFED37EA,179.03,0.0,12.13,無,
新營區,土地,德隆段366-6地號,93.54,,鄉村區,乙種建築用地,1100223,土地2建物0車位0,,,其他,,,,0.0,0,0,0,有,無,332824,3558,,0.0,0,,RPRNMLMJLHGGFDD37EA,0.0,0.0,0.0,無,
新營區,土地,王公段1151-1地號,0.89,都市：其他:住宅區,,,1100203,土地1建物0車位0,,,其他,,,,0.0,0,0,0,有,無,35000,0,,0.0,0,,RPSNMLMJLHGGFDD47EA,0.0,0.0,0.0,無,
新營區,土地,新橋段94地號,274.11,,鄉村區,乙種建築用地,1091220,土地4建物0車位0,,,其他,,,,0.0,0,0,0,有,無,1206064,4400,,0.0,0,親友、員工、共有人或其他特殊關係間之交易；,RPQNMLNJLHGGFDD37EA,0.0,0.0,0.0,無,
新化區,土地,新音段896-2地號,0.05,都市：其他:商業區,,,1100222,土地1建物0車位0,,,其他,,,,0.0,0,0,0,有,無,3700,0,,0.0,0,畸零地或有合併使用效益；,RPVNMLQLKHGGFHD68EA,0.0,0.0,0.0,無,0886
永康區,土地,蜈蜞潭段2157-54地號,43.0,都市：其他:住宅區,,,1100129,土地1建物0車位0,,,其他,,,,0.0,0,0,0,有,無,2900000,67442,,0.0,0,水利地承購；,RPSRMLQLKHGGFKD09EA,0.0,0.0,0.0,無,
永康區,房地(土地+建物),北興路２８９巷１６號,70.0,都市：其他:住宅區,,,1100222,土地1建物1車位0,全,二層,透天厝,住商用,加強磚造,0700714,94.74,4,2,2,有,無,2513000,26525,,0.0,0,親友、員工、共有人或其他特殊關係間之交易；,RPQSMLQLKHGGFKD98EA,88.48,0.0,6.26,無,
仁德區,房地(土地+建物),上崙里德善路３０５巷１３弄１９３號,73.61,都市：其他:住宅區,,,1100116,土地2建物1車位0,全,四層,透天厝,住家用,鋼筋混凝土造,1040730,169.80999999999997,4,2,3,有,無,10880000,64072,,0.0,0,陽台外推；其他增建；,RPQQMLQLJHGGFID38DA,149.43,0.0,20.21,無,
關廟區,房地(土地+建物),大仁街２３５巷１３號,87.0,都市：其他:住宅區,,,1080918,土地1建物1車位0,全,四層,透天厝,住家用,鋼筋混凝土構造,1091102,186.36,5,2,5,有,無,8800000,47220,,0.0,0,土地價款3960000元，建物價款4840000元，共計8800000元。交易總價，因後來有找補，與原契約的價錢不同，增加價金新台幣 29814元整。未登記建物；,RPPOMLRLJHGGFID18DA,169.63,0.0,16.73,無,
關廟區,房地(土地+建物),大仁街２２９號,88.0,都市：其他:住宅區,,,1090405,土地1建物1車位0,全,四層,透天厝,住家用,見其他登記事項,1091102,195.04,5,2,5,有,無,9200000,47170,,0.0,0,未登記建物；,RPQOMLQLJHGGFID18DA,176.7,0.0,18.34,無,
歸仁區,土地,歸仁北段308-13地號,0.2,都市：其他:道路用地,,,1100217,土地1建物0車位0,,,其他,,,,0.0,0,0,0,有,無,1000,0,,0.0,0,包含公共設施保留地用地；,RPSNMLMLKHGGFID97DA,0.0,0.0,0.0,無,
關廟區,房地(土地+建物),崇仁街３８號二樓之２,31.2,都市：其他:住宅區,,,1100210,土地1建物1車位0,二層,五層,華廈(10層含以下有電梯),見其他登記事項,見其他登記事項,1090109,77.03,2,1,2,有,有,3380000,43879,,0.0,0,,RPPNMLKKKHGGFID37DA,49.79,0.0,7.44,有,1668
仁德區,土地,中清段279地號,259.36,都市：其他:計畫道路用地,,,1100201,土地2建物0車位0,,,其他,,,,0.0,0,0,0,有,無,2325000,8964,,0.0,0,包含公共設施保留地用地；,RPVNMLRKKHGGFID68DA,0.0,0.0,0.0,無,1186
歸仁區,房地(土地+建物),南興里民生北街５０巷５０號,76.74,都市：其他:住宅區,,,1100107,土地1建物1車位0,全,四層,透天厝,住家用,鋼筋混凝土造,0950726,211.04,5,2,4,有,無,10200000,48332,,0.0,0,陽台外推；其他增建；,RPRNMLPJKHGGFID97DA,188.5,0.0,22.54,無,
善化區,房地(土地+建物),中興路４３號,106.98,都市：其他:商業區,,,1091231,土地4建物1車位0,全,三層,透天厝,騎樓，店舖，住宅。,鋼筋混凝土加強磚造,0630226,140.04,4,1,3,有,無,15000000,107112,,0.0,0,,RPROMLPLKHGGFHD18DA,140.04,0.0,0.0,無,
新市區,土地,大社段1444地號,2323.0,,特定農業區,農牧用地,1091230,土地1建物0車位0,,,其他,,,,0.0,0,0,0,有,無,11500000,4950,,0.0,0,農作物；,RPTNMLPLKHGGFHD28DA,0.0,0.0,0.0,無,
新化區,土地,新東段631地號,66.4,都市：其他:住宅區,,,1100204,土地1建物0車位0,,,其他,,,,0.0,0,0,0,有,無,1951000,29383,,0.0,0,親友、員工、共有人或其他特殊關係間之交易；,RPRNMLOLKHGGFHD97DA,0.0,0.0,0.0,無,
山上區,房地(土地+建物),大庄９之１１號,108.35,,鄉村區,乙種建築用地,1100201,土地2建物1車位0,全,三層,透天厝,住家用,鋼筋混凝土造,0850702,154.1,4,2,3,有,無,4280000,27774,,0.0,0,,RPPOMLMJLHGGFHD57DA,146.8,0.0,7.3,無,
安定區,土地,安定段1217地號,2000.0,都市：其他:農業區(供申請變更開發為產業支援區),,,1091207,土地1建物0車位0,,,其他,,,,0.0,0,0,0,有,無,45370000,22685,,0.0,0,,RPQOMLMJLHGGFHD67DA,0.0,0.0,0.0,無,1670
善化區,房地(土地+建物)+車位,興農路３８５號五樓之５,30.02,都市：其他:住宅區,,,1100119,土地2建物1車位1,五層,七層,華廈(10層含以下有電梯),集合住宅,鋼筋混凝土造,1070628,108.06,2,2,2,有,有,6680000,61818,坡道平面,23.46,0,,RPWOMLPLKHGGFHD68DA,57.82,0.0,6.09,有,1671
安定區,土地,安定段1542地號,2561.0,都市：其他:農業區(供申請變更開發為產業支援區),,,1091206,土地1建物0車位0,,,其他,,,,0.0,0,0,0,有,無,51000000,19914,,0.0,0,,RPOPMLPLKHGGFHD97DA,0.0,0.0,0.0,無,
善化區,房地(土地+建物),坐駕２１之３號,71.77,都市：其他:住宅區,,,1090406,土地2建物1車位0,全,四層,透天厝,見其他登記事項,鋼筋混凝土造,1091217,172.01,4,2,5,有,無,8700000,50578,,0.0,0,預售屋、或土地及建物分次登記案件；,RPRNMLQLKHGGFHD18DA,154.68,0.0,17.33,無,
善化區,土地,北小新段781地號,153.94,都市：其他:住宅區,,,1091110,土地2建物0車位0,,,其他,,,,0.0,0,0,0,有,無,6050000,39301,,0.0,0,,RPWNMLKLKHGGFHD08DA,0.0,0.0,0.0,無,
新市區,土地,看西段912地號,2967.0,都市：其他:農業區,,,1091122,土地1建物0車位0,,,其他,,,,0.0,0,0,0,有,無,16000000,5393,,0.0,0,,RPPNMLKMJHGGFHD37DA,0.0,0.0,0.0,無,
新化區,土地,拔林段968-21地號,2173.0,,一般農業區,特定目的事業用地,1100118,土地2建物0車位0,,,其他,,,,0.0,0,0,0,有,無,10000000,4602,,0.0,0,親友、員工、共有人或其他特殊關係間之交易；,RPWPMLMJKHGGFHD28DA,0.0,0.0,0.0,無,
善化區,房地(土地+建物)+車位,自立路９６號四樓之２,46.96,都市：其他:住宅區,,,1090722,土地1建物1車位1,四層,七層,華廈(10層含以下有電梯),集合住宅,鋼筋混凝土造,1091209,167.82999999999998,3,2,2,有,有,9000000,59352,坡道平面,33.04,1000000,預售屋、或土地及建物分次登記案件；,RPTPMLPJKHGGFHD28DA,87.15,0.0,8.16,有,
新市區,土地,大洲段474地號,4166.0,,一般農業區,農牧用地,1091212,土地1建物0車位0,,,其他,,,,0.0,0,0,0,有,無,25412600,6100,,0.0,0,,RPPNMLPJKHGGFHD67DA,0.0,0.0,0.0,無,
善化區,土地,善文段976地號,12.94,都市：其他:計畫道路用地,,,1100203,土地1建物0車位0,,,其他,,,,0.0,0,0,0,有,無,150000,11592,,0.0,0,道路用地包含公共設施保留地用地；,RPTRMLNJKHGGFHD28DA,0.0,0.0,0.0,無,
學甲區,土地,中洲南段2064地號,1243.75,,特定農業區,農牧用地,1100208,土地5建物0車位0,,,其他,,,,0.0,0,0,0,有,無,1570000,1262,,0.0,0,親友、員工、共有人或其他特殊關係間之交易；,RPVOMLOLKHGGFGD38DA,0.0,0.0,0.0,無,
七股區,房地(土地+建物),竹橋里竹港５２之２６號,95.0,,鄉村區,乙種建築用地,1100131,土地1建物1車位0,全,二層,透天厝,住商用,加強磚造,0720718,103.98,6,2,2,有,無,2150000,20677,,0.0,0,,RPSNMLOLKHGGFGD97DA,95.54,0.0,8.44,無,
佳里區,房地(土地+建物)+車位,平等街１５號三樓之５,32.74,都市：其他:住宅區,,,1080107,土地1建物1車位1,三層,七層,華廈(10層含以下有電梯),集合住宅,鋼筋混凝土造,1100106,112.05,2,2,2,有,有,4390000,39179,一樓平面,26.09,0,預售屋、或土地及建物分次登記案件；,RPPNMLRLKHGGFGD97DA,58.97,0.0,4.32,有,
佳里區,房地(土地+建物)+車位,平等街１７號四樓之３,35.31,都市：其他:住宅區,,,1070810,土地1建物1車位1,四層,七層,華廈(10層含以下有電梯),集合住宅,鋼筋混凝土造,1100106,121.45,3,2,2,有,有,4580000,37711,一樓平面,26.09,0,預售屋、或土地及建物分次登記案件；,RPQNMLRLKHGGFGD08DA,64.27,0.0,6.46,有,
佳里區,房地(土地+建物)+車位,平等街１７號四樓之２,32.91,都市：其他:住宅區,,,1071203,土地1建物1車位1,四層,七層,華廈(10層含以下有電梯),集合住宅,鋼筋混凝土造,1100106,113.06,2,2,2,有,有,4150000,36706,坡道平面,26.09,0,預售屋、或土地及建物分次登記案件；,RPRNMLRLKHGGFGD18DA,59.4,0.0,4.97,有,
佳里區,房地(土地+建物)+車位,平等街１５號五樓之２,35.31,都市：其他:住宅區,,,1070812,土地1建物1車位1,五層,七層,華廈(10層含以下有電梯),集合住宅,鋼筋混凝土造,1100106,121.45,3,2,2,有,有,4580000,37711,坡道平面,26.09,0,預售屋、或土地及建物分次登記案件；,RPSNMLRLKHGGFGD28DA,64.27,0.0,6.46,有,
佳里區,房地(土地+建物)+車位,平等街１５號五樓之１,34.97,都市：其他:住宅區,,,1070812,土地1建物1車位1,五層,七層,華廈(10層含以下有電梯),集合住宅,鋼筋混凝土造,1100106,119.9,3,2,2,有,有,4500000,37531,坡道平面,26.09,0,預售屋、或土地及建物分次登記案件；,RPTNMLRLKHGGFGD38DA,62.64,0.0,6.76,有,
佳里區,房地(土地+建物)+車位,平等街１５號五樓之３,32.91,都市：其他:住宅區,,,1070912,土地1建物1車位1,五層,七層,華廈(10層含以下有電梯),集合住宅,鋼筋混凝土造,1100106,113.06,2,2,2,有,有,4270000,37768,一樓平面,26.09,0,預售屋、或土地及建物分次登記案件；,RPUNMLRLKHGGFGD48DA,59.4,0.0,4.97,有,
佳里區,房地(土地+建物)+車位,平等街１７號六樓之３,39.94,都市：其他:住宅區,,,1070819,土地1建物1車位1,六層,七層,華廈(10層含以下有電梯),集合住宅,鋼筋混凝土造,1100106,136.0,3,2,2,有,有,4750000,34926,坡道平面,40.64,0,預售屋、或土地及建物分次登記案件；,RPVNMLRLKHGGFGD58DA,64.27,0.0,6.46,有,
佳里區,房地(土地+建物)+車位,平等街１５號七樓之２,35.31,都市：其他:住宅區,,,1070812,土地1建物1車位1,七層,七層,華廈(10層含以下有電梯),集合住宅,鋼筋混凝土造,1100106,121.45,3,2,2,有,有,4580000,37711,坡道平面,26.09,0,預售屋、或土地及建物分次登記案件；,RPWNMLRLKHGGFGD68DA,64.27,0.0,6.46,有,
佳里區,房地(土地+建物)+車位,平等街１５號七樓之５,32.74,都市：其他:住宅區,,,1080220,土地1建物1車位1,七層,七層,華廈(10層含以下有電梯),集合住宅,鋼筋混凝土造,1100106,112.05,2,2,2,有,有,4390000,39179,一樓平面,26.09,0,預售屋、或土地及建物分次登記案件；,RPXNMLRLKHGGFGD78DA,58.97,0.0,4.32,有,
佳里區,房地(土地+建物)+車位,平等街１７號七樓之２,32.91,都市：其他:住宅區,,,1071229,土地1建物1車位1,七層,七層,華廈(10層含以下有電梯),集合住宅,鋼筋混凝土造,1100106,113.06,2,2,2,有,有,4380000,38740,坡道平面,26.09,0,預售屋、或土地及建物分次登記案件；,RPOOMLRLKHGGFGD97DA,59.4,0.0,4.97,有,
西港區,土地,後營段817-25地號,28.0,,特定農業區,甲種建築用地,1100102,土地1建物0車位0,,,其他,,,,0.0,0,0,0,有,無,423500,15125,,0.0,0,,RPPNMLMJLHGGFGD37DA,0.0,0.0,0.0,無,
將軍區,土地,西和段130地號,253.18,都市：其他:住宅區,,,1091014,土地2建物0車位0,,,其他,,,,0.0,0,0,0,有,無,1283478,5069,,0.0,0,,RPQNMLMJLHGGFGD47DA,0.0,0.0,0.0,無,
北門區,土地,中樞段1370地號,1216.0,,一般農業區,農牧用地,1100201,土地1建物0車位0,,,其他,,,,0.0,0,0,0,有,無,600000,493,,0.0,0,,RPUOMLQLKHGGFGD48DA,0.0,0.0,0.0,無,
七股區,土地,竹橋段2314-1地號,331.0,,特定農業區,農牧用地,1100226,土地1建物0車位0,,,其他,,,,0.0,0,0,0,有,無,500000,1511,,0.0,0,,RPVOMLQLKHGGFGD58DA,0.0,0.0,0.0,無,
西港區,土地,港東段1382-1地號,6.22,都市：其他:住宅區,,,1100219,土地1建物0車位0,,,其他,,,,0.0,0,0,0,有,無,296000,47588,,0.0,0,畸零地或有合併使用效益；,RPUNMLMJLHGGFGD87DA,0.0,0.0,0.0,無,
佳里區,土地,佳里段1085-2地號,139.0,都市：其他:商業區,,,1100201,土地1建物0車位0,,,其他,,,,0.0,0,0,0,有,無,1800000,12950,,0.0,0,畸零地或有合併使用效益；,RPTOMLPLKHGGFGD28DA,0.0,0.0,0.0,無,
佳里區,土地,佳里段891-9地號,249.79,都市：其他:計畫道路用地,,,1091019,土地3建物0車位0,,,其他,,,,0.0,0,0,0,有,無,76290,305,,0.0,0,畸零地或有合併使用效益；,RPPNMLTJLHGGFGD08DA,0.0,0.0,0.0,無,
佳里區,土地,佳里段881-4地號,168.58,都市：其他:住宅區,,,1091019,土地2建物0車位0,,,其他,,,,0.0,0,0,0,有,無,3103000,18407,,0.0,0,畸零地或有合併使用效益；,SPPNMLTJLHGGFGD18DA,0.0,0.0,0.0,無,1672
佳里區,土地,佳里段892-3地號,575.5,都市：其他:住宅區,,,1091019,土地5建物0車位0,,,其他,,,,0.0,0,0,0,有,無,13308559,23125,,0.0,0,畸零地或有合併使用效益；,TPPNMLTJLHGGFGD28DA,0.0,0.0,0.0,無,
佳里區,土地,佳里段881-10地號,168.35,都市：其他:住宅區,,,1091014,土地5建物0車位0,,,其他,,,,0.0,0,0,0,有,無,3418000,20303,,0.0,0,道路用地每坪新台幣壹仟元整。畸零地或有合併使用效益；,RPQNMLTJLHGGFGD18DA,0.0,0.0,0.0,無,1672
麻豆區,房地(土地+建物),安正里社子１０之３號,110.0,,鄉村區,乙種建築用地,1091218,土地1建物1車位0,全,二層,透天厝,住家用,鋼筋混凝土造,0820317,142.58,3,2,2,有,無,4000000,28054,,0.0,0,親友、員工、共有人或其他特殊關係間之交易；,RPOOMLMLKHGGFFD37DA,138.83,0.0,3.75,無,
麻豆區,房地(土地+建物),麻豆區寮里寮子２之７７號,67.0,,鄉村區,乙種建築用地,1100121,土地1建物1車位0,全,四層,透天厝,見其他登記事項,見其他登記事項,1081022,178.3,4,2,3,有,無,7400000,41503,,0.0,0,,RPPOMLQLKHGGFFD87DA,147.34,0.0,30.96,無,
麻豆區,房地(土地+建物),麻豆區寮里寮子２之７０號,72.0,,鄉村區,乙種建築用地,1091226,土地1建物1車位0,全,四層,透天厝,見其他登記事項,見其他登記事項,1081022,180.47,4,2,3,有,無,7500000,41558,,0.0,0,,RPQOMLQLKHGGFFD97DA,149.34,0.0,31.13,無,
官田區,土地,番子田段582地號,5543.0,,特定農業區,農牧用地,1100118,土地1建物0車位0,,,其他,,,,0.0,0,0,0,有,無,7200000,1299,,0.0,0,,RPPNMLQLKHGGFFD77DA,0.0,0.0,0.0,無,
麻豆區,房地(土地+建物),麻豆區寮里寮子５之６１號,106.0,,特定農業區,甲種建築用地,1091115,土地2建物1車位0,全,三層,透天厝,住家用,見其他登記事項,1090501,160.31,4,2,3,有,無,6900000,43042,,0.0,0,,RPSOMLQLKHGGFFD18DA,145.1,0.0,15.2,無,
官田區,土地,新官田段1037-4地號,46.17,都市：其他:住宅區,,,1100208,土地1建物0車位0,,,其他,,,,0.0,0,0,0,有,無,977650,21175,,0.0,0,,RPTOMLQLKHGGFFD28DA,0.0,0.0,0.0,無,
麻豆區,房地(土地+建物),麻豆區寮里寮子５之６２號,106.0,,特定農業區,甲種建築用地,1091118,土地2建物1車位0,全,三層,透天厝,住家用,見其他登記事項,1090501,160.31,4,2,3,有,無,6900000,43042,,0.0,0,,RPUOMLQLKHGGFFD38DA,145.11,0.0,15.2,無,
六甲區,房地(土地+建物),龜港里１３鄰龜子港２７６號,169.0,,一般農業區,甲種建築用地,1091230,土地2建物2車位0,全,三層,透天厝,住家用,鋼筋混凝土造,0840608,342.51,8,4,4,有,無,3200000,9343,,0.0,0,,RPQNMLSJKHGGFFD87DA,332.31,0.0,10.2,無,
大內區,土地,大內段1200-2地號,1002.25,,一般農業區,農牧用地,1100223,土地1建物0車位0,,,其他,,,,0.0,0,0,0,有,無,1100000,1098,,0.0,0,,RPUNMLNLKHGGFFD97DA,0.0,0.0,0.0,無,
白河區,土地,六重溪段484-1地號,1100.0,,山坡地保育區,農牧用地,1100220,土地1建物0車位0,,,其他,,,,0.0,0,0,0,有,無,200000,182,,0.0,0,,RPPNMLMJLHGGFED17DA,0.0,0.0,0.0,無,
新營區,房地(土地+建物),忠政里１９鄰長榮路二段２１號,74.02,都市：其他:住宅區,,,1100128,土地1建物1車位0,全,三層,透天厝,住商用,鋼筋混凝土造,0780517,144.48,4,3,3,有,無,11500000,79596,,0.0,0,,RPTNMLPLKHGGFDD87DA,136.26,0.0,8.22,無,
南區,土地,新興段270-7地號,101.0,都市：其他:住宅區,,,1091224,土地1建物0車位0,,,其他,,,,0.0,0,0,0,有,無,10000000,99010,,0.0,0,,RPVOMLKLJHGGFCD47DA,0.0,0.0,0.0,無,
南區,房地(土地+建物),臺南市南區萬年路１２６巷９弄９號,91.4,都市：其他:住宅區,,,1091217,土地5建物1車位0,全,三層,透天厝,集合住宅,鋼筋混凝土造,1021018,162.58,4,2,3,有,無,11000000,67659,,0.0,0,,RPPNMLKKKHGGFCD76DA,150.05,12.31,0.0,無,
東區,房地(土地+建物),小東路１９８巷２號,74.0,都市：其他:細部計畫道路用地,,,1100205,土地2建物1車位0,全,二層,透天厝,住商用,加強磚造,0620801,90.27,6,0,6,有,無,7550000,83638,,0.0,0,包含公共設施保留地用地；,RPTOMLSJKHGGFCD97DA,90.27,0.0,0.0,無,
南區,房地(土地+建物),中華南路二段３１５巷６弄６號二樓,44.29,都市：其他:住宅區,,,1100117,土地2建物1車位0,二層,五層,公寓(5樓含以下無電梯),集合住宅,鋼筋混凝土造,0710614,89.68,3,2,2,有,無,3300000,36798,,0.0,0,親友、員工、共有人或其他特殊關係間之交易；預售屋、或土地及建物分次登記案件；,RPOOMLMJLHGGFCD96DA,74.72,0.0,7.61,無,
東區,房地(土地+建物),仁和路４９之１７號,72.75,都市：其他:第五種住宅區,,,1100203,土地3建物1車位0,全,五層,透天厝,見其他登記事項,鋼筋混凝土造,1010522,199.37,5,2,5,有,有,18600000,93294,,0.0,0,陽台外推；夾層；其他增建；,RPWNMLNLKHGGFCD87DA,175.02,0.0,24.24,無,
東區,房地(土地+建物)+車位,崇德十八街４６號六樓,12.99,都市：其他:商業區,,,1100206,土地1建物1車位1,六層,七層,華廈(10層含以下有電梯),住家用,鋼筋混凝土造,0840126,84.16,2,2,1,有,有,4000000,47529,坡道機械,0.0,0,土地建物分別計價土地新台幣300萬元整建物100萬元整親友、員工、共有人或其他特殊關係間之交易；,RPQOMLKLKHGGFCD07DA,55.51,0.78,6.78,有,
東區,房地(土地+建物)+車位,崇德十八街４６號五樓,12.99,都市：其他:商業區,,,1100206,土地1建物1車位1,五層,七層,華廈(10層含以下有電梯),住家用,鋼筋混凝土造,0840126,84.16,2,2,1,有,有,4000000,47529,坡道機械,0.0,0,土地建物分別計價土地新台幣300萬元整建物新台幣100萬元整親友、員工、共有人或其他特殊關係間之交易；,RPROMLKLKHGGFCD17DA,55.51,0.78,6.78,有,
南區,房地(土地+建物),新興路３６１號四樓之１,20.7,都市：其他:住宅區,,,1100119,土地1建物1車位0,四層,五層,公寓(5樓含以下無電梯),住家用,鋼筋混凝土造,0700630,73.67999999999999,2,2,1,有,無,3200000,43431,,0.0,0,,RPWNNLLJLHGGFCD67DA,59.4,0.0,4.65,無,1674
南區,房地(土地+建物),新興路１８３巷２弄５號,12.6,都市：其他:住宅區,,,1100210,土地2建物1車位0,一層,一層,工廠,廠房,鐵骨造,0750607,2.94,0,0,0,無,無,300000,,,0.0,0,親友、員工、共有人或其他特殊關係間之交易；,RPPNMLMJLHGGFCD96DA,2.94,0.0,0.0,無,
南區,房地(土地+建物),國民路２３８巷２１號,83.73,都市：其他:住宅區,,,1100105,土地1建物1車位0,全,二層,透天厝,住家用,加強磚造,0721217,123.57,4,2,2,有,無,2451275,19837,,0.0,0,親友、員工、共有人或其他特殊關係間之交易；,RPQNMLMJLHGGFCD07DA,118.1,0.0,5.47,無,
南區,土地,大山段147地號,1350.61,都市：其他:住宅區,,,1091204,土地1建物0車位0,,,其他,,,,0.0,0,0,0,有,無,81183073,60108,,0.0,0,,RPRNMLMJLHGGFCD17DA,0.0,0.0,0.0,無,
南區,土地,建南段422地號,1115.25,都市：其他:保護區,,,1100203,土地1建物0車位0,,,其他,,,,0.0,0,0,0,有,無,12077000,10829,,0.0,0,,RPSNMLPLKHGGFCD67DA,0.0,0.0,0.0,無,1675
東區,土地,德高段169地號,681.0,都市：其他:第五種住宅區,,,1100209,土地2建物0車位0,,,其他,,,,0.0,0,0,0,有,無,72100000,105874,,0.0,0,地上物補償費用含土地增值稅或其他稅費；含仲介費；含地政士服務費；未登記建物；瑕疵物件；,RPTNMLPLKHGGFCD77DA,0.0,0.0,0.0,無,
南區,土地,南山段881-1地號,36.49,都市：其他:細部計畫道路用地,,,1100220,土地6建物0車位0,,,其他,,,,0.0,0,0,0,有,無,300000,8221,,0.0,0,親友、員工、共有人或其他特殊關係間之交易；包含公共設施保留地用地；,RPVNMLPLKHGGFCD97DA,0.0,0.0,0.0,無,
東區,房地(土地+建物),生產路６１８巷１弄１３號,60.0,都市：其他:第五種住宅區,,,1100122,土地1建物1車位0,全,二層,透天厝,住家用,鋼筋混凝土造,0680417,84.83,4,2,3,有,無,6100000,71909,,0.0,0,親友、員工、共有人或其他特殊關係間之交易；頂樓加蓋；夾層；其他增建；,RPQPMLOLKHGGFCD57DA,84.83,0.0,0.0,無,
新營區,房地(土地+建物)+車位,隋唐街１３號十二樓之五,25.95,都市：其他:住宅區,,,1091001,土地1建物1車位1,十二層,十五層,住宅大樓(11層含以上有電梯),集合住宅,鋼筋混凝土造,1090331,167.82999999999998,3,2,2,有,有,8900000,53682,坡道平面,22.53,1100000,房地總價含管理費,RPSOMLKLKHGGFDD37DA,87.18,0.0,11.21,有,
新營區,房地(土地+建物)+車位,隋唐街７號十三樓之一,33.36,都市：其他:住宅區,,,1091109,土地1建物1車位1,十三層,十五層,住宅大樓(11層含以上有電梯),集合住宅,鋼筋混凝土造,1090331,203.15,4,2,2,有,有,10900000,54258,坡道平面,22.53,1100000,房地總價含管理費，商品提貨單,RPTOMLKLKHGGFDD47DA,110.45,0.0,11.61,有,
新營區,土地,三德段1209地號,844.59,都市：其他:住宅區,,,1091119,土地2建物0車位0,,,其他,,,,0.0,0,0,0,有,無,34489800,40836,,0.0,0,,RPSNMLNLKHGGFDD57DA,0.0,0.0,0.0,無,1676
新營區,房地(土地+建物)+車位,隋唐街１１號十二樓之一,26.57,都市：其他:住宅區,,,1091103,土地1建物1車位1,十二層,十五層,住宅大樓(11層含以上有電梯),集合住宅,鋼筋混凝土造,1090331,168.47,3,2,2,有,有,9050000,54474,坡道平面,22.53,1100000,房地總價含管理費，商品提貨單,RPWNMLNLKHGGFDD97DA,87.41,0.0,11.32,有,
安南區,土地,理想段1740地號,3148.33,都市：其他:住宅區,,,1091203,土地1建物0車位0,,,其他,,,,0.0,0,0,0,有,無,280950000,89238,,0.0,0,110年2月20日另有增補合約因臨房越界佔用雙方合意減價100萬即實際付款為279950000元,RPSPMLQLKHGGFBD87DA,0.0,0.0,0.0,無,1677
安南區,土地,安西段806地號,96.8,都市：其他:住宅區,,,1091117,土地1建物0車位0,,,其他,,,,0.0,0,0,0,有,無,4500000,46488,,0.0,0,,RPUPMLQLKHGGFBD08DA,0.0,0.0,0.0,無,1678
安南區,房地(土地+建物),安中路一段７０１巷２８之３號,65.72,都市：其他:住宅區,,,1100129,土地13建物1車位0,四層,四層,公寓(5樓含以下無電梯),集合住宅,鋼筋混凝土造,0700907,101.35000000000001,3,2,2,有,無,2200000,21707,,0.0,0,陽台外推；,RPSNMLPLKHGGFBD57DA,79.94,0.01,9.81,無,
東區,房地(土地+建物),林森路二段１９２巷８８弄３０之３號,42.5,都市：其他:第五種住宅區,,,1091030,土地2建物1車位0,四層,四層,公寓(5樓含以下無電梯),住家用,鋼筋混凝土造,0720729,112.39,5,0,5,有,無,5260000,46801,,0.0,0,陽台外推；含租約；,RPTNMLKMIIPFFCD08DA,86.32,0.0,9.01,無,
安南區,房地(土地+建物),安中路一段７０３巷６６號,68.37,都市：其他:住宅區,,,1100121,土地15建物1車位0,一層,四層,公寓(5樓含以下無電梯),集合住宅,鋼筋混凝土造,0700907,102.43,3,1,2,有,無,5800000,56619,,0.0,0,未登記建物；,RPSNMLLJKHGGFBD96DA,80.82,0.01,10.24,無,
安南區,房地(土地+建物),安和路四段１３１巷２之１號,80.76,都市：其他:住宅區,,,1100128,土地1建物1車位0,全,四層,透天厝,停車空間，住宅,鋼筋混凝土造,1061023,215.51,6,2,6,有,無,11800000,54754,,0.0,0,預售屋、或土地及建物分次登記案件；,RPPOMLSJKHGGFBD47DA,191.67,0.0,23.84,無,
安南區,房地(土地+建物),安和路四段１３１巷２之２號,77.41,都市：其他:住宅區,,,1100127,土地1建物1車位0,全,四層,透天厝,停車空間，住宅,鋼筋混凝土造,1061023,208.87,6,2,6,有,無,12500000,59846,,0.0,0,預售屋、或土地及建物分次登記案件；,RPROMLSJKHGGFBD67DA,185.77,0.0,23.1,無,
東區,土地,竹篙厝段3761地號,145.0,都市：其他:第五種住宅區,,,1091217,土地1建物0車位0,,,其他,,,,0.0,0,0,0,有,無,30700000,211724,,0.0,0,,RPPPMLRKKIPFFCD58DA,0.0,0.0,0.0,無,
北區,房地(土地+建物),公園北路８８巷５６之１號,25.5,都市：其他:住宅區,,,1091125,土地1建物1車位0,一層,五層,公寓(5樓含以下無電梯),住家用,鋼筋混凝土造,0730315,74.7,3,2,1,有,無,2500000,33467,,0.0,0,,RPTNMLQLKHGGFAD67DA,63.1,0.0,0.0,無,
北區,房地(土地+建物),公園南路３６０號二十樓之３,5.92,都市：其他:住宅區,,,1100118,土地1建物1車位0,二十層,二十五層,住宅大樓(11層含以上有電梯),住家用,鋼筋混凝土造,0840104,78.37,2,2,1,有,有,3600000,45936,,0.0,0,,RPWOMLOLKHGGFAD87DA,56.16,0.0,3.81,有,1679
北區,房地(土地+建物),文賢二街１０１巷２８弄１８號,84.79,都市：其他:住宅區,,,1091230,土地2建物1車位0,全,四層,透天厝,住家用,見其他登記事項,0931230,197.79,5,2,3,有,有,14300000,72299,,0.0,0,其他增建；,RPXOMLOLKHGGFAD97DA,182.55,0.0,15.24,無,
北區,房地(土地+建物),北園街１２８巷２２弄７號,83.0,都市：其他:住宅區,,,1100109,土地1建物1車位0,全,二層,透天厝,住家用,加強磚造,0740809,119.04,8,0,8,有,無,8000000,67204,,0.0,0,,RPPOMLPLKHGGFAD27DA,111.82,0.0,7.22,無,1680
中西區,房地(土地+建物),頂美二街７６巷１０號,83.14,都市：其他:住宅區,,,1100119,土地2建物1車位0,全,四層,透天厝,住宅、停車空間,ＲＣ造,0940120,217.67,4,2,3,有,有,15000000,68912,,0.0,0,,RPWNMLPLKHGGFAD87DA,189.14,0.0,28.53,無,
北區,土地,大豐段2247地號,59.65,都市：其他:住宅區,,,1100203,土地1建物0車位0,,,其他,,,,0.0,0,0,0,有,無,4361632,73120,,0.0,0,親友、員工、共有人或其他特殊關係間之交易；未登記建物；,RPUNMLPLKHGGFAD67DA,0.0,0.0,0.0,無,1681
北區,房地(土地+建物),開元路５２３號十一樓之９,5.86,都市：其他:住宅區,,,1100124,土地3建物1車位0,十一層,二十四層,住宅大樓(11層含以上有電梯),見其他登記事項,見其他登記事項,1041105,83.19,2,1,1,有,有,5100000,61305,,0.0,0,,RPQNMLMJLHGGFAD86DA,49.47,2.14,6.86,有,0782
北區,房地(土地+建物)+車位,公園北路１５６號十三樓之１８,20.23,都市：其他:商業區,,,1091025,土地1建物1車位1,十三層,十四層,住宅大樓(11層含以上有電梯),集合住宅,ＲＣ造,0951001,144.85999999999999,3,2,2,有,有,8800000,60748,坡道平面,0.0,1000000,陽台外推；其他增建；,RPRNMLPLIIPFFAD08DA,73.95,2.38,10.63,有,1683
安平區,房地(土地+建物)+車位,育平九街９９號十一樓,56.83,都市：其他:住宅區,,,1071029,土地1建物1車位2,十一層,十一層,住宅大樓(11層含以上有電梯),見其他登記事項,見其他登記事項,1091204,344.2,3,2,2,有,有,22980000,77389,一樓平面,60.18,1000000,預售屋、或土地及建物分次登記案件；,RPQPMLTJKHGGFAD67DA,143.39,0.0,45.84,有,
中西區,房地(土地+建物)+車位,民生路二段４２０號十二樓之３,24.42,都市：其他:商業區,,,1080901,土地1建物1車位1,十二層,二十七層,住宅大樓(11層含以上有電梯),集合住宅,鋼筋混凝土構造,1091029,263.78999999999996,3,2,3,有,有,18000000,71165,坡道平面,25.61,1050000,預售屋、或土地及建物分次登記案件；,RPRNMLOLKHGGFAD27DA,146.46,0.0,16.55,有,
中西區,房地(土地+建物)+車位,民生路二段４２０號二十二樓之２,25.55,都市：其他:商業區,,,1090701,土地1建物1車位2,二十二層,二十七層,住宅大樓(11層含以上有電梯),集合住宅,鋼筋混凝土構造,1091029,299.65,3,2,3,有,有,24000000,84933,坡道平面,51.22,2900000,預售屋、或土地及建物分次登記案件；,RPPNMLOLKHGGFAD07DA,151.76,0.0,18.21,有,
中西區,土地,普濟段360地號,79.92,都市：其他:商業區,,,1091027,土地1建物0車位0,,,其他,,,,0.0,0,0,0,有,無,15351600,192087,,0.0,0,未登記建物；,RPPPMLNLKHGGFAD17DA,0.0,0.0,0.0,無,
中西區,土地,普濟段361地號,96.93,都市：其他:商業區,,,1091027,土地1建物0車位0,,,其他,,,,0.0,0,0,0,有,無,18579584,191680,,0.0,0,,RPQPMLNLKHGGFAD27DA,0.0,0.0,0.0,無,
中西區,房地(土地+建物)+車位,民生路二段４２２號十六樓之３,24.48,都市：其他:商業區,,,1090309,土地1建物1車位2,十六層,二十七層,住宅大樓(11層含以上有電梯),集合住宅,鋼筋混凝土構造,1091029,289.38,3,2,3,有,有,20800000,74740,坡道平面,51.22,3000000,預售屋、或土地及建物分次登記案件；,RPUQMLNLKHGGFAD77DA,146.46,0.0,16.55,有,
中西區,房地(土地+建物)+車位,民生路二段４２０號二十三樓之１,26.3,都市：其他:商業區,,,1090209,土地1建物1車位1,二十三層,二十七層,住宅大樓(11層含以上有電梯),集合住宅,鋼筋混凝土構造,1091029,282.13,3,2,3,有,有,25000000,91806,坡道平面,25.61,1450000,預售屋、或土地及建物分次登記案件；,RPVQMLNLKHGGFAD87DA,155.7,0.0,19.77,有,
北區,房地(土地+建物),成功路２號十一樓之４,2.7,都市：其他:細部計畫道路用地,,,1090323,土地4建物1車位0,十一層,十四層,住宅大樓(11層含以上有電梯),住家用,鋼筋混凝土造,0731228,30.73,1,0,1,有,有,920000,29938,,0.0,0,包含公共設施保留地用地；,RPXQMLNLKHGGFAD08DA,22.98,0.0,0.0,有,
北區,建物,長榮路五段４０１巷１１７號,0.0,,,,1100208,土地0建物1車位0,全,二層,透天厝,住家用,加強磚造,0620726,99.63,4,2,2,有,無,3000000,30111,,0.0,0,建物坐落基地為仁愛之家土地,RPPRMLNLKHGGFAD37DA,99.63,0.0,0.0,無,
安平區,房地(土地+建物)+車位,永華五街２號二十三樓,7.44,都市：其他:商業區,,,1100107,土地1建物1車位1,二十三層,二十九層,住宅大樓(11層含以上有電梯),見其他登記事項,見其他登記事項,1070921,147.94,4,2,2,有,有,12380000,91748,坡道機械,23.36,950000,,RPQNMLNLKHGGFAD07DA,76.09,0.0,9.74,有,
安平區,房地(土地+建物)+車位,永華五街１０號十樓,8.63,都市：其他:商業區,,,1091212,土地1建物1車位1,十層,二十九層,住宅大樓(11層含以上有電梯),見其他登記事項,見其他登記事項,1070921,172.17000000000002,2,2,2,有,有,14560000,90115,坡道機械,23.36,1150000,,RPSNMLNLKHGGFAD27DA,92.77,2.89,6.97,有,
安平區,房地(土地+建物)+車位,永華五街１０號二十樓,8.63,都市：其他:商業區,,,1090802,土地1建物1車位1,二十層,二十九層,住宅大樓(11層含以上有電梯),見其他登記事項,見其他登記事項,1070921,172.17000000000002,2,2,2,有,有,15290000,95020,坡道機械,23.36,1150000,,RPTNMLNLKHGGFAD37DA,92.77,2.89,6.97,有,
安平區,房地(土地+建物)+車位,育平九街９９號三樓之２,33.56,都市：其他:住宅區,,,1091024,土地1建物1車位1,三層,十一層,住宅大樓(11層含以上有電梯),見其他登記事項,見其他登記事項,1091204,203.9,3,2,2,有,有,14250000,75657,升降平面,30.09,1100000,預售屋、或土地及建物分次登記案件；,RPQPMLMJKHGGFAD96DA,101.14,0.0,15.01,有,
北區,房地(土地+建物)+車位,大武街１３８號九樓之５,31.81,都市：其他:住宅區,,,1100122,土地1建物1車位1,九層,十三層,住宅大樓(11層含以上有電梯),集合住宅,鋼筋混凝土造,0911227,140.86,3,2,2,有,有,6000000,42595,坡道平面,0.0,0,親友、員工、共有人或其他特殊關係間之交易；,RPSNMLNLJHGGFAD17DA,86.89,0.0,8.61,有,
北區,房地(土地+建物),開元路４８５巷４１弄１２號三樓之８,11.16,都市：其他:商業區,,,1100109,土地1建物1車位0,三層,十四層,住宅大樓(11層含以上有電梯),集合住宅,鋼筋混凝土造,0891120,103.58,3,2,2,有,有,5450000,52616,,0.0,0,,RPUOMLOKJHGGFAD47DA,75.18,0.0,4.99,有,
北區,房地(土地+建物)+車位,北園街２２號九樓之７,13.69,都市：其他:商業區,,,1100116,土地2建物1車位1,九層,十四層,住宅大樓(11層含以上有電梯),集合住宅,鋼筋混凝土造,0870420,116.52,3,2,2,有,有,5550000,44744,坡道機械,10.36,800000,,RPQNMLQKJHGGFAD17DA,79.14,0.0,4.46,有,
北區,房地(土地+建物),公園路５８７之２４號三樓,9.39,都市：其他:住宅區,,,1100129,土地1建物1車位0,三層,五層,公寓(5樓含以下無電梯),住家用,鋼筋混凝土造,0780410,34.24,1,0,1,有,無,1250000,36507,,0.0,0,陽台外推；,RPWOMLOJKHGGFAD67DA,23.81,0.0,4.92,無,
中西區,房地(土地+建物),宮後街１６號四樓之７,11.57,都市：其他:商業區,,,1100208,土地1建物2車位0,四層,五層,華廈(10層含以下有電梯),住家用,鋼筋混凝土造,0800212,52.58,2,0,2,有,無,1980000,37657,,0.0,0,,RPXOMLNLKHGGFAD87DA,36.76,0.0,1.68,有,
中西區,房地(土地+建物)+車位,民生路二段４２２號十樓之３,24.48,都市：其他:商業區,,,1080304,土地1建物1車位2,十層,二十七層,住宅大樓(11層含以上有電梯),集合住宅,鋼筋混凝土構造,1091029,289.38,3,2,3,有,有,18500000,67602,坡道平面,51.22,2400000,預售屋、或土地及建物分次登記案件；,RPSNMLOLKHGGFAD37DA,146.46,0.0,16.55,有,
中西區,房地(土地+建物)+車位,民生路二段４２０號六樓之１,26.41,都市：其他:商業區,,,1080814,土地1建物1車位3,六層,二十七層,住宅大樓(11層含以上有電梯),集合住宅,鋼筋混凝土構造,1091029,333.35,3,2,3,有,有,25150000,81670,坡道平面,76.83,4200000,預售屋、或土地及建物分次登記案件；,RPUNMLOLKHGGFAD57DA,155.7,0.0,19.77,有,
中西區,房地(土地+建物),正興街１６１號三樓之２２,2.83,都市：其他:商業區,,,1100219,土地1建物1車位0,三層,九層,華廈(10層含以下有電梯),住家用,鋼筋混凝土造,0830528,26.89,0,0,0,無,有,1420000,52808,,0.0,0,,RPVNMLOLKHGGFAD67DA,17.32,0.0,3.36,有,
中西區,房地(土地+建物)+車位,民生路二段４２０號十二樓之１,26.41,都市：其他:商業區,,,1080823,土地1建物1車位3,十二層,二十七層,住宅大樓(11層含以上有電梯),集合住宅,鋼筋混凝土構造,1091029,333.35,3,2,3,有,有,26150000,85763,坡道平面,76.83,4150000,預售屋、或土地及建物分次登記案件；,RPXNMLOLKHGGFAD87DA,155.7,0.0,19.77,有,
安平區,房地(土地+建物)+車位,永華路二段３０８號十三樓之２,50.69,都市：其他:住宅區,,,1100208,土地1建物1車位2,十三層,二十五層,住宅大樓(11層含以上有電梯),集合住宅,鋼筋混凝土構造,1060323,539.4200000000001,3,2,4,有,有,43000000,79715,坡道平面,59.78,0,,RPOOMLSKKHGGFAD37DA,279.05,0.0,45.75,有,1684
安平區,房地(土地+建物),安平路１２６號三樓之６,28.89,都市：其他:住宅區,,,1100109,土地1建物1車位0,三層,四層,公寓(5樓含以下無電梯),住家用,鋼筋混凝土造,0691022,92.33,2,2,1,有,無,3100000,33575,,0.0,0,,RPPNMLQKKHGGFAD17DA,78.39,0.0,0.0,無,
中西區,房地(土地+建物),環河街１１６號,106.7,都市：其他:住宅區,,,1091231,土地2建物2車位0,全,三層,透天厝,住商用,鋼筋混凝土造,0650921,256.19,12,2,12,有,無,20880000,81502,,0.0,0,其他增建；,RPUNMLRKKHGGFAD77DA,256.19,0.0,0.0,無,
中西區,房地(土地+建物),頂美三街１２１巷９３弄２１號,79.91,都市：其他:住宅區,,,1091124,土地3建物1車位0,全,五層,透天厝,住宅、停車空間,鋼筋混凝土造,0930112,217.46,5,2,4,有,無,14800000,68058,,0.0,0,陽台外推；其他增建；,RPPPMLOLJIPFFAD08DA,186.3,0.0,31.16,無,
安平區,房地(土地+建物),民權路四段５２１號,74.09,都市：其他:住宅區,,,1091112,土地1建物1車位0,全,三層,透天厝,住商用,鋼筋混凝土造,0860108,164.29,5,2,4,有,無,10400000,63303,,0.0,0,頂樓加蓋；,RPOOMLSJKIPFFAD18DA,153.2,0.0,11.09,無,
中西區,土地,武聖段2117地號,90.77,都市：其他:住宅區,,,1100126,土地1建物0車位0,,,其他,,,,0.0,0,0,0,有,無,6900000,76016,,0.0,0,,RPTNMLMJLHGGFAD17DA,0.0,0.0,0.0,無,
北區,房地(土地+建物),育德路２２５巷２６號,46.18,都市：其他:住宅區,,,1091230,土地3建物1車位0,全,四層,透天厝,停車空間、住宅,鋼筋混凝土造,0961126,113.35,5,2,4,有,無,5000000,44115,,0.0,0,親友、員工、共有人或其他特殊關係間之交易；,RPPNMLNJLHGGFAD86DA,107.48,0.0,5.84,無,
北區,房地(土地+建物),成功路６２８號,136.0,都市：其他:住宅區,,,1100206,土地1建物1車位0,全,二層,透天厝,住家用,加強磚造,0631101,126.93,4,1,3,有,無,23000000,181202,,0.0,0,未登記建物；,RPTNMLNJLHGGFAD27DA,122.93,0.0,4.0,無,
北區,建物,公園路６７５之１號,0.0,,,,1100124,土地0建物1車位0,全,三層,透天厝,住商用,加強磚造,0610727,179.88,6,2,3,有,無,8000000,44474,,0.0,0,土地為向仁愛之家租賃使用。,RPUNMLNJLHGGFAD37DA,179.88,0.0,0.0,無,
中西區,房地(土地+建物)+車位,民生路二段１３２號三樓之５,17.59,都市：其他:商業區,,,1100128,土地1建物1車位1,三層,十三層,住宅大樓(11層含以上有電梯),集合住宅,鋼筋混凝土構造,1051108,114.53,2,2,2,有,有,7850000,68541,坡道機械,16.31,0,,RPROMLNJLHGGFAD17DA,55.64,1.78,9.37,有,1685
北區,房地(土地+建物),東豐路５０１號四樓之１,40.76,都市：其他:細部計畫道路用地,,,1100105,土地5建物1車位0,四層,九層,華廈(10層含以下有電梯),住家用,鋼筋混凝土造,0810701,152.42000000000002,3,2,2,有,有,7600000,49862,,0.0,0,含傢俱設備費；,RPPOMLQLKHGGFAD37DA,101.07,0.67,14.41,有,
安平區,房地(土地+建物),安北路１６巷３５弄２７號,57.0,都市：其他:住宅區,,,1100208,土地1建物1車位0,全,二層,透天厝,住家用,加強磚造,0621103,67.64,3,2,1,有,無,2200000,32525,,0.0,0,親友、員工、共有人或其他特殊關係間之交易；,RPQOMLQLKHGGFAD47DA,67.64,0.0,0.0,無,
北區,房地(土地+建物),開元路５１９號二十樓之３,6.31,都市：其他:住宅區,,,1100121,土地3建物1車位0,二十層,二十四層,住宅大樓(11層含以上有電梯),集合住宅,鋼筋混凝土構造,1041105,87.22,2,1,1,有,有,5200000,59619,,0.0,0,,RPTOMLQLKHGGFAD77DA,51.53,1.85,7.92,有,1686
中西區,房地(土地+建物),民族路二段６２號,127.01,都市：其他:商業區,,,1100209,土地1建物1車位0,全,三層,透天厝,住家用,磚造,0480000,275.52,3,4,3,有,無,51000000,185105,,0.0,0,,RPOOMLMJLHGGFAD76DA,275.52,0.0,0.0,無,
北區,房地(土地+建物),公園南路３６５號十三樓之２,3.26,都市：其他:住宅區,,,1100205,土地1建物1車位0,十三層,十四層,住宅大樓(11層含以上有電梯),集合住宅,鋼筋混凝土構造,0960824,29.55,1,0,1,有,有,2380000,80541,,0.0,0,,RPPOMLMJLHGGFAD86DA,16.82,0.0,4.34,有,1687
安南區,土地,海中段1146地號,145.65,都市：其他:細部計畫道路用地,,,1080517,土地4建物0車位0,,,其他,,,,0.0,0,0,0,有,無,550000,3776,,0.0,0,包含公共設施保留地用地；,RPQOMLLKJIPFFBD77DA,0.0,0.0,0.0,無,
安南區,土地,頂安段869地號,78.64,都市：其他:主要計畫道路用地,,,1091030,土地1建物0車位0,,,其他,,,,0.0,0,0,0,有,無,660000,8393,,0.0,0,包含公共設施保留地用地；,RPTNMLPKJHGGFBD47DA,0.0,0.0,0.0,無,1688
安南區,房地(土地+建物),州南三街２２５號,92.17,都市：其他:住宅區,,,1100131,土地4建物1車位0,全,四層,透天厝,門廊，集合住宅，停車空間,鋼筋混凝土造,1081113,168.59,4,2,4,有,無,13300000,78890,,0.0,0,,RPTNMLMJKHGGFBD17DA,147.91,0.0,20.68,無,
安南區,房地(土地+建物),公學路四段５４巷１０５弄５８號,117.69,都市：其他:住宅區,,,1100124,土地2建物1車位0,全,三層,透天厝,住家用,鋼筋混凝土造,1040128,160.37,5,2,3,有,無,9500000,59238,,0.0,0,其他增建；,RPSPMLNJKHGGFBD37DA,132.65,0.0,27.72,無,
安南區,土地,怡中段970地號,92.83,都市：其他:細部計畫道路用地,,,1091103,土地3建物0車位0,,,其他,,,,0.0,0,0,0,有,無,770000,8295,,0.0,0,包含公共設施保留地用地；,RPRNMLLMJHGGFBD07DA,0.0,0.0,0.0,無,
安南區,土地,外塭段135-1地號,103.0,都市：其他:細部計畫道路用地,,,1100208,土地2建物0車位0,,,其他,,,,0.0,0,0,0,有,無,3320000,32233,,0.0,0,親友、員工、共有人或其他特殊關係間之交易；未登記建物；,RPQOMLNJLHGGFBD17DA,0.0,0.0,0.0,無,
安南區,土地,安西段2066-2地號,1073.62,都市：其他:住宅區,,,1091204,土地2建物0車位0,,,其他,,,,0.0,0,0,0,有,無,90935600,84700,,0.0,0,,RPQOMLMJLHGGFBD07DA,0.0,0.0,0.0,無,
安南區,土地,媽宮段83地號,175.93,都市：其他:住宅區,,,1100221,土地1建物0車位0,,,其他,,,,0.0,0,0,0,有,無,2800000,15915,,0.0,0,增值稅由買方支付,RPXOMLMJLHGGFBD77DA,0.0,0.0,0.0,無,
安南區,土地,溪心段445地號,41.48,都市：其他:細部計畫道路用地,,,1100223,土地2建物0車位0,,,其他,,,,0.0,0,0,0,有,無,170000,4098,,0.0,0,包含公共設施保留地用地；,RPXNMLNLKHGGFBD87DA,0.0,0.0,0.0,無,
新營區,房地(土地+建物),開元路５９巷４０之３號八樓,16.78,都市：其他:主要計畫道路用地,,,1100129,土地2建物1車位0,八層,十二層,住宅大樓(11層含以上有電梯),住家用,鋼筋混凝土造,0830630,120.75,4,1,2,有,有,3500000,28986,,0.0,0,,RPUNMLOLKHGGFDD87DA,87.05,0.81,6.7,有,
鹽水區,房地(土地+建物),岸內里１１鄰朝琴路１６３號,107.7,都市：其他:住宅區,,,1100128,土地1建物1車位0,全,四層,透天厝,住家用,鋼筋混凝土造,1060815,269.16,4,2,6,有,無,8500000,31580,,0.0,0,土地成交價新台幣520萬元整建物成交價新台幣330萬元整,RPVNMLNJLHGGFDD77DA,256.39,0.0,12.77,無,
新營區,房地(土地+建物),民生里１３鄰公園路一段１６０巷５７弄３６號,189.57,都市：其他:住宅區,,,1091228,土地2建物1車位0,全,四層,透天厝,住家用,鋼筋混凝土造,1070206,443.55,6,2,6,有,無,20600000,46443,,0.0,0,,RPVNMLRJJHGGFDD97DA,423.47,0.0,20.08,有,1689
東區,房地(土地+建物)+車位,崇德十八街８０號四樓之１,15.46,都市：其他:第五種住宅區,,,1100207,土地1建物1車位1,四層,九層,華廈(10層含以下有電梯),住家用,鋼筋混凝土造,0830723,128.98000000000002,3,2,2,有,有,5900000,45744,坡道平面,0.0,0,,RPWNMLQLKHGGFCD18DA,66.53,0.0,10.42,有,
東區,房地(土地+建物),長榮路二段３２巷１４４號五樓之３,6.64,都市：其他:第五種住宅區,,,1100217,土地1建物1車位0,五層,五層,公寓(5樓含以下無電梯),住家用,鋼筋混凝土造,0781220,22.1,1,0,1,有,有,560000,25339,,0.0,0,含租約；,RPTOMLPLKHGGFCD87DA,16.01,0.0,0.0,無,
東區,房地(土地+建物),中華東路二段１６７號四樓之１３,2.77,都市：其他:第五種住宅區,,,1090202,土地2建物1車位0,四層,十四層,住宅大樓(11層含以上有電梯),住家用,鋼筋混凝土造,0970229,31.759999999999998,1,1,1,有,有,1740000,54786,,0.0,0,,RPQNMLNJLHGGFCD17DA,17.11,0.0,3.03,有,
東區,房地(土地+建物)+車位,德昌路１９６巷１２號五樓,32.13,都市：其他:第五種住宅區,,,1100206,土地1建物1車位1,五層,五層,華廈(10層含以下有電梯),集合住宅,鋼筋混凝土造,1050628,101.72,2,2,2,有,有,7000000,68816,坡道機械,9.99,0,,RPXQMLNJLHGGFCD18DA,55.21,0.0,11.22,有,
南區,房地(土地+建物),明興路１３６５巷３６弄４號,75.86,都市：其他:住宅區,,,1100102,土地2建物1車位0,全,二層,透天厝,住商用,鋼筋混凝土造,0800225,129.6,4,2,3,有,無,5800000,44753,,0.0,0,其他增建；,RPVNMLNJKHGGFCD57DA,103.99,13.08,12.53,無,
東區,房地(土地+建物)+車位,崇賢三路３２號九樓之７,31.65,都市：其他:第五種住宅區,,,1091202,土地1建物1車位1,九層,十五層,住宅大樓(11層含以上有電梯),集合住宅,鋼筋混凝土造,1061031,184.98000000000002,3,2,2,有,有,14200000,76765,坡道平面,29.01,0,,RPVPMLRKKHGGFCD28DA,97.68,0.0,11.5,有,1690
東區,房地(土地+建物),小東路２４６號四樓,4.66,都市：其他:第五種住宅區,,,1100122,土地1建物1車位0,四層,二十五層,住宅大樓(11層含以上有電梯),住家用,鋼筋混凝土造,0840106,67.81,2,2,1,有,有,3700000,54564,,0.0,0,,RPXOMLMLJHGGFCD87DA,45.06,0.0,9.21,有,1691
東區,房地(土地+建物)+車位,崇德十九街５６號七樓,14.17,都市：其他:商業區,,,1100103,土地1建物1車位1,七層,七層,華廈(10層含以下有電梯),住家用,鋼筋混凝土造,0820426,104.47999999999999,4,2,2,有,無,6800000,65084,升降機械,0.0,0,,RPPOMLSKJHGGFCD57DA,68.57,0.0,3.47,有,1692
東山區,土地,大客南段495地號,783.11,,鄉村區,乙種建築用地,1100223,土地1建物0車位0,,,其他,,,,0.0,0,0,0,有,無,2500000,3192,,0.0,0,,RPQNMLNJLHGGFED37DA,0.0,0.0,0.0,無,
後壁區,土地,侯伯段839-1地號,60.55,都市：其他:住宅區,,,1100223,土地2建物0車位0,,,其他,,,,0.0,0,0,0,有,無,660000,10900,,0.0,0,,RPRNMLPLKHGGFED77DA,0.0,0.0,0.0,無,
麻豆區,房地(土地+建物),安西里１鄰東溪洲１之１０號,86.73,,一般農業區,甲種建築用地,1100129,土地3建物1車位0,全,三層,透天厝,住商用,鋼筋混凝土造,0830412,155.47,4,2,3,有,無,2700000,17367,,0.0,0,,RPWNMLSJKHGGFFD48DA,144.46,3.67,7.34,無,
麻豆區,房地(土地+建物),麻豆區寮里寮子５之５８號,106.0,,特定農業區,甲種建築用地,1091107,土地2建物1車位0,全,三層,透天厝,住家用,鋼筋混凝土構造,1090501,160.31,4,2,3,有,無,6850000,42730,,0.0,0,,RPWOMLQLKHGGFFD58DA,145.11,0.0,15.2,無,
官田區,土地,番子田段597-36地號,100.0,,鄉村區,乙種建築用地,1100220,土地1建物0車位0,,,其他,,,,0.0,0,0,0,有,無,1200000,12000,,0.0,0,未登記建物；,RPPNMLMJLHGGFFD27DA,0.0,0.0,0.0,無,
下營區,土地,茅港尾段1002-11地號,121.0,,鄉村區,乙種建築用地,1100218,土地1建物0車位0,,,其他,,,,0.0,0,0,0,有,無,2050000,16942,,0.0,0,,RPTNMLQLKHGGFFD18DA,0.0,0.0,0.0,無,
麻豆區,房地(土地+建物),埤頭里埤頭３３之１０６號,125.1,都市：其他:第三種住宅區。,,,1091229,土地1建物1車位0,全,四層,透天厝,住家用,鋼筋混凝土造,0811117,262.09,5,1,2,有,無,5500000,20985,,0.0,0,其他增建；,RPVNMLNJLHGGFFD97DA,218.24,43.86,0.0,無,
六甲區,土地,忠孝段206-2地號,122.36,都市：其他:住宅區,,,1100202,土地1建物0車位0,,,其他,,,,0.0,0,0,0,有,無,1480000,12095,,0.0,0,,RPWNMLNJLHGGFFD08DA,0.0,0.0,0.0,無,
麻豆區,房地(土地+建物),興國路３１巷５之１５號,132.62,都市：其他:第三種住宅區。,,,1100115,土地1建物1車位0,全,四層,透天厝,住家用,鋼筋混凝土構造,1091020,206.69,5,2,4,有,無,13200000,63864,,0.0,0,,RPROMLMLKHGGFFD67DA,191.84,0.0,14.86,無,
麻豆區,土地,興農段244地號,132.13,都市：其他:計畫道路用地,,,1100111,土地2建物0車位0,,,其他,,,,0.0,0,0,0,有,無,4800000,36328,,0.0,0,,RPVNMLMLKHGGFFD97DA,0.0,0.0,0.0,無,
佳里區,土地,佳里段881-10地號,1129.33,都市：其他:住宅區,,,1090923,土地7建物0車位0,,,其他,,,,0.0,0,0,0,有,無,19111520,16923,,0.0,0,住宅區每坪伍萬捌仟元整。道路用地每坪貳萬壹仟壹佰伍拾柒元整。畸零地或有合併使用效益；,RPRNMLTJLHGGFGD28DA,0.0,0.0,0.0,無,
將軍區,土地,嘉昌段858地號,486.17,,特定農業區,農牧用地,1100223,土地3建物0車位0,,,其他,,,,0.0,0,0,0,有,無,300000,617,,0.0,0,親友、員工、共有人或其他特殊關係間之交易；畸零地或有合併使用效益；,RPTNMLNJLHGGFGD87DA,0.0,0.0,0.0,無,
新市區,土地,南港段509地號,167.79,都市：其他:農業區,,,1091211,土地2建物0車位0,,,其他,,,,0.0,0,0,0,有,無,2315502,13800,,0.0,0,本件依土地法34條之1規定完成買賣處分程序，未會同出賣人受領之價款，提交受領證明書及法院之提存書。,RPROMLSKKIPFFHD66DA,0.0,0.0,0.0,無,
佳里區,房地(土地+建物),鎮山街１２２巷１號,113.92,都市：其他:住宅區,,,1100204,土地1建物1車位0,全,二層,透天厝,住家用,加強磚造,0780403,125.76,3,2,2,有,無,6700000,53276,,0.0,0,,RPWNMLMJLHGGFGD08DA,113.85,6.49,5.42,無,
佳里區,房地(土地+建物),佳里興３６８之１３號,97.55,,鄉村區,乙種建築用地,1100120,土地2建物1車位0,全,三層,透天厝,Ｈ２：住宅,鋼筋混凝土造,1090721,150.28,4,2,3,有,無,6580000,43785,,0.0,0,,RPXNMLMJLHGGFGD18DA,139.25,0.0,11.03,無,
北門區,土地,中樞段770地號,8498.0,,一般農業區,農牧用地,1100115,土地3建物0車位0,,,其他,,,,0.0,0,0,0,有,無,9800000,1153,,0.0,0,,RPOPMLQLKHGGFGD97DA,0.0,0.0,0.0,無,
七股區,土地,城內段18-6地號,3010.93,,特定農業區,農牧用地,1100219,土地1建物0車位0,,,其他,,,,0.0,0,0,0,有,無,2400000,797,,0.0,0,親友、員工、共有人或其他特殊關係間之交易；,RPPOMLMJLHGGFGD47DA,0.0,0.0,0.0,無,
將軍區,房地(土地+建物),苓仔寮里忠寮７０之２６號,35.5,,鄉村區,乙種建築用地,1100112,土地1建物1車位0,全,三層,透天厝,住家用,鋼筋混凝土造,0831227,58.19,3,2,2,有,無,400000,6874,,0.0,0,親友、員工、共有人或其他特殊關係間之交易；,RPTOMLMJLHGGFGD87DA,50.4,0.0,7.8,無,
學甲區,土地,中洲段542-17地號,2138.0,,鄉村區,乙種建築用地,1091218,土地6建物0車位0,,,其他,,,,0.0,0,0,0,有,無,6700000,3134,,0.0,0,,RPUOMLMJLHGGFGD97DA,0.0,0.0,0.0,無,
將軍區,土地,長榮段775地號,1323.03,都市：其他:住宅區,,,1100121,土地2建物0車位0,,,其他,,,,0.0,0,0,0,有,無,23212760,17545,,0.0,0,,RPPOMLNLKHGGFGD67DA,0.0,0.0,0.0,無,
佳里區,土地,佳化段901-3地號,685.0,,鄉村區,乙種建築用地,1091201,土地4建物0車位0,,,其他,,,,0.0,0,0,0,有,無,9730000,14204,,0.0,0,,RPTOMLOLKHGGFGD18DA,0.0,0.0,0.0,無,
佳里區,土地,唐盟段56-1地號,102.44,,工業區,丁種建築用地,1100201,土地2建物0車位0,,,其他,,,,0.0,0,0,0,有,無,1331340,12996,,0.0,0,本件土地買賣案件係賣清，買方另支付增值稅16992元、印花稅635元，及本件買賣案件相關費用。,RPSNMLMLKHGGFGD77DA,0.0,0.0,0.0,無,
七股區,房地(土地+建物),義合里義合８８號之１０,81.0,,鄉村區,乙種建築用地,1100126,土地2建物1車位0,全,四層,透天厝,住家用,鋼筋混凝土造,0830214,154.72,3,1,2,有,無,3150000,20359,,0.0,0,頂樓加蓋；其他增建；,RPWNMLNJKHGGFGD08DA,151.45,0.0,3.27,無,
七股區,土地,下山子寮段143地號,6791.8,,一般農業區,養殖用地,1091231,土地3建物0車位0,,,其他,,,,0.0,0,0,0,有,無,2445000,360,,0.0,0,,RPTNMLRLJHGGFGD28DA,0.0,0.0,0.0,無,
善化區,房地(土地+建物),成功路３３１巷６號,95.15,都市：其他:住宅區,,,1090703,土地1建物1車位0,全,四層,透天厝,住宅、停車空間,鋼筋混凝土造,1091110,222.13,4,2,5,有,無,15300000,68879,,0.0,0,預售屋、或土地及建物分次登記案件；,RPUPMLNJKHGGFHD18DA,192.42,0.0,29.71,無,
善化區,房地(土地+建物),成功路３１３號,94.72,都市：其他:住宅區,,,1091006,土地1建物1車位0,全,四層,透天厝,店鋪、住宅、停車空間,鋼筋混凝土造,1091110,243.0,7,2,8,有,無,17800000,73251,,0.0,0,預售屋、或土地及建物分次登記案件；,RPOQMLNJKHGGFHD67DA,220.47,0.0,22.53,無,
善化區,房地(土地+建物),成功路３３３號,97.64,都市：其他:住宅區,,,1081204,土地1建物1車位0,全,四層,透天厝,店鋪、住宅、停車空間,鋼筋混凝土造,1091110,256.53,7,2,8,有,無,18700000,72896,,0.0,0,預售屋、或土地及建物分次登記案件；,RPPQMLNJKHGGFHD77DA,232.8,0.0,23.73,無,
善化區,房地(土地+建物),成功路３１１號,97.5,都市：其他:住宅區,,,1090918,土地1建物1車位0,全,四層,透天厝,店鋪、住宅、停車空間,鋼筋混凝土造,1091110,247.32,7,2,8,有,無,17880000,72295,,0.0,0,預售屋、或土地及建物分次登記案件；,RPQQMLNJKHGGFHD87DA,224.79,0.0,22.53,無,
善化區,房地(土地+建物),成功路３３１巷２２號,89.6,都市：其他:住宅區,,,1090920,土地1建物1車位0,全,三層,透天厝,住家用,鋼筋混凝土造,1091110,197.95,5,2,5,有,無,14300000,72240,,0.0,0,預售屋、或土地及建物分次登記案件；,RPVQMLNJKHGGFHD38DA,185.21,0.0,12.74,無,
善化區,房地(土地+建物),成功路３２３號,94.72,都市：其他:住宅區,,,1091006,土地1建物1車位0,全,四層,透天厝,店鋪、住宅、停車空間,鋼筋混凝土造,1091110,243.0,7,2,8,有,無,17600000,72428,,0.0,0,預售屋、或土地及建物分次登記案件；,RPWQMLNJKHGGFHD48DA,220.47,0.0,22.53,無,
善化區,房地(土地+建物),成功路３２１號,94.72,都市：其他:住宅區,,,1091113,土地1建物1車位0,全,四層,透天厝,店鋪、住宅、停車空間,鋼筋混凝土造,1091110,243.0,7,2,8,有,無,17600000,72428,,0.0,0,預售屋、或土地及建物分次登記案件；,RPXQMLNJKHGGFHD58DA,220.47,0.0,22.53,無,
善化區,房地(土地+建物),成功路３３１巷２０號,89.6,都市：其他:住宅區,,,1090927,土地1建物1車位0,全,三層,透天厝,住家用,鋼筋混凝土造,1091110,197.95,5,2,5,有,無,14700000,74261,,0.0,0,預售屋、或土地及建物分次登記案件；,RPORMLNJKHGGFHD77DA,185.21,0.0,12.74,無,
善化區,房地(土地+建物),成功路３２９號,98.33,都市：其他:住宅區,,,1081217,土地1建物1車位0,全,四層,透天厝,店鋪、住宅、停車空間,鋼筋混凝土造,1091110,252.18,7,2,8,有,無,19000000,75343,,0.0,0,預售屋、或土地及建物分次登記案件；,RPSNMLNJKHGGFHD77DA,228.45,0.0,23.73,無,
善化區,房地(土地+建物),成功路３１９號,94.72,都市：其他:住宅區,,,1091215,土地1建物1車位0,全,四層,透天厝,店鋪、住宅、停車空間,鋼筋混凝土造,1091110,243.0,7,2,8,有,無,17700000,72840,,0.0,0,預售屋、或土地及建物分次登記案件；,RPOOMLNJKHGGFHD47DA,220.47,0.0,22.53,無,
善化區,房地(土地+建物),成功路３１７號,94.72,都市：其他:住宅區,,,1091028,土地1建物1車位0,全,四層,透天厝,店鋪、住宅、停車空間,鋼筋混凝土造,1091110,243.0,7,2,8,有,無,17800000,73251,,0.0,0,預售屋、或土地及建物分次登記案件；,RPPOMLNJKHGGFHD57DA,220.47,0.0,22.53,無,
善化區,房地(土地+建物),成功路３３１巷１０號,89.6,都市：其他:住宅區,,,1091110,土地1建物1車位0,全,三層,透天厝,住家用,鋼筋混凝土造,1091110,197.95,5,2,5,有,無,14300000,72240,,0.0,0,預售屋、或土地及建物分次登記案件；,RPWOMLTKKHGGFHD98DA,185.21,0.0,12.74,無,
安定區,土地,蘇林段756-2地號,1265.58,,鄉村區,乙種建築用地,1100125,土地2建物0車位0,,,其他,,,,0.0,0,0,0,有,無,28712250,22687,,0.0,0,,RPQNMLQJKHGGFHD87DA,0.0,0.0,0.0,無,
新市區,房地(土地+建物)+車位,綠園二街１０號八樓之２,22.69,都市：其他:住宅區,,,1100204,土地1建物1車位1,八層,十五層,住宅大樓(11層含以上有電梯),集合住宅,鋼筋混凝土造,1050727,139.66,2,2,2,有,有,8000000,57282,坡道平面,36.72,0,,RPXNMLQLKHGGFHD78DA,64.8,0.0,6.31,有,1693
善化區,土地,成功段846地號,142.61,都市：其他:計畫道路用地,,,1091211,土地3建物0車位0,,,其他,,,,0.0,0,0,0,有,無,4800000,33658,,0.0,0,包含公共設施保留地用地；,RPPNMLRLKHGGFHD08DA,0.0,0.0,0.0,無,1694
山上區,土地,明南段350地號,205.22,都市：其他:住宅區,,,1100127,土地4建物0車位0,,,其他,,,,0.0,0,0,0,有,無,2183980,10642,,0.0,0,含土地增值稅或其他稅費29389元；,RPPPMLPLKHGGFHD08DA,0.0,0.0,0.0,無,1032
山上區,土地,明南段349地號,100.38,都市：其他:住宅區,,,1100127,土地2建物0車位0,,,其他,,,,0.0,0,0,0,有,無,1377480,13723,,0.0,0,含土地增值稅或其他稅費124807元；,RPXOMLPLKHGGFHD78DA,0.0,0.0,0.0,無,1033
善化區,土地,成功段60地號,82.0,都市：其他:住宅區,,,1091231,土地1建物0車位0,,,其他,,,,0.0,0,0,0,有,無,2656800,32400,,0.0,0,親友、員工、共有人或其他特殊關係間之交易；,RPUNMLMJLHGGFHD97DA,0.0,0.0,0.0,無,
新市區,土地,七王段673地號,167.26,都市：其他:農業區,,,1100108,土地2建物0車位0,,,其他,,,,0.0,0,0,0,有,無,5564900,33271,,0.0,0,,RPVNMLMJLHGGFHD08DA,0.0,0.0,0.0,無,
安定區,土地,港子尾段1948地號,2910.0,,一般農業區,農牧用地,1091224,土地1建物0車位0,,,其他,,,,0.0,0,0,0,有,無,24300000,8351,,0.0,0,,RPWNMLMJLHGGFHD18DA,0.0,0.0,0.0,無,
善化區,土地,六分寮段131地號,3878.0,,一般農業區,農牧用地,1091224,土地1建物0車位0,,,其他,,,,0.0,0,0,0,有,無,3198400,825,,0.0,0,,RPQNMLQLKHGGFHD08DA,0.0,0.0,0.0,無,
新市區,土地,橋頭段266-2地號,6390.0,都市：其他:農業區,,,1100118,土地2建物0車位0,,,其他,,,,0.0,0,0,0,有,無,33228000,5200,,0.0,0,,RPXRMLNJLHGGFHD78DA,0.0,0.0,0.0,無,
善化區,房地(土地+建物)+車位,小新營１０２之１３號五樓之５,33.49,都市：其他:住宅區,,,1091218,土地1建物1車位1,五層,六層,華廈(10層含以下有電梯),集合住宅,鋼筋混凝土造,1091019,111.25,3,2,2,有,有,7500000,67416,一樓平面,17.59,0,,RPUNMLMLKHGGFHD08DA,64.69,0.0,5.77,有,1697
新市區,土地,大社段1981-3地號,137.67,,鄉村區,乙種建築用地,1100109,土地2建物0車位0,,,其他,,,,0.0,0,0,0,有,無,2500000,18159,,0.0,0,,RPPNMLOLKHGGFHD77DA,0.0,0.0,0.0,無,
新市區,房地(土地+建物)+車位,信義街１７８號一樓之２,30.8,都市：其他:住宅區,,,1100219,土地1建物1車位1,一層,八層,華廈(10層含以下有電梯),住家用,鋼筋混凝土造,1040427,104.94999999999999,2,2,2,有,有,5950000,62271,坡道平面,23.05,850000,陽台外推；未登記建物；含租約；,RPUOMLPLKHGGFHD48DA,49.62,0.0,5.29,有,
仁德區,房地(土地+建物),保安路二段６３０巷２８號,64.22,,鄉村區,乙種建築用地,1100129,土地1建物1車位0,全,二層,透天厝,住家用,加強磚造,0670908,65.6,3,2,1,有,無,4500000,68598,,0.0,0,,RPXNMLRKKHGGFID88DA,65.6,0.0,0.0,無,1698
仁德區,土地,興安段1052地號,1186.47,都市：其他:乙種工業區,,,1090720,土地4建物0車位0,,,其他,,,,0.0,0,0,0,有,無,58885000,49630,,0.0,0,,RPPOMLNLKHGGFID87DA,0.0,0.0,0.0,無,
仁德區,土地,興安段1059-1地號,2535.61,都市：其他:乙種工業區,,,1090720,土地4建物0車位0,,,其他,,,,0.0,0,0,0,有,無,64965000,25621,,0.0,0,,RPQOMLNLKHGGFID97DA,0.0,0.0,0.0,無,
仁德區,土地,興安段1053地號,282.62,都市：其他:乙種工業區,,,1090720,土地1建物0車位0,,,其他,,,,0.0,0,0,0,有,無,18360000,64964,,0.0,0,,RPROMLNLKHGGFID08DA,0.0,0.0,0.0,無,
仁德區,房地(土地+建物)+車位,仁和里和愛街１２號十三樓之１,47.2,都市：其他:住宅區,,,1100126,土地1建物1車位1,十三層,十三層,住宅大樓(11層含以上有電梯),住家用,鋼骨鋼筋混凝土造,0990422,174.15,3,2,2,有,有,7700000,44215,坡道平面,0.0,0,,RPXPMLQLJHGGFID98DA,102.03,0.0,10.11,有,
仁德區,土地,十三甲段1080-5地號,408.53,,一般農業區,水利用地,1100128,土地1建物0車位0,,,其他,,,,0.0,0,0,0,有,無,2206083,5400,,0.0,0,包含公共設施保留地用地；協議價購；,RPRNMLTLJHGGFID48DA,0.0,0.0,0.0,無,1699
仁德區,土地,十三甲段1080-5地號,51.22,,一般農業區,水利用地,1100128,土地1建物0車位0,,,其他,,,,0.0,0,0,0,有,無,276567,5400,,0.0,0,包含公共設施保留地用地；協議價購；,RPSNMLTLJHGGFID58DA,0.0,0.0,0.0,無,1699
仁德區,土地,十三甲段1079-2地號,2473.0,,一般農業區,水利用地,1100128,土地6建物0車位0,,,其他,,,,0.0,0,0,0,有,無,13354200,5400,,0.0,0,包含公共設施保留地用地；協議價購；,RPTNMLTLJHGGFID68DA,0.0,0.0,0.0,無,
玉井區,土地,玉中段853地號,81.62,都市：其他:商業區,,,1100222,土地1建物0車位0,,,其他,,,,0.0,0,0,0,有,無,2222100,27225,,0.0,0,,RPPNMLNJLHGGFJD87EA,0.0,0.0,0.0,無,
善化區,土地,茄拔段一小段757地號,98.79,,鄉村區,乙種建築用地,1100125,土地2建物0車位0,,,其他,,,,0.0,0,0,0,有,無,700000,7086,,0.0,0,土地增值稅由買方負擔,RPROMLMJLHGGFHD87EA,0.0,0.0,0.0,無,
善化區,土地,茄拔段一小段865地號,326.0,,鄉村區,乙種建築用地,1100204,土地1建物0車位0,,,其他,,,,0.0,0,0,0,有,無,4140200,12700,,0.0,0,,RPRNMLNJLHGGFHD87EA,0.0,0.0,0.0,無,
歸仁區,土地,大成段269地號,71.7,都市：其他:住宅區,,,1100202,土地1建物0車位0,,,其他,,,,0.0,0,0,0,有,無,1726000,24073,,0.0,0,,RPPOMLLJKHGGFID57EA,0.0,0.0,0.0,無,1701
仁德區,土地,林仔段804地號,646.05,都市：其他:住宅區,,,1100210,土地1建物0車位0,,,其他,,,,0.0,0,0,0,有,無,35568260,55055,,0.0,0,,RPRPMLPLJHGGFID38EA,0.0,0.0,0.0,無,
歸仁區,房地(土地+建物),許厝里仁愛六街５８號,129.0,都市：其他:住宅區,,,1100129,土地1建物1車位0,全,四層,透天厝,停車空間、住宅。,鋼筋混凝土造,1031016,322.65,5,1,5,有,無,23600000,73144,,0.0,0,,RPVNMLKLJHGGFID08EA,292.42,0.0,30.23,無,
仁德區,房地(土地+建物)+車位,保安里文賢路二段１５巷２６號,800.04,都市：其他:住宅區,,,1091230,土地1建物19車位2,全,五層,透天厝,住家用,鋼筋混凝土造,0910829,2294.2799999999997,18,18,18,有,無,63000000,27460,一樓平面,0.0,0,停車位:目前未作車位使用頂樓加蓋；,RPOPMLNLKIPFFID88EA,1458.74,0.0,147.84,無,
新營區,房地(土地+建物),三民路６８之８號,44.18,都市：其他:住宅區,,,1100220,土地1建物1車位0,全,四層,透天厝,住家用,鋼筋混凝土造,0820309,103.94,4,1,3,有,無,4000000,38484,,0.0,0,,RPRNMLNJLHGGFDD47EA,99.33,0.0,4.61,無,
麻豆區,土地,麻安段1105地號,91.35,都市：其他:第三種住宅區。,,,1100217,土地1建物0車位0,,,其他,,,,0.0,0,0,0,有,無,414485,4537,,0.0,0,親友、員工、共有人或其他特殊關係間之交易；,RPSNMLNJLHGGFFD77EA,0.0,0.0,0.0,無,
七股區,土地,三聖段1287地號,1524.16,,一般農業區,養殖用地,1100218,土地3建物0車位0,,,其他,,,,0.0,0,0,0,有,無,914400,600,,0.0,0,,RPQOMLMJLHGGFGD67EA,0.0,0.0,0.0,無,1702
佳里區,土地,佳化段2053-1地號,811.0,,特定農業區,農牧用地,1100214,土地1建物0車位0,,,其他,,,,0.0,0,0,0,有,無,2500000,3083,,0.0,0,親友、員工、共有人或其他特殊關係間之交易；,RPWNMLNJLHGGFGD28EA,0.0,0.0,0.0,無,
安南區,房地(土地+建物),安六街１００號,205.69,都市：其他:住宅區,,,1100119,土地1建物1車位0,全,五層,透天厝,停車空間、住宅,鋼筋混凝土造,1090501,302.06,5,2,6,有,無,23280000,77071,,0.0,0,陽台外推；其他增建；,RPPNMLMJLHGGFBD96EA,261.81,0.0,40.25,有,
安平區,房地(土地+建物),永華二街５９巷３５號,81.0,都市：其他:住宅區,,,1091130,土地1建物1車位0,全,四層,透天厝,住商用,鋼筋混凝土造,0820507,229.67,6,2,5,有,無,8000000,34833,,0.0,0,,RPSNMLQLKHGGFAD67EA,209.41,0.0,20.26,無,
永康區,房地(土地+建物),復國二路２６８號,18.52,都市：其他:住宅區,,,1100107,土地1建物1車位0,一層,七層,華廈(10層含以下有電梯),住家用,鋼筋混凝土造,0830513,95.96,3,2,2,有,有,4200000,43768,,0.0,0,其他增建；,RPPRMLMJLHGGFKD18DA,66.8,7.08,0.0,有,
永康區,房地(土地+建物),東橋五路１１１號三樓,8.75,都市：其他:商業區,,,1100201,土地1建物1車位0,三層,二十三層,住宅大樓(11層含以上有電梯),住家用,鋼筋混凝土構造,1051026,85.33,2,1,1,有,有,6150000,72073,,0.0,0,,RPQRMLMJLHGGFKD28DA,49.46,0.0,4.09,有,
永康區,房地(土地+建物),安康里大橋一街５７之５號十樓之１６,2.12,都市：其他:住宅區,,,1100220,土地1建物1車位0,十層,十四層,住宅大樓(11層含以上有電梯),住家用,鋼筋混凝土造,0880824,22.220000000000002,1,1,1,有,有,1600000,72007,,0.0,0,,RPVRMLMJLHGGFKD78DA,13.75,0.0,3.17,有,1703
永康區,土地,大灣段5470地號,608.47,都市：其他:農業區,,,1100124,土地1建物0車位0,,,其他,,,,0.0,0,0,0,有,無,6600000,10847,,0.0,0,,RPVQMLMJLHGGFKD68DA,0.0,0.0,0.0,無,
永康區,土地,烏竹段1287地號,133.38,都市：其他:道路用地,,,1100223,土地2建物0車位0,,,其他,,,,0.0,0,0,0,有,無,1965000,14732,,0.0,0,包含公共設施保留地用地；,RPWQMLMJLHGGFKD78DA,0.0,0.0,0.0,無,
永康區,房地(土地+建物),大武街６４號六樓之１,11.92,都市：其他:住宅區,,,1100127,土地1建物1車位0,六層,十六層,住宅大樓(11層含以上有電梯),住家用,鋼筋混凝土造,0830803,118.46,3,2,2,有,有,4020000,33936,,0.0,0,,RPWQMLNJLHGGFKD88DA,79.36,1.63,10.25,有,
永康區,房地(土地+建物)+車位,大橋里大橋三街２５３之９號四樓,12.6,都市：其他:住宅區,,,1100119,土地1建物1車位1,四層,六層,華廈(10層含以下有電梯),住家用,鋼筋混凝土造,0820317,62.41,2,2,1,有,無,3850000,61689,坡道機械,0.0,0,,RPXSMLMLKHGGFKD56DA,37.25,0.0,4.22,有,
永康區,房地(土地+建物),大橋三街２７號四樓之２,18.92,都市：其他:住宅區,,,1091230,土地1建物1車位0,四層,六層,華廈(10層含以下有電梯),住家用,鋼筋混凝土造,0830709,92.17,3,2,2,有,無,3120000,33850,,0.0,0,陽台外推；,RPWNMLSKKHGGFKD09DA,57.27,2.42,8.12,有,
永康區,房地(土地+建物),二王里忠孝路４１０巷５０弄１７號五樓,21.15,都市：其他:住宅區,,,1100115,土地1建物1車位0,五層,六層,華廈(10層含以下有電梯),住家用,鋼筋混凝土造,0810918,102.92,3,2,2,有,有,3680000,35756,,0.0,0,,RPUVMLNJLHGGFKD56DA,64.1,0.0,9.69,有,
永康區,房地(土地+建物),大灣二街８６號,81.29,都市：其他:住宅區,,,1100120,土地1建物1車位0,全,四層,透天厝,停車空間，住宅,鋼筋混凝土構造,1010120,195.4,5,2,3,有,無,10800000,55271,,0.0,0,其他增建；,RPSOMLMJLHGGFKD18DA,168.81,0.0,26.59,無,
永康區,房地(土地+建物),三村一街２７號,88.64,都市：其他:住宅區,,,1100120,土地1建物1車位0,全,四層,透天厝,住商用,鋼筋混凝土造,0950403,233.12,9,1,10,有,無,16000000,68634,,0.0,0,其他增建；,RPSQMLMJLHGGFKD38DA,225.27,0.55,7.3,無,1704
永康區,房地(土地+建物),大灣路４０巷２０８弄３２號,85.25,都市：其他:道路用地,,,1100128,土地2建物1車位0,全,三層,透天厝,住家用,鋼筋混凝土構造,1091014,180.59,5,2,5,有,無,14800000,81954,,0.0,0,,RPTQMLMJLHGGFKD48DA,167.22,0.0,13.37,無,
永康區,土地,四維段970地號,48.75,都市：其他:道路用地,,,1091202,土地2建物0車位0,,,其他,,,,0.0,0,0,0,有,無,626000,12841,,0.0,0,包含公共設施保留地用地；,RPUPMLLMJHGGFKD48DA,0.0,0.0,0.0,無,
玉井區,土地,口宵里段44-2地號,9366.0,,一般農業區,農牧用地,1100127,土地5建物0車位0,,,其他,,,,0.0,0,0,0,有,無,8560000,914,,0.0,0,,RPQNMLMJLHGGFJD77DA,0.0,0.0,0.0,無,
歸仁區,房地(土地+建物),六甲里中正二十街５３號,68.6,,鄉村區,乙種建築用地,1100209,土地1建物1車位0,全,三層,透天厝,住商用,鋼筋混凝土加強磚造,,109.5,4,2,3,有,無,5200000,47489,,0.0,0,頂樓加蓋；,RPWNMLQLKHGGFID78DA,103.92,5.58,0.0,無,
仁德區,房地(土地+建物)+車位,後壁里德安路８８之１號四樓之２,19.25,都市：其他:住宅區,,,1091215,土地1建物1車位1,四層,七層,華廈(10層含以下有電梯),住家用,鋼筋混凝土造,0851212,117.60999999999999,3,2,2,有,有,4550000,38687,坡道平面,0.0,0,,RPOOMLMJLHGGFID57DA,72.63,0.0,10.08,有,
關廟區,土地,保東段469地號,125.5,,鄉村區,乙種建築用地,1100220,土地1建物0車位0,,,其他,,,,0.0,0,0,0,有,無,1769620,14101,,0.0,0,親友、員工、共有人或其他特殊關係間之交易；,RPRNMLNJLHGGFID87DA,0.0,0.0,0.0,無,
仁德區,房地(土地+建物),大甲里中正西路４０２號四樓之２６,4.53,都市：其他:住宅區,,,1100219,土地2建物1車位0,四層,四層,華廈(10層含以下有電梯),辦公室,鋼筋混凝土造,0960920,12.78,0,0,0,無,有,510000,39906,,0.0,0,夾層；,RPUNMLMJLHGGFID08DA,7.14,0.9,0.0,有,
仁德區,土地,二行段1495-4地號,250.0,都市：其他:農業區,,,1100224,土地1建物0車位0,,,其他,,,,0.0,0,0,0,有,無,2646875,10588,,0.0,0,,RPPNMLQKLHGGFID08DA,0.0,0.0,0.0,無,
仁德區,房地(土地+建物),一甲里中正路三段１９０號,134.48,都市：其他:住宅區,,,1091228,土地4建物1車位0,全,二層,透天厝,住家用,加強磚造,0600700,134.3,6,2,3,有,無,11700000,87118,,0.0,0,其他增建；,RPWNMLMJLHGGFID28DA,134.3,0.0,0.0,無,
關廟區,土地,布袋尾段62-2地號,743.0,,一般農業區,甲種建築用地,1091230,土地1建物0車位0,,,其他,,,,0.0,0,0,0,有,無,2400000,3230,,0.0,0,親友、員工、共有人或其他特殊關係間之交易；,RPQNMLOJLHGGFID87DA,0.0,0.0,0.0,無,
歸仁區,土地,大成段178地號,341.42,都市：其他:住宅區,,,1091209,土地3建物0車位0,,,其他,,,,0.0,0,0,0,有,無,15050000,44081,,0.0,0,,RPUNMLQLKHGGFID58DA,0.0,0.0,0.0,無,
南化區,土地,北安段162地號,1562.95,,山坡地保育區,農牧用地,1100219,土地3建物0車位0,,,其他,,,,0.0,0,0,0,有,無,3000000,1919,,0.0,0,未登記建物；,RPPNMLQLKHGGFJD18DA,0.0,0.0,0.0,無,1705
永康區,土地,永保段323地號,75.43,都市：其他:國中學校用地,,,1091207,土地2建物0車位0,,,其他,,,,0.0,0,0,0,有,無,915200,12133,,0.0,0,包含公共設施保留地用地；,RPSOMLOJKIPFFKD56DA,0.0,0.0,0.0,無,1706
永康區,土地,東南段1095地號,46.6,都市：其他:道路用地,,,1091208,土地2建物0車位0,,,其他,,,,0.0,0,0,0,有,無,570000,12232,,0.0,0,包含公共設施保留地用地；,RPVNMLTLJHGGFKD09DA,0.0,0.0,0.0,無,1636
永康區,土地,永大段888地號,599.44,都市：其他:住宅區,,,1091112,土地8建物0車位0,,,其他,,,,0.0,0,0,0,有,無,9740000,16248,,0.0,0,包含公共設施保留地用地；,RPWNMLTLJHGGFKD56DA,0.0,0.0,0.0,無,
永康區,土地,大灣段4898-1地號,153.5,都市：其他:道路用地,,,1091112,土地1建物0車位0,,,其他,,,,0.0,0,0,0,有,無,2500000,16287,,0.0,0,包含公共設施保留地用地；,RPOOMLTLJHGGFKD48DA,0.0,0.0,0.0,無,
永康區,土地,龍王段1943地號,144.7,都市：其他:道路用地,,,1090515,土地2建物0車位0,,,其他,,,,0.0,0,0,0,有,無,1710000,11818,,0.0,0,包含公共設施保留地用地；,RPPNMLLJKHGGFKD57DA,0.0,0.0,0.0,無,
永康區,房地(土地+建物),永和街２３８巷１０弄１０號,96.68,都市：其他:住宅區,,,1100130,土地2建物1車位0,全,四層,透天厝,住家用,鋼筋混凝土造,0990902,215.7,6,2,4,有,無,15900000,73713,,0.0,0,,RPQNMLOJKHGGFKD97DA,185.83,0.0,29.87,無,
永康區,房地(土地+建物),永勝街２０９巷４６號,114.91,都市：其他:住宅區,,,1091206,土地2建物1車位0,全,四層,透天厝,住家用,鋼筋混凝土構造,1070108,298.59,5,2,3,有,有,16000000,53585,,0.0,0,,RPOQMLMJLHGGFKD97DA,271.86,10.68,16.05,有,
永康區,房地(土地+建物),大灣路７６４巷５６號三樓之１,5.78,都市：其他:住宅區,,,1100206,土地1建物1車位0,三層,六層,華廈(10層含以下有電梯),辦公室,鋼筋混凝土造,0940708,24.1,1,1,1,有,有,1200000,49793,,0.0,0,,RPSUMLQLKHGGFKD66DA,10.97,0.38,1.39,有,
永康區,土地,鹽行段1352-17地號,965.0,都市：其他:住宅區,,,1091031,土地1建物0車位0,,,其他,,,,0.0,0,0,0,有,無,75312780,78044,,0.0,0,,RPROMLPLKHGGFKD48DA,0.0,0.0,0.0,無,
永康區,房地(土地+建物),永勝街１０６巷１５號三樓,20.9,都市：其他:住宅區,,,1091219,土地1建物1車位0,三層,七層,華廈(10層含以下有電梯),住家用,鋼筋混凝土造,0820408,112.92999999999999,3,2,2,有,有,3700000,32764,,0.0,0,,RPXQMLNLKHGGFKD09DA,71.02,0.0,11.03,有,
永康區,房地(土地+建物),復華二街９號,98.05,都市：其他:住宅區,,,1100221,土地1建物1車位0,全,二層,透天厝,住家用,加強磚造,0771207,132.65,4,2,2,有,無,11300000,85187,,0.0,0,,RPQPMLOLKHGGFKD38DA,117.44,15.21,0.0,無,
永康區,土地,鹽西段129地號,396.59,都市：其他:道路用地,,,1091229,土地1建物0車位0,,,其他,,,,0.0,0,0,0,有,無,6200000,15633,,0.0,0,包含公共設施保留地用地；,RPOOMLSKKHGGFKD38DA,0.0,0.0,0.0,無,1708
永康區,土地,鹽西段129-1地號,396.59,都市：其他:道路用地,,,1091229,土地1建物0車位0,,,其他,,,,0.0,0,0,0,有,無,6200000,15633,,0.0,0,包含公共設施保留地用地；,RPQOMLSKKHGGFKD58DA,0.0,0.0,0.0,無,
永康區,房地(土地+建物),成功路６７號,187.21,都市：其他:住宅區,,,1100114,土地1建物1車位0,全,五層,透天厝,住宅，停車空間,鋼筋混凝土構造,1040916,524.16,23,0,23,有,無,51500000,98252,,0.0,0,陽台外推；頂樓加蓋；其他增建；,RPSNMLMLKHGGFKD18DA,471.78,0.0,52.38,有,
永康區,土地,埔園段74地號,19.24,都市：其他:道路用地,,,1100127,土地2建物0車位0,,,其他,,,,0.0,0,0,0,有,無,230000,11954,,0.0,0,包含公共設施保留地用地；,RPORMLMJLHGGFKD08DA,0.0,0.0,0.0,無,
永康區,土地,鹽新段339地號,35.89,都市：其他:道路用地,,,1100119,土地2建物0車位0,,,其他,,,,0.0,0,0,0,有,無,300000,8359,,0.0,0,包含公共設施保留地用地；,RPQNMLOJLHGGFKD08DA,0.0,0.0,0.0,無,0135
永康區,房地(土地+建物),西灣里國光八街６０巷２２號,71.0,都市：其他:住宅區,,,1100131,土地1建物1車位0,全,三層,透天厝,住家用,鋼筋混凝土造,0810304,153.19,5,2,3,有,無,8400000,54834,,0.0,0,,RPRTMLMJLHGGFKD58DA,128.13,15.6,9.46,無,
永康區,房地(土地+建物),西灣里永華路２１９號七樓之３,16.55,都市：其他:住宅區,,,1100117,土地1建物1車位0,七層,七層,華廈(10層含以下有電梯),住家用,鋼筋混凝土造,0810511,97.35,3,2,2,有,有,3470000,35645,,0.0,0,,RPSTMLMJLHGGFKD68DA,72.34,0.0,1.96,有,
永康區,房地(土地+建物)+車位,東橋十二街５５號二樓之２,22.12,都市：其他:住宅區,,,1100123,土地1建物1車位1,二層,十五層,住宅大樓(11層含以上有電梯),住家用,鋼筋混凝土構造,1060623,136.54,3,2,2,有,有,9880000,72360,坡道平面,28.27,0,,RPTTMLMJLHGGFKD78DA,69.5,0.0,5.58,有,
永康區,房地(土地+建物)+車位,中山東路１１６號六樓之２,21.68,都市：其他:住宅區,,,1100129,土地1建物1車位1,六層,八層,華廈(10層含以下有電梯),住家用,鋼筋混凝土造,0830406,133.03,3,1,2,有,有,5000000,37586,升降機械,0.0,0,,RPQOMLNJLHGGFKD08DA,78.61,0.72,5.85,有,
永康區,房地(土地+建物),六合里中華路４１３巷１號三樓之五,3.16,都市：其他:住宅區,,,1100208,土地2建物1車位0,三層,七層,華廈(10層含以下有電梯),住家用,鋼筋混凝土造,0840522,36.03,1,0,1,有,無,1425000,39550,,0.0,0,,RPUQMLNJLHGGFKD68DA,20.16,0.0,4.47,有,1710
永康區,房地(土地+建物),安康里大橋一街５７之５號二樓之８,3.08,都市：其他:住宅區,,,1100221,土地1建物1車位0,二層,十四層,住宅大樓(11層含以上有電梯),住家用,鋼筋混凝土造,0880824,32.6,1,1,1,有,有,1910000,58589,,0.0,0,,RPSVMLNJLHGGFKD98DA,21.28,0.0,3.22,有,
安南區,土地,四草段318地號,98.39,都市：其他:遊樂區,,,1100223,土地1建物0車位0,,,其他,,,,0.0,0,0,0,有,無,1188000,12074,,0.0,0,親友、員工、共有人或其他特殊關係間之交易；,RPRNMLNJLHGGFBD27EA,0.0,0.0,0.0,無,
安南區,房地(土地+建物),科技三路６號,5764.6,都市：其他:工業區,,,1100119,土地1建物2車位0,全,四層,透天厝,供工廠使用、工廠,鋼筋混凝土構造、鋼骨構造有牆,0970501,7880.45,0,0,0,無,無,339000000,43018,,0.0,0,,RPXNMLNJLHGGFBD87EA,7829.16,0.0,51.29,有,
東區,房地(土地+建物),衛國街２之２號,88.0,都市：其他:細部計畫道路用地,,,1091130,土地2建物3車位0,全,二層,透天厝,住商用,加強磚造,0570814,156.34,3,3,3,有,無,9100000,58206,,0.0,0,,RPPOMLNJLHGGFCD27EA,156.34,0.0,0.0,無,
新營區,土地,新卯舍段642地號,506.24,都市：其他:綠地,,,1091219,土地1建物0車位0,,,其他,,,,0.0,0,0,0,有,無,2900000,5729,,0.0,0,包含公共設施保留地用地；,RPTNMLOJLHGGFDD77EA,0.0,0.0,0.0,無,
柳營區,土地,果毅後段3727-2地號,7.0,,鄉村區,交通用地,1100224,土地1建物0車位0,,,其他,,,,0.0,0,0,0,有,無,88200,12600,,0.0,0,,RPVNMLOJLHGGFDD97EA,0.0,0.0,0.0,無,
新營區,土地,後鎮段681地號,603.0,都市：其他:農業區,,,1100220,土地1建物0車位0,,,其他,,,,0.0,0,0,0,有,無,600000,995,,0.0,0,,RPPNMLPJLHGGFDD47EA,0.0,0.0,0.0,無,
柳營區,土地,果毅後段3979-1地號,180.0,,鄉村區,乙種建築用地,1100222,土地1建物0車位0,,,其他,,,,0.0,0,0,0,有,無,1143450,6353,,0.0,0,親友、員工、共有人或其他特殊關係間之交易；,RPRNMLPJLHGGFDD67EA,0.0,0.0,0.0,無,1711
新營區,土地,延平段350地號,11.06,都市：其他:商業區,,,1100218,土地1建物0車位0,,,其他,,,,0.0,0,0,0,有,無,1714079,154980,,0.0,0,政府機關標讓售；,RPSNMLPJLHGGFDD77EA,0.0,0.0,0.0,無,
歸仁區,土地,成功段1485地號,63.58,都市：其他:道路用地,,,1100224,土地2建物0車位0,,,其他,,,,0.0,0,0,0,有,無,2784294,43792,,0.0,0,未登記建物；包含公共設施保留地用地；,RPSPMLPLJHGGFID48EA,0.0,0.0,0.0,無,1712
仁德區,土地,林仔段803地號,113.24,都市：其他:計畫道路用地,,,1100220,土地1建物0車位0,,,其他,,,,0.0,0,0,0,有,無,1370000,12098,,0.0,0,親友、員工、共有人或其他特殊關係間之交易；包含公共設施保留地用地；,RPQPMLPLJHGGFID28EA,0.0,0.0,0.0,無,
仁德區,房地(土地+建物),中正西路３６０巷２０弄３９號,199.15,都市：其他:住宅區,,,1100104,土地1建物1車位0,全,四層,透天厝,住家用,鋼筋混凝土造,0970201,347.06,12,0,12,有,無,11800000,34000,,0.0,0,其他增建；含租約；,RPSNMLOLKHGGFID18DA,324.87,14.19,8.0,無,
歸仁區,房地(土地+建物),武東一街４９巷７０號四樓之６,10.7,,一般農業區,甲種建築用地,1100202,土地1建物1車位0,四層,六層,華廈(10層含以下有電梯),住家用,鋼筋混凝土造,0860721,37.489999999999995,1,0,1,有,有,900000,24006,,0.0,0,,RPQNMLSKKHGGFID28DA,24.67,0.0,1.78,有,
歸仁區,土地,歸仁北段540地號,93.5,都市：其他:住宅區,,,1100205,土地1建物0車位0,,,其他,,,,0.0,0,0,0,有,無,7636626,81675,,0.0,0,含地上物車庫在內,RPXNMLSJKHGGFID88DA,0.0,0.0,0.0,無,
新市區,房地(土地+建物),龍目井路２７２號,82.76,都市：其他:生活服務區(第三種住宅區),,,1100201,土地4建物1車位0,全,四層,透天厝,住宅、停車空間,鋼筋混凝土造,1030911,198.3,5,0,5,有,無,15200000,76652,,0.0,0,,RPXNMLNLKHGGFHD48DA,176.35,0.0,21.95,無,
善化區,房地(土地+建物),仁愛路３４號,78.81,都市：其他:住宅區,,,1091226,土地2建物1車位0,全,四層,透天厝,住商用,鋼筋混凝土造,0810808,197.44,7,2,7,有,無,11500000,58246,,0.0,0,頂樓加蓋；,RPPNMLPLKHGGFHD87DA,181.59,0.0,15.85,無,
安定區,房地(土地+建物),許中營１６號之１２,146.52,,鄉村區,乙種建築用地,1091227,土地2建物1車位0,全,四層,透天厝,住家用,鋼筋混凝土造,1030909,265.23,7,2,6,有,無,13000000,49014,,0.0,0,,RPPPMLNLKHGGFHD87DA,255.21,0.0,10.02,無,
新市區,土地,橋頭段266地號,3855.0,都市：其他:農業區,,,1100118,土地1建物0車位0,,,其他,,,,0.0,0,0,0,有,無,20406000,5293,,0.0,0,,RPOSMLNJLHGGFHD97DA,0.0,0.0,0.0,無,
善化區,房地(土地+建物),成功路８５巷６０之３號,101.77,都市：其他:計畫道路用地,,,1100123,土地2建物1車位0,全,三層,透天厝,住宅、梯間,鋼筋混凝土造,0960330,184.73,5,2,3,有,無,10650000,57652,,0.0,0,,RPPSMLNJLHGGFHD08DA,172.66,0.0,12.07,無,
新化區,房地(土地+建物),中正路５７８號八樓之３,11.87,都市：其他:商業區,,,1100120,土地1建物1車位0,八層,十三層,住宅大樓(11層含以上有電梯),住家用,鋼筋混凝土造,0850515,121.54,3,2,2,有,有,3200000,26329,,0.0,0,親友、員工、共有人或其他特殊關係間之交易；,RPQSMLNJLHGGFHD18DA,85.04,1.64,7.97,有,
新市區,房地(土地+建物),大洲４３之３０號,102.11,,鄉村區,乙種建築用地,1100208,土地4建物1車位0,全,四層,透天厝,住家用,鋼筋混凝土造,1090921,183.13,4,2,3,有,無,9700000,52968,,0.0,0,,RPPNMLOJLHGGFHD67DA,166.88,0.0,16.25,無,
新市區,土地,橋頭段258-2地號,1052.0,都市：其他:農業區,,,1100118,土地1建物0車位0,,,其他,,,,0.0,0,0,0,有,無,5470400,5200,,0.0,0,,RPTRMLNJLHGGFHD38DA,0.0,0.0,0.0,無,
新化區,房地(土地+建物),太平街１０５之４號,78.29,都市：其他:住宅區,,,1091229,土地1建物1車位0,全,三層,透天厝,住商用,加強磚造,0690700,144.15,6,2,3,有,無,6380000,44259,,0.0,0,,RPSNMLPLKHGGFHD18DA,144.15,0.0,0.0,無,
山上區,土地,明北段968地號,3099.51,都市：其他:農業區,,,1100114,土地1建物0車位0,,,其他,,,,0.0,0,0,0,有,無,4500000,1452,,0.0,0,,RPPRMLNJLHGGFHD97DA,0.0,0.0,0.0,無,
新市區,土地,大營段2962-4地號,629.0,,鄉村區,乙種建築用地,1100127,土地3建物0車位0,,,其他,,,,0.0,0,0,0,有,無,27000000,42925,,0.0,0,,RPUQMLMJLHGGFHD28DA,0.0,0.0,0.0,無,
新市區,房地(土地+建物)+車位,永華二街７號二樓,51.5,,特定專用區,甲種建築用地,1091222,土地2建物1車位1,二層,八層,華廈(10層含以下有電梯),住家用,鋼筋混凝土造,0860825,155.88,3,2,2,有,有,5300000,34001,坡道平面,0.0,0,,RPORMLMJLHGGFHD77DA,96.32,0.0,12.33,有,
善化區,土地,曾文段2751地號,3158.0,都市：其他:乙種工業區,,,1100209,土地2建物0車位0,,,其他,,,,0.0,0,0,0,有,無,118450000,37508,,0.0,0,,RPQNMLNJLHGGFHD67DA,0.0,0.0,0.0,無,
善化區,土地,善中段1672地號,311.35,都市：其他:計畫道路用地,,,1100107,土地1建物0車位0,,,其他,,,,0.0,0,0,0,有,無,4900000,15738,,0.0,0,包含公共設施保留地用地；,RPVNMLSKKHGGFHD68DA,0.0,0.0,0.0,無,
山上區,土地,樹王段213-10地號,123.89,都市：其他:商業區,,,1100218,土地2建物0車位0,,,其他,,,,0.0,0,0,0,有,無,1498800,12098,,0.0,0,,RPQOMLSKKHGGFHD28DA,0.0,0.0,0.0,無,1713
新市區,房地(土地+建物),大洲４３之３２號,107.11,,鄉村區,乙種建築用地,1100130,土地4建物1車位0,全,三層,透天厝,住家用,鋼筋混凝土造,1090921,171.12,4,2,3,有,無,10500000,61360,,0.0,0,,RPTOMLLJKHGGFHD77DA,157.14,0.0,13.98,無,
新化區,土地,礁坑子段44-5地號,2822.0,,山坡地保育區,農牧用地,1091227,土地1建物0車位0,,,其他,,,,0.0,0,0,0,有,無,1500000,532,,0.0,0,瑕疵物件；,RPUNMLPJLHGGFHD28DA,0.0,0.0,0.0,無,
佳里區,土地,佳里段894-16地號,98.86,都市：其他:計畫道路用地,,,1091117,土地2建物0車位0,,,其他,,,,0.0,0,0,0,有,無,3499900,35403,,0.0,0,,RPVNMLRKKHGGFGD48DA,0.0,0.0,0.0,無,
西港區,土地,港東段2076地號,275.78,,鄉村區,乙種建築用地,1090729,土地3建物0車位0,,,其他,,,,0.0,0,0,0,有,無,2794250,10132,,0.0,0,包含公共設施保留地用地；預售屋、或土地及建物分次登記案件；,RPRNMLMJLHGGFGD57DA,0.0,0.0,0.0,無,
北門區,土地,保吉段850地號,8708.55,,一般農業區,養殖用地,1100201,土地2建物0車位0,,,其他,,,,0.0,0,0,0,有,無,6966840,800,,0.0,0,親友、員工、共有人或其他特殊關係間之交易；,RPOPMLMJLHGGFGD47DA,0.0,0.0,0.0,無,
學甲區,房地(土地+建物)+車位,民權路１７２之８號,88.11,都市：其他:住宅區,,,1100108,土地2建物1車位1,全,四層,透天厝,集合住宅,鋼筋混凝土造,1070830,201.3,4,2,4,有,無,6300000,31297,坡道平面,13.72,0,,RPXNMLNJLHGGFGD28DA,174.64,0.0,12.92,無,
佳里區,房地(土地+建物),南勢街３６５號,87.51,都市：其他:住宅區,,,1100106,土地2建物1車位0,全,三層,透天厝,集合住宅（Ｈ２）,鋼筋混凝土造,1081112,190.26,4,2,5,有,無,8800000,46252,,0.0,0,,RPQOMLNJLHGGFGD67DA,178.4,0.0,11.86,無,
佳里區,土地,佳里段1194-7地號,58.2,都市：其他:計畫道路用地,,,1100226,土地1建物0車位0,,,其他,,,,0.0,0,0,0,有,無,544170,9350,,0.0,0,包含公共設施保留地用地；,RPTOMLNJLHGGFGD97DA,0.0,0.0,0.0,無,1714
將軍區,土地,山子段1535地號,14453.0,,一般農業區,農牧用地,1100126,土地7建物0車位0,,,其他,,,,0.0,0,0,0,有,無,10839750,750,,0.0,0,,RPUOMLNJLHGGFGD08DA,0.0,0.0,0.0,無,1715
學甲區,土地,大灣段329地號,2419.0,,特定農業區,農牧用地,1100205,土地1建物0車位0,,,其他,,,,0.0,0,0,0,有,無,4040000,1670,,0.0,0,,RPWOMLNJLHGGFGD28DA,0.0,0.0,0.0,無,
學甲區,土地,大灣段326地號,1248.0,,特定農業區,農牧用地,1100112,土地1建物0車位0,,,其他,,,,0.0,0,0,0,有,無,1984000,1590,,0.0,0,,RPSNMLOJLHGGFGD87DA,0.0,0.0,0.0,無,
學甲區,土地,西進段2060地號,1007.0,,特定農業區,養殖用地,1100225,土地1建物0車位0,,,其他,,,,0.0,0,0,0,有,無,660000,655,,0.0,0,,RPWNMLOJLHGGFGD28DA,0.0,0.0,0.0,無,
北門區,房地(土地+建物),保吉里５鄰蚵寮１３５號,74.73,都市：其他:住宅區,,,1100129,土地1建物1車位0,全,二層,透天厝,住商用,加強磚造,0670522,108.15,3,2,2,有,無,539507,4989,,0.0,0,親友、員工、共有人或其他特殊關係間之交易；,RPXNMLOJLHGGFGD38DA,101.32,4.37,2.46,無,
西港區,房地(土地+建物),慶安里２８鄰新興街１５巷５之５號,108.9,都市：其他:住宅區,,,1100124,土地2建物1車位0,全,三層,透天厝,住家用,鋼筋混凝土造,1020812,214.47,4,2,3,有,無,10000000,46627,,0.0,0,,RPVNMLMJLHGGFGD97DA,200.49,0.0,13.98,無,
七股區,土地,三聖段2147地號,2619.25,,一般農業區,農牧用地,1100116,土地2建物0車位0,,,其他,,,,0.0,0,0,0,有,無,2750000,1050,,0.0,0,,RPXNMLPLKHGGFGD58DA,0.0,0.0,0.0,無,
左鎮區,土地,菜寮段150-3地號,82535.0,,特定專用區,特定目的事業用地,1100101,土地3建物0車位0,,,其他,,,,0.0,0,0,0,有,無,49500000,600,,0.0,0,,RPVOMLOJJHGGFHD18DA,0.0,0.0,0.0,無,
麻豆區,房地(土地+建物),東角里２鄰文昌路６之７號四樓,18.22,都市：其他:商業區,,,1091228,土地2建物1車位0,四層,八層,華廈(10層含以下有電梯),住家用,鋼筋混凝土造,0840310,105.75,3,2,2,有,有,3550000,33570,,0.0,0,,RPXNMLTKKHGGFFD78DA,67.13,0.0,12.76,有,
麻豆區,房地(土地+建物),南勢５之２３號,102.32,都市：其他:農業區,,,1080514,土地2建物1車位0,全,三層,透天厝,住家用,鋼筋混凝土構造,1091118,163.13,4,2,4,有,無,8570000,52535,,0.0,0,,RPOOMLTKKHGGFFD97DA,136.81,0.0,26.32,無,
六甲區,房地(土地+建物),龜子港８０巷２３弄６之３號,79.36,,鄉村區,乙種建築用地,1091213,土地1建物1車位0,全,三層,透天厝,住家用,鋼筋混凝土構造,1081001,162.83,4,2,3,有,無,6300000,38691,,0.0,0,,RPUNMLOLKHGGFFD08DA,148.27,14.56,0.0,無,
麻豆區,房地(土地+建物),興國路３１巷５之１３號,129.83,都市：其他:第三種住宅區。,,,1100120,土地1建物1車位0,全,四層,透天厝,住家用,鋼筋混凝土構造,1091020,205.25,5,2,4,有,無,12950000,63094,,0.0,0,,RPQOMLMLKHGGFFD57DA,190.39,0.0,14.86,無,
官田區,土地,南段1022地號,1250.0,,特定農業區,農牧用地,1100224,土地1建物0車位0,,,其他,,,,0.0,0,0,0,有,無,1380000,1104,,0.0,0,,RPROMLQLKHGGFFD08DA,0.0,0.0,0.0,無,
六甲區,房地(土地+建物),進化街４２巷８弄２號,95.62,都市：其他:住宅區,,,1100208,土地3建物1車位0,全,三層,透天厝,住家用,鋼筋混凝土構造,1091014,139.62,4,2,3,有,無,6980000,49993,,0.0,0,,RPRNMLMJLHGGFFD47DA,129.61,0.0,10.01,無,
六甲區,房地(土地+建物),進化街４２巷８弄１２號,118.06,都市：其他:住宅區,,,1100220,土地3建物1車位0,全,三層,透天厝,住家用,鋼筋混凝土構造,1091014,158.44,4,2,3,有,無,8280000,52260,,0.0,0,,RPSNMLMJLHGGFFD57DA,146.59,0.0,11.85,無,
大內區,土地,公所段1130地號,378.65,都市：其他:住宅區,,,1100124,土地1建物0車位0,,,其他,,,,0.0,0,0,0,有,無,1500000,3961,,0.0,0,,RPTNMLMJLHGGFFD67DA,0.0,0.0,0.0,無,
下營區,土地,大屯寮段2120-2地號,243.0,,特定農業區,農牧用地,1100126,土地1建物0車位0,,,其他,,,,0.0,0,0,0,有,無,760000,3128,,0.0,0,,RPPNMLMLKHGGFFD37DA,0.0,0.0,0.0,無,0966
麻豆區,土地,莊禮段253地號,1400.0,,特定農業區,農牧用地,1100130,土地1建物0車位0,,,其他,,,,0.0,0,0,0,有,無,2500000,1786,,0.0,0,,RPSNMLMJKHGGFFD47DA,0.0,0.0,0.0,無,
官田區,土地,南段533-5地號,198.0,,特定農業區,水利用地,1091227,土地1建物0車位0,,,其他,,,,0.0,0,0,0,有,無,79200,400,,0.0,0,,RPRNMLNJLHGGFFD57DA,0.0,0.0,0.0,無,
麻豆區,土地,海埤段76地號,2503.83,,一般農業區,養殖用地,1100223,土地1建物0車位0,,,其他,,,,0.0,0,0,0,有,無,2750000,1098,,0.0,0,,RPTNMLNJLHGGFFD77DA,0.0,0.0,0.0,無,1717
東山區,土地,前大埔段714-1地號,1014.0,,山坡地保育區,農牧用地,1100209,土地1建物0車位0,,,其他,,,,0.0,0,0,0,有,無,233220,230,,0.0,0,親友、員工、共有人或其他特殊關係間之交易；,RPPNMLOJLHGGFED37DA,0.0,0.0,0.0,無,
東區,房地(土地+建物),裕和五街１２５號,144.48,都市：其他:虎尾寮第二種住宅區,,,1100109,土地1建物1車位0,全,四層,透天厝,住宅、停車空間,鋼筋混凝土構造,1090709,329.35,5,2,5,有,無,32080000,97404,,0.0,0,陽台外推；其他增建；,RPWNMLTKJHGGFCD28DA,309.73,0.0,19.62,有,
東區,房地(土地+建物)+車位,崇信街９７號十一樓之３,17.35,都市：其他:第五種住宅區,,,1100109,土地1建物1車位1,十一層,十四層,住宅大樓(11層含以上有電梯),住家用,鋼筋混凝土造,0820501,147.12,3,2,2,有,有,6100000,41463,坡道平面,0.0,0,,RPSNMLKLJHGGFCD07DA,86.66,0.0,11.02,有,
南區,房地(土地+建物),中華南路一段１２５巷２２弄１號,64.37,都市：其他:住宅區,,,1100115,土地1建物1車位0,全,二層,透天厝,住家用,加強磚造,0630813,84.72,3,2,2,有,無,5150000,60788,,0.0,0,頂樓加蓋；,RPTOMLRLJHGGFCD97DA,84.72,0.0,0.0,無,
南區,房地(土地+建物),金華路二段２８９巷５弄３８之１號,74.0,都市：其他:住宅區,,,1091228,土地1建物1車位0,全,四層,透天厝,停車空間、住宅,鋼筋混凝土造,1041203,183.95,5,2,3,有,無,16220000,88176,,0.0,0,其他增建；,RPRNMLSLKIPFFCD78DA,163.24,0.0,20.71,無,
東區,房地(土地+建物)+車位,德昌路６８號五樓之３,49.23,都市：其他:第五種住宅區,,,1100109,土地1建物1車位1,五層,十三層,住宅大樓(11層含以上有電梯),集合住宅,鋼筋混凝土構造,1080131,238.82,3,2,2,有,有,17500000,73277,坡道平面,34.81,0,,RPTNMLOJKHGGFCD47DA,121.29,0.0,19.82,有,1718
東區,房地(土地+建物)+車位,立德十一路２號四樓之６,10.73,都市：其他:商業區,,,1100125,土地1建物1車位1,四層,十層,華廈(10層含以下有電梯),住家用,鋼筋混凝土造,0821027,109.08,3,2,2,有,有,5900000,54089,其他,0.0,0,含裝潢費；,RPXNMLOJKHGGFCD87DA,62.65,1.69,10.71,有,1719
南區,房地(土地+建物),新建路３２巷８號,33.76,都市：其他:住宅區,,,1100123,土地2建物1車位0,一層,五層,公寓(5樓含以下無電梯),集合住宅,鋼筋混凝土造,0711125,93.38,2,2,2,有,有,4500000,48190,,0.0,0,,RPQOMLPJKHGGFCD37DA,76.65,0.0,10.49,無,
東區,房地(土地+建物),長榮路二段１０６號六樓之４,3.47,都市：其他:中心商業區,,,1100223,土地1建物1車位0,六層,九層,華廈(10層含以下有電梯),住家用,鋼筋混凝土造,0780620,26.47,1,0,1,有,有,1060000,40045,,0.0,0,,RPORMLNJLHGGFCD37DA,16.95,0.0,2.52,有,
東區,房地(土地+建物),崇德路５３０巷９６號,87.0,都市：其他:第五種住宅區,,,1100129,土地1建物1車位0,全,二層,透天厝,住家用,加強磚造,0730430,120.14,4,2,2,有,無,8800000,73248,,0.0,0,,RPSOMLNJLHGGFCD47DA,116.19,0.0,3.95,無,
南區,房地(土地+建物),灣裡路８８巷７１號,142.0,都市：其他:細部計畫道路用地,,,1100108,土地3建物1車位0,全,四層,透天厝,住家用,鋼筋混凝土造,1020607,240.92,5,4,2,有,無,14020000,58194,,0.0,0,其他增建；,RPPNMLOJLHGGFCD17DA,208.64,0.0,32.28,無,
東區,房地(土地+建物)+車位,府東街２２２號四樓之１,20.63,都市：其他:第五種住宅區,,,1100114,土地1建物1車位1,四層,九層,華廈(10層含以下有電梯),住家用,鋼筋混凝土造,0830625,145.55,3,2,2,有,有,7230000,49674,坡道平面,0.0,0,,RPRNMLNJLHGGFCD27DA,82.07,0.0,9.06,有,1720
東區,房地(土地+建物),裕豐街６１巷２３號,56.24,都市：其他:第五種住宅區,,,1100116,土地1建物1車位0,全,二層,透天厝,住家用,加強磚造,0580308,90.36,3,2,3,有,無,8000000,88535,,0.0,0,增建:一樓空地，二樓後面頂樓加蓋；其他增建；,RPUPMLNJLHGGFCD77DA,90.36,0.0,0.0,無,
南區,房地(土地+建物)+車位,大同路二段１８６巷３號七樓之２,33.01,都市：其他:住宅區,,,1100117,土地1建物1車位1,七層,十三層,住宅大樓(11層含以上有電梯),集合住宅,鋼筋混凝土造,0881021,138.75,3,2,2,有,有,5750000,41441,坡道平面,0.0,0,,RPROMLMJLHGGFCD27DA,81.29,0.0,8.17,有,
東區,房地(土地+建物),小東路２４４號二十四樓之３,9.31,都市：其他:沿街商業區,,,1100122,土地1建物1車位0,二十四層,二十五層,住宅大樓(11層含以上有電梯),住家用,鋼筋混凝土造,0840106,128.34,2,2,2,有,有,5420000,42232,,0.0,0,親友、員工、共有人或其他特殊關係間之交易；,RPVOMLMJLHGGFCD67DA,89.73,1.3,11.2,有,
東區,房地(土地+建物)+車位,崇賢三路２８號十四樓之１,21.36,都市：其他:第五種住宅區,,,1100116,土地1建物1車位1,十四層,十五層,住宅大樓(11層含以上有電梯),集合住宅,鋼筋混凝土造,1061031,127.5,2,1,1,有,有,8180000,64157,坡道平面,29.01,0,,RPXOMLMJLHGGFCD87DA,64.44,0.0,4.41,有,0560
東區,土地,新都心段54地號,1400.07,都市：其他:第五種住宅區,,,1100208,土地1建物0車位0,,,其他,,,,0.0,0,0,0,有,無,225670000,161185,,0.0,0,政府機關標讓售；,RPXNMLQLKHGGFCD28DA,0.0,0.0,0.0,無,
南區,房地(土地+建物),新興路４６１巷１０弄２６號,32.98,都市：其他:住宅區,,,1100129,土地6建物1車位0,一層，二層，騎樓,五層,公寓(5樓含以下無電梯),住商用,鋼筋混凝土造,0720602,107.74000000000001,2,2,2,有,無,5120000,47522,,0.0,0,陽台外推；包含公共設施保留地用地；,RPQNMLRLKHGGFCD67DA,93.75,0.0,7.67,無,
南區,房地(土地+建物),新建路３７巷２號六樓,24.35,都市：其他:住宅區,,,1100119,土地2建物1車位0,六層,十六層,住宅大樓(11層含以上有電梯),集合住宅,鋼筋混凝土造,0841214,185.79,3,2,2,有,有,6850000,36870,,0.0,0,其他增建；,RPUNMLMJLHGGFCD47DA,106.93,0.0,13.01,有,
東區,房地(土地+建物),東安路１２巷２１之１號,26.6,都市：其他:第五種住宅區,,,1100122,土地1建物1車位0,二層,五層,公寓(5樓含以下無電梯),住家用,鋼筋混凝土造,0720317,91.22,3,2,2,有,無,5000000,54813,,0.0,0,,RPWNMLMJLHGGFCD67DA,70.3,0.0,8.38,無,
南區,房地(土地+建物),中華南路二段３１５巷３弄３１號五樓,36.14,都市：其他:住宅區,,,1100125,土地2建物1車位0,五層,五層,公寓(5樓含以下無電梯),集合住宅,鋼筋混凝土造,0710528,92.50999999999999,3,2,1,有,無,2250000,24322,,0.0,0,,RPPNMLPLKHGGFCD37DA,75.56,0.0,10.44,無,
新營區,房地(土地+建物),府西路３５號七樓,18.01,都市：其他:住宅區,,,1100115,土地1建物1車位0,七層,七層,華廈(10層含以下有電梯),住家用,鋼筋混凝土造,0840908,121.09,3,2,2,有,無,3550000,29317,,0.0,0,,RPTNMLMJLHGGFDD47DA,85.16,0.0,6.39,有,
新營區,土地,新營段6-24地號,159.19,都市：其他:工業區,,,1091213,土地1建物0車位0,,,其他,,,,0.0,0,0,0,有,無,2980000,18720,,0.0,0,,RPWNMLMJLHGGFDD77DA,0.0,0.0,0.0,無,
新營區,房地(土地+建物),大宏里開元路１２鄰５９巷４之２９號五樓,9.3,都市：其他:住宅區,,,1100218,土地2建物1車位0,五層,五層,公寓(5樓含以下無電梯),住家用,鋼筋混凝土造,0800205,31.22,1,0,1,有,無,780000,24984,,0.0,0,,RPSNMLOJLHGGFDD57DA,24.8,0.0,0.0,無,
新營區,土地,鐵線橋段865地號,2442.0,,特定農業區,農牧用地,1100109,土地1建物0車位0,,,其他,,,,0.0,0,0,0,有,無,2400000,983,,0.0,0,,RPPNMLPLKHGGFDD47DA,0.0,0.0,0.0,無,
新營區,土地,鐵線橋段866地號,2462.0,,特定農業區,農牧用地,1100109,土地1建物0車位0,,,其他,,,,0.0,0,0,0,有,無,2400000,975,,0.0,0,,RPQNMLPLKHGGFDD57DA,0.0,0.0,0.0,無,
安南區,房地(土地+建物),城西街二段１４６巷８號,105.51,都市：其他:住宅區,,,1100106,土地2建物1車位0,全,三層,透天厝,集合住宅、停車空間,鋼筋混凝土造,1080114,158.64,4,2,3,有,有,9000000,56732,,0.0,0,陽台外推；,RPWNMLNJLHGGFBD67DA,151.66,0.0,6.98,無,1722
安南區,土地,朝皇段239地號,209.28,都市：其他:細部計畫道路用地,,,1091016,土地5建物0車位0,,,其他,,,,0.0,0,0,0,有,無,4600000,21980,,0.0,0,,RPROMLMJLHGGFBD17DA,0.0,0.0,0.0,無,1723
安南區,土地,朝皇段237地號,137.03,都市：其他:細部計畫道路用地,,,1091016,土地5建物0車位0,,,其他,,,,0.0,0,0,0,有,無,3350000,24447,,0.0,0,,RPTOMLMJLHGGFBD37DA,0.0,0.0,0.0,無,1723
安南區,土地,海西段513地號,1588.2,都市：其他:農業區,,,1100115,土地8建物0車位0,,,其他,,,,0.0,0,0,0,有,無,6725800,4235,,0.0,0,,RPVPMLOLKHGGFBD97DA,0.0,0.0,0.0,無,1725
安南區,土地,溪東段275-1地號,17.01,都市：其他:主要計畫道路用地,,,1100202,土地1建物0車位0,,,其他,,,,0.0,0,0,0,有,無,96000,5644,,0.0,0,包含公共設施保留地用地；,RPRRMLNJLHGGFBD57DA,0.0,0.0,0.0,無,
安南區,房地(土地+建物),安中一街２１號,75.12,都市：其他:住宅區,,,1091229,土地1建物1車位0,全,四層,透天厝,集合住宅,鋼筋混凝土造,1020606,147.53,4,2,3,有,無,13200000,89473,,0.0,0,陽台外推；其他增建；,RPVNMLTLKIPFFBD56DA,138.78,0.0,8.75,無,1726
安南區,土地,海中段1146地號,66.17,都市：其他:細部計畫道路用地,,,1080517,土地3建物0車位0,,,其他,,,,0.0,0,0,0,有,無,250000,3778,,0.0,0,包含公共設施保留地用地；,RPPOMLLKJIPFFBD67DA,0.0,0.0,0.0,無,
安南區,房地(土地+建物),環館路３６４巷９號,130.05,都市：其他:住宅區,,,1090707,土地4建物1車位0,全,四層,透天厝,集合住宅、停車空間,鋼筋混凝土造,1090924,257.27,4,2,3,有,有,16000000,62191,,0.0,0,,RPPQMLPJKIPFFBD28DA,244.73,0.0,11.26,有,
安南區,房地(土地+建物),環館路３６４巷１６號,150.57,都市：其他:住宅區,,,1061118,土地4建物1車位0,全,四層,透天厝,集合住宅，停車空間,鋼筋混凝土造,1090924,259.67999999999995,4,2,3,有,有,17200000,66235,,0.0,0,,RPPOMLPJKIPFFBD08DA,246.74,0.0,11.66,有,
北區,房地(土地+建物)+車位,中華北路一段１０５巷４８號四樓之９,25.84,都市：其他:住宅區,,,1100114,土地1建物1車位1,四層,八層,華廈(10層含以下有電梯),住家用,鋼筋混凝土造,0831013,127.32,3,2,2,有,有,5800000,45555,一樓平面,0.0,0,,RPQOMLMJLHGGFAD96DA,77.84,0.0,7.91,有,
安平區,房地(土地+建物),健康一街１５號,103.0,都市：其他:住宅區,,,1100117,土地1建物1車位0,全,五層,透天厝,住商用,鋼筋混凝土造,0831228,338.32,8,3,8,有,無,17310000,51165,,0.0,0,頂樓加蓋；,RPROMLMJLHGGFAD07DA,311.12,0.0,27.2,無,
北區,房地(土地+建物)+車位,北門路二段６１５號十樓之２,28.56,都市：其他:住宅區,,,1100131,土地1建物1車位1,十層,十二層,住宅大樓(11層含以上有電梯),集合住宅,鋼筋混凝土造,0911115,130.20999999999998,3,2,2,有,有,6800000,52223,坡道平面,0.0,0,,RPOOMLQLKHGGFAD27DA,80.21,0.0,7.86,有,1727
中西區,房地(土地+建物),西門路二段６０號,58.57,都市：其他:商業區,,,1100203,土地1建物1車位0,全,二層,透天厝,住商用,加強磚造,0590125,117.34,5,5,6,有,無,15200000,129538,,0.0,0,含土地增值稅或其他稅費；含地政士服務費；頂樓加蓋；,RPXOMLPLKHGGFAD08DA,117.34,0.0,0.0,無,1728
中西區,房地(土地+建物)+車位,民生路二段４２０號十三樓之１,26.35,都市：其他:商業區,,,1090722,土地1建物1車位2,十三層,二十七層,住宅大樓(11層含以上有電梯),集合住宅,鋼筋混凝土構造,1091029,307.74,3,2,3,有,有,22600000,78746,坡道平面,51.22,2400000,預售屋、或土地及建物分次登記案件；,RPPOMLOLKHGGFAD17DA,155.7,0.0,19.77,有,
中西區,房地(土地+建物)+車位,民生路二段４２０號十四樓之１,26.3,都市：其他:商業區,,,1090806,土地1建物1車位1,十四層,二十七層,住宅大樓(11層含以上有電梯),集合住宅,鋼筋混凝土構造,1091029,282.13,3,2,3,有,有,23380000,85295,坡道平面,25.61,1500000,預售屋、或土地及建物分次登記案件；,RPQOMLOLKHGGFAD27DA,155.7,0.0,19.77,有,
中西區,房地(土地+建物)+車位,民生路二段４２０號十二樓之２,25.5,都市：其他:商業區,,,1090923,土地1建物1車位1,十二層,二十七層,住宅大樓(11層含以上有電梯),集合住宅,鋼筋混凝土構造,1091029,274.03999999999996,3,2,3,有,有,20900000,79298,坡道平面,25.61,1200000,預售屋、或土地及建物分次登記案件；,RPTOMLOLKHGGFAD57DA,151.76,0.0,18.21,有,
安平區,房地(土地+建物),建平九街２８號,53.29,都市：其他:住宅區,,,1100113,土地1建物1車位0,全,五層,透天厝,住商用,鋼筋混凝土造,0830811,130.32,5,2,5,有,無,11400000,87477,,0.0,0,親友、員工、共有人或其他特殊關係間之交易；,RPVOMLNJLHGGFAD57DA,116.78,2.39,11.16,無,1729
安平區,房地(土地+建物)+車位,健康路三段３３３號二十二樓之５,12.03,都市：其他:商業區,,,1100218,土地1建物1車位1,二十二層,二十六層,住宅大樓(11層含以上有電梯),集合住宅,鋼筋混凝土構造,1060124,156.74,3,2,2,有,有,9200000,58696,坡道平面,30.66,0,,RPPPMLNJLHGGFAD07DA,73.86,3.34,8.13,有,1730
安平區,房地(土地+建物)+車位,光州二街１５２號五樓之３,21.98,都市：其他:住宅區,,,1100114,土地1建物1車位1,五層,七層,華廈(10層含以下有電梯),集合住宅,鋼筋混凝土造,0890904,111.6,3,2,1,有,有,5000000,44803,坡道機械,0.0,0,含機車車位一個。,RPPNMLMJLHGGFAD76DA,60.52,0.0,10.36,有,1731
安平區,房地(土地+建物),建平九街２８號,19.71,都市：其他:住宅區,,,1091223,土地1建物1車位0,全,五層,透天厝,住商用,鋼筋混凝土造,0830811,85.8,5,2,5,有,無,5400000,62937,,0.0,0,親友、員工、共有人或其他特殊關係間之交易；,RPOOMLNJLHGGFAD86DA,193.66,3.96,18.5,無,1729
中西區,土地,保安段487地號,111.0,都市：其他:商業區,,,1091116,土地1建物0車位0,,,其他,,,,0.0,0,0,0,有,無,29550000,266216,,0.0,0,未登記建物；,RPQOMLNJLHGGFAD07DA,0.0,0.0,0.0,無,
安平區,房地(土地+建物)+車位,慶平路５３９號九樓之２２,13.68,都市：其他:商業區,,,1100208,土地1建物1車位1,九層，十層，見使用執照,二十四層,住宅大樓(11層含以上有電梯),集合住宅,鋼筋混凝土造,0880211,207.91,3,2,3,有,有,7700000,37037,坡道機械,0.0,0,夾層；,RPSNMLNJLHGGFAD17DA,122.06,0.0,15.91,有,1733
中西區,房地(土地+建物),金華路三段２１８號十樓之１０,5.59,都市：其他:商業區,,,1100220,土地1建物1車位0,十層,十八層,住宅大樓(11層含以上有電梯),住家用,鋼筋混凝土造,0840704,58.62,1,1,1,有,有,2330000,39748,,0.0,0,,RPUNMLMJLHGGFAD27DA,35.02,0.0,4.7,有,
安南區,房地(土地+建物),環館路３６０巷２８號,130.66,都市：其他:住宅區,,,1090829,土地4建物1車位0,全,四層,透天厝,集合住宅、停車空間,鋼筋混凝土造,1090924,257.27,4,2,3,有,有,16600000,64524,,0.0,0,,RPSSMLRJKIPFFBD98DA,244.73,0.0,11.26,有,
安南區,房地(土地+建物),環館路３６２巷４２號,129.92,都市：其他:住宅區,,,1091121,土地4建物1車位0,全,四層,透天厝,集合住宅、停車空間,鋼筋混凝土造,1090924,257.27,4,2,3,有,有,16800000,65301,,0.0,0,含傢俱設備費100000元；,RPWQMLPJKIPFFBD98DA,244.73,0.0,11.26,有,
中西區,土地,郡王祠段1037地號,200.72,都市：其他:住宅區,,,1091206,土地1建物0車位0,,,其他,,,,0.0,0,0,0,有,無,35210000,175418,,0.0,0,,RPPNMLQJKIPFFAD97DA,0.0,0.0,0.0,無,
北區,房地(土地+建物),公園路６３４巷１０號,122.41,都市：其他:住宅區,,,1100116,土地2建物1車位0,全,四層,透天厝,住宅、停車空間,鋼筋混凝土構造,1060728,291.68,5,2,5,有,無,24000000,82282,,0.0,0,頂樓加蓋；其他增建；,RPPNMLTJKHGGFAD37DA,274.15,0.0,17.53,有,1734
安平區,房地(土地+建物)+車位,育平九街９９號七樓之１,39.06,都市：其他:住宅區,,,1081028,土地1建物1車位1,七層,十一層,住宅大樓(11層含以上有電梯),集合住宅,鋼筋混凝土構造,1091204,235.78,3,2,2,有,有,16350000,77058,升降平面,30.09,500000,預售屋、或土地及建物分次登記案件；,RPWNMLPJKHGGFAD67DA,105.45,0.0,31.58,有,
北區,房地(土地+建物),成功路２號六樓之２４,9.44,都市：其他:細部計畫道路用地,,,1100205,土地4建物1車位0,六層,十四層,住宅大樓(11層含以上有電梯),住家用,鋼筋混凝土造,0731228,113.83000000000001,1,1,1,有,有,2800000,24598,,0.0,0,包含公共設施保留地用地；,RPRQMLSKKHGGFAD87DA,85.54,0.0,0.0,有,
中西區,房地(土地+建物),成功路３４３號七樓之４,17.18,都市：其他:商業區,,,1100203,土地5建物1車位0,七層,十層,華廈(10層含以下有電梯),商業用,鋼筋混凝土造,0800205,143.81,3,2,2,有,有,5150000,35811,,0.0,0,,RPVOMLMLKHGGFAD57DA,103.02,0.0,5.6,有,
北區,土地,大豐段274地號,102.38,都市：其他:住宅區,,,1091129,土地1建物0車位0,,,其他,,,,0.0,0,0,0,有,無,8500000,83024,,0.0,0,,RPRNMLTLJHGGFAD67DA,0.0,0.0,0.0,無,
六甲區,土地,龜子港段265-5地號,646.33,,特定農業區,甲種建築用地,1100223,土地2建物0車位0,,,其他,,,,0.0,0,0,0,有,無,3300000,5106,,0.0,0,,RPUNMLNJLHGGFFD87DA,0.0,0.0,0.0,無,
官田區,土地,鎮南段108地號,33.6,都市：其他:住宅區,,,1100202,土地1建物0車位0,,,其他,,,,0.0,0,0,0,有,無,399000,11875,,0.0,0,政府機關標讓售；,RPQNMLNJLHGGFFD47DA,0.0,0.0,0.0,無,
六甲區,土地,水漆林段1837-1地號,1643.0,都市：其他:農業區,,,1100119,土地1建物0車位0,,,其他,,,,0.0,0,0,0,有,無,2793100,1700,,0.0,0,,RPOOMLNJLHGGFFD37DA,0.0,0.0,0.0,無,
麻豆區,房地(土地+建物),復興街３之１１號,89.27,都市：其他:第三種住宅區。,,,1100206,土地2建物1車位0,全,四層,透天厝,住家用,鋼筋混凝土構造,1090223,168.4,4,2,4,有,無,10880000,64608,,0.0,0,,RPPOMLNJLHGGFFD47DA,154.7,0.0,13.7,無,
麻豆區,房地(土地+建物),南勢２４之５５號,113.42,都市：其他:農業區,,,1100130,土地4建物1車位0,全,四層,透天厝,集合住宅,鋼筋混凝土構造,1090507,225.18,4,2,5,有,有,11900000,52847,,0.0,0,,RPQNMLTKKHGGFFD08DA,199.89,25.29,0.0,無,
東山區,土地,東山段1234地號,2760.58,,特定農業區,農牧用地,1100226,土地3建物0車位0,,,其他,,,,0.0,0,0,0,有,無,1884700,683,,0.0,0,,RPQNMLOJLHGGFED47DA,0.0,0.0,0.0,無,
東山區,土地,大客南段931地號,1605.3,,一般農業區,農牧用地,1100128,土地2建物0車位0,,,其他,,,,0.0,0,0,0,有,無,4150000,2585,,0.0,0,未登記建物；,RPPNMLPJLHGGFED47DA,0.0,0.0,0.0,無,
東山區,房地(土地+建物),聖賢里頂窩６１之８號,99.31,,鄉村區,乙種建築用地,1100125,土地1建物1車位0,全,二層,透天厝,住家用,加強磚造,0740820,111.1,5,2,2,有,無,4600000,41404,,0.0,0,,RPUNMLQLJHGGFED08DA,108.41,0.0,2.69,無,
麻豆區,房地(土地+建物),南勢２４之５６號,113.42,都市：其他:農業區,,,1091218,土地4建物1車位0,全,四層,透天厝,集合住宅,鋼筋混凝土構造,1090507,225.18,4,2,5,有,有,11500000,51070,,0.0,0,,RPSNMLSJJHGGFFD97DA,199.89,25.29,0.0,無,
新營區,房地(土地+建物),隋唐街１１號六樓之二,25.95,都市：其他:住宅區,,,1100120,土地1建物1車位0,六層,十五層,住宅大樓(11層含以上有電梯),集合住宅,鋼筋混凝土造,1090331,145.75,3,2,2,有,有,7100000,48714,,0.0,0,房地總價含管理費,RPOOMLMLKHGGFDD17DA,87.96,0.0,10.73,有,
新營區,房地(土地+建物)+車位,隋唐街９號十一樓之一,32.74,都市：其他:住宅區,,,1091216,土地1建物1車位1,十一層,十五層,住宅大樓(11層含以上有電梯),集合住宅,鋼筋混凝土造,1090331,199.99,4,2,2,有,有,10660000,53871,坡道平面,22.53,1100000,房地總價 含管理費 商品提貨單,RPWNMLOJLHGGFDD97DA,108.52,0.0,11.61,有,
新營區,房地(土地+建物),東興路２９１號,212.1,都市：其他:住宅區,,,1080909,土地2建物1車位0,全,四層,透天厝,診所、住家用,鋼筋混凝土造,1090522,452.22,8,4,10,有,無,34780000,76909,,0.0,0,,RPQNMLPJLHGGFDD47DA,433.17,0.0,19.05,無,
鹽水區,房地(土地+建物),土庫７０之２３號,121.3,,鄉村區,乙種建築用地,1100131,土地3建物1車位0,全,四層,透天厝,住商用,鋼筋混凝土造,1090415,181.27,5,2,5,有,無,8350000,46064,,0.0,0,,RPUNMLNJLHGGFDD67DA,176.73,0.0,4.54,無,
新營區,土地,太子段489地號,105.43,都市：其他:住宅區,,,1100222,土地1建物0車位0,,,其他,,,,0.0,0,0,0,有,無,2232300,21173,,0.0,0,親友、員工、共有人或其他特殊關係間之交易；,RPQNMLOJLHGGFDD37DA,0.0,0.0,0.0,無,1735
新營區,土地,太子段489地號,105.43,都市：其他:住宅區,,,1100222,土地1建物0車位0,,,其他,,,,0.0,0,0,0,有,無,2232300,21173,,0.0,0,親友、員工、共有人或其他特殊關係間之交易；,RPRNMLOJLHGGFDD47DA,0.0,0.0,0.0,無,1735
新營區,房地(土地+建物),周武街２３５號,90.27,都市：其他:住宅區,,,1100130,土地1建物1車位0,全,四層,透天厝,住宅,鋼筋混凝土造,1090223,191.09,5,2,5,有,無,10000000,52331,,0.0,0,,RPXNMLRKKHGGFDD38DA,178.22,0.0,12.87,無,
南區,土地,鹽埕段254地號,524.0,都市：其他:住宅區,,,1091017,土地1建物0車位0,,,其他,,,,0.0,0,0,0,有,無,38870000,74179,,0.0,0,,RPUQMLNJLHGGFCD87DA,0.0,0.0,0.0,無,1737
南區,房地(土地+建物)+車位,西門路一段２８６號三樓之５,23.17,都市：其他:商業區,,,1090502,土地2建物1車位1,三層,十五層,住宅大樓(11層含以上有電梯),集合住宅,鋼筋混凝土構造,1091123,169.49,3,2,2,有,有,9650000,61510,坡道平面,33.74,1300000,含裝潢費1020000元；預售屋、或土地及建物分次登記案件；,RPOOMLOLKHGGFCD27DA,79.31,1.38,11.04,有,
東區,土地,龍泉段261地號,91.72,都市：其他:第五種住宅區,,,1100209,土地2建物0車位0,,,其他,,,,0.0,0,0,0,有,無,7212400,78635,,0.0,0,,RPPOMLKLKHGGFCD96DA,0.0,0.0,0.0,無,
南區,房地(土地+建物),金華路一段４８４巷４１號,87.0,都市：其他:住宅區,,,1100129,土地1建物1車位0,全,二層,透天厝,住家用,鋼筋混凝土造,0780225,133.58,5,2,2,有,無,8350000,62509,,0.0,0,頂樓加蓋；,RPWNMLSKKHGGFCD28DA,122.73,0.0,10.85,無,
南區,房地(土地+建物)+車位,新建路２４巷２號十一樓之３,29.75,都市：其他:住宅區,,,1100115,土地1建物1車位1,十一層,十六層,住宅大樓(11層含以上有電梯),集合住宅,鋼筋混凝土造,0850727,189.32999999999998,3,2,2,有,有,7125000,37633,坡道平面,0.0,0,,RPROMLNJLHGGFCD37DA,116.85,0.0,12.53,有,
東區,土地,富裕段966地號,34.28,都市：其他:細部計畫道路用地,,,1100223,土地2建物0車位0,,,其他,,,,0.0,0,0,0,有,無,315000,9189,,0.0,0,包含公共設施保留地用地；,RPTOMLNJLHGGFCD57DA,0.0,0.0,0.0,無,1738
東區,土地,富裕段897地號,9.13,都市：其他:細部計畫道路用地,,,1100223,土地1建物0車位0,,,其他,,,,0.0,0,0,0,有,無,85000,9310,,0.0,0,包含公共設施保留地用地；,RPUOMLNJLHGGFCD67DA,0.0,0.0,0.0,無,
東區,土地,德高段168-1地號,72.0,都市：其他:第五種住宅區,,,1100226,土地1建物0車位0,,,其他,,,,0.0,0,0,0,有,無,7620000,105833,,0.0,0,地上建物補償含土地增值稅或其他稅費；含仲介費；含地政士服務費；未登記建物；瑕疵物件；,RPPOMLPJLHGGFCD37DA,0.0,0.0,0.0,無,
南區,房地(土地+建物),新建路５３巷２１之４號,44.06,都市：其他:住宅區,,,1100128,土地2建物1車位0,五層,五層,公寓(5樓含以下無電梯),集合住宅,鋼筋混凝土造,0711210,93.38,3,2,2,有,無,2800000,29985,,0.0,0,,RPUOMLPJLHGGFCD87DA,76.54,0.0,10.48,無,
東區,房地(土地+建物),中華東路二段１６９號十三樓之１２,4.06,都市：其他:第五種住宅區,,,1100125,土地2建物1車位0,十三層,十四層,住宅大樓(11層含以上有電梯),住家用,鋼筋混凝土造,0970229,43.650000000000006,1,1,1,有,有,2480000,56816,,0.0,0,,RPSOMLNJKHGGFCD37DA,23.42,0.0,4.84,有,
南區,房地(土地+建物),新興路９１巷１０號,70.0,都市：其他:住宅區,,,1100124,土地1建物1車位0,全,二層,透天厝,住家用,加強磚造,0630409,68.4,3,1,1,有,無,4080000,59649,,0.0,0,,RPPNMLOLJHGGFCD17DA,68.4,0.0,0.0,無,
南區,土地,喜東段187地號,9.52,都市：其他:農業區,,,1100114,土地3建物0車位0,,,其他,,,,0.0,0,0,0,有,無,18933,1989,,0.0,0,雙方約定，本案增值稅2452元，由買方於買賣價金之外另行負擔繳納之。包含公共設施保留地用地；,RPXOMLSLJHGGFCD48DA,0.0,0.0,0.0,無,
南區,房地(土地+建物),金華路一段３５２巷１１１弄１２之８號,105.2,都市：其他:住宅區,,,1100129,土地2建物1車位0,全,二層,透天厝,住家用,加強磚造,0751124,118.18,5,2,3,有,無,5050000,42731,,0.0,0,,RPROMLTLJHGGFCD97DA,112.58,0.0,5.6,無,
東區,房地(土地+建物)+車位,崇德路７８５號五樓之３,13.25,都市：其他:第五種住宅區,,,1100125,土地1建物1車位1,五層,九層,華廈(10層含以下有電梯),住家用,鋼筋混凝土造,0891005,114.31,3,2,2,有,有,5400000,47240,坡道機械,13.81,0,,RPOPMLTLJHGGFCD77DA,67.93,0.0,9.15,有,
中西區,房地(土地+建物),西門路二段３３３巷５、６號,160.51,都市：其他:商業區,,,1100126,土地3建物1車位0,全,三層,透天厝,商業用,磚造,0480000,312.73,18,2,11,有,無,13370000,42753,,0.0,0,頂樓加蓋；,RPWPMLMJKHGGFAD57DA,312.73,0.0,0.0,無,
北區,房地(土地+建物)+車位,長榮路四段３１巷２５之３號,32.15,都市：其他:住宅區,,,1100129,土地2建物1車位1,四層,五層,公寓(5樓含以下無電梯),住家用,鋼筋混凝土造,0741226,165.08,4,2,2,有,有,7380000,44706,坡道平面,0.0,0,含裝潢費；含傢俱設備費；,RPOPMLNLKHGGFAD07DA,139.07,0.0,12.79,無,
北區,房地(土地+建物)+車位,公園南路１５９巷２號九樓之２,20.95,都市：其他:商業區,,,1071007,土地2建物1車位1,九層,十一層,住宅大樓(11層含以上有電梯),集合住宅,鋼筋混凝土構造,1091027,107.78999999999999,2,1,2,有,有,7650000,71635,塔式車位,14.26,950000,預售屋、或土地及建物分次登記案件；,RPWNMLMLKHGGFAD57DA,55.43,0.0,6.65,有,
北區,房地(土地+建物)+車位,公園南路１５９巷２號二樓之１,21.31,都市：其他:商業區,,,1100109,土地2建物1車位1,二層,十一層,住宅大樓(11層含以上有電梯),集合住宅,鋼筋混凝土構造,1091027,109.57,2,1,2,有,有,7400000,68723,塔式車位,14.26,850000,,RPPOMLMLKHGGFAD96DA,54.99,0.0,8.15,有,
中西區,土地,郡王祠段712地號,71.98,都市：其他:商業區,,,1100117,土地1建物0車位0,,,其他,,,,0.0,0,0,0,有,無,3000000,41678,,0.0,0,,RPQNMLRKKHGGFAD37DA,0.0,0.0,0.0,無,
安平區,房地(土地+建物)+車位,育平九街９９號七樓之２,33.56,都市：其他:住宅區,,,1081028,土地1建物1車位1,七層,十一層,住宅大樓(11層含以上有電梯),集合住宅,鋼筋混凝土構造,1091204,203.9,3,2,2,有,有,13850000,76808,升降平面,30.09,500000,預售屋、或土地及建物分次登記案件；,RPRNMLTJKHGGFAD57DA,101.14,0.0,15.01,有,
中西區,房地(土地+建物),金華路三段２１８號六樓之６,5.59,都市：其他:商業區,,,1100208,土地1建物1車位0,六層,十八層,住宅大樓(11層含以上有電梯),住家用,鋼筋混凝土造,0840704,58.62,1,1,1,有,有,2950000,50324,,0.0,0,,RPUPMLTJKHGGFAD08DA,35.02,0.0,4.7,有,1739
安南區,房地(土地+建物),環館路３６４巷１號,141.42,都市：其他:住宅區,,,1091121,土地4建物1車位0,全,四層,透天厝,集合住宅、停車空間,鋼筋混凝土造,1090924,317.19,4,2,3,有,有,23000000,72512,,0.0,0,,RPSQMLPJKIPFFBD58DA,298.93,0.0,16.98,有,
安南區,房地(土地+建物),環館路３６２巷６號,131.32,都市：其他:住宅區,,,1061112,土地4建物1車位0,全,四層,透天厝,集合住宅，停車空間,鋼筋混凝土造,1090924,266.96,4,2,3,有,有,16360000,61283,,0.0,0,,RPTPMLRJKIPFFBD78DA,254.42,0.0,11.26,有,
安南區,房地(土地+建物),環館路３６２巷１６號,134.08,都市：其他:住宅區,,,1091111,土地4建物1車位0,全,四層,透天厝,集合住宅，停車空間,鋼筋混凝土造,1090924,259.67999999999995,4,2,3,有,有,16500000,63540,,0.0,0,,RPTOMLKKKIPFFBD08DA,246.74,0.0,11.66,有,
安平區,房地(土地+建物)+車位,國平南路９８號四樓之５,33.29,都市：其他:商業區,,,1091228,土地2建物1車位2,四層,二十四層,住宅大樓(11層含以上有電梯),集合住宅,鋼筋混凝土構造,1070529,383.65999999999997,3,2,3,有,有,26600000,71807,坡道平面,43.86,2200000,,RPTPMLNJLHGGFAD47DA,188.83,0.0,42.99,有,
安平區,房地(土地+建物)+車位,健康路三段３１７號十一樓之２,8.04,都市：其他:商業區,,,1100124,土地1建物1車位1,十一層,二十七層,住宅大樓(11層含以上有電梯),集合住宅,鋼筋混凝土構造,1051109,118.21000000000001,2,1,1,有,有,6000000,50757,坡道平面,31.89,0,,RPWOMLNJLHGGFAD67DA,50.44,2.68,5.02,有,1740
中西區,房地(土地+建物),西門路二段９９號,47.12,都市：其他:商業區,,,1091229,土地1建物1車位0,全,二層,透天厝,商業用,磚造,0210000,67.91,1,1,1,有,無,17663958,260108,,0.0,0,含土地增值稅或其他稅費136458元；含仲介費427500元；,RPSNMLOJLHGGFAD27DA,67.91,0.0,0.0,無,
安平區,房地(土地+建物)+車位,建平五街１８４巷８號五樓之２０,19.39,都市：其他:住宅區,,,1100201,土地1建物1車位1,五層,六層,華廈(10層含以下有電梯),住家用,鋼筋混凝土造,0840630,121.95,4,2,2,有,有,3800000,31160,坡道平面,0.0,0,夾層；,RPQOMLOJLHGGFAD17DA,69.25,2.22,3.29,有,
中西區,房地(土地+建物)+車位,民生路二段４２０號八樓之３,24.42,都市：其他:商業區,,,1080721,土地1建物1車位1,八層,二十七層,住宅大樓(11層含以上有電梯),集合住宅,鋼筋混凝土構造,1091029,263.78999999999996,3,2,3,有,有,17000000,65917,坡道平面,25.61,1300000,預售屋、或土地及建物分次登記案件；,RPVOMLOLKHGGFAD77DA,146.46,0.0,16.55,有,
中西區,房地(土地+建物)+車位,民生路二段４２０號十樓之３,24.48,都市：其他:商業區,,,1080428,土地1建物1車位2,十層,二十七層,住宅大樓(11層含以上有電梯),集合住宅,鋼筋混凝土構造,1091029,289.39,3,2,3,有,有,18650000,68858,坡道平面,51.22,2250000,預售屋、或土地及建物分次登記案件；,RPPNMLPLKHGGFAD17DA,146.46,0.0,16.55,有,
中西區,房地(土地+建物)+車位,民生路二段４２０號二十一樓之５,25.6,都市：其他:商業區,,,1080409,土地1建物1車位2,二十一層,二十七層,住宅大樓(11層含以上有電梯),集合住宅,鋼筋混凝土構造,1091029,300.31,3,2,3,有,有,22500000,80894,坡道平面,51.22,2350000,預售屋、或土地及建物分次登記案件；,RPQNMLPLKHGGFAD27DA,150.7,0.0,19.8,有,
中西區,房地(土地+建物)+車位,民生路二段４２０號二十六樓之５,25.6,都市：其他:商業區,,,1090628,土地1建物1車位2,二十六層,二十七層,住宅大樓(11層含以上有電梯),集合住宅,鋼筋混凝土構造,1091029,300.31,3,2,3,有,有,23390000,83062,坡道平面,51.22,2700000,預售屋、或土地及建物分次登記案件；,RPRNMLPLKHGGFAD37DA,150.7,0.0,19.8,有,
安平區,房地(土地+建物)+車位,健康路三段３３３號二十樓之３,12.03,都市：其他:商業區,,,1100124,土地1建物1車位1,二十層,二十六層,住宅大樓(11層含以上有電梯),集合住宅,鋼筋混凝土構造,1060124,156.72,3,2,2,有,有,8550000,54556,坡道平面,30.66,0,,RPPPMLPLKHGGFAD37DA,73.86,3.32,8.13,有,1741
北區,房地(土地+建物),大武街５４２巷４９號,81.45,都市：其他:住宅區,,,1100120,土地1建物1車位0,全,二層,透天厝,住家用,加強磚造,0770210,126.22,4,2,2,有,無,7850000,62193,,0.0,0,三樓增建一樓廚房外推,RPSOMLMJLHGGFAD17DA,119.6,0.0,6.62,無,
安平區,房地(土地+建物),健康三街１６０號十二樓之３,14.51,都市：其他:住宅區,,,1100206,土地1建物1車位0,十二層,十四層,住宅大樓(11層含以上有電梯),集合住宅,ＲＣ造,0950822,108.42,2,2,1,有,有,6000000,55340,,0.0,0,,RPPNMLRLKHGGFAD37DA,73.48,0.0,5.72,有,1742
安平區,房地(土地+建物),建平七街２３０號四樓之６,6.42,都市：其他:住宅區,,,1100222,土地1建物1車位0,四層,六層,華廈(10層含以下有電梯),住家用,鋼筋混凝土造,0830802,32.85,1,0,1,有,有,1000000,30441,,0.0,0,,RPROMLQLKHGGFAD57DA,18.99,0.0,2.88,有,
安南區,房地(土地+建物),環館路３６４巷３７號,227.76,都市：其他:住宅區,,,1091123,土地4建物1車位0,全,四層,透天厝,集合住宅，停車空間,鋼筋混凝土造,1090924,306.4,4,2,3,有,有,24020000,78394,,0.0,0,,RPUOMLPJKIPFFBD58DA,299.81,0.0,5.31,有,
安南區,房地(土地+建物),臺南市安南區環館路３６２巷３５號,227.76,都市：其他:住宅區,,,1091227,土地4建物1車位0,全,四層,透天厝,集合住宅，停車空間,鋼筋混凝土造,1090924,320.0,4,2,3,有,有,24300000,75938,,0.0,0,,RPSNMLPJKIPFFBD28DA,302.05,16.67,0.0,有,
安南區,房地(土地+建物),安中路四段１９７巷４９弄１８之１號,76.36,都市：其他:住宅區,,,1100130,土地2建物1車位0,全,四層,透天厝,集合住宅，停車空間,鋼筋混凝土造,1070604,154.81,3,3,4,有,無,10300000,66533,,0.0,0,,RPPNMLOJLHGGFBD07DA,138.01,0.0,16.8,無,1743
安南區,土地,淵北段885-10地號,242.0,都市：其他:住宅區,,,1100221,土地1建物0車位0,,,其他,,,,0.0,0,0,0,有,無,9560000,39504,,0.0,0,,RPTNMLOJLHGGFBD47DA,0.0,0.0,0.0,無,1744
安南區,房地(土地+建物),淵西二街１８巷９號,122.69,都市：其他:住宅區,,,1100219,土地2建物1車位0,全,四層,透天厝,住家用,鋼筋混凝土造,1070627,232.98,4,2,5,有,無,9380000,40261,,0.0,0,,RPOOMLOJLHGGFBD07DA,207.39,0.0,25.59,無,
安南區,土地,學東段465地號,2121.97,都市：其他:農業區,,,1100123,土地1建物0車位0,,,其他,,,,0.0,0,0,0,有,無,8357320,3938,,0.0,0,,RPQOMLOJLHGGFBD27DA,0.0,0.0,0.0,無,
安南區,土地,學東段465-1地號,2121.96,都市：其他:農業區,,,1100123,土地1建物0車位0,,,其他,,,,0.0,0,0,0,有,無,8357319,3938,,0.0,0,,RPROMLOJLHGGFBD37DA,0.0,0.0,0.0,無,
安南區,土地,安東段322地號,186.32,都市：其他:住宅區,,,1100302,土地1建物0車位0,,,其他,,,,0.0,0,0,0,有,無,7160000,38429,,0.0,0,,RPPSMLOJLHGGFBD57DA,0.0,0.0,0.0,無,
安南區,土地,中洲段888地號,4.88,都市：其他:細部計畫道路用地,,,1091210,土地1建物0車位0,,,其他,,,,0.0,0,0,0,有,無,74089,15182,,0.0,0,包含公共設施保留地用地；,RPPNMLQLKHGGFBD37DA,0.0,0.0,0.0,無,1745
安南區,房地(土地+建物),北安路二段９３巷５６號,110.08,都市：其他:住宅區,,,1100116,土地1建物1車位0,全,二層,透天厝,住家用,鋼筋混凝土造,0780831,165.19,4,2,4,有,無,6600000,39954,,0.0,0,親友、員工、共有人或其他特殊關係間之交易；,RPRNMLQLKHGGFBD57DA,157.0,8.19,0.0,無,
安南區,土地,城西段652-2地號,2952.06,都市：其他:農業區,,,1100209,土地1建物0車位0,,,其他,,,,0.0,0,0,0,有,無,8000000,2710,,0.0,0,農作物；,RPQNMLNJLHGGFBD07DA,0.0,0.0,0.0,無,
安南區,土地,城東段730-1地號,116.2,都市：其他:細部計畫道路用地,,,1100213,土地2建物0車位0,,,其他,,,,0.0,0,0,0,有,無,2000000,17212,,0.0,0,包含公共設施保留地用地；,RPVNMLNJLHGGFBD57DA,0.0,0.0,0.0,無,1746
安南區,土地,溪墘段1233-34地號,95.38,都市：其他:廣場兼停車場用地,,,1100127,土地1建物0車位0,,,其他,,,,0.0,0,0,0,有,無,2200000,23066,,0.0,0,,RPSNMLMJKHGGFBD07DA,0.0,0.0,0.0,無,
佳里區,土地,三協段408地號,192.33,,鄉村區,乙種建築用地,1090915,土地1建物0車位0,,,其他,,,,0.0,0,0,0,有,無,1100000,5719,,0.0,0,地清或未辦繼承標售；,RPOOMLOJLHGGFGD57DA,0.0,0.0,0.0,無,
七股區,土地,榔段1623地號,2950.0,,一般農業區,養殖用地,1100125,土地1建物0車位0,,,其他,,,,0.0,0,0,0,有,無,8208000,2782,,0.0,0,,RPSOMLOJLHGGFGD97DA,0.0,0.0,0.0,無,
將軍區,房地(土地+建物),忠嘉里１８鄰昌平６１號,549.17,都市：其他:住宅區,,,1100120,土地1建物1車位0,全,二層,透天厝,住家用,加強磚造,0820911,301.85,7,2,2,有,無,8500000,28160,,0.0,0,,RPTOMLOJLHGGFGD08DA,273.5,11.19,17.16,無,
西港區,土地,港東段92-2地號,23.65,都市：其他:農業區,,,1100129,土地1建物0車位0,,,其他,,,,0.0,0,0,0,有,無,267718,11320,,0.0,0,政府機關標讓售；,RPUOMLOJLHGGFGD18DA,0.0,0.0,0.0,無,
佳里區,土地,佳化段900地號,169.56,,鄉村區,乙種建築用地,1100206,土地1建物0車位0,,,其他,,,,0.0,0,0,0,有,無,2308050,13612,,0.0,0,親友、員工、共有人或其他特殊關係間之交易；,RPPNMLRJKHGGFGD77DA,0.0,0.0,0.0,無,
學甲區,土地,大灣段505地號,4019.0,,特定農業區,農牧用地,1100120,土地1建物0車位0,,,其他,,,,0.0,0,0,0,有,無,6500000,1617,,0.0,0,,RPPNMLQLJHGGFGD77DA,0.0,0.0,0.0,無,
西港區,土地,西港段661地號,2100.0,,特定農業區,農牧用地,1100217,土地1建物0車位0,,,其他,,,,0.0,0,0,0,有,無,4050000,1929,,0.0,0,,RPRNMLPJLHGGFGD87DA,0.0,0.0,0.0,無,
學甲區,土地,中洲南段1309地號,635.24,,特定農業區,農牧用地,1100127,土地1建物0車位0,,,其他,,,,0.0,0,0,0,有,無,2500000,3936,,0.0,0,此交易標的有375租約,SPSNMLPJLHGGFGD08DA,0.0,0.0,0.0,無,
善化區,房地(土地+建物)+車位,自立路９６號五樓之３,44.77,都市：其他:住宅區,,,1090907,土地1建物1車位1,五層,七層,華廈(10層含以下有電梯),集合住宅,鋼筋混凝土造,1091209,162.37,3,2,2,有,有,9520000,64718,坡道平面,33.04,1150000,預售屋、或土地及建物分次登記案件；,RPOQMLPJKHGGFHD87DA,82.15,0.0,8.63,有,
安定區,土地,海寮段1736地號,1200.0,,特定農業區,農牧用地,1100206,土地1建物0車位0,,,其他,,,,0.0,0,0,0,有,無,5400000,4500,,0.0,0,農作物；,RPRNMLMLKHGGFHD77DA,0.0,0.0,0.0,無,
山上區,土地,樹王段213-13地號,151.17,都市：其他:商業區,,,1100218,土地2建物0車位0,,,其他,,,,0.0,0,0,0,有,無,1828800,12098,,0.0,0,,RPPOMLSKKHGGFHD18DA,0.0,0.0,0.0,無,1713
安定區,土地,保安段540地號,127.95,都市：其他:住宅區,,,1100210,土地1建物0車位0,,,其他,,,,0.0,0,0,0,有,無,5500000,42986,,0.0,0,未登記建物；,RPUNMLNJLHGGFHD08DA,0.0,0.0,0.0,無,
新市區,土地,大洲段493-6地號,334.0,,一般農業區,農牧用地,1100204,土地2建物0車位0,,,其他,,,,0.0,0,0,0,有,無,1703400,5100,,0.0,0,協議價購；,RPWNMLNJLHGGFHD28DA,0.0,0.0,0.0,無,
新市區,土地,大洲段597-1地號,121.0,,一般農業區,農牧用地,1100204,土地2建物0車位0,,,其他,,,,0.0,0,0,0,有,無,605000,5000,,0.0,0,協議價購；,RPXNMLNJLHGGFHD38DA,0.0,0.0,0.0,無,1748
新市區,土地,大洲段501-6地號,1313.0,,一般農業區,農牧用地,1100204,土地1建物0車位0,,,其他,,,,0.0,0,0,0,有,無,6958900,5300,,0.0,0,協議價購；,RPOOMLNJLHGGFHD57DA,0.0,0.0,0.0,無,
安定區,土地,港子尾段1342地號,1500.0,,特定農業區,農牧用地,1100224,土地1建物0車位0,,,其他,,,,0.0,0,0,0,有,無,6680000,4453,,0.0,0,,RPPOMLNJLHGGFHD67DA,0.0,0.0,0.0,無,
新市區,土地,大洲段501-5地號,145.0,,一般農業區,農牧用地,1100204,土地1建物0車位0,,,其他,,,,0.0,0,0,0,有,無,739500,5100,,0.0,0,協議價購；,RPQOMLNJLHGGFHD77DA,0.0,0.0,0.0,無,
新市區,土地,大洲段507-1地號,389.0,,一般農業區,農牧用地,1100204,土地1建物0車位0,,,其他,,,,0.0,0,0,0,有,無,2061700,5300,,0.0,0,協議價購；,RPROMLNJLHGGFHD87DA,0.0,0.0,0.0,無,
新市區,土地,大洲段553-4地號,887.0,,一般農業區,農牧用地,1100204,土地2建物0車位0,,,其他,,,,0.0,0,0,0,有,無,4701100,5300,,0.0,0,協議價購；,RPSOMLNJLHGGFHD97DA,0.0,0.0,0.0,無,
新市區,土地,大洲段588-21地號,249.0,,一般農業區,農牧用地,1100204,土地1建物0車位0,,,其他,,,,0.0,0,0,0,有,無,1319700,5300,,0.0,0,協議價購；,RPUOMLNJLHGGFHD18DA,0.0,0.0,0.0,無,1749
新化區,土地,新音段527地號,31.2,都市：其他:道路用地,,,1100225,土地1建物0車位0,,,其他,,,,0.0,0,0,0,有,無,200000,6410,,0.0,0,道路用地,RPPNMLSLKHGGFHD18DA,0.0,0.0,0.0,無,
新化區,房地(土地+建物),唪口７４號,155.0,,鄉村區,乙種建築用地,1100112,土地2建物1車位0,全,三層,透天厝,住家用,鋼筋混凝土造,0821216,166.8,5,2,1,有,無,6400000,38369,,0.0,0,一樓空地為增建頂樓加蓋；,RPTPMLNJLHGGFHD18DA,157.8,0.0,9.0,無,
新市區,土地,大洲段602-6地號,138.0,,一般農業區,農牧用地,1100204,土地1建物0車位0,,,其他,,,,0.0,0,0,0,有,無,690000,5000,,0.0,0,協議價購；,RPQQMLNJLHGGFHD97DA,0.0,0.0,0.0,無,
新市區,土地,大洲段602-8地號,1427.0,,一般農業區,農牧用地,1100204,土地2建物0車位0,,,其他,,,,0.0,0,0,0,有,無,7135000,5000,,0.0,0,協議價購；,RPRQMLNJLHGGFHD08DA,0.0,0.0,0.0,無,
新市區,土地,大洲段607-19地號,93.0,,一般農業區,農牧用地,1100204,土地1建物0車位0,,,其他,,,,0.0,0,0,0,有,無,530100,5700,,0.0,0,協議價購；,RPSQMLNJLHGGFHD18DA,0.0,0.0,0.0,無,
新市區,土地,大洲段607-23地號,954.0,,一般農業區,農牧用地,1100204,土地1建物0車位0,,,其他,,,,0.0,0,0,0,有,無,4770000,5000,,0.0,0,協議價購；,RPTQMLNJLHGGFHD28DA,0.0,0.0,0.0,無,
新市區,土地,大洲段607-24地號,84.29,,一般農業區,農牧用地,1100204,土地1建物0車位0,,,其他,,,,0.0,0,0,0,有,無,421429,5000,,0.0,0,協議價購；,RPUQMLNJLHGGFHD38DA,0.0,0.0,0.0,無,1750
新市區,房地(土地+建物),華興街７２巷５號,108.82,都市：其他:住宅區,,,1100225,土地2建物1車位0,全,四層,透天厝,住家用,鋼筋混凝土造,1091007,212.93,5,2,6,有,無,16500000,77490,,0.0,0,,RPQNMLOJLHGGFHD77DA,195.32,0.0,17.61,無,
善化區,土地,善駕段1261地號,76.57,都市：其他:計畫道路用地,,,1100221,土地2建物0車位0,,,其他,,,,0.0,0,0,0,有,無,579000,7562,,0.0,0,,RPXNMLOJLHGGFHD48DA,0.0,0.0,0.0,無,
善化區,房地(土地+建物),興華路２２３巷２２之１號,131.14,都市：其他:住宅區,,,1100124,土地2建物1車位0,全,四層,透天厝,住宅，門廊,鋼筋混凝土造,0930419,216.18,8,2,4,有,無,12250000,56666,,0.0,0,其他增建；,RPTOMLOJLHGGFHD18DA,196.5,3.12,16.56,無,
善化區,土地,曾文段1085-1地號,2069.25,,特定專用區,農牧用地,1100127,土地2建物0車位0,,,其他,,,,0.0,0,0,0,有,無,5445900,2632,,0.0,0,,RPOPMLOJLHGGFHD77DA,0.0,0.0,0.0,無,0013
關廟區,土地,下湖段545-10地號,363.0,,一般農業區,農牧用地,1100119,土地3建物0車位0,,,其他,,,,0.0,0,0,0,有,無,726000,2000,,0.0,0,,RPPOMLOJKHGGFID77DA,0.0,0.0,0.0,無,1752
關廟區,土地,深坑子段610地號,3331.0,,一般農業區,農牧用地,1100107,土地1建物0車位0,,,其他,,,,0.0,0,0,0,有,無,7500000,2252,,0.0,0,,RPPOMLSKKHGGFID28DA,0.0,0.0,0.0,無,
仁德區,土地,車頭段215地號,682.71,都市：其他:住宅區,,,1091010,土地3建物0車位0,,,其他,,,,0.0,0,0,0,有,無,37173000,54449,,0.0,0,,RPPOMLTKKHGGFID38DA,0.0,0.0,0.0,無,
仁德區,房地(土地+建物)+車位,太子里長興路３２號七樓之３,22.02,都市：其他:商業區,,,1100119,土地1建物1車位1,七層,十二層,住宅大樓(11層含以上有電梯),集合住宅。,鋼筋混凝土造,1041130,125.09,2,2,2,有,有,5300000,42369,坡道機械,0.0,0,親友、員工、共有人或其他特殊關係間之交易；,RPWNMLPLJHGGFID58DA,73.01,0.0,8.51,有,
新市區,土地,南港段838地號,104.71,都市：其他:計畫道路用地,,,1100129,土地3建物0車位0,,,其他,,,,0.0,0,0,0,有,無,1000000,9550,,0.0,0,包含公共設施保留地用地；,RPPOMLOJLHGGFHD87EA,0.0,0.0,0.0,無,
鹽水區,房地(土地+建物),福得里後厝４之４號,58.85,都市：其他:住宅區,,,1100223,土地1建物1車位0,全,三層,透天厝,住商用,鋼筋混凝土造,0710824,133.07,3,1,2,有,無,5500000,41332,,0.0,0,,RPVNMLPJLHGGFDD08EA,0.0,0.0,0.0,無,
新營區,土地,新北段524地號,4.0,都市：其他:住宅區,,,1100225,土地1建物0車位0,,,其他,,,,0.0,0,0,0,有,無,76800,19200,,0.0,0,,RPXNMLPJLHGGFDD28EA,0.0,0.0,0.0,無,
白河區,土地,仙草段1022地號,39.25,都市：其他:住宅區,,,1100125,土地6建物0車位0,,,其他,,,,0.0,0,0,0,有,無,250000,6369,,0.0,0,親友、員工、共有人或其他特殊關係間之交易；未登記建物；,RPRNMLPJLHGGFED77EA,0.0,0.0,0.0,無,
下營區,房地(土地+建物),大仁街２５號,103.0,都市：其他:住宅區,,,1100131,土地1建物1車位0,全,二層,透天厝,住家用,加強磚造,0690618,111.22,3,1,2,有,無,3150000,28322,,0.0,0,,RPWNMLSJLHGGFFD68EA,111.22,0.0,0.0,無,
學甲區,土地,學甲段217-23地號,2137.0,,河川區,農牧用地,1100218,土地2建物0車位0,,,其他,,,,0.0,0,0,0,有,無,400000,187,,0.0,0,,RPRNMLNJLHGGFGD77EA,0.0,0.0,0.0,無,
麻豆區,土地,磚子井段21-1地號,550.71,,鄉村區,乙種建築用地,1100208,土地3建物0車位0,,,其他,,,,0.0,0,0,0,有,無,4700000,8534,,0.0,0,親友、員工、共有人或其他特殊關係間之交易；未登記建物；,RPSOMLOJLHGGFFD97EA,0.0,0.0,0.0,無,
安南區,土地,理想段1540-5地號,23.79,都市：其他:細部計畫道路用地,,,1100220,土地4建物0車位0,,,其他,,,,0.0,0,0,0,有,無,158000,6641,,0.0,0,包含公共設施保留地用地；,RPSNMLOJLHGGFBD47EA,0.0,0.0,0.0,無,
安南區,土地,科工段432地號,6862.0,都市：其他:工業區,,,1100223,土地1建物0車位0,,,其他,,,,0.0,0,0,0,有,無,138344782,20161,,0.0,0,政府機關標讓售；,RPWNMLOJLHGGFBD87EA,0.0,0.0,0.0,無,
安南區,土地,科工段737地號,30205.87,都市：其他:工業區,,,1100223,土地1建物0車位0,,,其他,,,,0.0,0,0,0,有,無,560892800,18569,,0.0,0,,RPXNMLOJLHGGFBD97EA,0.0,0.0,0.0,無,
中西區,房地(土地+建物),永華一街１６５號,326.0,都市：其他:住宅區,,,1100202,土地2建物1車位0,全,五層,透天厝,住工用,鋼筋混凝土造,0760511,1161.06,8,2,8,有,無,32850000,28293,,0.0,0,親友、員工、共有人或其他特殊關係間之交易；,RPWNMLOJLHGGFAD77EA,1106.62,0.0,54.44,有,
永康區,房地(土地+建物),洲尾街３２１巷１０號,110.8,都市：其他:住宅區,,,1100211,土地1建物1車位0,全,四層,透天厝,住宅，停車空間,鋼筋混凝土造,1000422,300.58,16,0,16,有,無,18500000,61548,,0.0,0,其他增建；,RPRPMLOJLHGGFKD38DA,272.93,3.25,24.4,無,
永康區,房地(土地+建物),永安一街６５號,119.0,都市：其他:住宅區,,,1100115,土地1建物1車位0,全,四層,透天厝,住家用,鋼筋混凝土構造,1080522,289.18,5,2,6,有,無,34580000,119580,,0.0,0,,RPWPMLOJLHGGFKD88DA,266.71,0.0,22.47,有,
永康區,房地(土地+建物),永安一街５７號,119.0,都市：其他:住宅區,,,1100202,土地1建物1車位0,全,四層,透天厝,住家用,鋼筋混凝土構造,1080522,289.18,5,2,6,有,無,35000000,121032,,0.0,0,,RPRQMLOJLHGGFKD48DA,266.71,0.0,22.47,有,
永康區,土地,大灣段5580地號,1508.0,都市：其他:零星工廠區,,,1090704,土地1建物0車位0,,,其他,,,,0.0,0,0,0,有,無,50910000,33760,,0.0,0,未登記建物；,RPRPMLPJLHGGFKD48DA,0.0,0.0,0.0,無,
永康區,土地,大灣段5579-4地號,281.0,都市：其他:農業區,,,1090704,土地1建物0車位0,,,其他,,,,0.0,0,0,0,有,無,4250000,15125,,0.0,0,,RPSPMLPJLHGGFKD58DA,0.0,0.0,0.0,無,
永康區,房地(土地+建物),龍橋街４８７號,75.78,都市：其他:住宅區,,,1090204,土地1建物1車位0,全,四層,透天厝,店鋪，住宅,鋼筋混凝土構造,1090716,200.53,5,2,4,有,無,13360000,66623,,0.0,0,,RPTNMLOJLHGGFKD38DA,169.79,0.0,30.74,無,
永康區,房地(土地+建物),龍橋街４５９巷８之４２號,73.75,都市：其他:住宅區,,,1100208,土地1建物1車位0,全,四層,透天厝,住家用,鋼筋混凝土構造,1090717,173.95,5,2,3,有,無,14680000,84392,,0.0,0,含裝潢費；,RPUNMLOJLHGGFKD48DA,144.52,0.0,29.43,無,
永康區,房地(土地+建物),復華三街９０巷２９號,81.08,都市：其他:住宅區,,,1100104,土地1建物1車位0,全,四層,透天厝,住家用,鋼筋混凝土造,0830131,191.8,5,2,3,有,無,7600000,39625,,0.0,0,其他增建；,RPSOMLSKKHGGFKD78DA,165.69,7.75,18.36,無,
永康區,土地,六甲頂段1194地號,234.0,都市：其他:停車場用地,,,1100204,土地1建物0車位0,,,其他,,,,0.0,0,0,0,有,無,10970900,46884,,0.0,0,包含公共設施保留地用地；,RPVOMLRKKHGGFKD98DA,0.0,0.0,0.0,無,
永康區,土地,南工段362地號,474.26,都市：其他:計畫道路用地,,,1100225,土地1建物0車位0,,,其他,,,,0.0,0,0,0,有,無,4300000,9067,,0.0,0,包含公共設施保留地用地；,RPQPMLPLKHGGFKD48DA,0.0,0.0,0.0,無,1753
永康區,房地(土地+建物),王行路８６６巷２９弄１００之７號,82.1,都市：其他:農業區,,,1100127,土地4建物1車位0,全,四層,透天厝,住家用,鋼筋混凝土構造,1031217,170.23,4,2,3,有,無,12500000,73430,,0.0,0,,RPUQMLMJLHGGFKD58DA,158.06,0.0,12.17,無,
永康區,房地(土地+建物),五王里中華二路２０６巷６８弄５９號五樓之３,20.4,都市：其他:商業區,,,1100119,土地1建物1車位0,五層,五層,公寓(5樓含以下無電梯),住家用,鋼筋混凝土造,0700608,92.15,2,2,2,有,無,2800000,30385,,0.0,0,,RPVVMLNJLHGGFKD66DA,70.0,0.0,7.2,無,
永康區,房地(土地+建物),復華三街６４號九樓之２,6.45,都市：其他:市場用地,,,1100112,土地1建物1車位0,九層,十九層,住宅大樓(11層含以上有電梯),住家用,鋼筋混凝土造,0840908,73.78,2,2,1,有,有,3850000,52182,,0.0,0,,RPVRMLRLJHGGFKD66DA,50.49,0.0,4.03,有,1754
永康區,房地(土地+建物),中華一路１９７號,88.09,都市：其他:住宅區,,,1100106,土地1建物1車位0,全,四層,透天厝,防空避難室、店舖、住宅。,鋼筋混凝土造,0740430,249.09,7,2,5,有,無,23500000,94343,,0.0,0,,RPTQMLSKJHGGFKD98DA,245.59,0.0,3.5,無,
永康區,房地(土地+建物),崑大路１５５巷７１號,113.91,都市：其他:住宅區,,,1091224,土地2建物1車位0,全,四層,透天厝,住家用,鋼筋混凝土造,0960212,274.03,16,0,16,有,無,14500000,52914,,0.0,0,,RPROMLOKJHGGFKD18DA,242.99,0.0,31.04,無,1755
楠西區,土地,龜丹段162地號,3000.0,,山坡地保育區,農牧用地,1100129,土地1建物0車位0,,,其他,,,,0.0,0,0,0,有,無,3090000,1030,,0.0,0,,RPRNMLPJKHGGFJD08DA,0.0,0.0,0.0,無,1756
永康區,土地,永保段323地號,588.13,都市：其他:國中學校用地,,,1091127,土地4建物0車位0,,,其他,,,,0.0,0,0,0,有,無,6810000,11579,,0.0,0,,RPURMLNLJIPFFKD07DA,0.0,0.0,0.0,無,1706
仁德區,房地(土地+建物),保生東路１３８巷１６號,62.16,都市：其他:住宅區,,,1100128,土地1建物1車位0,全,二層,透天厝,住商用,加強磚造,0700608,89.32,4,2,3,有,無,5680000,63592,,0.0,0,頂樓加蓋；其他增建；,RPTNMLMJLHGGFID97DA,83.86,0.0,5.46,無,
仁德區,房地(土地+建物),大甲里中正西路４０２號三樓之１８,4.83,都市：其他:住宅區,,,1100205,土地2建物1車位0,三層,四層,華廈(10層含以下有電梯),辦公室,鋼筋混凝土造,0960920,13.629999999999999,1,1,1,有,有,500000,36684,,0.0,0,,RPUNMLNJLHGGFID18DA,7.14,0.9,0.0,有,
歸仁區,房地(土地+建物),七甲里南潭三街１６２巷６弄６號,90.5,,特定農業區,甲種建築用地,1091210,土地2建物1車位0,全,五層,透天厝,住家用,鋼骨鋼筋混凝土造,0830701,194.95,4,2,4,有,無,5450000,27956,,0.0,0,,RPQNMLQLKHGGFID18DA,178.63,0.0,16.32,無,1758
仁德區,房地(土地+建物),保安里文賢路一段５５４巷１０弄２０號,111.96,都市：其他:住宅區,,,1100112,土地1建物1車位0,全,三層,透天厝,住家用,鋼筋混凝土造,0830422,154.0,8,0,8,有,無,7500000,48701,,0.0,0,,RPPNMLPJLHGGFID87DA,127.56,16.48,9.96,無,
仁德區,房地(土地+建物),仁義四街８７號,68.76,都市：其他:住宅區,,,1100106,土地2建物1車位0,全,四層,透天厝,集合住宅、停車空間,鋼筋混凝土構造,1090602,164.7,5,2,4,有,無,11860000,72010,,0.0,0,,RPPNMLOJLHGGFID77DA,142.33,0.0,22.37,無,
歸仁區,土地,武東段156-2地號,3387.4,都市：其他:住宅區,,,1091130,土地3建物0車位0,,,其他,,,,0.0,0,0,0,有,無,327900000,96800,,0.0,0,,RPXNMLOJLHGGFID58DA,0.0,0.0,0.0,無,1759
永康區,土地,永康段1140-3地號,262.0,都市：其他:廣場兼停車場用地,,,1091110,土地3建物0車位0,,,其他,,,,0.0,0,0,0,有,無,3200000,12214,,0.0,0,包含公共設施保留地用地；,RPXOMLPLKIPFFKD37DA,0.0,0.0,0.0,無,1760
仁德區,土地,上崙段683地號,99.18,都市：其他:商業區,,,1100202,土地1建物0車位0,,,其他,,,,0.0,0,0,0,有,無,5250000,52934,,0.0,0,,RPWOMLNJLHGGFID48DA,0.0,0.0,0.0,無,
仁德區,房地(土地+建物),中正路二段１２０５巷１０號四樓之１,26.35,都市：其他:住宅區,,,1100125,土地1建物1車位0,四層,七層,華廈(10層含以下有電梯),住家用,鋼筋混凝土造,0830225,137.67,3,2,2,有,有,5000000,36319,,0.0,0,,RPRNMLPJLHGGFID08DA,98.04,0.0,7.7,有,1761
仁德區,房地(土地+建物),上崙村德崙路１９６巷１３號,77.91,都市：其他:住宅區,,,1100126,土地1建物1車位0,全,二層,透天厝,住商用,加強磚造,0700224,107.94,6,2,2,有,無,4800000,44469,,0.0,0,頂樓加蓋；其他增建；,RPQOMLOJLHGGFID97DA,105.84,0.0,2.1,無,
關廟區,房地(土地+建物),大仁街２３５巷２７號,90.8,都市：其他:住宅區,,,1100116,土地2建物1車位0,全,四層,透天厝,集合住宅、停車空間,鋼筋混凝土構造,1090721,199.32,4,2,4,有,無,8750000,43899,,0.0,0,未登記建物；,RPQNMLPLKHGGFID08DA,183.13,0.0,16.19,無,
歸仁區,房地(土地+建物),後市里大通路１０８號,64.0,都市：其他:住宅區,,,1100105,土地1建物1車位0,全,三層,透天厝,住商用,加強磚造,0681210,126.6,4,3,3,有,無,8500000,67141,,0.0,0,其他增建：1~4樓增建，頂樓加蓋鐵皮屋頂樓加蓋；其他增建；,RPWNMLPJLHGGFID58DA,126.6,0.0,0.0,無,1762
歸仁區,土地,豬厝段560-2地號,462.5,,一般農業區,農牧用地,1100114,土地1建物0車位0,,,其他,,,,0.0,0,0,0,有,無,3000000,6486,,0.0,0,親友、員工、共有人或其他特殊關係間之交易；未登記建物；,RPPNMLSJLHGGFID18DA,0.0,0.0,0.0,無,
仁德區,土地,中軍段869-1地號,33.92,都市：其他:農業區,,,1100220,土地2建物0車位0,,,其他,,,,0.0,0,0,0,有,無,357517,10540,,0.0,0,政府機關標讓售；,RPQOMLSJLHGGFID38DA,0.0,0.0,0.0,無,
南化區,房地(土地+建物),小崙５５之１號,2459.0,,山坡地保育區,農牧用地,1100125,土地1建物1車位0,全,一層,透天厝,自用農舍,加強磚造,0900110,111.42,3,1,1,有,無,6000000,53850,,0.0,0,,RPPNMLPJLHGGFJD97DA,111.42,0.0,0.0,無,
南化區,土地,竹頭崎段434-6地號,4142.0,,山坡地保育區,農牧用地,1100113,土地1建物0車位0,,,其他,,,,0.0,0,0,0,有,無,2485200,600,,0.0,0,,RPPNMLMJKHGGFJD57DA,0.0,0.0,0.0,無,
永康區,房地(土地+建物)+車位,安康里中華路７２７巷９６號三樓之５,10.01,都市：其他:住宅區,,,1100122,土地1建物1車位1,三層,十四層,住宅大樓(11層含以上有電梯),住家用,鋼筋混凝土造,0880824,118.22,3,2,2,有,有,6000000,52305,坡道平面,26.45,1200000,,RPRNMLOLJHGGFKD18DA,67.0,0.0,4.81,有,1763
永康區,土地,蜈蜞潭段1244-5地號,2709.0,都市：其他:住宅區,,,1090908,土地5建物0車位0,,,其他,,,,0.0,0,0,0,有,無,244129600,90118,,0.0,0,,RPSNMLOJKHGGFKD18DA,0.0,0.0,0.0,無,
永康區,土地,國聖段208地號,52.95,都市：其他:道路用地,,,1091201,土地1建物0車位0,,,其他,,,,0.0,0,0,0,有,無,420000,7932,,0.0,0,包含公共設施保留地用地；,RPWPMLLMJHGGFKD68DA,0.0,0.0,0.0,無,1764
永康區,房地(土地+建物),安康里大橋一街５７之５號十三樓之１３,3.08,都市：其他:住宅區,,,1100222,土地1建物1車位0,十三層,十四層,住宅大樓(11層含以上有電梯),住家用,鋼筋混凝土造,0880824,30.32,1,1,1,有,有,1860000,61346,,0.0,0,,RPXVMLNJLHGGFKD86DA,19.57,0.0,3.1,有,0524
永康區,房地(土地+建物)+車位,勝利里中華一路２０３巷１６號十樓之３,9.67,都市：其他:商業區,,,1100127,土地1建物1車位1,十層,十一層,住宅大樓(11層含以上有電梯),一般事務所。,鋼筋混凝土造,0871026,107.05,3,2,2,有,有,4300000,40168,坡道平面,20.11,0,,RPVOMLPLKHGGFKD88DA,40.43,5.44,13.88,有,
永康區,房地(土地+建物)+車位,東橋十二街１６８號七樓之６,18.42,都市：其他:住宅區,,,1100130,土地1建物1車位1,七層,十五層,住宅大樓(11層含以上有電梯),住家用,鋼筋混凝土構造,1080315,108.08,2,2,2,有,有,8300000,76795,坡道平面,25.59,0,,RPRUMLOLKHGGFKD98DA,51.46,0.0,5.86,有,1766
永康區,房地(土地+建物)+車位,網寮里永二街２４５巷２７之４號三樓,22.52,都市：其他:住宅區,,,1091112,土地1建物1車位1,三層,七層,華廈(10層含以下有電梯),住家用,鋼筋混凝土造,0831213,121.83,3,2,2,有,有,4500000,36937,坡道平面,0.0,0,,RPTPMLSKKHGGFKD98DA,76.29,0.0,9.62,有,
永康區,房地(土地+建物),大橋一街３２４巷２５弄６號,91.75,都市：其他:住宅區,,,1100207,土地2建物1車位0,全,二層,透天厝,住家用,加強磚造,0730119,108.88,3,2,1,有,無,5000000,45922,,0.0,0,,RPRNMLPJLHGGFKD28DA,87.1,15.45,6.33,無,
永康區,房地(土地+建物),大同街８０號,87.88,都市：其他:住宅區,,,1100205,土地1建物1車位0,全,二層,透天厝,住家用,加強磚造,0730313,114.89,4,1,2,有,無,7180000,62495,,0.0,0,,RPXNMLPJLHGGFKD88DA,110.9,0.0,3.99,無,1767
永康區,房地(土地+建物),中華路１０巷１６之４號三樓,34.74,都市：其他:住宅區,,,1100127,土地1建物1車位0,三層,十二層,住宅大樓(11層含以上有電梯),住家用,鋼筋混凝土造,0790508,236.09,5,2,3,有,有,7800000,33038,,0.0,0,,RPPOMLPJLHGGFKD18DA,156.99,12.86,21.62,有,
永康區,房地(土地+建物),忠義街６０巷３號十三樓之７,4.73,都市：其他:商業區,,,1100120,土地1建物1車位0,十三層,十五層,住宅大樓(11層含以上有電梯),辦公室。,鋼筋混凝土造,0840331,43.58,1,1,1,有,有,1980000,45434,,0.0,0,,RPSOMLOJLHGGFKD38DA,30.64,0.0,4.96,有,1768
永康區,土地,蔦松南段435地號,204.98,都市：其他:住宅區,,,1100206,土地1建物0車位0,,,其他,,,,0.0,0,0,0,有,無,9300000,45370,,0.0,0,,RPVOMLOJLHGGFKD68DA,0.0,0.0,0.0,無,
永康區,房地(土地+建物),大灣路４０巷２０８弄１２號,82.25,都市：其他:住宅區,,,1100127,土地2建物1車位0,全,四層,透天厝,住家用,鋼筋混凝土構造,1091014,178.16,5,2,5,有,無,14000000,78581,,0.0,0,,RPUNMLSJLHGGFKD88DA,170.98,0.0,7.18,無,
永康區,房地(土地+建物),五王里中華路５７８巷２之３號五樓之３,3.97,都市：其他:住宅區,,,1100227,土地2建物1車位0,五層,八層,華廈(10層含以下有電梯),住家用,鋼筋混凝土造,0851028,23.31,1,0,1,有,有,980000,42042,,0.0,0,,RPVPMLSJLHGGFKD56DA,15.03,0.0,2.28,有,
永康區,房地(土地+建物),五王里中華路５７８巷２之３號七樓之３,3.97,都市：其他:住宅區,,,1100227,土地2建物1車位0,七層,八層,華廈(10層含以下有電梯),住家用,鋼筋混凝土造,0851028,23.31,1,0,1,有,有,980000,42042,,0.0,0,,RPWPMLSJLHGGFKD66DA,15.03,0.0,2.28,有,
永康區,房地(土地+建物),北灣里大灣路４０巷５８弄２３之２號,38.0,都市：其他:住宅區,,,1091214,土地1建物1車位0,四層，五層，夾層,五層,公寓(5樓含以下無電梯),住家用,鋼筋混凝土造,0830316,163.47,3,2,3,有,無,3900000,23858,,0.0,0,親友、員工、共有人或其他特殊關係間之交易；,RPWRMLTJLHGGFKD96DA,105.52,1.62,11.16,無,
安南區,土地,淵北段770地號,966.67,都市：其他:農業區,,,1100120,土地1建物0車位0,,,其他,,,,0.0,0,0,0,有,無,5000000,5172,,0.0,0,,RPOPMLOJLHGGFBD27EA,0.0,0.0,0.0,無,1769
安南區,土地,頂安段183-3地號,322.12,都市：其他:細部計畫道路用地,,,1100107,土地3建物0車位0,,,其他,,,,0.0,0,0,0,有,無,15003500,46577,,0.0,0,,RPQPMLPJLHGGFBD57EA,0.0,0.0,0.0,無,
安南區,土地,淵北段793地號,1666.23,都市：其他:主要計畫道路用地,,,1100129,土地1建物0車位0,,,其他,,,,0.0,0,0,0,有,無,7498035,4500,,0.0,0,包含公共設施保留地用地；,RPXQMLPJLHGGFBD38EA,0.0,0.0,0.0,無,1770
安南區,土地,淵南段245地號,4533.36,都市：其他:農業區,,,1100209,土地5建物0車位0,,,其他,,,,0.0,0,0,0,有,無,33597855,7411,,0.0,0,農作物；,RPPRMLPJLHGGFBD67EA,0.0,0.0,0.0,無,
東區,房地(土地+建物),林森路二段１９２巷２３號之１０,22.48,都市：其他:第五種住宅區,,,1100203,土地23建物1車位0,十一層,十二層,住宅大樓(11層含以上有電梯),住家用,鋼筋混凝土造,0730118,98.84,3,2,2,有,有,4700000,47547,,0.0,0,親友、員工、共有人或其他特殊關係間之交易；,RPROMLPJLHGGFCD67EA,78.76,0.0,7.99,有,1771
六甲區,土地,忠孝段468地號,1000.0,都市：其他:農業區,,,1100118,土地1建物0車位0,,,其他,,,,0.0,0,0,0,有,無,1600000,1600,,0.0,0,親友、員工、共有人或其他特殊關係間之交易；,RPQNMLOJKHGGFFD57EA,0.0,0.0,0.0,無,
新營區,土地,新秀才段327地號,390.85,,一般農業區,甲種建築用地,1100225,土地2建物0車位0,,,其他,,,,0.0,0,0,0,有,無,1000000,2559,,0.0,0,,RPPNMLSJLHGGFDD77EA,0.0,0.0,0.0,無,
鹽水區,房地(土地+建物),歡雅９９之３５號,118.16,,鄉村區,乙種建築用地,1100228,土地3建物1車位0,全,三層,透天厝,住家用,鋼筋混凝土造,0830503,157.01,4,2,3,有,無,2260000,14394,,0.0,0,,RPQNMLTJLHGGFDD97EA,137.59,6.29,13.13,無,1772
鹽水區,房地(土地+建物),土庫８４號二樓之十三,38.36,,鄉村區,乙種建築用地,1100223,土地1建物1車位0,二層,四層,公寓(5樓含以下無電梯),住家用,鋼筋混凝土造,0820401,30.34,1,0,1,有,無,590000,19446,,0.0,0,,RPUNMLTJLHGGFDD38EA,21.42,0.0,1.29,無,1773
鹽水區,房地(土地+建物),土庫８４號二樓之十二,38.36,,鄉村區,乙種建築用地,1100223,土地1建物1車位0,二層,四層,公寓(5樓含以下無電梯),住家用,鋼筋混凝土造,0820401,30.28,1,0,1,有,無,588000,19419,,0.0,0,,RPVNMLTJLHGGFDD48EA,21.73,0.0,1.29,無,
鹽水區,房地(土地+建物),土庫８４號二樓之十六,38.36,,鄉村區,乙種建築用地,1100223,土地1建物2車位0,二層,四層,公寓(5樓含以下無電梯),住家用,鋼筋混凝土造,0820401,61.78,1,0,1,有,無,1202000,19456,,0.0,0,,RPWNMLTJLHGGFDD58EA,34.86,0.0,10.78,無,
善化區,土地,德興段42地號,219.4,,鄉村區,乙種建築用地,1100219,土地1建物0車位0,,,其他,,,,0.0,2,1,1,有,無,1839228,8383,,0.0,0,親友、員工、共有人或其他特殊關係間之交易；未登記建物；,RPQNMLSJLHGGFHD28EA,0.0,0.0,0.0,無,
關廟區,房地(土地+建物),新埔里新埔三街２７巷３７號,161.33,都市：其他:住宅區,,,1100208,土地2建物1車位0,全,一層,透天厝,住家用,土造,,71.85,6,1,2,有,無,2196000,30564,,0.0,0,建物移轉持分9/4,RPOOMLLJKHGGFID47EA,0.0,0.0,0.0,無,
關廟區,土地,山西段875地號,357.5,都市：其他:住宅區,,,1091029,土地2建物0車位0,,,其他,,,,0.0,0,0,0,有,無,4320000,12084,,0.0,0,預售屋、或土地及建物分次登記案件；,RPQNMLSJLHGGFID38EA,0.0,0.0,0.0,無,1774
永康區,土地,大灣段7297地號,96.0,都市：其他:住宅區,,,1100208,土地1建物0車位0,,,其他,,,,0.0,0,0,0,有,無,9000000,93750,,0.0,0,,RPSOMLPJLHGGFKD58EA,0.0,0.0,0.0,無,
永康區,土地,大灣段7297-1地號,97.0,都市：其他:住宅區,,,1100208,土地1建物0車位0,,,其他,,,,0.0,0,0,0,有,無,9090000,93711,,0.0,0,,RPTOMLPJLHGGFKD68EA,0.0,0.0,0.0,無,
仁德區,房地(土地+建物),保安里保學一街４５巷２２號,101.97,都市：其他:住宅區,,,1100110,土地4建物1車位0,全,三層,透天厝,住家用,鋼筋混凝土造,0950929,166.38,8,0,8,有,無,7410000,44537,,0.0,0,頂樓加蓋；,RPQNMLSLJHGGFID28DA,155.0,1.26,10.12,無,
歸仁區,房地(土地+建物),大潭里長榮路一段１７１巷９號,99.69,,鄉村區,乙種建築用地,1100202,土地1建物1車位0,全,二層,透天厝,住家用,加強磚造,0700803,133.05,7,4,3,有,無,3000000,22548,,0.0,0,未登記建物；,RPTNMLTJKHGGFID58DA,119.56,7.05,6.44,無,
善化區,土地,成功段815地號,248.92,都市：其他:計畫道路用地,,,1100209,土地3建物0車位0,,,其他,,,,0.0,0,0,0,有,無,5600000,22497,,0.0,0,未登記建物；,RPPNMLPJLHGGFHD77DA,0.0,0.0,0.0,無,
新化區,土地,礁坑子段495-1地號,1125.62,,山坡地保育區,農牧用地,1100224,土地2建物0車位0,,,其他,,,,0.0,0,0,0,有,無,880000,782,,0.0,0,,RPUOMLOJLHGGFHD28DA,0.0,0.0,0.0,無,
新市區,土地,福壽段1067地號,1.5,都市：其他:計畫道路用地,,,1100129,土地1建物0車位0,,,其他,,,,0.0,0,0,0,有,無,15000,10000,,0.0,0,包含公共設施保留地用地；,RPURMLNJLHGGFHD48DA,0.0,0.0,0.0,無,1775
新市區,土地,大洲段617-39地號,117.0,,一般農業區,農牧用地,1100204,土地1建物0車位0,,,其他,,,,0.0,0,0,0,有,無,690300,5900,,0.0,0,協議價購；,RPVRMLNJLHGGFHD58DA,0.0,0.0,0.0,無,
新市區,土地,大洲段607-18地號,614.0,,一般農業區,農牧用地,1100204,土地1建物0車位0,,,其他,,,,0.0,0,0,0,有,無,3499800,5700,,0.0,0,協議價購；,RPWRMLNJLHGGFHD68DA,0.0,0.0,0.0,無,
新市區,土地,大洲段607-24地號,42.14,,一般農業區,農牧用地,1100204,土地1建物0車位0,,,其他,,,,0.0,0,0,0,有,無,210714,5000,,0.0,0,協議價購；,RPVQMLNJLHGGFHD48DA,0.0,0.0,0.0,無,1750
新市區,土地,大洲段607-24地號,42.14,,一般農業區,農牧用地,1100204,土地1建物0車位0,,,其他,,,,0.0,0,0,0,有,無,210714,5000,,0.0,0,協議價購；,RPWQMLNJLHGGFHD58DA,0.0,0.0,0.0,無,1750
善化區,房地(土地+建物),茄拔１８０之３１號,134.25,,鄉村區,乙種建築用地,1100122,土地3建物1車位0,全,三層,透天厝,住家用,鋼筋混凝土造,1091211,219.92,3,2,4,有,無,7950000,36150,,0.0,0,,RPOOMLMJLHGGFHD47DA,194.11,0.0,25.81,無,
新市區,土地,大洲段596-1地號,1174.67,,一般農業區,農牧用地,1100204,土地1建物0車位0,,,其他,,,,0.0,0,0,0,有,無,5873333,5000,,0.0,0,協議價購；,RPUPMLNJLHGGFHD28DA,0.0,0.0,0.0,無,1778
新市區,土地,大洲段598-1地號,980.83,,一般農業區,農牧用地,1100204,土地1建物0車位0,,,其他,,,,0.0,0,0,0,有,無,5002250,5100,,0.0,0,協議價購；,SPUPMLNJLHGGFHD38DA,0.0,0.0,0.0,無,
新市區,土地,大洲段597-1地號,612.33,,一般農業區,農牧用地,1100204,土地2建物0車位0,,,其他,,,,0.0,0,0,0,有,無,3061667,5000,,0.0,0,協議價購；,RPVPMLNJLHGGFHD38DA,0.0,0.0,0.0,無,1748
新市區,土地,大洲段596-1地號,1174.67,,一般農業區,農牧用地,1100204,土地1建物0車位0,,,其他,,,,0.0,0,0,0,有,無,5873333,5000,,0.0,0,協議價購；,RPWPMLNJLHGGFHD48DA,0.0,0.0,0.0,無,1778
新市區,土地,大洲段596-1地號,587.33,,一般農業區,農牧用地,1100204,土地1建物0車位0,,,其他,,,,0.0,0,0,0,有,無,2936667,5000,,0.0,0,協議價購；,RPXPMLNJLHGGFHD58DA,0.0,0.0,0.0,無,1778
安定區,土地,安定段1206地號,2900.0,都市：其他:農業區(供申請變更開發為產業支援區),,,1091212,土地1建物0車位0,,,其他,,,,0.0,0,0,0,有,無,59880000,20648,,0.0,0,,RPPNMLQLKHGGFHD97DA,0.0,0.0,0.0,無,
新市區,土地,大洲段588-21地號,249.0,,一般農業區,農牧用地,1100204,土地1建物0車位0,,,其他,,,,0.0,0,0,0,有,無,1319700,5300,,0.0,0,協議價購；,RPXOMLNJLHGGFHD48DA,0.0,0.0,0.0,無,1749
新市區,土地,大洲段588-24地號,686.0,,一般農業區,農牧用地,1100204,土地2建物0車位0,,,其他,,,,0.0,0,0,0,有,無,3635800,5300,,0.0,0,協議價購；,RPPPMLNJLHGGFHD77DA,0.0,0.0,0.0,無,
新市區,土地,大洲段588-26地號,241.6,,一般農業區,農牧用地,1100204,土地1建物0車位0,,,其他,,,,0.0,0,0,0,有,無,1232160,5100,,0.0,0,協議價購；,RPQPMLNJLHGGFHD87DA,0.0,0.0,0.0,無,
安定區,房地(土地+建物),新吉７８之１９號,80.28,,鄉村區,乙種建築用地,1091217,土地5建物1車位0,全,四層,透天厝,住家用,鋼筋混凝土造,1060815,209.26,5,2,6,有,無,10500000,50177,,0.0,0,,RPWNMLNLKHGGFHD38DA,175.76,0.0,33.5,有,1783
善化區,房地(土地+建物),自由路１８９巷３號,109.67,都市：其他:住宅區,,,1100122,土地2建物1車位0,全,三層,透天厝,住宅，門廊，停車空間,鋼筋混凝土造,0910221,179.8,7,2,7,有,無,10700000,59511,,0.0,0,頂樓加蓋；,RPPOMLPLKHGGFHD97DA,174.9,0.0,4.9,無,
新市區,房地(土地+建物)+車位,復興路１０５號四樓之３,15.57,都市：其他:住宅區,,,1070415,土地1建物1車位1,四層,十四層,住宅大樓(11層含以上有電梯),集合住宅,鋼筋混凝土造,1091021,105.75,2,2,1,有,有,4260000,44089,坡道平面,29.54,900000,預售屋、或土地及建物分次登記案件；,RPROMLMJLHGGFHD77DA,47.29,0.0,3.37,有,
新市區,房地(土地+建物)+車位,復興路１０５號四樓之２,20.96,都市：其他:住宅區,,,1070401,土地1建物1車位1,四層,十四層,住宅大樓(11層含以上有電梯),集合住宅,鋼筋混凝土造,1091021,133.93,3,2,2,有,有,5430000,43874,坡道平面,29.54,850000,預售屋、或土地及建物分次登記案件；,RPSOMLMJLHGGFHD87DA,65.6,0.0,3.22,有,
新市區,房地(土地+建物)+車位,復興路１０７號五樓之５,20.96,都市：其他:住宅區,,,1080126,土地1建物1車位1,五層,十四層,住宅大樓(11層含以上有電梯),集合住宅,鋼筋混凝土造,1091021,136.63,3,2,2,有,有,5750000,45437,坡道平面,32.09,1000000,預售屋、或土地及建物分次登記案件；,RPTOMLMJLHGGFHD97DA,65.68,0.0,3.29,有,
新市區,房地(土地+建物),復興路１０５號五樓之１,20.36,都市：其他:住宅區,,,1070506,土地1建物1車位0,五層,十四層,住宅大樓(11層含以上有電梯),集合住宅,鋼筋混凝土造,1091021,104.36999999999999,3,2,2,有,有,4600000,44074,,0.0,0,預售屋、或土地及建物分次登記案件；,RPUOMLMJLHGGFHD08DA,65.6,0.0,3.22,有,
新市區,房地(土地+建物)+車位,復興路１０７號六樓之２,20.96,都市：其他:住宅區,,,1060927,土地1建物1車位1,六層,十四層,住宅大樓(11層含以上有電梯),集合住宅,鋼筋混凝土造,1091021,133.91,3,2,2,有,有,5510000,44170,坡道平面,29.54,900000,預售屋、或土地及建物分次登記案件；,RPVOMLMJLHGGFHD18DA,65.6,0.0,3.22,有,
新市區,房地(土地+建物)+車位,復興路１０７號十樓之３,15.57,都市：其他:住宅區,,,1070122,土地1建物1車位1,十層,十四層,住宅大樓(11層含以上有電梯),集合住宅,鋼筋混凝土造,1091021,105.72,2,2,1,有,有,4620000,48832,坡道平面,29.54,900000,預售屋、或土地及建物分次登記案件；,RPWOMLMJLHGGFHD28DA,47.29,0.0,3.37,有,
新市區,房地(土地+建物)+車位,復興路１０７號四樓之３,15.57,都市：其他:住宅區,,,1070114,土地1建物1車位1,四層,十四層,住宅大樓(11層含以上有電梯),集合住宅,鋼筋混凝土造,1091021,108.3,2,2,1,有,有,4190000,43170,坡道平面,32.09,900000,預售屋、或土地及建物分次登記案件；,RPXOMLMJLHGGFHD38DA,47.29,0.0,3.37,有,
新市區,房地(土地+建物)+車位,復興路１０５號四樓之５,20.96,都市：其他:住宅區,,,1070609,土地1建物1車位1,四層,十四層,住宅大樓(11層含以上有電梯),集合住宅,鋼筋混凝土造,1091021,136.73000000000002,3,2,2,有,有,5600000,44916,坡道平面,32.09,900000,預售屋、或土地及建物分次登記案件；,RPOPMLMJLHGGFHD57DA,65.68,0.0,3.29,有,
新市區,房地(土地+建物)+車位,復興路１０７號五樓之７,15.57,都市：其他:住宅區,,,1060924,土地1建物1車位1,五層,十四層,住宅大樓(11層含以上有電梯),集合住宅,鋼筋混凝土造,1091021,105.63,2,2,1,有,有,4230000,44421,坡道平面,29.54,850000,預售屋、或土地及建物分次登記案件；,RPPPMLMJLHGGFHD67DA,47.22,0.0,3.37,有,
新市區,房地(土地+建物)+車位,復興路１０５號六樓之６,20.96,都市：其他:住宅區,,,1061210,土地1建物1車位1,六層,十四層,住宅大樓(11層含以上有電梯),集合住宅,鋼筋混凝土造,1091021,136.64,3,2,2,有,有,5830000,47154,坡道平面,32.09,900000,預售屋、或土地及建物分次登記案件；,RPQPMLMJLHGGFHD77DA,65.68,0.0,3.22,有,
新市區,房地(土地+建物),復興路１０７號七樓之７,14.97,都市：其他:住宅區,,,1070316,土地1建物1車位0,七層,十四層,住宅大樓(11層含以上有電梯),集合住宅,鋼筋混凝土造,1091021,76.09,2,2,1,有,有,3490000,45867,,0.0,0,預售屋、或土地及建物分次登記案件；,RPRPMLMJLHGGFHD87DA,47.22,0.0,3.37,有,
新市區,房地(土地+建物)+車位,復興路１０５號八樓之３,15.57,都市：其他:住宅區,,,1060924,土地1建物1車位1,八層,十四層,住宅大樓(11層含以上有電梯),集合住宅,鋼筋混凝土造,1091021,105.72,2,2,1,有,有,4550000,49572,坡道平面,32.09,900000,預售屋、或土地及建物分次登記案件；,RPSPMLMJLHGGFHD97DA,47.29,0.0,3.37,有,
新市區,房地(土地+建物)+車位,復興路１０７號九樓之１,20.96,都市：其他:住宅區,,,1061012,土地1建物1車位1,九層,十四層,住宅大樓(11層含以上有電梯),集合住宅,鋼筋混凝土造,1091021,136.45999999999998,3,2,2,有,有,6060000,48960,坡道平面,32.09,950000,預售屋、或土地及建物分次登記案件；,RPTPMLMJLHGGFHD08DA,65.6,0.0,3.22,有,
新市區,房地(土地+建物)+車位,復興路１０５號九樓之１,20.96,都市：其他:住宅區,,,1070725,土地1建物1車位1,九層,十四層,住宅大樓(11層含以上有電梯),集合住宅,鋼筋混凝土造,1091021,136.45999999999998,3,2,2,有,有,5860000,47044,坡道平面,32.09,950000,預售屋、或土地及建物分次登記案件；,RPUPMLMJLHGGFHD18DA,65.6,0.0,3.22,有,
新市區,房地(土地+建物)+車位,復興路１０５號十二樓之３,15.57,都市：其他:住宅區,,,1070624,土地1建物1車位1,十二層,十四層,住宅大樓(11層含以上有電梯),集合住宅,鋼筋混凝土造,1091021,105.72,2,2,1,有,有,4730000,50932,坡道平面,29.54,850000,預售屋、或土地及建物分次登記案件；,RPVPMLMJLHGGFHD28DA,47.29,0.0,3.37,有,
新市區,房地(土地+建物)+車位,復興路１０７號十一樓之７,15.57,都市：其他:住宅區,,,1070624,土地1建物1車位1,十一層,十四層,住宅大樓(11層含以上有電梯),集合住宅,鋼筋混凝土造,1091021,105.63,2,2,1,有,有,4570000,48889,坡道平面,29.54,850000,預售屋、或土地及建物分次登記案件；,RPWPMLMJLHGGFHD38DA,47.22,0.0,3.37,有,
新市區,房地(土地+建物)+車位,復興路１０５號十三樓之５,20.96,都市：其他:住宅區,,,1061125,土地1建物1車位1,十三層,十四層,住宅大樓(11層含以上有電梯),集合住宅,鋼筋混凝土造,1091021,134.16,3,2,2,有,有,6500000,53049,坡道平面,29.54,950000,預售屋、或土地及建物分次登記案件；,RPXPMLMJLHGGFHD48DA,65.68,0.0,3.29,有,
新市區,房地(土地+建物)+車位,復興路１０５號十三樓之７,15.57,都市：其他:住宅區,,,1070723,土地1建物1車位1,十三層,十四層,住宅大樓(11層含以上有電梯),集合住宅,鋼筋混凝土造,1091021,108.18,2,2,1,有,有,4700000,49941,坡道平面,32.09,900000,預售屋、或土地及建物分次登記案件；,RPOQMLMJLHGGFHD67DA,47.22,0.0,3.37,有,
新市區,房地(土地+建物)+車位,復興路１０７號六樓之１,20.96,都市：其他:住宅區,,,1061031,土地1建物1車位1,六層,十四層,住宅大樓(11層含以上有電梯),集合住宅,鋼筋混凝土造,1091021,133.91,3,2,2,有,有,5720000,46661,坡道平面,29.54,850000,預售屋、或土地及建物分次登記案件；,RPPQMLMJLHGGFHD77DA,65.6,0.0,3.22,有,
新市區,房地(土地+建物)+車位,復興路１０５號六樓之１,20.96,都市：其他:住宅區,,,1070725,土地1建物1車位1,六層,十四層,住宅大樓(11層含以上有電梯),集合住宅,鋼筋混凝土造,1091021,136.45999999999998,3,2,2,有,有,5640000,44936,坡道平面,32.09,950000,預售屋、或土地及建物分次登記案件；,RPQQMLMJLHGGFHD87DA,65.6,0.0,3.22,有,
新市區,房地(土地+建物)+車位,復興路１０５號十樓之６,20.96,都市：其他:住宅區,,,1061119,土地1建物1車位1,十層,十四層,住宅大樓(11層含以上有電梯),集合住宅,鋼筋混凝土造,1091021,134.09,2,2,1,有,有,6200000,50215,坡道平面,29.54,950000,預售屋、或土地及建物分次登記案件；,RPRQMLMJLHGGFHD97DA,65.68,0.0,3.22,有,
新市區,房地(土地+建物)+車位,復興路１０５號十一樓之３,15.57,都市：其他:住宅區,,,1070416,土地1建物1車位1,十一層,十四層,住宅大樓(11層含以上有電梯),集合住宅,鋼筋混凝土造,1091021,108.28,2,2,1,有,有,4730000,50269,坡道平面,32.09,900000,預售屋、或土地及建物分次登記案件；,RPSQMLMJLHGGFHD08DA,47.29,0.0,3.37,有,
新市區,房地(土地+建物)+車位,復興路１０７號十二樓之７,15.57,都市：其他:住宅區,,,1070416,土地1建物1車位1,十二層,十四層,住宅大樓(11層含以上有電梯),集合住宅,鋼筋混凝土造,1091021,108.18,2,2,1,有,有,4670000,49547,坡道平面,32.09,900000,預售屋、或土地及建物分次登記案件；,RPTQMLMJLHGGFHD18DA,47.22,0.0,3.37,有,
新市區,土地,大洲段594-11地號,1183.0,,一般農業區,農牧用地,1100204,土地1建物0車位0,,,其他,,,,0.0,0,0,0,有,無,5915000,5000,,0.0,0,協議價購；,RPSPMLNJLHGGFHD08DA,0.0,0.0,0.0,無,
七股區,土地,竹橋段1170地號,344.67,,特定農業區,農牧用地,1100221,土地1建物0車位0,,,其他,,,,0.0,0,0,0,有,無,650000,1886,,0.0,0,,RPRNMLSJLHGGFGD18DA,0.0,0.0,0.0,無,
西港區,土地,後營段827-1地號,320.0,,特定農業區,甲種建築用地,1100227,土地1建物0車位0,,,其他,,,,0.0,0,0,0,有,無,3500000,10938,,0.0,0,,RPVNMLSJLHGGFGD58DA,0.0,0.0,0.0,無,
佳里區,土地,九龍段672地號,298.79,都市：其他:住宅區,,,1100226,土地2建物0車位0,,,其他,,,,0.0,0,0,0,有,無,5875000,19663,,0.0,0,親友、員工、共有人或其他特殊關係間之交易；,RPWOMLSJLHGGFGD78DA,0.0,0.0,0.0,無,1784
學甲區,土地,集和段996地號,772.45,都市：其他:計畫道路用地,,,1100115,土地4建物0車位0,,,其他,,,,0.0,0,0,0,有,無,12060000,15613,,0.0,0,,RPOPMLRLJHGGFGD97DA,0.0,0.0,0.0,無,
佳里區,土地,三協段78地號,5187.0,,特定農業區,農牧用地,1100217,土地2建物0車位0,,,其他,,,,0.0,0,0,0,有,無,8817900,1700,,0.0,0,,RPTNMLTKKHGGFGD48DA,0.0,0.0,0.0,無,
西港區,土地,營段1101-1地號,89.43,,鄉村區,乙種建築用地,1100225,土地1建物0車位0,,,其他,,,,0.0,0,0,0,有,無,865600,9679,,0.0,0,賣清親友、員工、共有人或其他特殊關係間之交易；,RPPOMLOJLHGGFGD67DA,0.0,0.0,0.0,無,
西港區,土地,營段1101-2地號,50.24,,鄉村區,乙種建築用地,1100225,土地1建物0車位0,,,其他,,,,0.0,0,0,0,有,無,486080,9675,,0.0,0,賣清親友、員工、共有人或其他特殊關係間之交易；,RPQOMLOJLHGGFGD77DA,0.0,0.0,0.0,無,
學甲區,土地,中洲段407-8地號,2213.0,,特定農業區,農牧用地,1100225,土地1建物0車位0,,,其他,,,,0.0,0,0,0,有,無,1483000,670,,0.0,0,,RPTNMLOJLHGGFGD97DA,0.0,0.0,0.0,無,
安南區,土地,怡中段900-1地號,8.34,都市：其他:細部計畫道路用地,,,1091121,土地1建物0車位0,,,其他,,,,0.0,0,0,0,有,無,60000,7194,,0.0,0,包含公共設施保留地用地；,RPTNMLLMJHGGFBD27DA,0.0,0.0,0.0,無,
安南區,土地,城南段481-3地號,676.86,都市：其他:細部計畫道路用地,,,1100103,土地5建物0車位0,,,其他,,,,0.0,0,0,0,有,無,9880000,14597,,0.0,0,,RPOOMLTJLHGGFBD57DA,0.0,0.0,0.0,無,
安南區,房地(土地+建物),安中路四段３２０巷１２９弄３０之４號,93.48,都市：其他:住宅區,,,1100208,土地1建物1車位0,全,二層,透天厝,住家用,鋼筋混凝土造,0811222,125.57,5,2,2,有,無,5000000,39818,,0.0,0,親友、員工、共有人或其他特殊關係間之交易；頂樓加蓋；,RPWQMLPJLHGGFBD18DA,121.53,0.0,4.04,無,
安南區,土地,安東段530地號,268.12,都市：其他:住宅區,,,1100225,土地1建物0車位0,,,其他,,,,0.0,0,0,0,有,無,4908000,18305,,0.0,0,未登記建物；,RPQRMLPJLHGGFBD67DA,0.0,0.0,0.0,無,
安南區,土地,鹽田段848-3地號,21.43,都市：其他:住宅區,,,1091209,土地1建物0車位0,,,其他,,,,0.0,0,0,0,有,無,1550000,72329,,0.0,0,,RPTNMLQLKHGGFBD77DA,0.0,0.0,0.0,無,
安南區,房地(土地+建物)+車位,怡安路二段５９９號六樓之１,15.17,都市：其他:住宅區,,,1100122,土地1建物1車位1,六層,十八層,住宅大樓(11層含以上有電梯),住家用,鋼筋混凝土造,0851125,162.57,3,2,2,有,有,5000000,30756,坡道機械,0.0,0,,RPWPMLQLKHGGFBD28DA,103.63,0.0,9.18,有,
安南區,土地,科工段164-277地號,898.47,都市：其他:住宅區,,,1100120,土地4建物0車位0,,,其他,,,,0.0,0,0,0,有,無,47800000,53202,,0.0,0,,RPQPMLNLKHGGFBD37DA,0.0,0.0,0.0,無,1785
安南區,房地(土地+建物),安和路四段１３１巷２之５號,83.53,都市：其他:住宅區,,,1100209,土地1建物1車位0,全,四層,透天厝,停車空間，住宅,鋼筋混凝土造,1061023,224.08,6,2,6,有,無,12700000,56676,,0.0,0,預售屋、或土地及建物分次登記案件；,RPSNMLRKKHGGFBD67DA,199.99,0.0,24.09,無,
東區,房地(土地+建物),府東街４３號,33.87,都市：其他:第五種住宅區,,,1091129,土地1建物1車位0,一層，騎樓,六層,華廈(10層含以下有電梯),住家用,鋼筋混凝土造,0830204,149.63,3,2,3,有,有,9000000,60148,,0.0,0,其他增建；,RPQNMLTLJIPFFCD68DA,111.55,0.0,0.0,有,1786
安平區,房地(土地+建物)+車位,永華路二段７９８號二十五樓,22.49,都市：其他:住宅區,,,1091208,土地1建物1車位2,二十五層,二十九層,住宅大樓(11層含以上有電梯),集合住宅,鋼筋混凝土構造,1070125,248.73000000000002,3,2,2,有,有,15510000,64344,坡道平面,42.34,2230000,,RPQNMLQLKHGGFAD37DA,118.39,8.34,11.55,有,
北區,房地(土地+建物)+車位,海安路三段８１２號二十二樓之３,15.21,都市：其他:住宅區,,,1070110,土地1建物1車位1,二十二層,二十四層,住宅大樓(11層含以上有電梯),集合住宅,鋼筋混凝土構造,1090131,164.53,3,2,2,有,有,10880000,73046,坡道平面,33.38,1300000,預售屋、或土地及建物分次登記案件；,RPWNMLQLKHGGFAD97DA,80.67,2.55,7.14,有,
中西區,房地(土地+建物),府前路二段２５８巷４１號二樓之１,13.61,都市：其他:住宅區,,,1100127,土地1建物1車位0,二層,五層,公寓(5樓含以下無電梯),住家用,鋼筋混凝土造,0760110,46.379999999999995,1,1,1,有,無,1350000,29107,,0.0,0,,RPPNMLPJLHGGFAD07DA,27.86,0.0,2.79,無,
北區,建物,公園路５９７巷１號五樓之１３,0.0,,,,1100206,土地0建物1車位0,五層,五層,公寓(5樓含以下無電梯),住家用,鋼筋混凝土造,0710120,54.82,1,0,1,有,無,800000,14593,,0.0,0,土地為仁愛之家,RPTNMLPJLHGGFAD47DA,35.02,0.0,5.38,無,
安平區,房地(土地+建物)+車位,國平南路９８號七樓之３,33.91,都市：其他:商業區,,,1091222,土地2建物1車位2,七層,二十四層,住宅大樓(11層含以上有電梯),集合住宅,鋼筋混凝土構造,1070529,390.54999999999995,3,2,3,有,有,24100000,62650,坡道平面,43.86,2380000,,RPUPMLNJLHGGFAD57DA,190.68,0.0,45.8,有,
安南區,房地(土地+建物),環館路３６２巷３３號,132.1,都市：其他:住宅區,,,1090510,土地4建物1車位0,全,四層,透天厝,集合住宅，停車空間,鋼筋混凝土造,1090924,266.96,4,2,3,有,有,16560000,62032,,0.0,0,含傢俱設備費；,RPXPMLRJKIPFFBD56DA,254.42,0.0,11.26,有,
安南區,房地(土地+建物),環館路３６２巷３１號,129.92,都市：其他:住宅區,,,1090707,土地4建物1車位0,全,四層,透天厝,集合住宅，停車空間,鋼筋混凝土造,1090924,257.27,4,2,3,有,有,16000000,62191,,0.0,0,,RPRQMLRJKIPFFBD68DA,244.73,0.0,11.26,有,
安南區,房地(土地+建物),環館路３６０巷１８號,149.92,都市：其他:住宅區,,,1090128,土地4建物1車位0,全,四層,透天厝,集合住宅，停車空間,鋼筋混凝土造,1090924,295.19,4,2,3,有,有,19280000,65314,,0.0,0,,RPWSMLRJKIPFFBD76DA,280.49,0.0,13.42,有,
安南區,房地(土地+建物),環館路３６０巷１６號,149.91,都市：其他:住宅區,,,1081221,土地4建物1車位0,全,四層,透天厝,集合住宅，停車空間,鋼筋混凝土造,1090924,295.19,4,2,3,有,有,19500000,66059,,0.0,0,,RPXSMLRJKIPFFBD86DA,280.49,0.0,13.42,有,
中西區,房地(土地+建物),西門路二段９５號,104.27,都市：其他:商業區,,,1091212,土地2建物1車位0,全,二層,透天厝,商業用,磚造,0210000,87.02,3,2,2,有,無,53618000,616157,,0.0,0,,RPQNMLQKKHGGFAD27DA,87.02,0.0,0.0,無,
中西區,房地(土地+建物)+車位,中華西路二段１６８號二樓之５,25.07,都市：其他:住宅區,,,1100121,土地1建物1車位1,二層,二十六層,住宅大樓(11層含以上有電梯),集合住宅,鋼筋混凝土構造,1061011,276.57,3,2,3,有,有,17580000,63564,坡道平面,24.8,0,,RPWNMLOJKHGGFAD57DA,153.83,0.0,17.03,有,
安平區,土地,海興段26-12地號,795.0,都市：其他:特定住宅專用區,,,1100201,土地5建物0車位0,,,其他,,,,0.0,0,0,0,有,無,67334400,84697,,0.0,0,,RPSPMLNJKHGGFAD27DA,0.0,0.0,0.0,無,1787
北區,房地(土地+建物)+車位,北門路三段２６號八樓之２,31.73,都市：其他:住宅區,,,1100124,土地1建物1車位1,八層,十二層,住宅大樓(11層含以上有電梯),集合住宅,鋼筋混凝土造,0911227,143.63,3,2,2,有,有,7500000,52218,坡道平面,0.0,0,,RPQPMLLJKHGGFAD86DA,87.17,0.0,11.18,有,1788
安平區,房地(土地+建物)+車位,永華路二段８０２號二十樓,23.29,都市：其他:住宅區,,,1100102,土地1建物1車位1,二十層,二十九層,住宅大樓(11層含以上有電梯),集合住宅,鋼筋混凝土構造,1070125,258.4,3,2,3,有,有,15500000,59115,坡道平面,24.11,1650000,,RPXPMLMKJHGGFAD67DA,130.2,10.24,16.8,有,
安平區,房地(土地+建物)+車位,永華路二段８００號二十樓,25.16,都市：其他:住宅區,,,1100102,土地1建物1車位2,二十層,二十九層,住宅大樓(11層含以上有電梯),集合住宅,鋼筋混凝土構造,1070125,278.95,3,2,3,有,有,16210000,59085,坡道平面,42.34,2230000,,RPOQMLMKJHGGFAD86DA,131.12,10.61,17.01,有,
北區,房地(土地+建物),北園街８０巷１號,72.0,都市：其他:住宅區,,,1091222,土地1建物1車位0,全,二層,透天厝,住商用,加強磚造,0641204,72.31,3,3,3,有,無,11300000,156272,,0.0,0,其他增建；,RPXOMLMLKIPFFAD68DA,72.31,0.0,0.0,無,1789
南區,房地(土地+建物),新都路４６２巷３７號五樓,10.86,都市：其他:住宅區,,,1100125,土地3建物1車位0,五層,五層,公寓(5樓含以下無電梯),住家用,鋼筋混凝土造,0701229,38.77,1,1,1,有,無,750000,19345,,0.0,0,,RPXOMLPLJHGGFCD18DA,30.43,0.0,1.59,無,
東區,房地(土地+建物)+車位,崇善十一街１１號,35.14,都市：其他:第五種住宅區,,,1100208,土地2建物1車位1,一層,七層,華廈(10層含以下有電梯),商業用,鋼筋混凝土造,0810711,182.57,1,2,3,有,有,7600000,41628,升降機械,0.0,0,夾層；其他增建；,RPQQMLNJLHGGFCD47DA,107.71,0.0,4.39,有,
東區,房地(土地+建物),崇善路４２２號,91.0,都市：其他:第五種住宅區,,,1100120,土地1建物1車位0,全,四層,透天厝,住商用,鋼筋混凝土造,0870216,266.84,6,2,4,有,無,22500000,84320,,0.0,0,,RPOPMLPJLHGGFCD37DA,240.44,0.0,26.4,無,
東區,房地(土地+建物),東興路３３２號,46.0,都市：其他:第五種住宅區,,,1100129,土地1建物1車位0,全,二層,透天厝,住家用,加強磚造,0630817,78.98,2,1,1,有,無,6000000,75969,,0.0,0,,RPRRMLPJLHGGFCD87DA,78.98,0.0,0.0,無,
東區,房地(土地+建物),裕孝路５６０號,83.02,都市：其他:虎尾寮第三種住宅區,,,1090722,土地3建物1車位0,全,四層,透天厝,停車空間、住宅,鋼筋混凝土造,0910913,204.1,4,2,4,有,有,12100000,59285,,0.0,0,含傢俱設備費；,RPRNMLSJLHGGFCD77DA,178.38,0.0,25.72,無,
東區,房地(土地+建物)+車位,小東路２４４號十二樓之２,6.43,都市：其他:商業區,,,1100127,土地1建物1車位2,十二層,二十五層,住宅大樓(11層含以上有電梯),住家用,鋼筋混凝土造,0840106,141.62,3,2,2,有,有,6300000,44485,坡道機械,0.0,0,,RPRNMLNLKHGGFCD37DA,62.66,0.0,8.37,有,
南區,房地(土地+建物)+車位,西門路一段２７６號九樓之３,15.57,都市：其他:商業區,,,1080908,土地2建物1車位1,九層,十五層,住宅大樓(11層含以上有電梯),集合住宅,鋼筋混凝土構造,1091123,125.44999999999999,2,2,1,有,有,6100000,51794,坡道平面,33.74,1350000,預售屋、或土地及建物分次登記案件；,RPWNMLOLKHGGFCD97DA,54.12,1.74,6.37,有,
南區,房地(土地+建物)+車位,西門路一段２７６號十三樓之３,15.57,都市：其他:商業區,,,1081103,土地2建物1車位1,十三層,十五層,住宅大樓(11層含以上有電梯),集合住宅,鋼筋混凝土構造,1091123,125.44999999999999,2,2,1,有,有,6230000,53211,坡道平面,33.74,1350000,預售屋、或土地及建物分次登記案件；,RPXNMLOLKHGGFCD08DA,54.12,1.74,6.37,有,
南區,房地(土地+建物)+車位,西門路一段２８６號八樓之５,23.17,都市：其他:商業區,,,1090502,土地2建物1車位1,八層,十五層,住宅大樓(11層含以上有電梯),集合住宅,鋼筋混凝土構造,1091123,169.49,3,2,2,有,有,8850000,55617,坡道平面,33.74,1300000,預售屋、或土地及建物分次登記案件；,RPPOMLOLKHGGFCD37DA,79.31,1.38,11.04,有,
南區,房地(土地+建物)+車位,西門路一段２９２號三樓之５,27.15,都市：其他:商業區,,,1081214,土地2建物1車位1,三層,十五層,住宅大樓(11層含以上有電梯),集合住宅,鋼筋混凝土構造,1091123,193.61,4,2,2,有,有,9680000,52105,坡道平面,33.74,1350000,預售屋、或土地及建物分次登記案件；,RPQOMLOLKHGGFCD47DA,95.64,1.44,10.9,有,
南區,房地(土地+建物)+車位,西門路一段２９２號五樓之５,27.52,都市：其他:商業區,,,1090202,土地2建物1車位2,五層,十五層,住宅大樓(11層含以上有電梯),集合住宅,鋼筋混凝土構造,1091123,227.35000000000002,4,2,2,有,有,10800000,51292,坡道平面,67.48,2600000,車位總價無法拆分個別車位價格。預售屋、或土地及建物分次登記案件；,RPROMLOLKHGGFCD57DA,0.0,0.0,0.0,有,
東山區,土地,新田尾段360地號,4524.0,,特定農業區,農牧用地,1100208,土地1建物0車位0,,,其他,,,,0.0,0,0,0,有,無,6250000,1382,,0.0,0,,RPRNMLKLKHGGFED27DA,0.0,0.0,0.0,無,
後壁區,土地,白沙屯段2606地號,2570.0,,特定農業區,農牧用地,1100302,土地1建物0車位0,,,其他,,,,0.0,0,0,0,有,無,2500000,973,,0.0,0,,RPPNMLSJLHGGFED77DA,0.0,0.0,0.0,無,
後壁區,土地,竹圍後段2204地號,2991.0,,特定農業區,農牧用地,1100129,土地2建物0車位0,,,其他,,,,0.0,0,0,0,有,無,4080000,1364,,0.0,0,,RPRNMLSJLHGGFED97DA,0.0,0.0,0.0,無,
後壁區,房地(土地+建物),後壁區後壁里８鄰後壁２１０之８號,147.29,都市：其他:住宅區,,,1090315,土地2建物1車位0,全,三層,透天厝,住宅,鋼筋混凝土構造,1090915,186.77,4,2,3,有,無,8200000,43904,,0.0,0,,RPROMLMKJIPFFED28DA,172.66,0.0,14.11,無,
後壁區,房地(土地+建物),後壁區後壁里８鄰後壁２１０之９號,145.29,都市：其他:住宅區,,,1090610,土地2建物1車位0,全,三層,透天厝,住宅,鋼筋混凝土構造,1090915,186.77,4,2,3,有,無,8280000,44333,,0.0,0,,RPSOMLMKJIPFFED38DA,172.66,0.0,14.11,無,
後壁區,房地(土地+建物),後壁區後壁里８鄰後壁２０９之２號,144.29,都市：其他:住宅區,,,1081121,土地2建物1車位0,全,三層,透天厝,住宅,鋼筋混凝土構造,1090915,188.23,4,2,3,有,無,8220000,43670,,0.0,0,,RPWOMLMKJIPFFED78DA,174.67,0.0,13.56,無,
麻豆區,房地(土地+建物),中興里７鄰三民路４３之１１號,219.5,都市：其他:第三種住宅區。,,,1100129,土地1建物1車位0,全,二層,透天厝,住家用,鋼筋混凝土造,0840926,214.81,5,2,3,有,無,14600000,67967,,0.0,0,,RPVNMLQLKHGGFFD38DA,203.29,0.0,11.52,無,
六甲區,房地(土地+建物),龜子港８０巷２３弄１０之３號,104.07,,鄉村區,乙種建築用地,1100117,土地1建物1車位0,全,三層,透天厝,住家用,鋼筋混凝土構造,1081001,164.07,4,2,4,有,無,6800000,41446,,0.0,0,,RPSNMLOJLHGGFFD77DA,150.81,13.26,0.0,無,
六甲區,房地(土地+建物),龜子港１１１巷６８弄５５號,74.11,,特定農業區,甲種建築用地,1080720,土地5建物1車位0,全,二層,透天厝,住家用,鋼筋混凝土構造,1090910,75.56,1,2,2,有,無,4630000,61276,,0.0,0,,RPUNMLOJLHGGFFD97DA,0.0,0.0,0.0,無,
六甲區,房地(土地+建物),龜子港１１１巷６８弄５１號,74.11,,特定農業區,甲種建築用地,1080429,土地5建物1車位0,全,二層,透天厝,住家用,鋼筋混凝土構造,1090910,75.56,3,2,3,有,無,4630000,61276,,0.0,0,,RPVNMLOJLHGGFFD08DA,64.38,0.0,11.18,無,
官田區,土地,三塊厝段378-18地號,104.0,,鄉村區,乙種建築用地,1100113,土地2建物0車位0,,,其他,,,,0.0,0,0,0,有,無,1480000,14231,,0.0,0,未登記建物；,RPRNMLSJLHGGFFD08DA,0.0,0.0,0.0,無,
六甲區,土地,七甲段505地號,1100.0,都市：其他:農業區,,,1100216,土地1建物0車位0,,,其他,,,,0.0,0,0,0,有,無,2200000,2000,,0.0,0,,RPSNMLSJLHGGFFD18DA,0.0,0.0,0.0,無,
麻豆區,房地(土地+建物),麻豆區大埕里中正路２５２巷２０號,118.16,都市：其他:第二種住宅區,,,1070416,土地3建物1車位0,全,三層,透天厝,住家用,鋼筋混凝土構造,1081219,192.34,6,2,4,有,無,10300000,53551,,0.0,0,預售屋、或土地及建物分次登記案件；,RPOOMLSJLHGGFFD87DA,184.76,0.0,7.58,無,
六甲區,土地,光明段633地號,256.81,都市：其他:住宅區,,,1091205,土地2建物0車位0,,,其他,,,,0.0,0,0,0,有,無,3100000,12071,,0.0,0,親友、員工、共有人或其他特殊關係間之交易；,RPRNMLTJLHGGFFD18DA,0.0,0.0,0.0,無,
麻豆區,土地,麻安段182地號,117.57,都市：其他:乙種工業區,,,1091220,土地2建物0車位0,,,其他,,,,0.0,0,0,0,有,無,2488500,21166,,0.0,0,,RPQOMLPJLHGGFFD77DA,0.0,0.0,0.0,無,
麻豆區,土地,麻安段183地號,1567.4,都市：其他:乙種工業區,,,1091220,土地4建物0車位0,,,其他,,,,0.0,0,0,0,有,無,33190000,21175,,0.0,0,,RPROMLPJLHGGFFD87DA,0.0,0.0,0.0,無,
麻豆區,土地,磚子井段511-134地號,2035.0,,一般農業區,農牧用地,1100103,土地1建物0車位0,,,其他,,,,0.0,0,0,0,有,無,2100000,1032,,0.0,0,,RPPNMLQJLHGGFFD67DA,0.0,0.0,0.0,無,
麻豆區,房地(土地+建物),南勢５之１９號,94.93,都市：其他:農業區,,,1080518,土地2建物1車位0,全,三層,透天厝,住家用,鋼筋混凝土構造,1091230,146.59,4,2,4,有,無,8000000,54574,,0.0,0,,RPQNMLQLKHGGFFD87DA,117.44,0.0,29.15,無,
麻豆區,房地(土地+建物),南勢５之３０號,143.2,都市：其他:農業區,,,1090712,土地2建物1車位0,全,三層,透天厝,住家用,鋼筋混凝土構造,1091230,181.24,4,2,4,有,無,9480000,52306,,0.0,0,,RPRNMLQLKHGGFFD97DA,170.23,0.0,11.01,無,
大內區,土地,二重溪段569-108地號,4823.0,,山坡地保育區,農牧用地,1100112,土地3建物0車位0,,,其他,,,,0.0,0,0,0,有,無,3000000,622,,0.0,0,,RPQNMLPLKHGGFFD77DA,0.0,0.0,0.0,無,
後壁區,房地(土地+建物),後壁區後壁里８鄰後壁２０９之７號,144.29,都市：其他:住宅區,,,1090531,土地3建物1車位0,全,三層,透天厝,住宅,鋼筋混凝土構造,1090915,180.39,4,2,3,有,無,7900000,43794,,0.0,0,,RPPPMLMKJIPFFED18DA,166.83,0.0,13.56,無,
後壁區,土地,侯伯段839-2地號,242.19,都市：其他:住宅區,,,1091225,土地2建物0車位0,,,其他,,,,0.0,0,0,0,有,無,2322000,9588,,0.0,0,,RPSNMLPJLHGGFED77DA,0.0,0.0,0.0,無,
東區,房地(土地+建物),仁和路９５之６２號,70.0,都市：其他:第五種住宅區,,,1100121,土地1建物1車位0,全,二層,透天厝,住家用,加強磚造,0641230,92.18,5,2,4,有,無,8380000,90909,,0.0,0,其他增建；,RPTNMLSJLHGGFCD97DA,92.18,0.0,0.0,無,
東區,房地(土地+建物),林森路二段１９２巷３１號,87.0,都市：其他:第五種住宅區,,,1100202,土地1建物1車位0,全,二層,透天厝,住商用,加強磚造,0611026,109.32,3,3,2,有,無,10250000,93761,,0.0,0,頂樓加蓋；其他增建；,RPTOMLSJLHGGFCD08DA,109.34,0.0,0.0,無,
南區,土地,永寧段374地號,1913.72,都市：其他:農業區,,,1100129,土地2建物0車位0,,,其他,,,,0.0,0,0,0,有,無,16788000,8772,,0.0,0,,RPQNMLTJLHGGFCD77DA,0.0,0.0,0.0,無,
東區,房地(土地+建物),裕信一街２３號,83.67,都市：其他:虎尾寮第二種住宅區,,,1091208,土地1建物1車位0,全,四層,透天厝,停車空間、住宅,鋼筋混凝土造,0881231,226.05,5,2,6,有,有,15700000,69454,,0.0,0,陽台外推；頂樓加蓋；,RPUNMLQJLHGGFCD87DA,188.25,14.98,22.82,無,
東區,房地(土地+建物)+車位,崇德十二街４８號六樓之３,16.57,都市：其他:第五種住宅區,,,1100113,土地1建物1車位1,六層，走廊,七層,華廈(10層含以下有電梯),住家用,鋼筋混凝土造,0800422,127.85,4,1,2,有,有,5200000,40673,升降平面,0.0,0,親友、員工、共有人或其他特殊關係間之交易；,RPSNMLRJLHGGFCD77DA,68.78,6.2,10.74,有,
東區,房地(土地+建物),東門路二段３０１巷５３弄３３號,104.75,都市：其他:第五種住宅區,,,1091222,土地1建物1車位0,全,二層,透天厝,住家用,加強磚造,0670821,101.72,4,2,2,有,無,10000000,98309,,0.0,0,頂樓加蓋；其他增建；,RPXOMLPJLHGGFCD18DA,101.72,0.0,0.0,無,
東區,房地(土地+建物)+車位,崇明路１３７號九樓之２,8.05,都市：其他:第五種住宅區,,,1100129,土地1建物1車位1,九層,十六層,住宅大樓(11層含以上有電梯),住家用,鋼筋混凝土造,0850203,99.81,2,2,1,有,有,5800000,58110,坡道平面,0.0,0,,RPSRMLNJLHGGFCD77DA,48.05,0.0,6.48,有,
東區,房地(土地+建物),林森路一段１６０號十一樓之１４,3.53,都市：其他:第五種住宅區(附),,,1100223,土地1建物1車位0,十一層,十二層,住宅大樓(11層含以上有電梯),住家用,鋼筋混凝土造,0790926,26.419999999999998,1,0,1,有,有,1100000,41635,,0.0,0,,RPWNMLOJLHGGFCD87DA,15.06,0.0,2.5,有,
南區,土地,省躬段645地號,66.58,都市：其他:細部計畫道路用地,,,1100301,土地6建物0車位0,,,其他,,,,0.0,0,0,0,有,無,360000,5407,,0.0,0,包含公共設施保留地用地；,RPWOMLOJLHGGFCD97DA,0.0,0.0,0.0,無,
東區,土地,育樂段341地號,59.0,都市：其他:第五種住宅區,,,1100201,土地1建物0車位0,,,其他,,,,0.0,0,0,0,有,無,2065000,35000,,0.0,0,親友、員工、共有人或其他特殊關係間之交易；,RPPQMLOJLHGGFCD47DA,0.0,0.0,0.0,無,
東區,房地(土地+建物)+車位,崇仁街６６巷２號六樓,17.05,都市：其他:副都心商業區,,,1100208,土地1建物1車位1,六層,十四層,住宅大樓(11層含以上有電梯),住家用,鋼筋混凝土造,0990507,176.69,4,2,2,有,有,13300000,75273,坡道平面,0.0,1200000,陽台外推；,RPWOMLSJKHGGFCD28DA,91.69,1.0,12.19,有,
柳營區,土地,柳南段896地號,146.75,都市：其他:公園兼兒童遊樂場用地,,,1100206,土地1建物0車位0,,,其他,,,,0.0,0,0,0,有,無,3080000,20988,,0.0,0,,RPROMLTKKHGGFDD08DA,0.0,0.0,0.0,無,
新營區,房地(土地+建物),興業里１０鄰公誠街２之２２號,118.41,都市：其他:住宅區,,,1091001,土地1建物1車位0,全,四層,透天厝,住家用,鋼筋混凝土造,0950515,282.97,6,3,4,有,無,8880000,31381,,0.0,0,土地價款700萬元整建物價款188萬元整,RPPNMLPKKHGGFDD37DA,261.43,0.0,21.54,無,
鹽水區,房地(土地+建物),和平路２４５號,91.74,都市：其他:住宅區,,,1091221,土地1建物1車位0,全,三層,透天厝,住商用,鋼筋混凝土造,1090228,187.41,4,2,4,有,無,8080000,43114,,0.0,0,,RPOOMLPJLHGGFDD37DA,175.59,0.0,11.82,無,
鹽水區,房地(土地+建物),和平路２４３號,90.69,都市：其他:住宅區,,,1100113,土地1建物1車位0,全,三層,透天厝,住商用,鋼筋混凝土造,1090228,187.41,4,2,4,有,無,8030000,42847,,0.0,0,,RPPOMLPJLHGGFDD47DA,175.59,0.0,11.82,無,
鹽水區,房地(土地+建物),和平路２４１號,89.63,都市：其他:住宅區,,,1100118,土地1建物1車位0,全,三層,透天厝,住商用,鋼筋混凝土造,1090228,187.41,4,2,4,有,無,8000000,42687,,0.0,0,,RPQOMLPJLHGGFDD57DA,175.6,0.0,11.82,無,
鹽水區,房地(土地+建物),土庫８４號二樓之五,9.36,,鄉村區,乙種建築用地,1100227,土地1建物1車位0,二層,四層,公寓(5樓含以下無電梯),住家用,鋼筋混凝土造,0820401,30.240000000000002,1,0,1,有,有,550000,18188,,0.0,0,,RPPOMLSJLHGGFDD77DA,20.73,0.0,1.29,無,
鹽水區,房地(土地+建物),歡雅６３之２６號,107.45,,鄉村區,乙種建築用地,1100225,土地1建物1車位0,全,四層,透天厝,住家用,鋼筋混凝土造,0830516,189.89,5,2,2,有,無,3000000,15799,,0.0,0,,RPQNMLTJLHGGFDD87DA,170.39,0.0,19.5,無,
鹽水區,房地(土地+建物),月津路７５巷２號七樓之七,8.86,都市：其他:住宅區,,,1100301,土地1建物1車位0,七層,七層,華廈(10層含以下有電梯),住家用,鋼筋混凝土造,0830830,46.46,1,0,1,有,無,700000,15067,,0.0,0,,RPRNMLTJLHGGFDD97DA,27.18,0.0,5.0,有,
新營區,房地(土地+建物),復興路８６３號,99.0,都市：其他:計畫道路用地,,,1100203,土地2建物1車位0,全,三層,透天厝,住商用,鋼骨造,0850419,1488.11,80,1,80,有,有,38810950,26081,,0.0,0,,RPXNMLTJLHGGFDD58DA,1488.11,0.0,0.0,無,
北區,房地(土地+建物),北園街８巷８０號,68.17,都市：其他:住宅區,,,1100109,土地2建物1車位0,全,四層,透天厝,住宅、停車空間,ＲＣ造,0960109,180.82,4,2,4,有,無,14600000,80743,,0.0,0,陽台外推；其他增建；,RPRNMLTJJHGGFAD47DA,163.31,0.56,16.95,無,
中西區,土地,永華段622地號,156.08,都市：其他:商業區,,,1090826,土地2建物0車位0,,,其他,,,,0.0,0,0,0,有,無,15875806,101716,,0.0,0,,RPWNMLTLJHGGFAD18DA,0.0,0.0,0.0,無,
安平區,房地(土地+建物)+車位,育平九街９９號八樓之１,41.55,都市：其他:住宅區,,,1081016,土地1建物1車位1,八層,十一層,住宅大樓(11層含以上有電梯),集合住宅,鋼筋混凝土構造,1091204,251.38,3,2,2,有,有,18080000,76280,升降平面,30.09,1200000,預售屋、或土地及建物分次登記案件；,RPSNMLTJKHGGFAD67DA,105.45,0.0,41.96,有,
北區,房地(土地+建物)+車位,開元路５０７號二樓之５,11.27,都市：其他:住宅區,,,1100209,土地3建物1車位1,二層,二十四層,住宅大樓(11層含以上有電梯),集合住宅,鋼筋混凝土構造,1041105,156.81,3,2,2,有,有,8240000,58265,坡道平面,32.55,1000000,,RPXNMLTJKHGGFAD18DA,74.45,0.82,11.61,有,
中西區,房地(土地+建物)+車位,湖美街７０巷６號十二樓之１９,14.46,都市：其他:市場用地,,,1100205,土地1建物1車位1,十二層,十四層,住宅大樓(11層含以上有電梯),住家用,鋼筋混凝土造,0871203,137.48,3,2,2,有,有,6800000,49462,坡道平面,21.55,0,,RPQPMLSKKHGGFAD67DA,80.64,0.0,10.93,有,
安平區,房地(土地+建物)+車位,建平七街６７７號五樓之２,21.48,都市：其他:住宅區,,,1100120,土地1建物1車位1,五層,十二層,住宅大樓(11層含以上有電梯),住家用,鋼筋混凝土造,0830914,160.47,3,2,2,有,有,4000000,24927,坡道平面,0.0,0,,RPXNMLPJLHGGFAD87DA,87.88,0.0,10.97,有,
中西區,房地(土地+建物),開山路８９巷７之６號,42.86,都市：其他:商業區,,,1100111,土地3建物1車位0,四層,四層,公寓(5樓含以下無電梯),住家用,鋼筋混凝土造,0690411,110.27,3,2,2,有,無,2750000,24939,,0.0,0,其他增建；,RPUOMLPJLHGGFAD67DA,83.11,0.0,0.0,無,
中西區,房地(土地+建物),康樂街１５６號六樓之５,5.11,都市：其他:商業區,,,1100228,土地1建物1車位0,六層,十二層,住宅大樓(11層含以上有電梯),住家用,鋼筋混凝土造,0781002,48.25,1,1,1,有,有,1600000,33161,,0.0,0,,RPWOMLPJLHGGFAD87DA,34.86,0.0,4.06,有,
安平區,房地(土地+建物)+車位,建平八街５５１號九樓之９,7.71,都市：其他:住宅區,,,1100207,土地1建物1車位1,九層,二十六層,住宅大樓(11層含以上有電梯),住家用,鋼筋混凝土造,0870105,130.06,3,2,2,有,有,5650000,43441,坡道機械,23.19,0,,RPOPMLPJLHGGFAD17DA,72.32,0.0,11.79,有,
北區,房地(土地+建物)+車位,西門路三段１５１號十五樓之２,14.84,都市：其他:商業區,,,1100121,土地1建物1車位1,十五層,十九層,住宅大樓(11層含以上有電梯),集合住宅,鋼筋混凝土造,0980908,204.68,2,2,2,有,有,15800000,77194,坡道平面,35.13,0,,RPQPMLPJLHGGFAD37DA,98.67,0.0,14.23,有,
北區,房地(土地+建物),文成一路１９３號,76.14,都市：其他:住宅區,,,1100105,土地1建物1車位0,全,四層,透天厝,店舖、住宅,ＲＣ造,0950330,225.68,5,3,7,有,無,19700000,87292,,0.0,0,未登記建物；預售屋、或土地及建物分次登記案件；,RPWNMLSJLHGGFAD08DA,188.26,0.0,37.42,無,
安平區,房地(土地+建物)+車位,育平二街６７號,25.99,都市：其他:住宅區,,,1100116,土地1建物1車位1,一層，二層,十四層,住宅大樓(11層含以上有電梯),店舖、集合住宅,鋼筋混凝土造,0890822,152.22,2,2,2,有,有,7750000,50913,坡道平面,17.4,0,夾層；,RPQOMLSJLHGGFAD57DA,98.77,0.0,12.12,有,
北區,房地(土地+建物)+車位,長榮路五段４１巷６號十樓之２,36.68,都市：其他:住宅區,,,1100109,土地2建物1車位1,十層,十四層,住宅大樓(11層含以上有電梯),集合住宅,鋼筋混凝土造,0920916,191.94,4,2,2,有,有,8400000,43764,坡道平面,0.0,0,,RPTOMLSJLHGGFAD87DA,114.45,0.0,10.4,有,
安平區,房地(土地+建物),府平路２３９號,83.14,都市：其他:住宅區,,,1091226,土地1建物1車位0,全,四層,透天厝,店舖、住宅、停車空間,ＲＣ造,0950707,230.09,5,2,5,有,無,16500000,71711,,0.0,0,頂樓加蓋；其他增建；,RPQPMLSJLHGGFAD67DA,199.7,0.2,30.22,無,
安平區,房地(土地+建物),古堡街１２２巷１７號,114.96,都市：其他:特定商業專用區,,,1100204,土地2建物1車位0,全,四層,透天厝,集合住宅、停車空間,鋼筋混凝土構造,1091126,339.01000000000005,5,2,6,有,無,25110000,74069,,0.0,0,,RPQQMLSJLHGGFAD77DA,310.91,0.0,27.88,有,
北區,房地(土地+建物)+車位,北園街３８號十一樓之２,15.21,都市：其他:商業區,,,1100225,土地2建物1車位1,十一層,十四層,住宅大樓(11層含以上有電梯),國民住宅,鋼筋混凝土造,0870420,128.43,4,2,2,有,有,5500000,42825,坡道機械,10.36,0,,RPQNMLTJLHGGFAD57DA,88.32,0.0,4.46,有,
中西區,土地,觀音段268地號,190.05,都市：其他:商業區,,,1090506,土地1建物0車位0,,,其他,,,,0.0,0,0,0,有,無,27000000,142068,,0.0,0,,RPUNMLKKLHGGFAD17DA,0.0,0.0,0.0,無,
安南區,房地(土地+建物),安興街１８１巷１０５號,74.58,都市：其他:住宅區,,,1091220,土地1建物1車位0,全,三層,透天厝,住家用,鋼筋混凝土造,1090423,136.54,4,2,3,有,無,7800000,57126,,0.0,0,,RPQNMLKMKIPFFBD87DA,127.37,0.0,9.17,無,
安南區,房地(土地+建物)+車位,仁安路８３巷１９號二樓之１,39.37,都市：其他:住宅區,,,1091119,土地1建物1車位1,二層,五層,華廈(10層含以下有電梯),集合住宅,鋼筋混凝土造,1090520,126.21,3,2,2,有,有,6300000,49917,一樓平面,14.73,0,,RPSNMLLLJHGGFBD07DA,77.07,0.0,6.84,有,
安南區,土地,鹿北段1118-1地號,165.29,都市：其他:住宅區,,,1100126,土地1建物0車位0,,,其他,,,,0.0,0,0,0,有,無,3800000,22990,,0.0,0,,RPSOMLSKKHGGFBD87DA,0.0,0.0,0.0,無,
安南區,房地(土地+建物),館安二路２３２號,136.33,都市：其他:住宅區,,,1091212,土地2建物1車位0,全,四層,透天厝,住宅，停車空間,鋼筋混凝土造,1041102,292.35999999999996,4,2,5,有,有,18100000,61910,,0.0,0,,RPTNMLMLKHGGFBD37DA,274.23,0.0,18.11,有,
安南區,房地(土地+建物),公學路四段１２２巷８５弄３號三樓之７,19.92,都市：其他:市場用地,,,1100131,土地1建物1車位0,三層,九層,華廈(10層含以下有電梯),住家用,鋼筋混凝土造,0850829,130.85,3,2,2,有,有,4380000,33473,,0.0,0,,RPPNMLMLKHGGFBD96DA,76.3,14.24,19.29,有,
安南區,土地,南興段946-21地號,1273.87,都市：其他:農業區,,,1091230,土地3建物0車位0,,,其他,,,,0.0,0,0,0,有,無,7300000,5731,,0.0,0,,RPVQMLPJLHGGFBD08DA,0.0,0.0,0.0,無,
安南區,房地(土地+建物),長溪路三段３７３巷１２２號,68.94,都市：其他:住宅區,,,1100123,土地1建物1車位0,全,三層,透天厝,住家用,鋼筋混凝土造,0830624,143.76,4,2,3,有,無,5200000,36171,,0.0,0,,RPVRMLPJLHGGFBD18DA,134.26,0.0,9.5,無,
安南區,土地,公學段443地號,85.42,都市：其他:住宅區,,,1091027,土地1建物0車位0,,,其他,,,,0.0,0,0,0,有,無,1550000,18146,,0.0,0,未登記建物；,RPWRMLPJLHGGFBD28DA,0.0,0.0,0.0,無,
安南區,土地,砂崙段754-1地號,467.67,都市：其他:住宅區,,,1100224,土地4建物0車位0,,,其他,,,,0.0,0,0,0,有,無,7922320,16940,,0.0,0,,RPXNMLSJLHGGFBD28DA,0.0,0.0,0.0,無,
安南區,房地(土地+建物),城北路２３４巷５１弄５１之１９號,140.06,都市：其他:住宅區,,,1091213,土地1建物1車位0,全,三層,透天厝,住家用,鋼筋混凝土造,1040812,205.58,5,2,3,有,無,10800000,52534,,0.0,0,頂樓加蓋；其他增建；,RPUOMLSJLHGGFBD08DA,194.23,0.0,11.35,無,
安南區,土地,育安段367地號,24.2,都市：其他:細部計畫道路用地,,,1100126,土地1建物0車位0,,,其他,,,,0.0,0,0,0,有,無,1600000,66116,,0.0,0,包含公共設施保留地用地；,RPRNMLTLJHGGFBD77DA,0.0,0.0,0.0,無,
安南區,房地(土地+建物)+車位,環福街１２號五樓之５,34.64,都市：其他:住宅區,,,1100117,土地2建物1車位1,五層,五層,華廈(10層含以下有電梯),集合住宅,鋼筋混凝土造,1070524,99.18,2,2,2,有,有,5900000,59488,坡道平面,0.0,0,,RPSNMLOJKHGGFBD27DA,56.04,0.0,5.33,有,
佳里區,房地(土地+建物),安西里安西１２７號四樓之十,20.26,,鄉村區,乙種建築用地,1100219,土地1建物1車位0,四層,五層,華廈(10層含以下有電梯),住家用,鋼筋混凝土造,0840506,52.22,2,1,1,有,有,1450000,27767,,0.0,0,,RPQNMLPJLHGGFGD77DA,39.75,0.0,3.93,有,
學甲區,土地,學甲段1899-3地號,17.69,都市：其他:溝渠用地,,,1100202,土地5建物0車位0,,,其他,,,,0.0,0,0,0,有,無,71682,4052,,0.0,0,親友、員工、共有人或其他特殊關係間之交易；,RPTPMLSJLHGGFGD58DA,0.0,0.0,0.0,無,
佳里區,土地,佳化段1166-3地號,1923.67,,鄉村區,乙種建築用地,1090927,土地8建物0車位0,,,其他,,,,0.0,0,0,0,有,無,34910000,18148,,0.0,0,,RPUNMLNJLHGGFGD97DA,0.0,0.0,0.0,無,
善化區,土地,北小新段377-1地號,35.52,都市：其他:市場用地,,,1100122,土地2建物0車位0,,,其他,,,,0.0,0,0,0,有,無,2000000,56306,,0.0,0,,RPRNMLSJLHGGFHD28DA,0.0,0.0,0.0,無,
左鎮區,土地,草山段271地號,15175.5,,森林區,農牧用地,1100123,土地8建物0車位0,,,其他,,,,0.0,0,0,0,有,無,2250000,148,,0.0,0,,RPPOMLSJLHGGFHD18DA,0.0,0.0,0.0,無,
善化區,房地(土地+建物),西衛５之１５號,113.4,,鄉村區,乙種建築用地,1100123,土地2建物1車位0,全,三層,透天厝,住家用,鋼筋混凝土造,1031217,156.83,4,2,3,有,無,9600000,61213,,0.0,0,陽台外推；其他增建；,RPTOMLSJLHGGFHD58DA,147.15,0.0,9.68,無,
新市區,土地,三舍段739地號,1000.0,,特定農業區,農牧用地,1100116,土地1建物0車位0,,,其他,,,,0.0,0,0,0,有,無,5200000,5200,,0.0,0,,RPPNMLTJLHGGFHD18DA,0.0,0.0,0.0,無,
新化區,土地,礁坑子段641-12地號,2911.0,,山坡地保育區,農牧用地,1100112,土地5建物0車位0,,,其他,,,,0.0,0,0,0,有,無,5000000,1718,,0.0,0,,RPTOMLTJLHGGFHD68DA,0.0,0.0,0.0,無,
新化區,土地,新太段375地號,125.26,都市：其他:商業區,,,1100110,土地2建物0車位0,,,其他,,,,0.0,0,0,0,有,無,7300000,58279,,0.0,0,,RPRNMLPLKHGGFHD08DA,0.0,0.0,0.0,無,
安定區,土地,中沙段832地號,822.78,,一般農業區,農牧用地,1100119,土地2建物0車位0,,,其他,,,,0.0,0,0,0,有,無,9200000,11182,,0.0,0,農作物；,RPRPMLNJLHGGFHD97DA,0.0,0.0,0.0,無,
新市區,土地,大洲段597-1地號,25.0,,一般農業區,農牧用地,1100204,土地1建物0車位0,,,其他,,,,0.0,0,0,0,有,無,125000,5000,,0.0,0,協議價購；,RPOQMLNJLHGGFHD77DA,0.0,0.0,0.0,無,
新市區,土地,大洲段597-1地號,25.0,,一般農業區,農牧用地,1100204,土地1建物0車位0,,,其他,,,,0.0,0,0,0,有,無,125000,5000,,0.0,0,協議價購；,RPPQMLNJLHGGFHD87DA,0.0,0.0,0.0,無,
新市區,土地,大洲段607-24地號,42.14,,一般農業區,農牧用地,1100204,土地1建物0車位0,,,其他,,,,0.0,0,0,0,有,無,210714,5000,,0.0,0,協議價購；,RPQRMLNJLHGGFHD08DA,0.0,0.0,0.0,無,
新市區,土地,大洲段607-24地號,42.14,,一般農業區,農牧用地,1100204,土地1建物0車位0,,,其他,,,,0.0,0,0,0,有,無,210714,5000,,0.0,0,協議價購；,RPRRMLNJLHGGFHD18DA,0.0,0.0,0.0,無,
新市區,土地,大洲段607-24地號,42.14,,一般農業區,農牧用地,1100204,土地1建物0車位0,,,其他,,,,0.0,0,0,0,有,無,210714,5000,,0.0,0,協議價購；,RPXQMLNJLHGGFHD68DA,0.0,0.0,0.0,無,
善化區,房地(土地+建物),陽光大道３８６號,150.91,都市：其他:生活服務區(第二種住宅區),,,1091228,土地2建物1車位0,全,四層,透天厝,住宅、停車空間,鋼筋混凝土造,1071023,348.14,5,2,5,有,無,28380000,81519,,0.0,0,,RPWNMLOJLHGGFHD38DA,316.09,0.0,32.05,有,
安定區,土地,港口段3359-3地號,111.67,,鄉村區,乙種建築用地,1100204,土地4建物0車位0,,,其他,,,,0.0,0,0,0,有,無,3039300,27217,,0.0,0,,RPXOMLOJLHGGFHD58DA,0.0,0.0,0.0,無,
新化區,房地(土地+建物),中正路５８５巷１１號,316.47,都市：其他:商業區,,,1091018,土地4建物1車位0,全,一層,透天厝,住家用,磚造、竹造,,75.04,0,0,0,無,無,9580000,127665,,0.0,0,未登記建物；,RPOOMLOJLHGGFHD67DA,75.04,0.0,0.0,無,
安定區,土地,新庄段961地號,1054.01,,一般農業區,農牧用地,1100217,土地1建物0車位0,,,其他,,,,0.0,0,0,0,有,無,6640000,6300,,0.0,0,,RPQOMLOJLHGGFHD87DA,0.0,0.0,0.0,無,
新市區,土地,大營段683地號,11423.0,,特定農業區,農牧用地,1091222,土地3建物0車位0,,,其他,,,,0.0,0,0,0,有,無,47112000,4124,,0.0,0,農作物；農業設施；,RPQNMLPJLHGGFHD87DA,0.0,0.0,0.0,無,
安定區,土地,管寮段760地號,1700.0,,特定農業區,農牧用地,1100109,土地1建物0車位0,,,其他,,,,0.0,0,0,0,有,無,8500000,5000,,0.0,0,農作物；農業設施；,RPUNMLSKKHGGFHD58DA,0.0,0.0,0.0,無,
關廟區,房地(土地+建物),大仁街２２７號,129.0,都市：其他:住宅區,,,1090314,土地1建物1車位0,全,四層,透天厝,住家用,鋼筋混凝土構造,1091102,202.83,5,2,5,有,無,11500000,56698,,0.0,0,土地價款5175000元，建物價款6325000元，共計11500000元。交易總價，因後來有找補，與原契約的價錢不同，增加價金新台幣27497元整。未登記建物；,RPROMLRKKHGGFID38DA,183.77,0.0,19.06,無,
歸仁區,房地(土地+建物),民生二街１４６巷１４號,84.71,都市：其他:住宅區,,,1100113,土地1建物1車位0,全,二層,透天厝,住家用,加強磚造,0740525,105.01,4,2,2,有,無,5450000,51900,,0.0,0,其他增建；,RPQPMLSKKHGGFID48DA,99.63,0.0,5.38,無,
歸仁區,土地,中山段69地號,114.73,都市：其他:住宅區,,,1100117,土地1建物0車位0,,,其他,,,,0.0,0,0,0,有,無,6000000,52297,,0.0,0,,RPQNMLNLKHGGFID87DA,0.0,0.0,0.0,無,
關廟區,房地(土地+建物),大仁街２３５巷１之３號,86.25,都市：其他:住宅區,,,1091212,土地2建物1車位0,全,四層,透天厝,集合住宅、停車空間、門廊,鋼筋混凝土構造,1091102,192.8,4,2,4,有,無,8880000,46058,,0.0,0,未登記建物；,RPSNMLRLJHGGFID38DA,177.01,0.0,15.79,無,
關廟區,房地(土地+建物),大仁街２３５巷５之６號,79.25,都市：其他:住宅區,,,1100124,土地2建物1車位0,全,四層,透天厝,集合住宅、停車空間、門廊,鋼筋混凝土構造,1091102,191.4,4,2,4,有,無,8600000,44932,,0.0,0,未登記建物；,RPTNMLRLJHGGFID48DA,175.14,0.0,16.26,無,
關廟區,房地(土地+建物),大仁街２３３號,99.0,都市：其他:住宅區,,,1080608,土地1建物1車位0,全,四層,透天厝,住家用,鋼筋混凝土構造,1091102,197.97,5,2,5,有,無,9850000,49755,,0.0,0,土地價款4925000元，建物價款4925000元，共計9850000元。交易總價，因後來有找補，與原契約的價錢不同，增加價金新台幣6860元整。未登記建物；,RPTNMLLKJHGGFID77DA,179.35,0.0,18.62,無,
永康區,土地,國聖段110地號,55.42,都市：其他:道路用地,,,1100127,土地1建物0車位0,,,其他,,,,0.0,0,0,0,有,無,780000,14074,,0.0,0,包含公共設施保留地用地；,RPVQMLSJLHGGFKD76EA,0.0,0.0,0.0,無,
永康區,房地(土地+建物),鹽行路１８８巷５號,92.99,都市：其他:住宅區,,,1100218,土地1建物1車位0,全,三層,透天厝,住商用,鋼筋混凝土造,0820817,171.99,3,2,3,有,無,6390000,37153,,0.0,0,,RPTOMLTJLHGGFKD09EA,149.67,7.18,15.14,無,
歸仁區,土地,崙子頂段423地號,262.0,,一般農業區,甲種建築用地,1100201,土地2建物0車位0,,,其他,,,,0.0,0,0,0,有,無,2450000,9351,,0.0,0,未登記建物；,RPTPMLPLJHGGFID58EA,0.0,0.0,0.0,無,
仁德區,土地,崁腳北段612地號,313.04,都市：其他:計畫道路用地,,,1100201,土地2建物0車位0,,,其他,,,,0.0,0,0,0,有,無,2800000,8945,,0.0,0,包含公共設施保留地用地；,RPWNMLLJKHGGFID18EA,0.0,0.0,0.0,無,
關廟區,土地,新埔段397-4地號,5375.0,,一般農業區,農牧用地,1100219,土地1建物0車位0,,,其他,,,,0.0,0,0,0,有,無,11636100,2165,,0.0,0,,RPXNMLLJKHGGFID28EA,0.0,0.0,0.0,無,
新市區,土地,三民段384地號,22.16,都市：其他:計畫道路用地,,,1100202,土地2建物0車位0,,,其他,,,,0.0,0,0,0,有,無,247000,11146,,0.0,0,包含公共設施保留地用地；,RPQOMLSJLHGGFHD38EA,0.0,0.0,0.0,無,
新營區,土地,新富段348地號,42.41,都市：其他:主要計畫道路用地,,,1100218,土地2建物0車位0,,,其他,,,,0.0,0,0,0,有,無,1300000,30653,,0.0,0,,RPOOMLTJLHGGFDD87EA,0.0,0.0,0.0,無,
新營區,房地(土地+建物),三仙里正義街２４之１號,34.1,都市：其他:商業區,,,1100207,土地1建物1車位0,全,三層,透天厝,住商用,加強磚造,0650904,82.39,4,2,3,有,無,2300000,27916,,0.0,0,,RPPOMLTJLHGGFDD97EA,164.78,0.0,0.0,無,
新營區,房地(土地+建物),三仙里正義街２４之１號,34.1,都市：其他:商業區,,,1100207,土地1建物1車位0,全,三層,透天厝,住商用,加強磚造,0650904,82.39,4,2,3,有,無,1900000,23061,,0.0,0,,RPQOMLTJLHGGFDD08EA,82.39,0.0,0.0,無,
新營區,房地(土地+建物),復興路６２０巷１５弄１８號二樓,19.96,都市：其他:住宅區,,,1100302,土地1建物1車位0,二層,七層,華廈(10層含以下有電梯),住家用,鋼筋混凝土造,0821019,117.89,3,1,2,有,無,3100000,26296,,0.0,0,,RPROMLTJLHGGFDD18EA,65.73,0.75,9.85,無,
新營區,土地,三德段214地號,85.33,都市：其他:住宅區,,,1100225,土地1建物0車位0,,,其他,,,,0.0,0,0,0,有,無,2047860,23999,,0.0,0,親友、員工、共有人或其他特殊關係間之交易；,RPUNMLOJLHGGFDD87EA,0.0,0.0,0.0,無,
六甲區,土地,龜子港段265-3地號,2030.0,,特定農業區,甲種建築用地,1100302,土地1建物0車位0,,,其他,,,,0.0,0,0,0,有,無,7500000,3695,,0.0,0,,RPSNMLPJLHGGFFD97EA,0.0,0.0,0.0,無,
東區,房地(土地+建物)+車位,崇賢三路３０號十樓之２,22.88,都市：其他:第五種住宅區,,,1100220,土地1建物1車位1,十層,十五層,住宅大樓(11層含以上有電梯),集合住宅,鋼筋混凝土造,1061031,135.14,2,2,2,有,有,5300000,39219,坡道平面,29.01,0,親友、員工、共有人或其他特殊關係間之交易；,RPQPMLTJLHGGFCD08EA,67.33,0.0,6.94,有,
安南區,土地,淵西段410地號,159.23,都市：其他:細部計畫道路用地,,,1100128,土地2建物0車位0,,,其他,,,,0.0,0,0,0,有,無,1473437,9254,,0.0,0,包含公共設施保留地用地；,RPUOMLLKLHGGFBD57EA,0.0,0.0,0.0,無,
北區,房地(土地+建物),公園路７８８巷６號,61.0,都市：其他:住宅區,,,1100201,土地1建物1車位0,全,二層,透天厝,住家用,加強磚造,0620423,94.29,3,1,2,有,無,4300000,45604,,0.0,0,,RPVOMLSJLHGGFAD18EA,94.29,0.0,0.0,無,
北區,房地(土地+建物)+車位,成功路１１４號六樓,86.76,都市：其他:商業區,,,1091230,土地1建物1車位4,六層，走廊,十五層,住宅大樓(11層含以上有電梯),商業用,鋼筋混凝土造,0810521,1331.2,32,1,32,有,有,35000000,26292,坡道機械,0.0,0,,RPPNMLTJLHGGFAD57EA,886.88,138.69,58.6,有,
永康區,房地(土地+建物),中正路２５６巷５號之２９,13.32,都市：其他:住宅區,,,1100123,土地1建物1車位0,十一層,十六層,住宅大樓(11層含以上有電梯),住家用,鋼筋混凝土造,0820824,80.36,2,1,1,有,有,3150000,39199,,0.0,0,,RPXPMLSJLHGGFKD76DA,55.05,0.75,8.39,有,
永康區,房地(土地+建物),新民街４７巷１６號六樓之２２,7.84,都市：其他:住宅區,,,1100206,土地1建物1車位0,六層,九層,華廈(10層含以下有電梯),住家用,鋼筋混凝土造,0821230,55.39,1,0,1,有,有,2050000,37010,,0.0,0,,RPRQMLSJLHGGFKD88DA,31.71,1.09,2.48,有,
永康區,土地,北灣段632地號,10.4,都市：其他:道路用地,,,1100222,土地1建物0車位0,,,其他,,,,0.0,0,0,0,有,無,48400,4654,,0.0,0,包含公共設施保留地用地；,RPWQMLSJLHGGFKD76DA,0.0,0.0,0.0,無,
永康區,土地,北灣段632地號,10.4,都市：其他:道路用地,,,1100222,土地1建物0車位0,,,其他,,,,0.0,0,0,0,有,無,72600,6981,,0.0,0,包含公共設施保留地用地；,SPWQMLSJLHGGFKD86DA,0.0,0.0,0.0,無,
永康區,房地(土地+建物),永康里龍中街９５號,79.0,都市：其他:住宅區,,,1100205,土地1建物1車位0,全,四層,透天厝,住商用,鋼筋混凝土造,0790917,180.51,5,1,3,有,無,9600000,53183,,0.0,0,頂樓加蓋；其他增建；,RPRSMLSJLHGGFKD09DA,174.96,0.0,5.55,無,
永康區,房地(土地+建物)+車位,鹽行里永安一街１００號,17.46,都市：其他:住宅區,,,1100226,土地1建物1車位1,一層，二層,十層,華廈(10層含以下有電梯),住商用,鋼筋混凝土造,0890816,123.06,2,1,2,有,有,6080000,49407,坡道平面,0.0,200000,,RPROMLTJLHGGFKD78DA,81.42,0.0,3.75,有,
永康區,房地(土地+建物)+車位,小東路４７７巷４６弄３之１１號,24.28,都市：其他:住宅區,,,1100208,土地1建物1車位1,八層,十六層,住宅大樓(11層含以上有電梯),住家用,鋼筋混凝土造,0800111,201.62,4,2,3,有,有,7600000,37695,升降機械,0.0,0,,RPVNMLSJLHGGFKD98DA,171.34,0.0,18.37,有,
永康區,房地(土地+建物),西灣里永華路２３３巷２６號六樓之１,19.19,都市：其他:住宅區,,,1100120,土地1建物1車位0,六層,九層,華廈(10層含以下有電梯),住家用,鋼筋混凝土造,0811130,119.28,3,2,2,有,有,4700000,39403,,0.0,0,其他增建；,RPPPMLSJLHGGFKD58DA,68.62,0.0,16.35,有,
永康區,房地(土地+建物)+車位,南台街８９巷１３號七樓之１,14.47,都市：其他:住宅區,,,1100116,土地1建物1車位1,七層,十三層,住宅大樓(11層含以上有電梯),住家用,鋼筋混凝土造,0850729,120.16,3,2,2,有,有,4500000,37450,坡道機械,0.0,0,,RPSSMLOJLHGGFKD78DA,70.41,0.0,6.74,有,
永康區,土地,保生段925地號,3.67,都市：其他:道路用地,,,1100303,土地1建物0車位0,,,其他,,,,0.0,0,0,0,有,無,134000,36512,,0.0,0,包含公共設施保留地用地；,RPQNMLPJLHGGFKD18DA,0.0,0.0,0.0,無,
永康區,房地(土地+建物),中華二路３６１巷１號五樓之３,9.08,都市：其他:住宅區,,,1100121,土地1建物1車位0,五層,九層,華廈(10層含以下有電梯),住家用,鋼筋混凝土造,0881217,82.4,2,1,1,有,有,4600000,55825,,0.0,0,,RPQQMLOJLHGGFKD38DA,39.44,0.0,22.63,有,
永康區,房地(土地+建物)+車位,復國路６２號五樓之２,44.36,都市：其他:住宅區,,,1100205,土地1建物1車位1,五層,十四層,住宅大樓(11層含以上有電梯),住家用,鋼筋混凝土造,0960920,156.21,3,2,2,有,有,5450000,34889,坡道平面,0.0,0,,RPWOMLPJLHGGFKD88DA,86.06,0.0,10.52,有,
永康區,房地(土地+建物),大橋五街１１之１號,93.62,都市：其他:住宅區,,,1091231,土地2建物1車位0,全,五層,透天厝,集合住宅,鋼筋混凝土構造,1090630,227.99,5,2,6,有,無,16500000,72372,,0.0,0,,RPRNMLRJLHGGFKD48DA,201.13,0.0,26.86,無,
永康區,房地(土地+建物)+車位,成功里中華路１２號十八樓之５,13.65,都市：其他:住宅區,,,1100114,土地1建物1車位1,十八層,十八層,住宅大樓(11層含以上有電梯),辦公室。,鋼筋混凝土造,0800812,165.60000000000002,1,0,0,有,有,6450000,38949,坡道平面,0.0,800000,,RPTNMLRJLHGGFKD68DA,106.76,0.0,0.0,有,
永康區,房地(土地+建物),復華里復華八街４７巷４１號四樓之３,14.16,都市：其他:住宅區,,,1100218,土地1建物1車位0,四層,六層,華廈(10層含以下有電梯),住家用,鋼筋混凝土造,0850426,91.34,3,1,2,有,有,3300000,36129,,0.0,0,,RPPOMLOJLHGGFKD08DA,49.08,2.38,7.38,有,
永康區,房地(土地+建物),復國一路４７５巷２２號二樓之３,26.19,都市：其他:住宅區,,,1100224,土地2建物1車位0,二層,五層,華廈(10層含以下有電梯),住家用,鋼筋混凝土構造,1071127,76.24,3,1,2,有,無,6118000,80247,,0.0,0,含裝潢費；,RPWTMLNJLHGGFKD56DA,55.27,0.0,6.1,有,
永康區,房地(土地+建物),忠義街６０巷１號六樓之７,4.73,都市：其他:商業區,,,1100204,土地1建物1車位0,六層,十五層,住宅大樓(11層含以上有電梯),辦公室。,鋼筋混凝土造,0840331,53.69,1,1,1,有,有,2000000,37251,,0.0,0,,RPXOMLNJLHGGFKD78DA,30.64,11.0,4.96,有,
永康區,房地(土地+建物),正南五街２８９巷７６號四樓,4.87,都市：其他:住宅區,,,1100218,土地2建物1車位0,四層,七層,華廈(10層含以下有電梯),住家用,鋼筋混凝土造,0830413,24.54,1,0,1,有,有,1000000,40750,,0.0,0,,RPVOMLSKKHGGFKD09DA,15.02,0.0,1.69,有,
永康區,房地(土地+建物),中正二街１０５巷８號,367.93,都市：其他:工業區,,,1091118,土地2建物2車位0,全,一層,透天厝,工業用,鋼造,0770201,293.23,3,1,2,有,無,23800000,81165,,0.0,0,其他增建；,RPRPMLMJLHGGFKD18DA,269.82,16.59,6.82,無,
永康區,土地,東南段388地號,18.34,都市：其他:道路用地,,,1100226,土地1建物0車位0,,,其他,,,,0.0,0,0,0,有,無,180000,9815,,0.0,0,包含公共設施保留地用地；,RPUOMLPLKHGGFKD78DA,0.0,0.0,0.0,無,
永康區,房地(土地+建物),永平街５６巷２號十二樓之６,9.16,都市：其他:住宅區,,,1100125,土地1建物1車位0,十二層,十八層,住宅大樓(11層含以上有電梯),住家用,鋼筋混凝土造,0890504,112.89999999999999,3,2,2,有,有,3800000,33658,,0.0,0,,RPXPMLQLKHGGFKD66DA,76.95,0.0,9.76,有,
永康區,土地,北極段304地號,569.0,都市：其他:住宅區,,,1090925,土地5建物0車位0,,,其他,,,,0.0,0,0,0,有,無,29253600,51412,,0.0,0,,RPOWMLNJLHGGFKD68DA,0.0,0.0,0.0,無,
永康區,土地,北極段369地號,484.72,都市：其他:住宅區,,,1090925,土地3建物0車位0,,,其他,,,,0.0,0,0,0,有,無,24923700,51419,,0.0,0,,SPOWMLNJLHGGFKD78DA,0.0,0.0,0.0,無,
永康區,土地,北極段314地號,17.11,都市：其他:住宅區,,,1090925,土地1建物0車位0,,,其他,,,,0.0,0,0,0,有,無,1008150,58922,,0.0,0,,TPOWMLNJLHGGFKD88DA,0.0,0.0,0.0,無,
永康區,土地,北極段305地號,127.93,都市：其他:住宅區,,,1090925,土地1建物0車位0,,,其他,,,,0.0,0,0,0,有,無,6577300,51413,,0.0,0,,UPOWMLNJLHGGFKD98DA,0.0,0.0,0.0,無,
永康區,土地,北極段303地號,340.63,都市：其他:住宅區,,,1090925,土地2建物0車位0,,,其他,,,,0.0,0,0,0,有,無,25757500,75617,,0.0,0,畸零地或有合併使用效益；,RPQWMLNJLHGGFKD88DA,0.0,0.0,0.0,無,
永康區,土地,北極段296地號,390.64,都市：其他:住宅區,,,1090925,土地1建物0車位0,,,其他,,,,0.0,0,0,0,有,無,20083800,51413,,0.0,0,,RPRWMLNJLHGGFKD98DA,0.0,0.0,0.0,無,
永康區,房地(土地+建物)+車位,東橋七路１９５號六樓之８,16.36,都市：其他:住宅區,,,1100130,土地1建物1車位1,六層,十六層,住宅大樓(11層含以上有電梯),住家用,鋼筋混凝土構造,1061114,108.19,2,1,1,有,有,7390000,72862,坡道平面,20.49,1000000,,RPRNMLKMJHGGFKD87DA,49.79,1.08,7.22,有,
永康區,房地(土地+建物),中華路４２５號九樓之９,4.66,都市：其他:住宅區,,,1091216,土地1建物1車位0,九層,二十二層,住宅大樓(11層含以上有電梯),辦公室。,鋼筋混凝土造,0811215,220.37,0,0,0,無,有,5800000,26319,,0.0,0,,RPOQMLMJKHGGFKD87DA,122.25,0.0,35.35,有,
永康區,房地(土地+建物),大橋三街１９９巷８１號,68.0,都市：其他:住宅區,,,1100119,土地1建物1車位0,全,二層,透天厝,住家用,加強磚造,0721027,84.17,5,2,3,有,無,4800000,57027,,0.0,0,頂樓加蓋；其他增建；,RPOOMLTKJHGGFKD38DA,80.28,0.0,3.89,無,
楠西區,土地,灣丘段403-4地號,2781.0,,一般農業區,農牧用地,1100226,土地2建物0車位0,,,其他,,,,0.0,0,0,0,有,無,1900000,683,,0.0,0,,RPQNMLSJLHGGFJD38DA,0.0,0.0,0.0,無,
楠西區,土地,灣丘段332-4地號,585.0,,一般農業區,甲種建築用地,1100302,土地1建物0車位0,,,其他,,,,0.0,0,0,0,有,無,1600000,2735,,0.0,0,,RPTNMLSJLHGGFJD68DA,0.0,0.0,0.0,無,
楠西區,土地,楠中段287地號,90.79,都市：其他:住宅區,,,1100302,土地1建物0車位0,,,其他,,,,0.0,0,0,0,有,無,1200000,13217,,0.0,0,,RPPNMLTJLHGGFJD38DA,0.0,0.0,0.0,無,
楠西區,土地,鹿田段45-1地號,1.92,,一般農業區,甲種建築用地,1100212,土地1建物0車位0,,,其他,,,,0.0,0,0,0,有,無,15000,7813,,0.0,0,,RPQNMLSKKHGGFJD38DA,0.0,0.0,0.0,無,
仁德區,房地(土地+建物),大甲里中正西路４０２號三樓之１５,4.83,都市：其他:住宅區,,,1100220,土地2建物1車位0,三層,四層,華廈(10層含以下有電梯),辦公室,鋼筋混凝土造,0960920,13.629999999999999,1,0,1,有,有,475000,34850,,0.0,0,夾層；,RPROMLSJLHGGFID48DA,7.14,0.9,0.0,有,
歸仁區,房地(土地+建物),中山路一段２巷１弄１８號,117.17,,鄉村區,乙種建築用地,1100130,土地2建物1車位0,全,一層,透天厝,住家用,磚造,0650930,71.08,0,0,0,無,無,2300000,32358,,0.0,0,建物已拆除,RPVNMLNJLHGGFID28DA,71.08,0.0,0.0,無,
仁德區,房地(土地+建物),中正路一段６５６巷１９弄７號,127.4,都市：其他:計畫道路用地,,,1090112,土地4建物1車位0,全,三層,透天厝,住家用,鋼筋混凝土構造,1090917,173.35,5,2,4,有,無,10880000,62763,,0.0,0,預售屋、或土地及建物分次登記案件；,RPROMLOJLHGGFID08DA,152.91,0.0,20.44,無,
仁德區,房地(土地+建物),中正路一段６５６巷１９弄５號,91.32,都市：其他:住宅區,,,1081123,土地1建物1車位0,全,三層,透天厝,住家用,鋼筋混凝土構造,1090917,174.23,5,2,5,有,無,11200000,64283,,0.0,0,預售屋、或土地及建物分次登記案件；,RPWNMLOJLHGGFID48DA,157.62,0.0,16.61,無,
歸仁區,房地(土地+建物),文化街三段１８巷２號五樓之５,21.4,都市：其他:住宅區,,,1100215,土地1建物1車位0,五層,八層,華廈(10層含以下有電梯),住家用,鋼筋混凝土造,0830205,106.25,3,1,2,有,有,3900000,36706,,0.0,0,,RPSNMLPJLHGGFID18DA,72.83,5.54,8.33,有,
歸仁區,土地,昭德段387地號,98.53,,鄉村區,乙種建築用地,1100220,土地1建物0車位0,,,其他,,,,0.0,0,0,0,有,無,6160036,62519,,0.0,0,,RPVNMLPJLHGGFID48DA,0.0,0.0,0.0,無,
仁德區,房地(土地+建物),中正路一段６５６巷１９弄９號,128.89,都市：其他:計畫道路用地,,,1090116,土地4建物1車位0,全,三層,透天厝,住家用,鋼筋混凝土構造,1090917,167.11,5,2,5,有,無,9880000,59123,,0.0,0,預售屋、或土地及建物分次登記案件；,RPOOMLOJLHGGFID77DA,147.56,0.0,19.56,無,
仁德區,房地(土地+建物),中正路一段６５６巷１９弄１９號,121.14,都市：其他:計畫道路用地,,,1080629,土地4建物1車位0,全,三層,透天厝,住家用,鋼筋混凝土構造,1090917,164.09,5,2,5,有,無,9500000,57895,,0.0,0,預售屋、或土地及建物分次登記案件；,RPPOMLOJLHGGFID87DA,144.82,0.0,19.27,無,
