鄉鎮市區,交易標的,土地位置建物門牌,土地移轉總面積平方公尺,都市土地使用分區,非都市土地使用分區,非都市土地使用編定,交易年月日,交易筆棟數,移轉層次,總樓層數,建物型態,主要用途,主要建材,建築完成年月,建物移轉總面積平方公尺,建物現況格局-房,建物現況格局-廳,建物現況格局-衛,建物現況格局-隔間,有無管理組織,總價元,單價元平方公尺,車位類別,車位移轉總面積平方公尺,車位總價元,備註,編號
The villages and towns urban district,transaction sign,land sector position building sector house number plate,land shifting total area square meter,the use zoning or compiles and checks,the non-metropolis land use district,non-metropolis land use,transaction year month and day,transaction pen number,shifting level,total floor number,building state,main use,main building materials,construction to complete the years,building shifting total area,Building present situation pattern - room,building present situation pattern - hall,building present situation pattern - health,building present situation pattern - compartmented,Whether there is manages the organization,total price NTD,the unit price (NTD / square meter),the berth category,berth shifting total area square meter,the berth total price NTD,the note,serial number
桃園區,房地(土地+建物)+車位,桃園市桃園區桃園段武陵小段145-1地號等1筆A10棟20樓,13.66,商,,,1100124,土地1建物1車位1,二十層,24,住宅大樓(11層含以上有電梯),住家用,鋼筋混凝土造,,155.58,3,1,2,有,無,15500000,112906,坡道平面,34.24,1800000,售價包含裝潢或家電。；,RPVOMLPLLHGGFAH38CB
龜山區,房地(土地+建物)+車位,桃園市龜山區文化一路與華亞三路A1棟4樓,9.13,商,,,1081129,土地1建物1車位1,四層,24,住宅大樓(11層含以上有電梯),住商用,鋼筋混凝土造,,123.07,0,0,1,有,無,7230000,60094,坡道平面,31.88,1750000,,RPTQMLQLLHGGFHH56CB
龜山區,房地(土地+建物)+車位,桃園市龜山區文化一路與華亞三路A1棟5樓,9.13,商,,,1090130,土地1建物1車位1,五層,24,住宅大樓(11層含以上有電梯),住商用,鋼筋混凝土造,,123.07,0,0,1,有,無,7300000,62507,坡道平面,31.88,1600000,,RPUQMLQLLHGGFHH66CB
龜山區,房地(土地+建物)+車位,桃園市龜山區文化一路與華亞三路A1棟6樓,9.13,商,,,1090513,土地1建物1車位1,六層,24,住宅大樓(11層含以上有電梯),住商用,鋼筋混凝土造,,123.07,0,0,1,有,無,7400000,62507,坡道平面,31.88,1700000,,RPVQMLQLLHGGFHH76CB
龜山區,房地(土地+建物)+車位,桃園市龜山區文化一路與華亞三路A1棟7樓,8.92,商,,,1090625,土地1建物1車位1,七層,24,住宅大樓(11層含以上有電梯),住商用,鋼筋混凝土造,,121.4,0,0,1,有,無,7250000,62507,坡道平面,30.21,1550000,,RPWQMLQLLHGGFHH86CB
龜山區,房地(土地+建物)+車位,桃園市龜山區文化一路與華亞三路A1棟8樓,8.92,商,,,1090721,土地1建物1車位1,八層,24,住宅大樓(11層含以上有電梯),住商用,鋼筋混凝土造,,121.4,0,0,1,有,無,7480000,63932,坡道平面,30.21,1650000,,RPXQMLQLLHGGFHH96CB
龜山區,房地(土地+建物)+車位,桃園市龜山區文化一路與華亞三路A1棟9樓,9.13,商,,,1090716,土地1建物1車位1,九層,24,住宅大樓(11層含以上有電梯),住商用,鋼筋混凝土造,,123.07,0,0,1,有,無,7400000,63603,坡道平面,31.88,1600000,,RPORMLQLLHGGFHH78CB
龜山區,房地(土地+建物)+車位,桃園市龜山區文化一路與華亞三路A1棟10樓,9.13,商,,,1090717,土地1建物1車位1,十層,24,住宅大樓(11層含以上有電梯),住商用,鋼筋混凝土造,,124.94,0,0,1,有,無,7530000,63932,坡道平面,33.75,1700000,,RPPRMLQLLHGGFHH88CB
龜山區,房地(土地+建物)+車位,桃園市龜山區文化一路與華亞三路A1棟11樓,9.13,商,,,1090819,土地1建物1車位1,十一層,24,住宅大樓(11層含以上有電梯),住商用,鋼筋混凝土造,,123.07,0,0,1,有,無,7570000,64371,坡道平面,31.88,1700000,,RPQRMLQLLHGGFHH98CB
龜山區,房地(土地+建物)+車位,桃園市龜山區文化一路與華亞三路A1棟12樓,9.13,商,,,1090423,土地1建物1車位1,十二層,24,住宅大樓(11層含以上有電梯),住家用,鋼筋混凝土造,,127.09,2,2,1,有,無,8160000,68900,坡道平面,31.88,1600000,,RPRRMLQLLHGGFHH09CB
龜山區,房地(土地+建物)+車位,桃園市龜山區文化一路與華亞三路A1棟14樓,8.92,商,,,1090827,土地1建物1車位1,十四層,24,住宅大樓(11層含以上有電梯),住家用,鋼筋混凝土造,,125.42,2,2,1,有,無,8450000,70896,坡道平面,30.21,1700000,,RPSRMLQLLHGGFHH56CB
龜山區,房地(土地+建物)+車位,桃園市龜山區文化一路與華亞三路A1棟15樓,9.13,商,,,1090921,土地1建物1車位1,十五層,24,住宅大樓(11層含以上有電梯),住家用,鋼筋混凝土造,,127.09,2,2,1,有,無,8560000,71001,坡道平面,31.88,1800000,,RPTRMLQLLHGGFHH66CB
龜山區,房地(土地+建物)+車位,桃園市龜山區文化一路與華亞三路A1棟16樓,8.71,商,,,1090901,土地1建物1車位1,十六層,24,住宅大樓(11層含以上有電梯),住家用,鋼筋混凝土造,,122.24,2,2,1,有,無,8150000,71381,坡道平面,31.88,1700000,,RPURMLQLLHGGFHH76CB
龜山區,房地(土地+建物)+車位,桃園市龜山區文化一路與華亞三路A1棟18樓,10.61,商,,,1090417,土地1建物1車位1,十八層,24,住宅大樓(11層含以上有電梯),住家用,鋼筋混凝土造,,144.43,3,2,2,有,無,9650000,70191,坡道平面,31.88,1750000,,RPVRMLQLLHGGFHH86CB
龜山區,房地(土地+建物)+車位,桃園市龜山區文化一路與華亞三路A1棟22樓,7.05,商,,,1080713,土地1建物1車位1,二十二層,24,住宅大樓(11層含以上有電梯),住家用,鋼筋混凝土造,,102.03,2,2,1,有,無,6700000,70315,坡道平面,30.21,1650000,,RPWRMLQLLHGGFHH96CB
龜山區,房地(土地+建物)+車位,桃園市龜山區文化一路與華亞三路A1棟23樓,6.45,商,,,1080802,土地1建物1車位1,二十三層,24,住宅大樓(11層含以上有電梯),住家用,鋼筋混凝土造,,91.45,2,2,1,有,無,6080000,72688,坡道平面,31.88,1750000,,RPXRMLQLLHGGFHH07CB
龜山區,房地(土地+建物)+車位,桃園市龜山區文化一路與華亞三路A2棟4樓,8.68,商,,,1081113,土地1建物1車位1,四層,24,住宅大樓(11層含以上有電梯),住商用,鋼筋混凝土造,,119.53,0,0,1,有,無,7000000,60468,坡道平面,31.88,1700000,,RPQSMLQLLHGGFHH09CB
龜山區,房地(土地+建物)+車位,桃園市龜山區文化一路與華亞三路A2棟5樓,8.68,商,,,1090215,土地1建物1車位1,五層,24,住宅大樓(11層含以上有電梯),住商用,鋼筋混凝土造,,121.4,0,0,1,有,無,7280000,63092,坡道平面,33.75,1750000,,RPRSMLQLLHGGFHH56CB
龜山區,房地(土地+建物)+車位,桃園市龜山區文化一路與華亞三路A2棟6樓,8.47,商,,,1090409,土地1建物1車位1,六層,24,住宅大樓(11層含以上有電梯),住商用,鋼筋混凝土造,,117.86,0,0,1,有,無,7400000,65031,坡道平面,30.21,1700000,,RPSSMLQLLHGGFHH66CB
龜山區,房地(土地+建物)+車位,桃園市龜山區文化一路與華亞三路A2棟7樓,8.68,商,,,1090625,土地1建物1車位1,七層,24,住宅大樓(11層含以上有電梯),住商用,鋼筋混凝土造,,119.53,0,0,1,有,無,7000000,61609,坡道平面,31.88,1600000,,RPTSMLQLLHGGFHH76CB
龜山區,房地(土地+建物)+車位,桃園市龜山區文化一路與華亞三路A2棟8樓,8.68,商,,,1090702,土地1建物1車位1,八層,24,住宅大樓(11層含以上有電梯),住商用,鋼筋混凝土造,,119.53,0,0,1,有,無,7200000,63890,坡道平面,31.88,1600000,,RPUSMLQLLHGGFHH86CB
龜山區,房地(土地+建物)+車位,桃園市龜山區文化一路與華亞三路A2棟9樓,8.68,商,,,1090717,土地1建物1車位1,九層,24,住宅大樓(11層含以上有電梯),住商用,鋼筋混凝土造,,119.53,0,0,1,有,無,7180000,63662,坡道平面,31.88,1600000,,RPVSMLQLLHGGFHH96CB
龜山區,房地(土地+建物)+車位,桃園市龜山區文化一路與華亞三路A2棟10樓,8.68,商,,,1090717,土地1建物1車位1,十層,24,住宅大樓(11層含以上有電梯),住商用,鋼筋混凝土造,,121.4,0,0,1,有,無,7300000,63890,坡道平面,33.75,1700000,,RPWSMLQLLHGGFHH07CB
龜山區,房地(土地+建物)+車位,桃園市龜山區文化一路與華亞三路A2棟11樓,8.68,商,,,1090810,土地1建物1車位1,十一層,24,住宅大樓(11層含以上有電梯),住商用,鋼筋混凝土造,,119.53,0,0,1,有,無,7270000,63548,坡道平面,31.88,1700000,,RPXSMLQLLHGGFHH17CB
龜山區,房地(土地+建物)+車位,桃園市龜山區文化一路與華亞三路A2棟12樓,8.35,商,,,1081020,土地1建物1車位1,十二層,24,住宅大樓(11層含以上有電梯),住家用,鋼筋混凝土造,,116.1,2,2,1,有,無,7700000,71603,坡道平面,30.21,1550000,,RPOTMLQLLHGGFHH98CB
龜山區,房地(土地+建物)+車位,桃園市龜山區文化一路與華亞三路A2棟13樓,8.35,商,,,1081023,土地1建物1車位1,十三層,24,住宅大樓(11層含以上有電梯),住家用,鋼筋混凝土造,,116.1,2,2,1,有,無,7350000,67528,坡道平面,30.21,1550000,,RPPTMLQLLHGGFHH09CB
龜山區,房地(土地+建物)+車位,桃園市龜山區文化一路與華亞三路A2棟14樓,8.35,商,,,1090925,土地1建物1車位1,十四層,24,住宅大樓(11層含以上有電梯),住家用,鋼筋混凝土造,,116.1,2,2,1,有,無,7800000,70439,坡道平面,30.21,1750000,,RPQTMLQLLHGGFHH56CB
龜山區,房地(土地+建物)+車位,桃園市龜山區文化一路與華亞三路A2棟15樓,8.56,商,,,1090313,土地1建物1車位1,十五層,24,住宅大樓(11層含以上有電梯),住家用,鋼筋混凝土造,,117.77,2,2,1,有,無,7880000,71370,坡道平面,31.88,1750000,,RPRTMLQLLHGGFHH66CB
龜山區,房地(土地+建物)+車位,桃園市龜山區文化一路與華亞三路A2棟16樓,7.86,商,,,1081004,土地1建物1車位1,十六層,24,住宅大樓(11層含以上有電梯),住家用,鋼筋混凝土造,,111.41,2,2,1,有,無,7100000,68350,坡道平面,30.21,1550000,,RPTTMLQLLHGGFHH86CB
龜山區,房地(土地+建物)+車位,桃園市龜山區文化一路與華亞三路A2棟18樓,12.6,商,,,1090824,土地1建物1車位1,十八層,24,住宅大樓(11層含以上有電梯),住家用,鋼筋混凝土造,,160.44,3,2,2,有,無,11200000,73118,坡道平面,31.88,1800000,,RPUTMLQLLHGGFHH96CB
龜山區,房地(土地+建物)+車位,桃園市龜山區文化一路與華亞三路A2棟19樓,11.6,商,,,1090524,土地1建物1車位1,十九層,24,住宅大樓(11層含以上有電梯),住家用,鋼筋混凝土造,,150.4,3,2,2,有,無,10180000,71127,坡道平面,31.88,1750000,,RPVTMLQLLHGGFHH07CB
龜山區,房地(土地+建物)+車位,桃園市龜山區文化一路與華亞三路A2棟20樓,12.48,商,,,1090716,土地1建物1車位1,二十層,24,住宅大樓(11層含以上有電梯),住家用,鋼筋混凝土造,,156.36,3,2,2,有,無,10600000,72301,坡道平面,31.88,1600000,,RPWTMLQLLHGGFHH17CB
龜山區,房地(土地+建物)+車位,桃園市龜山區文化一路與華亞三路A2棟24樓,20.22,商,,,1090824,土地1建物1車位2,二十四層,24,住宅大樓(11層含以上有電梯),住家用,鋼筋混凝土造,,259.91,3,2,3,有,無,18300000,75962,坡道平面,63.76,3400000,,RPXTMLQLLHGGFHH27CB
龜山區,房地(土地+建物)+車位,桃園市龜山區文化一路與華亞三路A3棟5樓,11.27,商,,,1090224,土地1建物1車位1,五層,24,住宅大樓(11層含以上有電梯),住商用,鋼筋混凝土造,,144.64,0,0,1,有,無,8940000,63764,坡道平面,31.88,1750000,,RPUUMLQLLHGGFHH07CB
龜山區,房地(土地+建物)+車位,桃園市龜山區文化一路與華亞三路A3棟6樓,112.7,商,,,1090703,土地1建物1車位1,六層,24,住宅大樓(11層含以上有電梯),住商用,鋼筋混凝土造,,146.51,0,0,1,有,無,8720000,62256,坡道平面,33.75,1700000,,RPVUMLQLLHGGFHH17CB
龜山區,房地(土地+建物)+車位,桃園市龜山區文化一路與華亞三路A3棟7樓,11.27,商,,,1090702,土地1建物1車位1,七層,24,住宅大樓(11層含以上有電梯),住商用,鋼筋混凝土造,,144.64,0,0,1,有,無,8720000,63143,坡道平面,31.88,1600000,,RPWUMLQLLHGGFHH27CB
龜山區,房地(土地+建物)+車位,桃園市龜山區文化一路與華亞三路A3棟8樓,11.27,商,,,1090716,土地1建物1車位1,八層,24,住宅大樓(11層含以上有電梯),住商用,鋼筋混凝土造,,144.64,0,0,1,有,無,8760000,63498,坡道平面,31.88,1600000,,RPOVMLQLLHGGFHH56CB
龜山區,房地(土地+建物)+車位,桃園市龜山區文化一路與華亞三路A3棟9樓,11.06,商,,,1090624,土地1建物1車位1,九層,24,住宅大樓(11層含以上有電梯),住商用,鋼筋混凝土造,,142.97,0,0,1,有,無,8840000,63764,坡道平面,30.21,1650000,,RPPVMLQLLHGGFHH66CB
龜山區,房地(土地+建物)+車位,桃園市龜山區文化一路與華亞三路A3棟10樓,11.27,商,,,1090813,土地1建物1車位1,十層,24,住宅大樓(11層含以上有電梯),住商用,鋼筋混凝土造,,144.64,0,0,1,有,無,8990000,64651,坡道平面,31.88,1700000,,RPQVMLQLLHGGFHH76CB
龜山區,房地(土地+建物)+車位,桃園市龜山區文化一路與華亞三路A3棟15樓,11.12,商,,,1090914,土地1建物1車位1,十五層,24,住宅大樓(11層含以上有電梯),住家用,鋼筋混凝土造,,145.94,2,2,1,有,無,10050000,71719,坡道平面,30.21,1750000,,RPUVMLQLLHGGFHH17CB
龜山區,房地(土地+建物)+車位,桃園市龜山區文化一路與華亞三路A3棟16樓,10.61,商,,,1080907,土地1建物1車位1,十六層,24,住宅大樓(11層含以上有電梯),住家用,鋼筋混凝土造,,140.95,2,2,1,有,無,9500000,71055,坡道平面,31.88,1750000,,RPVVMLQLLHGGFHH27CB
龜山區,房地(土地+建物)+車位,桃園市龜山區文化一路與華亞三路A3棟11樓,11.27,商,,,1090810,土地1建物1車位1,十一層,24,住宅大樓(11層含以上有電梯),住商用,鋼筋混凝土造,,144.64,0,0,1,有,無,8890000,63320,坡道平面,31.88,1750000,,RPWVMLQLLHGGFHH37CB
龜山區,房地(土地+建物)+車位,桃園市龜山區文化一路與華亞三路A3棟12樓,11.12,商,,,1090722,土地1建物1車位1,十二層,24,住宅大樓(11層含以上有電梯),住商用,鋼筋混凝土造,,145.94,0,0,1,有,無,9040000,63856,坡道平面,30.21,1650000,,RPXVMLQLLHGGFHH47CB
龜山區,房地(土地+建物)+車位,桃園市龜山區文化一路與華亞三路A3棟14樓,11.12,商,,,1090824,土地1建物1車位1,十四層,24,住宅大樓(11層含以上有電梯),住家用,鋼筋混凝土造,,145.94,2,2,1,有,無,9900000,70855,坡道平面,30.21,1700000,,RPOWMLQLLHGGFHH66CB
龜山區,房地(土地+建物)+車位,桃園市龜山區文化一路與華亞三路A3棟17樓,10.0,商,,,1090110,土地1建物1車位1,十七層,24,住宅大樓(11層含以上有電梯),住家用,鋼筋混凝土造,,133.58,2,2,1,有,無,8960000,70895,坡道平面,31.88,1750000,,RPPWMLQLLHGGFHH76CB
龜山區,房地(土地+建物)+車位,桃園市龜山區文化一路與華亞三路A3棟18樓,8.92,商,,,1090925,土地1建物1車位1,十八層,24,住宅大樓(11層含以上有電梯),住家用,鋼筋混凝土造,,117.04,2,2,1,有,無,7950000,72217,坡道平面,31.88,1800000,,RPQWMLQLLHGGFHH86CB
龜山區,房地(土地+建物)+車位,桃園市龜山區文化一路與華亞三路A3棟19樓,8.92,商,,,1090923,土地1建物1車位1,十九層,24,住宅大樓(11層含以上有電梯),住家用,鋼筋混凝土造,,117.04,2,2,1,有,無,7900000,72217,坡道平面,31.88,1750000,,RPRWMLQLLHGGFHH96CB
龜山區,房地(土地+建物)+車位,桃園市龜山區文化一路與華亞三路A3棟20樓,7.29,商,,,1081227,土地1建物1車位1,二十層,24,住宅大樓(11層含以上有電梯),住家用,鋼筋混凝土造,,101.38,1,2,1,有,無,6580000,70216,坡道平面,31.88,1700000,,RPSWMLQLLHGGFHH07CB
龜山區,房地(土地+建物)+車位,桃園市龜山區文化一路與華亞三路A3棟21樓,7.08,商,,,1081213,土地1建物1車位1,二十一層,24,住宅大樓(11層含以上有電梯),住家用,鋼筋混凝土造,,99.71,1,2,1,有,無,6560000,69928,坡道平面,30.21,1700000,,RPTWMLQLLHGGFHH17CB
龜山區,房地(土地+建物)+車位,桃園市龜山區文化一路與華亞三路A3棟22樓,7.29,商,,,1090305,土地1建物1車位1,二十二層,24,住宅大樓(11層含以上有電梯),住家用,鋼筋混凝土造,,101.38,1,2,1,有,無,6470000,68633,坡道平面,31.88,1700000,,RPUWMLQLLHGGFHH27CB
龜山區,房地(土地+建物)+車位,桃園市龜山區文化一路與華亞三路A3棟23樓,7.29,商,,,1081213,土地1建物1車位1,二十三層,24,住宅大樓(11層含以上有電梯),住家用,鋼筋混凝土造,,103.25,1,2,1,有,無,6660000,71367,坡道平面,33.75,1700000,,RPVWMLQLLHGGFHH37CB
龜山區,房地(土地+建物)+車位,桃園市龜山區文化一路與華亞三路A3棟24樓,16.96,商,,,1090927,土地1建物1車位1,二十四層,24,住宅大樓(11層含以上有電梯),住家用,鋼筋混凝土造,,209.05,3,2,2,有,無,15300000,77011,坡道平面,35.05,1900000,,RPWWMLQLLHGGFHH47CB
龜山區,房地(土地+建物)+車位,桃園市龜山區文化一路與華亞三路A4棟4樓,8.95,商,,,1081118,土地1建物1車位1,四層,24,住宅大樓(11層含以上有電梯),住商用,鋼筋混凝土造,,117.17,0,0,1,有,無,6770000,60617,坡道平面,31.88,1600000,,RPQOMLKMLHGGFHH18CB
龜山區,房地(土地+建物)+車位,桃園市龜山區文化一路與華亞三路A4棟5樓,8.74,商,,,1090130,土地1建物1車位1,五層,24,住宅大樓(11層含以上有電梯),住商用,鋼筋混凝土造,,115.5,0,0,1,有,無,6810000,61672,坡道平面,30.21,1550000,,RPROMLKMLHGGFHH28CB
龜山區,房地(土地+建物)+車位,桃園市龜山區文化一路與華亞三路A4棟6樓,8.95,商,,,1090905,土地1建物1車位1,六層,24,住宅大樓(11層含以上有電梯),住商用,鋼筋混凝土造,,117.17,0,0,1,有,無,7090000,62024,坡道平面,31.88,1800000,,RPSOMLKMLHGGFHH38CB
龜山區,房地(土地+建物)+車位,桃園市龜山區文化一路與華亞三路A4棟7樓,8.95,商,,,1090820,土地1建物1車位1,七層,24,住宅大樓(11層含以上有電梯),住商用,鋼筋混凝土造,,117.17,0,0,1,有,無,6790000,60851,坡道平面,31.88,1600000,,RPTOMLKMLHGGFHH48CB
龜山區,房地(土地+建物)+車位,桃園市龜山區文化一路與華亞三路A4棟8樓,8.74,商,,,1090818,土地1建物1車位1,八層,24,住宅大樓(11層含以上有電梯),住商用,鋼筋混凝土造,,115.5,0,0,1,有,無,7040000,63196,坡道平面,30.21,1650000,,RPUOMLKMLHGGFHH58CB
龜山區,房地(土地+建物)+車位,桃園市龜山區文化一路與華亞三路A4棟9樓,8.74,商,,,1090911,土地1建物1車位1,九層,24,住宅大樓(11層含以上有電梯),住商用,鋼筋混凝土造,,115.5,0,0,1,有,無,7040000,63196,坡道平面,30.21,1650000,,RPVOMLKMLHGGFHH68CB
龜山區,房地(土地+建物)+車位,桃園市龜山區文化一路與華亞三路A4棟10樓,8.95,商,,,1090910,土地1建物1車位1,十層,24,住宅大樓(11層含以上有電梯),住商用,鋼筋混凝土造,,117.17,0,0,1,有,無,7070000,62375,坡道平面,31.88,1750000,,RPWOMLKMLHGGFHH78CB
龜山區,房地(土地+建物)+車位,桃園市龜山區文化一路與華亞三路A4棟11樓,8.74,商,,,1090911,土地1建物1車位1,十一層,24,住宅大樓(11層含以上有電梯),住商用,鋼筋混凝土造,,115.5,0,0,1,有,無,7150000,63313,坡道平面,30.21,1750000,,RPXOMLKMLHGGFHH88CB
龜山區,房地(土地+建物)+車位,桃園市龜山區文化一路與華亞三路A4棟12樓,8.71,商,,,1090113,土地1建物1車位1,十二層,24,住宅大樓(11層含以上有電梯),住家用,鋼筋混凝土造,,115.37,2,2,1,有,無,7430000,69047,坡道平面,30.21,1550000,,RPOPMLKMLHGGFHH08CB
龜山區,房地(土地+建物)+車位,桃園市龜山區文化一路與華亞三路A4棟14樓,8.71,商,,,1090917,土地1建物1車位1,十四層,24,住宅大樓(11層含以上有電梯),住家用,鋼筋混凝土造,,115.37,2,2,1,有,無,7730000,70221,坡道平面,30.21,1750000,,RPPPMLKMLHGGFHH18CB
龜山區,房地(土地+建物)+車位,桃園市龜山區文化一路與華亞三路A4棟15樓,8.71,商,,,1081128,土地1建物1車位1,十五層,24,住宅大樓(11層含以上有電梯),住家用,鋼筋混凝土造,,115.37,2,2,1,有,無,7500000,68694,坡道平面,30.21,1650000,,RPQPMLKMLHGGFHH28CB
龜山區,房地(土地+建物)+車位,桃園市龜山區文化一路與華亞三路A4棟16樓,8.92,商,,,1091021,土地1建物1車位1,十六層,24,住宅大樓(11層含以上有電梯),住家用,鋼筋混凝土造,,117.04,2,2,1,有,無,7800000,70456,坡道平面,31.88,1800000,,RPRPMLKMLHGGFHH38CB
龜山區,房地(土地+建物)+車位,桃園市龜山區文化一路與華亞三路A4棟17樓,8.71,商,,,1090921,土地1建物1車位1,十七層,24,住宅大樓(11層含以上有電梯),住家用,鋼筋混凝土造,,115.37,2,2,1,有,無,7730000,70221,坡道平面,30.21,1750000,,RPSPMLKMLHGGFHH48CB
龜山區,房地(土地+建物)+車位,桃園市龜山區文化一路與華亞三路A4棟18樓,14.19,商,,,1090805,土地1建物1車位1,十八層,24,住宅大樓(11層含以上有電梯),住家用,鋼筋混凝土造,,175.97,3,2,3,有,無,12200000,72871,坡道平面,31.88,1700000,,RPTPMLKMLHGGFHH58CB
龜山區,房地(土地+建物)+車位,桃園市龜山區文化一路與華亞三路A4棟19樓,13.98,商,,,1090911,土地1建物1車位1,十九層,24,住宅大樓(11層含以上有電梯),住家用,鋼筋混凝土造,,174.3,3,2,3,有,無,12210000,72594,坡道平面,30.21,1750000,,RPUPMLKMLHGGFHH68CB
龜山區,房地(土地+建物)+車位,桃園市龜山區文化一路與華亞三路A4棟20樓,14.19,商,,,1090903,土地1建物1車位1,二十層,24,住宅大樓(11層含以上有電梯),住家用,鋼筋混凝土造,,175.97,3,2,3,有,無,12400000,73565,坡道平面,31.88,1800000,,RPVPMLKMLHGGFHH78CB
龜山區,房地(土地+建物)+車位,桃園市龜山區文化一路與華亞三路A4棟21樓,14.19,商,,,1090911,土地1建物1車位1,二十一層,24,住宅大樓(11層含以上有電梯),住家用,鋼筋混凝土造,,175.97,3,2,3,有,無,12260000,73982,坡道平面,31.88,1600000,,RPWPMLKMLHGGFHH88CB
龜山區,房地(土地+建物)+車位,桃園市龜山區文化一路與華亞三路A4棟22樓,14.19,商,,,1090907,土地1建物1車位1,二十二層,24,住宅大樓(11層含以上有電梯),住家用,鋼筋混凝土造,,175.97,3,2,3,有,無,12500000,74259,坡道平面,31.88,1800000,,RPXPMLKMLHGGFHH98CB
龜山區,房地(土地+建物)+車位,桃園市龜山區文化一路與樂善二路口 B9-17,7.12,商,,,1080312,土地1建物1車位1,十七層,28,住宅大樓(11層含以上有電梯),住家用,鋼筋混凝土造,,113.68,1,2,1,有,無,8260000,75690,坡道平面,25.69,1600000,,RPSPMLRJMHGGFHH98CB
龜山區,房地(土地+建物)+車位,桃園市龜山區文化一路與樂善二路口 B9-13,7.12,商,,,1080325,土地1建物1車位1,十三層,28,住宅大樓(11層含以上有電梯),住家用,鋼筋混凝土造,,113.68,1,2,1,有,無,8200000,75009,坡道平面,25.69,1600000,,RPTPMLRJMHGGFHH09CB
龜山區,房地(土地+建物)+車位,桃園市龜山區文化一路與樂善二路口 B9-18,7.12,商,,,1080312,土地1建物1車位1,十八層,28,住宅大樓(11層含以上有電梯),住家用,鋼筋混凝土造,,113.68,1,2,1,有,無,8260000,75690,坡道平面,25.69,1600000,,RPUPMLRJMHGGFHH56CB
龜山區,房地(土地+建物)+車位,桃園市龜山區文化一路與樂善二路口 B9-04,7.12,商,,,1080102,土地1建物1車位1,四層,28,住宅大樓(11層含以上有電梯),住家用,鋼筋混凝土造,,113.68,1,2,1,有,無,7900000,71599,坡道平面,25.69,1600000,,RPVPMLRJMHGGFHH66CB
龜山區,房地(土地+建物)+車位,桃園市龜山區文化一路與樂善二路口 B9-05,7.12,商,,,1071225,土地1建物1車位1,五層,28,住宅大樓(11層含以上有電梯),住家用,鋼筋混凝土造,,113.68,1,2,1,有,無,7950000,73872,坡道平面,25.69,1450000,,RPWPMLRJMHGGFHH76CB
龜山區,房地(土地+建物)+車位,桃園市龜山區文化一路與樂善二路口 B9-06,7.12,商,,,1071214,土地1建物1車位1,六層,28,住宅大樓(11層含以上有電梯),住家用,鋼筋混凝土造,,113.68,1,2,1,有,無,7880000,73076,坡道平面,25.69,1450000,,RPXPMLRJMHGGFHH86CB
龜山區,房地(土地+建物)+車位,桃園市龜山區文化一路與樂善二路口 B9-07,7.12,商,,,1071221,土地1建物1車位1,七層,28,住宅大樓(11層含以上有電梯),住家用,鋼筋混凝土造,,113.68,1,2,1,有,無,7880000,73076,坡道平面,25.69,1450000,,RPOQMLRJMHGGFHH68CB
龜山區,房地(土地+建物)+車位,桃園市龜山區文化一路與樂善二路口 B9-08,7.12,商,,,1071214,土地1建物1車位1,八層,28,住宅大樓(11層含以上有電梯),住家用,鋼筋混凝土造,,113.68,1,2,1,有,無,7900000,73304,坡道平面,25.69,1450000,,RPPQMLRJMHGGFHH78CB
龜山區,房地(土地+建物)+車位,桃園市龜山區文化一路與樂善二路口 B9-10,7.12,商,,,1080211,土地1建物1車位1,十層,28,住宅大樓(11層含以上有電梯),住家用,鋼筋混凝土造,,113.68,1,2,1,有,無,7840000,72622,坡道平面,25.69,1450000,,RPQQMLRJMHGGFHH88CB
龜山區,房地(土地+建物)+車位,桃園市龜山區文化一路與樂善二路口 B9-11,7.12,商,,,1080119,土地1建物1車位1,十一層,28,住宅大樓(11層含以上有電梯),住家用,鋼筋混凝土造,,113.68,1,2,1,有,無,7830000,72508,坡道平面,25.69,1450000,,RPRQMLRJMHGGFHH98CB
龜山區,房地(土地+建物)+車位,桃園市龜山區文化一路與樂善二路口 B9-27,7.12,商,,,1071217,土地1建物1車位1,二十七層,28,住宅大樓(11層含以上有電梯),住家用,鋼筋混凝土造,,113.68,1,2,1,有,無,8300000,77850,坡道平面,25.69,1450000,,RPTQMLRJMHGGFHH56CB
龜山區,房地(土地+建物)+車位,桃園市龜山區文化一路與樂善二路口 B9-12,7.12,商,,,1080211,土地1建物1車位1,十二層,28,住宅大樓(11層含以上有電梯),住家用,鋼筋混凝土造,,113.68,1,2,1,有,無,7840000,72622,坡道平面,25.69,1450000,,RPUQMLRJMHGGFHH66CB
龜山區,房地(土地+建物)+車位,桃園市龜山區文化一路與樂善二路口 B9-15,7.12,商,,,1080214,土地1建物1車位1,十五層,28,住宅大樓(11層含以上有電梯),住家用,鋼筋混凝土造,,113.68,1,2,1,有,無,7950000,73872,坡道平面,25.69,1450000,,RPVQMLRJMHGGFHH76CB
龜山區,房地(土地+建物)+車位,桃園市龜山區文化一路與樂善二路口 B9-16,7.12,商,,,1080408,土地1建物1車位1,十六層,28,住宅大樓(11層含以上有電梯),住家用,鋼筋混凝土造,,112.23,1,2,1,有,無,8300000,76713,坡道平面,24.24,1550000,,RPWQMLRJMHGGFHH86CB
龜山區,房地(土地+建物)+車位,桃園市龜山區文化一路與樂善二路口 B10-03,7.12,商,,,1080308,土地1建物1車位1,三層,28,住宅大樓(11層含以上有電梯),住家用,鋼筋混凝土造,,112.34,1,2,1,有,無,8470000,75709,坡道平面,24.24,1800000,,RPXQMLRJMHGGFHH96CB
龜山區,房地(土地+建物)+車位,桃園市龜山區文化一路與樂善二路口 B10-07,7.12,商,,,1071206,土地1建物1車位1,七層,28,住宅大樓(11層含以上有電梯),住家用,鋼筋混凝土造,,112.34,1,2,1,有,無,7980000,74688,坡道平面,24.24,1400000,,RPQRMLRJMHGGFHH98CB
龜山區,房地(土地+建物)+車位,桃園市龜山區文化一路與華亞三路A5棟4樓,10.34,商,,,1081115,土地1建物1車位1,四層,24,住宅大樓(11層含以上有電梯),住商用,鋼筋混凝土造,,134.19,0,0,1,有,無,8720000,68615,坡道平面,31.88,1700000,,RPPSMLRJMHGGFHH98CB
龜山區,房地(土地+建物)+車位,桃園市龜山區文化一路與華亞三路A5棟5樓,10.34,商,,,1090824,土地1建物1車位1,五層,24,住宅大樓(11層含以上有電梯),住商用,鋼筋混凝土造,,134.19,0,0,1,有,無,8190000,63435,坡道平面,31.88,1700000,,RPQSMLRJMHGGFHH09CB
龜山區,房地(土地+建物)+車位,桃園市龜山區文化一路與華亞三路A5棟6樓,10.12,商,,,1090504,土地1建物1車位1,六層,24,住宅大樓(11層含以上有電梯),住商用,鋼筋混凝土造,,132.52,0,0,1,有,無,7840000,61480,坡道平面,30.21,1550000,,RPRSMLRJMHGGFHH56CB
龜山區,房地(土地+建物)+車位,桃園市龜山區文化一路與華亞三路A5棟7樓,10.34,商,,,1090813,土地1建物1車位1,七層,24,住宅大樓(11層含以上有電梯),住商用,鋼筋混凝土造,,134.19,0,0,1,有,無,8110000,63630,坡道平面,31.88,1600000,,RPSSMLRJMHGGFHH66CB
龜山區,房地(土地+建物)+車位,桃園市龜山區文化一路與樂善二路口 B10-10,7.12,商,,,1071115,土地1建物1車位1,十層,28,住宅大樓(11層含以上有電梯),住家用,鋼筋混凝土造,,112.34,1,2,1,有,無,7800000,72645,坡道平面,24.24,1400000,,RPOOMLSJMHGGFHH58CB
龜山區,房地(土地+建物)+車位,桃園市龜山區文化一路與樂善二路口 B10-12,7.12,商,,,1071130,土地1建物1車位1,十二層,28,住宅大樓(11層含以上有電梯),住家用,鋼筋混凝土造,,112.34,1,2,1,有,無,8000000,74915,坡道平面,24.24,1400000,,RPQOMLSJMHGGFHH78CB
龜山區,房地(土地+建物)+車位,桃園市龜山區文化一路與樂善二路口 B10-22,7.12,商,,,1080408,土地1建物1車位1,二十二層,28,住宅大樓(11層含以上有電梯),住家用,鋼筋混凝土造,,112.34,1,2,1,有,無,8000000,74915,坡道平面,24.24,1400000,,RPROMLSJMHGGFHH88CB
龜山區,房地(土地+建物)+車位,桃園市龜山區文化一路與樂善二路口 B10-24,7.12,商,,,1080402,土地1建物1車位1,二十四層,28,住宅大樓(11層含以上有電梯),住家用,鋼筋混凝土造,,112.34,1,2,1,有,無,8140000,74801,坡道平面,24.24,1550000,,RPSOMLSJMHGGFHH98CB
龜山區,房地(土地+建物)+車位,桃園市龜山區文化一路與樂善二路口 B10-25,7.12,商,,,1080319,土地1建物1車位1,二十五層,28,住宅大樓(11層含以上有電梯),住家用,鋼筋混凝土造,,112.34,1,2,1,有,無,8300000,76617,坡道平面,24.24,1550000,,RPUOMLSJMHGGFHH56CB
龜山區,房地(土地+建物)+車位,桃園市龜山區文化一路與樂善二路口 B10-14,7.12,商,,,1080422,土地1建物1車位1,十四層,28,住宅大樓(11層含以上有電梯),住家用,鋼筋混凝土造,,113.79,1,2,1,有,無,7960000,75255,坡道平面,25.69,1330000,親友、員工或其他特殊關係間之交易。；,RPVOMLSJMHGGFHH66CB
龜山區,房地(土地+建物)+車位,桃園市龜山區文化一路與樂善二路口 B10-04,7.12,商,,,1080213,土地1建物1車位1,四層,28,住宅大樓(11層含以上有電梯),住家用,鋼筋混凝土造,,113.79,1,2,1,有,無,7850000,72645,坡道平面,25.69,1450000,,RPOPMLSJMHGGFHH68CB
龜山區,房地(土地+建物)+車位,桃園市龜山區文化一路與樂善二路口 B10-05,7.12,商,,,1071211,土地1建物1車位1,五層,28,住宅大樓(11層含以上有電梯),住家用,鋼筋混凝土造,,113.79,1,2,1,有,無,7750000,71510,坡道平面,25.69,1450000,,RPPPMLSJMHGGFHH78CB
龜山區,房地(土地+建物)+車位,桃園市龜山區文化一路與樂善二路口 B10-08,7.12,商,,,1071002,土地1建物1車位1,八層,28,住宅大樓(11層含以上有電梯),住家用,鋼筋混凝土造,,113.79,1,2,1,有,無,7950000,73780,坡道平面,25.69,1450000,,RPQPMLSJMHGGFHH88CB
龜山區,房地(土地+建物)+車位,桃園市龜山區文化一路與樂善二路口 B10-15,7.12,商,,,1071225,土地1建物1車位1,十五層,28,住宅大樓(11層含以上有電梯),住家用,鋼筋混凝土造,,113.79,1,2,1,有,無,8000000,74347,坡道平面,25.69,1450000,,RPRPMLSJMHGGFHH98CB
龜山區,房地(土地+建物)+車位,桃園市龜山區文化一路與樂善二路口 B10-16,7.12,商,,,1080315,土地1建物1車位1,十六層,28,住宅大樓(11層含以上有電梯),住家用,鋼筋混凝土造,,113.79,1,2,1,有,無,7900000,73212,坡道平面,25.69,1450000,,RPSPMLSJMHGGFHH09CB
龜山區,房地(土地+建物)+車位,桃園市龜山區文化一路與樂善二路口 B10-17,7.12,商,,,1071224,土地1建物1車位1,十七層,28,住宅大樓(11層含以上有電梯),住家用,鋼筋混凝土造,,113.79,1,2,1,有,無,8400000,78888,坡道平面,25.69,1450000,,RPTPMLSJMHGGFHH56CB
龜山區,房地(土地+建物)+車位,桃園市龜山區文化一路與樂善二路口 B10-18,7.12,商,,,1071222,土地1建物1車位1,十八層,28,住宅大樓(11層含以上有電梯),住家用,鋼筋混凝土造,,113.79,1,2,1,有,無,8400000,78888,坡道平面,25.69,1450000,,RPUPMLSJMHGGFHH66CB
龜山區,房地(土地+建物)+車位,桃園市龜山區文化一路與樂善二路口 B10-20,7.12,商,,,1080226,土地1建物1車位1,二十層,28,住宅大樓(11層含以上有電梯),住家用,鋼筋混凝土造,,113.79,1,2,1,有,無,8000000,74347,坡道平面,25.69,1450000,,RPVPMLSJMHGGFHH76CB
龜山區,房地(土地+建物)+車位,桃園市龜山區文化一路與樂善二路口 B10-06,7.12,商,,,1071001,土地1建物1車位1,六層,28,住宅大樓(11層含以上有電梯),住家用,鋼筋混凝土造,,113.79,1,2,1,有,無,8000000,72645,坡道平面,25.69,1600000,,RPWPMLSJMHGGFHH86CB
龜山區,房地(土地+建物)+車位,桃園市龜山區文化一路與樂善二路口 B10-13,7.12,商,,,1071225,土地1建物1車位1,十三層,28,住宅大樓(11層含以上有電梯),住家用,鋼筋混凝土造,,113.79,1,2,1,有,無,8150000,72645,坡道平面,25.69,1750000,,RPXPMLSJMHGGFHH96CB
龜山區,房地(土地+建物)+車位,桃園市龜山區文化一路與樂善二路口 B10-19,7.12,商,,,1080514,土地1建物1車位1,十九層,28,住宅大樓(11層含以上有電梯),住家用,鋼筋混凝土造,,113.79,1,2,1,有,無,8380000,75255,坡道平面,25.69,1750000,,RPOQMLSJMHGGFHH78CB
龜山區,房地(土地+建物)+車位,桃園市龜山區文化一路與樂善二路口 B10-21,7.12,商,,,1080308,土地1建物1車位1,二十一層,28,住宅大樓(11層含以上有電梯),住家用,鋼筋混凝土造,,113.79,1,2,1,有,無,8580000,79228,坡道平面,25.69,1600000,,RPPQMLSJMHGGFHH88CB
龜山區,房地(土地+建物)+車位,桃園市龜山區文化一路與樂善二路口 B10-26,7.12,商,,,1080225,土地1建物1車位1,二十六層,28,住宅大樓(11層含以上有電梯),住家用,鋼筋混凝土造,,113.79,1,2,1,有,無,8100000,73780,坡道平面,25.69,1600000,,RPQQMLSJMHGGFHH98CB
龜山區,房地(土地+建物)+車位,桃園市龜山區文化一路與樂善二路口 B10-09,7.12,商,,,1070925,土地1建物1車位1,九層,28,住宅大樓(11層含以上有電梯),住家用,鋼筋混凝土造,,113.79,1,2,1,有,無,8350000,73780,坡道平面,25.69,1850000,,RPTQMLSJMHGGFHH66CB
龜山區,房地(土地+建物)+車位,桃園市龜山區文化一路與樂善二路口 B10-27,7.12,商,,,1080131,土地1建物1車位1,二十七層,28,住宅大樓(11層含以上有電梯),住家用,鋼筋混凝土造,,113.79,1,2,1,有,無,8600000,76617,坡道平面,25.69,1850000,,RPXQMLSJMHGGFHH07CB
龜山區,房地(土地+建物)+車位,桃園市龜山區文化一路與樂善二路口 B10-11,7.12,商,,,1071122,土地1建物1車位1,十一層,28,住宅大樓(11層含以上有電梯),住家用,鋼筋混凝土造,,113.79,1,2,1,有,無,8350000,72645,坡道平面,25.69,1950000,,RPORMLSJMHGGFHH88CB
龜山區,房地(土地+建物)+車位,桃園市龜山區文化一路與樂善二路口 B10-28,7.12,商,,,1091122,土地1建物1車位1,二十八層,28,住宅大樓(11層含以上有電梯),住家用,鋼筋混凝土造,,113.79,1,2,1,有,無,8580000,75255,坡道平面,25.69,1950000,,RPPRMLSJMHGGFHH98CB
龜山區,房地(土地+建物),桃園市龜山區文化一路與樂善二路口 B10-23,6.43,商,,,1080318,土地1建物1車位0,二十三層,28,住宅大樓(11層含以上有電梯),住家用,鋼筋混凝土造,,88.1,1,2,1,有,無,7050000,80023,,0.0,0,,RPQRMLSJMHGGFHH09CB
龜山區,房地(土地+建物)+車位,桃園市龜山區文化一路與樂善二路口 C1-03,9.95,商,,,1070605,土地1建物1車位1,三層,28,住宅大樓(11層含以上有電梯),住家用,鋼筋混凝土造,,153.22,3,2,2,有,無,11440000,75198,坡道平面,25.69,1850000,,RPURMLSJMHGGFHH86CB
龜山區,房地(土地+建物)+車位,桃園市龜山區文化一路與樂善二路口 C1-05,10.43,商,,,1070515,土地1建物1車位2,五層,28,住宅大樓(11層含以上有電梯),住家用,鋼筋混凝土造,,174.19,3,2,2,有,無,11200000,67198,坡道平面,49.93,2850000,,RPVRMLSJMHGGFHH96CB
龜山區,房地(土地+建物)+車位,桃園市龜山區文化一路與樂善二路口 C1-16,10.43,商,,,1070515,土地1建物1車位2,十六層,28,住宅大樓(11層含以上有電梯),住家用,鋼筋混凝土造,,175.64,3,2,2,有,無,11660000,66876,坡道平面,51.38,3350000,,RPWRMLSJMHGGFHH07CB
龜山區,房地(土地+建物)+車位,桃園市龜山區文化一路與樂善二路口 C1-28,10.43,商,,,1070605,土地1建物1車位2,二十八層,28,住宅大樓(11層含以上有電梯),住家用,鋼筋混凝土造,,175.64,3,2,2,有,無,11600000,67600,坡道平面,51.38,3200000,,RPOSMLSJMHGGFHH98CB
龜山區,房地(土地+建物)+車位,桃園市龜山區文化一路與樂善二路口 C1-15,9.74,商,,,1070604,土地1建物1車位1,十五層,28,住宅大樓(11層含以上有電梯),住家用,鋼筋混凝土造,,148.5,3,2,2,有,無,10310000,70497,坡道平面,24.24,1550000,,RPPSMLSJMHGGFHH09CB
龜山區,房地(土地+建物)+車位,桃園市龜山區文化一路與樂善二路口 C1-19,9.74,商,,,1070810,土地1建物1車位1,十九層,28,住宅大樓(11層含以上有電梯),住家用,鋼筋混凝土造,,148.5,3,2,2,有,無,10600000,70819,坡道平面,24.24,1800000,,RPQSMLSJMHGGFHH56CB
龜山區,房地(土地+建物)+車位,桃園市龜山區文化一路與樂善二路口 C1-06,9.74,商,,,1070801,土地1建物1車位1,六層,28,住宅大樓(11層含以上有電梯),住家用,鋼筋混凝土造,,149.95,3,2,2,有,無,10900000,72026,坡道平面,25.69,1950000,,RPRSMLSJMHGGFHH66CB
龜山區,房地(土地+建物)+車位,桃園市龜山區文化一路與樂善二路口 C1-12,9.74,商,,,1070613,土地1建物1車位1,十二層,28,住宅大樓(11層含以上有電梯),住家用,鋼筋混凝土造,,149.95,3,2,2,有,無,10520000,68968,坡道平面,25.69,1950000,,RPSSMLSJMHGGFHH76CB
龜山區,房地(土地+建物)+車位,桃園市龜山區文化一路與樂善二路口 C1-20,9.74,商,,,1070710,土地1建物1車位1,二十層,28,住宅大樓(11層含以上有電梯),住家用,鋼筋混凝土造,,149.95,3,2,2,有,無,10900000,72026,坡道平面,25.69,1950000,,RPTSMLSJMHGGFHH86CB
龜山區,房地(土地+建物)+車位,桃園市龜山區文化一路與樂善二路口 C1-26,9.74,商,,,1070604,土地1建物1車位1,二十六層,28,住宅大樓(11層含以上有電梯),住家用,鋼筋混凝土造,,149.95,3,2,2,有,無,10800000,71222,坡道平面,25.69,1950000,,RPUSMLSJMHGGFHH96CB
龜山區,房地(土地+建物)+車位,桃園市龜山區文化一路與樂善二路口 C1-09,9.74,商,,,1070605,土地1建物1車位1,九層,28,住宅大樓(11層含以上有電梯),住家用,鋼筋混凝土造,,149.95,3,2,2,有,無,10500000,69612,坡道平面,25.69,1850000,,RPVSMLSJMHGGFHH07CB
龜山區,房地(土地+建物)+車位,桃園市龜山區文化一路與樂善二路口 C1-14,9.74,商,,,1070913,土地1建物1車位1,十四層,28,住宅大樓(11層含以上有電梯),住家用,鋼筋混凝土造,,149.95,3,2,2,有,無,10620000,70578,坡道平面,25.69,1850000,,RPRTMLSJMHGGFHH76CB
龜山區,房地(土地+建物)+車位,桃園市龜山區文化一路與樂善二路口 C1-04,9.74,商,,,1080326,土地1建物1車位1,四層,28,住宅大樓(11層含以上有電梯),住家用,鋼筋混凝土造,,149.95,3,2,2,有,無,10500000,69612,坡道平面,25.69,1850000,,RPSTMLSJMHGGFHH86CB
龜山區,房地(土地+建物)+車位,桃園市龜山區文化一路與樂善二路口 C1-21,9.74,商,,,1070807,土地1建物1車位1,二十一層,28,住宅大樓(11層含以上有電梯),住家用,鋼筋混凝土造,,149.95,3,2,2,有,無,10700000,71222,坡道平面,25.69,1850000,,RPTTMLSJMHGGFHH96CB
龜山區,房地(土地+建物)+車位,桃園市龜山區文化一路與樂善二路口 C1-22,9.74,商,,,1070814,土地1建物1車位1,二十二層,28,住宅大樓(11層含以上有電梯),住家用,鋼筋混凝土造,,149.95,3,2,2,有,無,10700000,71222,坡道平面,25.69,1850000,,RPVTMLSJMHGGFHH17CB
龜山區,房地(土地+建物)+車位,桃園市龜山區文化一路與樂善二路口 C1-08,9.74,商,,,1070522,土地1建物1車位1,八層,28,住宅大樓(11層含以上有電梯),住家用,鋼筋混凝土造,,149.95,3,2,2,有,無,10280000,71061,坡道平面,25.69,1450000,,RPWTMLSJMHGGFHH27CB
龜山區,房地(土地+建物)+車位,桃園市龜山區文化一路與樂善二路口 C1-17,9.74,商,,,1070522,土地1建物1車位1,十七層,28,住宅大樓(11層含以上有電梯),住家用,鋼筋混凝土造,,149.95,3,2,2,有,無,10180000,70256,坡道平面,25.69,1450000,,RPOUMLSJMHGGFHH56CB
龜山區,房地(土地+建物)+車位,桃園市龜山區文化一路與樂善二路口 A1-03,8.78,商,,,1080502,土地1建物1車位1,三層,28,住宅大樓(11層含以上有電梯),住家用,鋼筋混凝土造,,136.55,2,2,2,有,無,10000000,75771,坡道平面,25.69,1600000,,RPPUMLSJMHGGFHH66CB
龜山區,房地(土地+建物)+車位,桃園市龜山區文化一路與樂善二路口 A1-04,8.78,商,,,1080131,土地1建物1車位1,四層,28,住宅大樓(11層含以上有電梯),住家用,鋼筋混凝土造,,137.52,2,2,2,有,無,9800000,75320,坡道平面,26.66,1450000,,RPQUMLSJMHGGFHH76CB
龜山區,房地(土地+建物)+車位,桃園市龜山區文化一路與樂善二路口 A1-05,8.78,商,,,1080115,土地1建物1車位1,五層,28,住宅大樓(11層含以上有電梯),住家用,鋼筋混凝土造,,137.52,2,2,2,有,無,9650000,73967,坡道平面,26.66,1450000,,RPRUMLSJMHGGFHH86CB
龜山區,房地(土地+建物)+車位,桃園市龜山區文化一路與樂善二路口 A1-06,8.78,商,,,1080425,土地1建物1車位1,六層,28,住宅大樓(11層含以上有電梯),住家用,鋼筋混凝土造,,136.55,2,2,2,有,無,9980000,74238,坡道平面,25.69,1750000,,RPSUMLSJMHGGFHH96CB
龜山區,房地(土地+建物)+車位,桃園市龜山區文化一路與樂善二路口 A1-07,8.78,商,,,1080611,土地1建物1車位1,七層,28,住宅大樓(11層含以上有電梯),住家用,鋼筋混凝土造,,136.55,2,2,2,有,無,9950000,76673,坡道平面,25.69,1450000,,RPTUMLSJMHGGFHH07CB
龜山區,房地(土地+建物)+車位,桃園市龜山區文化一路與樂善二路口 A1-08,8.78,商,,,1071119,土地1建物1車位1,八層,28,住宅大樓(11層含以上有電梯),住家用,鋼筋混凝土造,,136.55,2,2,2,有,無,9980000,76944,坡道平面,25.69,1450000,,RPUUMLSJMHGGFHH17CB
龜山區,房地(土地+建物)+車位,桃園市龜山區文化一路與樂善二路口 A1-09,8.78,商,,,1080322,土地1建物1車位1,九層,28,住宅大樓(11層含以上有電梯),住家用,鋼筋混凝土造,,136.55,2,2,2,有,無,9970000,76854,坡道平面,25.69,1450000,,RPVUMLSJMHGGFHH27CB
龜山區,房地(土地+建物)+車位,桃園市龜山區文化一路與樂善二路口 A1-10,8.78,商,,,1080510,土地1建物1車位1,十層,28,住宅大樓(11層含以上有電梯),住家用,鋼筋混凝土造,,136.55,2,2,2,有,無,10250000,76673,坡道平面,25.69,1750000,,RPWUMLSJMHGGFHH37CB
龜山區,房地(土地+建物)+車位,桃園市龜山區文化一路與樂善二路口 A1-11,8.78,商,,,1080422,土地1建物1車位1,十一層,28,住宅大樓(11層含以上有電梯),住家用,鋼筋混凝土造,,136.55,2,2,2,有,無,10180000,75140,坡道平面,25.69,1850000,,RPXUMLSJMHGGFHH47CB
龜山區,房地(土地+建物)+車位,桃園市龜山區文化一路與樂善二路口 A1-12,8.78,商,,,1080408,土地1建物1車位1,十二層,28,住宅大樓(11層含以上有電梯),住家用,鋼筋混凝土造,,136.55,2,2,2,有,無,10100000,76673,坡道平面,25.69,1600000,,RPOVMLSJMHGGFHH66CB
龜山區,房地(土地+建物)+車位,桃園市龜山區文化一路與樂善二路口 A1-13,8.78,商,,,1080711,土地1建物1車位1,十三層,28,住宅大樓(11層含以上有電梯),住家用,鋼筋混凝土造,,135.1,2,2,2,有,無,10300000,77575,坡道平面,24.24,1700000,,RPPVMLSJMHGGFHH76CB
龜山區,房地(土地+建物)+車位,桃園市龜山區文化一路與樂善二路口 A1-14,8.78,商,,,1080826,土地1建物1車位1,十四層,28,住宅大樓(11層含以上有電梯),住家用,鋼筋混凝土造,,135.1,2,2,2,有,無,10090000,75681,坡道平面,24.24,1700000,,RPQVMLSJMHGGFHH86CB
龜山區,房地(土地+建物)+車位,桃園市龜山區文化一路與樂善二路口 A1-15,8.78,商,,,1080711,土地1建物1車位1,十五層,28,住宅大樓(11層含以上有電梯),住家用,鋼筋混凝土造,,136.55,2,2,2,有,無,10150000,75771,坡道平面,25.69,1750000,,RPRVMLSJMHGGFHH96CB
龜山區,房地(土地+建物)+車位,桃園市龜山區文化一路與樂善二路口 A1-16,8.78,商,,,1080702,土地1建物1車位1,十六層,28,住宅大樓(11層含以上有電梯),住家用,鋼筋混凝土造,,136.55,2,2,2,有,無,10420000,78207,坡道平面,25.69,1750000,,RPSVMLSJMHGGFHH07CB
龜山區,房地(土地+建物)+車位,桃園市龜山區文化一路與樂善二路口 A1-17,8.78,商,,,1080507,土地1建物1車位1,十七層,28,住宅大樓(11層含以上有電梯),住家用,鋼筋混凝土造,,136.55,2,2,2,有,無,10500000,78026,坡道平面,25.69,1850000,,RPTVMLSJMHGGFHH17CB
龜山區,房地(土地+建物)+車位,桃園市龜山區文化一路與樂善二路口 A1-18,8.78,商,,,1080903,土地1建物1車位1,十八層,28,住宅大樓(11層含以上有電梯),住家用,鋼筋混凝土造,,136.55,2,2,2,有,無,10320000,77305,坡道平面,25.69,1750000,,RPUVMLSJMHGGFHH27CB
龜山區,房地(土地+建物)+車位,桃園市龜山區文化一路與樂善二路口 A1-19,8.78,商,,,1081119,土地1建物1車位1,十九層,28,住宅大樓(11層含以上有電梯),住家用,鋼筋混凝土造,,136.55,2,2,2,有,無,10380000,77846,坡道平面,25.69,1750000,,RPSQMLTJMHGGFHH66CB
龜山區,房地(土地+建物)+車位,桃園市龜山區文化一路與樂善二路口 A1-20,8.78,商,,,1081210,土地1建物1車位1,二十層,28,住宅大樓(11層含以上有電梯),住家用,鋼筋混凝土造,,135.1,2,2,2,有,無,10150000,76222,坡道平面,24.24,1700000,,RPTQMLTJMHGGFHH76CB
龜山區,房地(土地+建物)+車位,桃園市龜山區文化一路與樂善二路口 A1-21,8.78,商,,,1081127,土地1建物1車位1,二十一層,28,住宅大樓(11層含以上有電梯),住家用,鋼筋混凝土造,,136.55,2,2,2,有,無,10250000,75771,坡道平面,25.69,1850000,,RPUQMLTJMHGGFHH86CB
龜山區,房地(土地+建物)+車位,桃園市龜山區文化一路與樂善二路口 A1-22,8.78,商,,,1090221,土地1建物1車位1,二十二層,28,住宅大樓(11層含以上有電梯),住家用,鋼筋混凝土造,,136.55,2,2,2,有,無,10750000,79379,坡道平面,25.69,1950000,,RPVQMLTJMHGGFHH96CB
龜山區,房地(土地+建物)+車位,桃園市龜山區文化一路與樂善二路口 A1-23,8.78,商,,,1090225,土地1建物1車位1,二十三層,28,住宅大樓(11層含以上有電梯),住家用,鋼筋混凝土造,,135.1,2,2,2,有,無,10410000,77666,坡道平面,24.24,1800000,,RPWQMLTJMHGGFHH07CB
龜山區,房地(土地+建物)+車位,桃園市龜山區文化一路與樂善二路口 A1-24,8.78,商,,,1081217,土地1建物1車位1,二十四層,28,住宅大樓(11層含以上有電梯),住家用,鋼筋混凝土造,,136.55,2,2,2,有,無,10520000,77305,坡道平面,25.69,1950000,,RPXQMLTJMHGGFHH17CB
龜山區,房地(土地+建物)+車位,桃園市龜山區文化一路與樂善二路口 A1-25,8.78,商,,,1081204,土地1建物1車位1,二十五層,28,住宅大樓(11層含以上有電梯),住家用,鋼筋混凝土造,,135.1,2,2,2,有,無,10330000,77846,坡道平面,24.24,1700000,,RPORMLTJMHGGFHH98CB
龜山區,房地(土地+建物)+車位,桃園市龜山區文化一路與樂善二路口 A1-26,8.78,商,,,1081203,土地1建物1車位1,二十六層,28,住宅大樓(11層含以上有電梯),住家用,鋼筋混凝土造,,136.55,2,2,2,有,無,10380000,77846,坡道平面,25.69,1750000,,RPPRMLTJMHGGFHH09CB
龜山區,房地(土地+建物)+車位,桃園市龜山區文化一路與樂善二路口 A1-27,8.78,商,,,1081126,土地1建物1車位1,二十七層,28,住宅大樓(11層含以上有電梯),住家用,鋼筋混凝土造,,136.55,2,2,2,有,無,10380000,77846,坡道平面,25.69,1750000,,RPQRMLTJMHGGFHH56CB
龜山區,房地(土地+建物)+車位,桃園市龜山區文化一路與樂善二路口 A1-28,8.78,商,,,1081021,土地1建物1車位1,二十八層,28,住宅大樓(11層含以上有電梯),住家用,鋼筋混凝土造,,136.55,2,2,2,有,無,10750000,79379,坡道平面,25.69,1950000,,RPRRMLTJMHGGFHH66CB
龜山區,房地(土地+建物)+車位,桃園市龜山區文化一路與樂善二路口 A2-03,10.02,商,,,1071122,土地1建物1車位1,三層,28,住宅大樓(11層含以上有電梯),住家用,鋼筋混凝土造,,153.28,3,2,2,有,無,12470000,83235,坡道平面,25.69,1850000,,RPSRMLTJMHGGFHH76CB
龜山區,房地(土地+建物)+車位,桃園市龜山區文化一路與樂善二路口 A2-04,10.02,商,,,1071204,土地1建物1車位1,四層,28,住宅大樓(11層含以上有電梯),住家用,鋼筋混凝土造,,153.28,3,2,2,有,無,11330000,76260,坡道平面,25.69,1600000,,RPTRMLTJMHGGFHH86CB
龜山區,房地(土地+建物)+車位,桃園市龜山區文化一路與樂善二路口 A2-05,10.02,商,,,1080927,土地1建物1車位1,五層,28,住宅大樓(11層含以上有電梯),住家用,鋼筋混凝土造,,153.28,3,2,2,有,無,11800000,77984,坡道平面,25.69,1850000,,RPURMLTJMHGGFHH96CB
龜山區,房地(土地+建物)+車位,桃園市龜山區文化一路與樂善二路口 A2-06,10.02,商,,,1080716,土地1建物1車位1,六層,28,住宅大樓(11層含以上有電梯),住家用,鋼筋混凝土造,,153.28,3,2,2,有,無,11550000,76809,坡道平面,25.69,1750000,,RPVRMLTJMHGGFHH07CB
龜山區,房地(土地+建物)+車位,桃園市龜山區文化一路與樂善二路口 A2-07,10.02,商,,,1080423,土地1建物1車位1,七層,28,住宅大樓(11層含以上有電梯),住家用,鋼筋混凝土造,,153.28,3,2,2,有,無,11420000,75790,坡道平面,25.69,1750000,,RPWRMLTJMHGGFHH17CB
龜山區,房地(土地+建物)+車位,桃園市龜山區文化一路與樂善二路口 A2-08,10.02,商,,,1080828,土地1建物1車位1,八層,28,住宅大樓(11層含以上有電梯),住家用,鋼筋混凝土造,,153.28,3,2,2,有,無,11270000,75790,坡道平面,25.69,1600000,,RPXRMLTJMHGGFHH27CB
龜山區,房地(土地+建物)+車位,桃園市龜山區文化一路與樂善二路口 A2-09,10.02,商,,,1080924,土地1建物1車位1,九層,28,住宅大樓(11層含以上有電梯),住家用,鋼筋混凝土造,,153.28,3,2,2,有,無,11400000,75633,坡道平面,25.69,1750000,,RPOSMLTJMHGGFHH09CB
龜山區,房地(土地+建物)+車位,桃園市龜山區文化一路與樂善二路口 A2-10,10.02,商,,,1080708,土地1建物1車位1,十層,28,住宅大樓(11層含以上有電梯),住家用,鋼筋混凝土造,,153.28,3,2,2,有,無,11900000,79552,坡道平面,25.69,1750000,,RPPSMLTJMHGGFHH56CB
龜山區,房地(土地+建物)+車位,桃園市龜山區文化一路與樂善二路口 A2-11,10.02,商,,,1081101,土地1建物1車位1,十一層,28,住宅大樓(11層含以上有電梯),住家用,鋼筋混凝土造,,153.28,3,2,2,有,無,11730000,78219,坡道平面,25.69,1750000,,RPQSMLTJMHGGFHH66CB
龜山區,房地(土地+建物)+車位,桃園市龜山區文化一路與樂善二路口 A2-12,10.02,商,,,1080717,土地1建物1車位1,十二層,28,住宅大樓(11層含以上有電梯),住家用,鋼筋混凝土造,,153.28,3,2,2,有,無,11750000,77592,坡道平面,25.69,1850000,,RPRSMLTJMHGGFHH76CB
龜山區,房地(土地+建物)+車位,桃園市龜山區文化一路與樂善二路口 A2-13,10.02,商,,,1081016,土地1建物1車位1,十三層,28,住宅大樓(11層含以上有電梯),住家用,鋼筋混凝土造,,151.83,3,2,2,有,無,11630000,77044,坡道平面,24.24,1800000,,RPSSMLTJMHGGFHH86CB
龜山區,房地(土地+建物)+車位,桃園市龜山區文化一路與樂善二路口 A2-14,10.02,商,,,1081014,土地1建物1車位1,十四層,28,住宅大樓(11層含以上有電梯),住家用,鋼筋混凝土造,,153.28,3,2,2,有,無,11800000,77200,坡道平面,25.69,1950000,,RPTSMLTJMHGGFHH96CB
龜山區,房地(土地+建物)+車位,桃園市龜山區文化一路與樂善二路口 A2-15,10.02,商,,,1080925,土地1建物1車位1,十五層,28,住宅大樓(11層含以上有電梯),住家用,鋼筋混凝土造,,153.28,3,2,2,有,無,11600000,76417,坡道平面,25.69,1850000,,RPUSMLTJMHGGFHH07CB
龜山區,房地(土地+建物)+車位,桃園市龜山區文化一路與樂善二路口 A2-16,10.02,商,,,1080920,土地1建物1車位1,十六層,28,住宅大樓(11層含以上有電梯),住家用,鋼筋混凝土造,,153.28,3,2,2,有,無,11450000,76025,坡道平面,25.69,1750000,,RPWSMLTJMHGGFHH27CB
龜山區,房地(土地+建物)+車位,桃園市龜山區文化一路與樂善二路口 A2-17,10.02,商,,,1080925,土地1建物1車位1,十七層,28,住宅大樓(11層含以上有電梯),住家用,鋼筋混凝土造,,153.28,3,2,2,有,無,11500000,75633,坡道平面,25.69,1850000,,RPXSMLTJMHGGFHH37CB
龜山區,房地(土地+建物)+車位,桃園市龜山區文化一路與樂善二路口 A2-18,10.02,商,,,1080716,土地1建物1車位1,十八層,28,住宅大樓(11層含以上有電梯),住家用,鋼筋混凝土造,,153.28,3,2,2,有,無,11880000,79395,坡道平面,25.69,1750000,,RPOTMLTJMHGGFHH56CB
龜山區,房地(土地+建物)+車位,桃園市龜山區文化一路與樂善二路口 A2-19,10.02,商,,,1080807,土地1建物1車位1,十九層,28,住宅大樓(11層含以上有電梯),住家用,鋼筋混凝土造,,153.28,3,2,2,有,無,11750000,77592,坡道平面,25.69,1850000,,RPPTMLTJMHGGFHH66CB
龜山區,房地(土地+建物)+車位,桃園市龜山區文化一路與樂善二路口 A2-20,10.71,商,,,1080911,土地1建物1車位2,二十層,28,住宅大樓(11層含以上有電梯),住家用,鋼筋混凝土造,,177.52,3,2,2,有,無,12720000,72655,坡道平面,49.93,3450000,,RPQTMLTJMHGGFHH76CB
龜山區,房地(土地+建物)+車位,桃園市龜山區文化一路與樂善二路口 A2-21,10.02,商,,,1080712,土地1建物1車位1,二十一層,28,住宅大樓(11層含以上有電梯),住家用,鋼筋混凝土造,,153.28,3,2,2,有,無,11700000,77984,坡道平面,25.69,1750000,,RPRTMLTJMHGGFHH86CB
龜山區,房地(土地+建物)+車位,桃園市龜山區文化一路與樂善二路口 A2-22,10.71,商,,,1080826,土地1建物1車位2,二十二層,28,住宅大樓(11層含以上有電梯),住家用,鋼筋混凝土造,,177.52,3,2,2,有,無,12450000,72890,坡道平面,49.93,3150000,,RPSTMLTJMHGGFHH96CB
龜山區,房地(土地+建物)+車位,桃園市龜山區文化一路與樂善二路口 A2-23,10.71,商,,,1080827,土地1建物1車位2,二十三層,28,住宅大樓(11層含以上有電梯),住家用,鋼筋混凝土造,,177.52,3,2,2,有,無,12500000,73282,坡道平面,49.93,3150000,,RPTTMLTJMHGGFHH07CB
龜山區,房地(土地+建物)+車位,桃園市龜山區文化一路與樂善二路口 A2-24,10.02,商,,,1091012,土地1建物1車位1,二十四層,28,住宅大樓(11層含以上有電梯),住家用,鋼筋混凝土造,,151.83,3,2,2,有,無,11600000,76809,坡道平面,24.24,1800000,,RPUTMLTJMHGGFHH17CB
龜山區,房地(土地+建物)+車位,桃園市龜山區文化一路與樂善二路口 A2-25,10.71,商,,,1090413,土地1建物1車位2,二十五層,28,住宅大樓(11層含以上有電梯),住家用,鋼筋混凝土造,,177.52,3,2,2,有,無,13300000,75633,坡道平面,49.93,3650000,,RPVTMLTJMHGGFHH27CB
龜山區,房地(土地+建物)+車位,桃園市龜山區文化一路與樂善二路口 A2-26,10.02,商,,,1080903,土地1建物1車位1,二十六層,28,住宅大樓(11層含以上有電梯),住家用,鋼筋混凝土造,,153.28,3,2,2,有,無,11880000,78611,坡道平面,25.69,1850000,,RPWTMLTJMHGGFHH37CB
龜山區,房地(土地+建物)+車位,桃園市龜山區文化一路與樂善二路口 A2-27,10.02,商,,,1080924,土地1建物1車位1,二十七層,28,住宅大樓(11層含以上有電梯),住家用,鋼筋混凝土造,,153.28,3,2,2,有,無,11580000,77044,坡道平面,25.69,1750000,,RPXTMLTJMHGGFHH47CB
龜山區,房地(土地+建物)+車位,桃園市龜山區文化一路與樂善二路口 A2-28,10.02,商,,,1080313,土地1建物1車位1,二十八層,28,住宅大樓(11層含以上有電梯),住家用,鋼筋混凝土造,,154.25,3,2,2,有,無,11680000,77827,坡道平面,26.66,1750000,,RPOUMLTJMHGGFHH66CB
龜山區,房地(土地+建物)+車位,桃園市龜山區文化一路與樂善二路口 A3-03,8.02,商,,,1081107,土地1建物1車位1,三層,28,住宅大樓(11層含以上有電梯),住家用,鋼筋混凝土造,,126.11,2,2,1,有,無,10500000,86138,坡道平面,25.69,1850000,,RPPUMLTJMHGGFHH76CB
龜山區,房地(土地+建物)+車位,桃園市龜山區文化一路與樂善二路口 A3-04,7.88,商,,,1080305,土地1建物1車位1,四層,28,住宅大樓(11層含以上有電梯),住家用,鋼筋混凝土造,,124.47,2,2,1,有,無,8970000,72079,坡道平面,25.69,1850000,,RPQUMLTJMHGGFHH86CB
龜山區,房地(土地+建物)+車位,桃園市龜山區文化一路與樂善二路口 A3-05,7.88,商,,,1080128,土地1建物1車位1,五層,28,住宅大樓(11層含以上有電梯),住家用,鋼筋混凝土造,,124.47,2,2,1,有,無,8670000,73092,坡道平面,25.69,1450000,,RPRUMLTJMHGGFHH96CB
龜山區,房地(土地+建物)+車位,桃園市龜山區文化一路與樂善二路口 A3-06,7.88,商,,,1080129,土地1建物1車位1,六層,28,住宅大樓(11層含以上有電梯),住家用,鋼筋混凝土造,,124.47,2,2,1,有,無,8850000,73395,坡道平面,25.69,1600000,,RPSUMLTJMHGGFHH07CB
龜山區,房地(土地+建物)+車位,桃園市龜山區文化一路與樂善二路口 A3-07,7.88,商,,,1080128,土地1建物1車位1,七層,28,住宅大樓(11層含以上有電梯),住家用,鋼筋混凝土造,,123.02,2,2,1,有,無,8750000,74408,坡道平面,24.24,1400000,,RPUUMLTJMHGGFHH27CB
龜山區,房地(土地+建物)+車位,桃園市龜山區文化一路與樂善二路口 A3-08,7.88,商,,,1070925,土地1建物1車位1,八層,28,住宅大樓(11層含以上有電梯),住家用,鋼筋混凝土造,,124.47,2,2,1,有,無,8780000,74205,坡道平面,25.69,1450000,,RPVUMLTJMHGGFHH37CB
龜山區,房地(土地+建物)+車位,桃園市龜山區文化一路與樂善二路口 A3-09,7.88,商,,,1071217,土地1建物1車位1,九層,28,住宅大樓(11層含以上有電梯),住家用,鋼筋混凝土造,,124.47,2,2,1,有,無,9110000,73497,坡道平面,25.69,1850000,,RPWUMLTJMHGGFHH47CB
龜山區,房地(土地+建物)+車位,桃園市龜山區文化一路與樂善二路口 A3-10,7.88,商,,,1071128,土地1建物1車位1,十層,28,住宅大樓(11層含以上有電梯),住家用,鋼筋混凝土造,,124.47,2,2,1,有,無,8880000,75218,坡道平面,25.69,1450000,,RPXUMLTJMHGGFHH57CB
龜山區,房地(土地+建物)+車位,桃園市龜山區文化一路與樂善二路口 A3-11,7.88,商,,,1080315,土地1建物1車位1,十一層,28,住宅大樓(11層含以上有電梯),住家用,鋼筋混凝土造,,125.44,2,2,1,有,無,9080000,74205,坡道平面,26.66,1750000,,RPOVMLTJMHGGFHH76CB
龜山區,房地(土地+建物)+車位,桃園市龜山區文化一路與樂善二路口 A3-12,7.88,商,,,1071204,土地1建物1車位1,十二層,28,住宅大樓(11層含以上有電梯),住家用,鋼筋混凝土造,,124.47,2,2,1,有,無,8750000,73902,坡道平面,25.69,1450000,,RPPVMLTJMHGGFHH86CB
龜山區,房地(土地+建物)+車位,桃園市龜山區文化一路與樂善二路口 A3-13,7.88,商,,,1080102,土地1建物1車位1,十三層,28,住宅大樓(11層含以上有電梯),住家用,鋼筋混凝土造,,125.44,2,2,1,有,無,8910000,74003,坡道平面,26.66,1600000,,RPQVMLTJMHGGFHH96CB
龜山區,房地(土地+建物)+車位,桃園市龜山區文化一路與樂善二路口 A3-14,7.88,商,,,1080604,土地1建物1車位1,十四層,28,住宅大樓(11層含以上有電梯),住家用,鋼筋混凝土造,,124.47,2,2,1,有,無,8590000,75926,坡道平面,25.69,1090000,親友、員工或其他特殊關係間之交易。；,RPRVMLTJMHGGFHH07CB
龜山區,房地(土地+建物)+車位,桃園市龜山區文化一路與樂善二路口 A3-15,7.88,商,,,1071106,土地1建物1車位1,十五層,28,住宅大樓(11層含以上有電梯),住家用,鋼筋混凝土造,,124.47,2,2,1,有,無,9300000,76432,坡道平面,25.69,1750000,,RPSVMLTJMHGGFHH17CB
龜山區,房地(土地+建物)+車位,桃園市龜山區文化一路與樂善二路口 A3-16,7.88,商,,,1080115,土地1建物1車位1,十六層,28,住宅大樓(11層含以上有電梯),住家用,鋼筋混凝土造,,124.47,2,2,1,有,無,8800000,74408,坡道平面,25.69,1450000,,RPTVMLTJMHGGFHH27CB
龜山區,房地(土地+建物)+車位,桃園市龜山區文化一路與樂善二路口 A3-17,7.88,商,,,1071023,土地1建物1車位1,十七層,28,住宅大樓(11層含以上有電梯),住家用,鋼筋混凝土造,,124.47,2,2,1,有,無,8750000,73902,坡道平面,25.69,1450000,,RPUVMLTJMHGGFHH37CB
龜山區,房地(土地+建物)+車位,桃園市龜山區文化一路與樂善二路口 A3-18,7.88,商,,,1080212,土地1建物1車位1,十八層,28,住宅大樓(11層含以上有電梯),住家用,鋼筋混凝土造,,124.47,2,2,1,有,無,9470000,77141,坡道平面,25.69,1850000,,RPVVMLTJMHGGFHH47CB
龜山區,房地(土地+建物)+車位,桃園市龜山區文化一路與樂善二路口 A3-19,7.88,商,,,1080226,土地1建物1車位1,十九層,28,住宅大樓(11層含以上有電梯),住家用,鋼筋混凝土造,,123.02,2,2,1,有,無,9120000,75116,坡道平面,24.24,1700000,,RPWVMLTJMHGGFHH57CB
龜山區,房地(土地+建物)+車位,桃園市龜山區文化一路與樂善二路口 A3-20,7.88,商,,,1080319,土地1建物1車位1,二十層,28,住宅大樓(11層含以上有電梯),住家用,鋼筋混凝土造,,124.47,2,2,1,有,無,9260000,77546,坡道平面,25.69,1600000,,RPXVMLTJMHGGFHH67CB
龜山區,房地(土地+建物)+車位,桃園市龜山區文化一路與樂善二路口 A3-21,7.88,商,,,1080603,土地1建物1車位1,二十一層,28,住宅大樓(11層含以上有電梯),住家用,鋼筋混凝土造,,124.47,2,2,1,有,無,9300000,76432,坡道平面,25.69,1750000,,RPOWMLTJMHGGFHH86CB
龜山區,房地(土地+建物)+車位,桃園市龜山區文化一路與樂善二路口 A3-22,7.88,商,,,1080604,土地1建物1車位1,二十二層,28,住宅大樓(11層含以上有電梯),住家用,鋼筋混凝土造,,124.47,2,2,1,有,無,8980000,76230,坡道平面,25.69,1450000,,RPPWMLTJMHGGFHH96CB
龜山區,房地(土地+建物)+車位,桃園市龜山區文化一路與樂善二路口 A3-23,7.88,商,,,1080612,土地1建物1車位1,二十三層,28,住宅大樓(11層含以上有電梯),住家用,鋼筋混凝土造,,123.02,2,2,1,有,無,9320000,77141,坡道平面,24.24,1700000,,RPQWMLTJMHGGFHH07CB
龜山區,房地(土地+建物)+車位,桃園市龜山區文化一路與樂善二路口 A3-24,7.88,商,,,1080702,土地1建物1車位1,二十四層,28,住宅大樓(11層含以上有電梯),住家用,鋼筋混凝土造,,123.02,2,2,1,有,無,9350000,77445,坡道平面,24.24,1700000,,RPRWMLTJMHGGFHH17CB
龜山區,房地(土地+建物)+車位,桃園市龜山區文化一路與樂善二路口 A3-25,7.88,商,,,1080628,土地1建物1車位1,二十五層,28,住宅大樓(11層含以上有電梯),住家用,鋼筋混凝土造,,124.47,2,2,1,有,無,9300000,76432,坡道平面,25.69,1750000,,RPSWMLTJMHGGFHH27CB
龜山區,房地(土地+建物)+車位,桃園市龜山區文化一路與樂善二路口 A3-26,7.88,商,,,1080610,土地1建物1車位1,二十六層,28,住宅大樓(11層含以上有電梯),住家用,鋼筋混凝土造,,124.47,2,2,1,有,無,9300000,76432,坡道平面,25.69,1750000,,RPTWMLTJMHGGFHH37CB
龜山區,房地(土地+建物)+車位,桃園市龜山區文化一路與樂善二路口 A3-27,7.88,商,,,1080713,土地1建物1車位1,二十七層,28,住宅大樓(11層含以上有電梯),住家用,鋼筋混凝土造,,123.02,2,2,1,有,無,8900000,75926,坡道平面,24.24,1400000,,RPUWMLTJMHGGFHH47CB
龜山區,房地(土地+建物)+車位,桃園市龜山區文化一路與樂善二路口 A3-28,7.88,商,,,1080218,土地1建物1車位1,二十八層,28,住宅大樓(11層含以上有電梯),住家用,鋼筋混凝土造,,125.44,2,2,1,有,無,9380000,76230,坡道平面,26.66,1850000,,RPVWMLTJMHGGFHH57CB
龜山區,房地(土地+建物)+車位,桃園市龜山區文化一路與樂善二路口 A5-03,9.88,商,,,1081021,土地1建物1車位1,三層,28,住宅大樓(11層含以上有電梯),住家用,鋼筋混凝土造,,150.35,3,2,2,有,無,12600000,85640,坡道平面,24.24,1800000,,RPWWMLTJMHGGFHH67CB
龜山區,房地(土地+建物)+車位,桃園市龜山區文化一路與樂善二路口 A5-04,9.88,商,,,1081008,土地1建物1車位1,四層,28,住宅大樓(11層含以上有電梯),住家用,鋼筋混凝土造,,151.8,3,2,2,有,無,11580000,77155,坡道平面,25.69,1850000,,RPXWMLTJMHGGFHH77CB
龜山區,房地(土地+建物)+車位,桃園市龜山區文化一路與樂善二路口 A5-05,9.88,商,,,1080417,土地1建物1車位1,五層,28,住宅大樓(11層含以上有電梯),住家用,鋼筋混凝土造,,151.8,3,2,2,有,無,11150000,75728,坡道平面,25.69,1600000,,RPONNLTJMHGGFHH68CB
龜山區,房地(土地+建物)+車位,桃園市龜山區文化一路與樂善二路口 A5-06,9.88,商,,,1080409,土地1建物1車位1,六層,28,住宅大樓(11層含以上有電梯),住家用,鋼筋混凝土造,,151.8,3,2,2,有,無,11270000,74697,坡道平面,25.69,1850000,,RPPNNLTJMHGGFHH78CB
龜山區,房地(土地+建物)+車位,桃園市龜山區文化一路與樂善二路口 A5-07,9.88,商,,,1080604,土地1建物1車位1,七層,28,住宅大樓(11層含以上有電梯),住家用,鋼筋混凝土造,,151.8,3,2,2,有,無,10400000,72476,坡道平面,25.69,1260000,親友、員工或其他特殊關係間之交易。；,RPQNNLTJMHGGFHH88CB
龜山區,房地(土地+建物)+車位,桃園市龜山區文化一路與樂善二路口 A5-08,9.88,商,,,1080223,土地1建物1車位1,八層,28,住宅大樓(11層含以上有電梯),住家用,鋼筋混凝土造,,151.8,3,2,2,有,無,10980000,75569,坡道平面,25.69,1450000,,RPRNNLTJMHGGFHH98CB
龜山區,房地(土地+建物)+車位,桃園市龜山區文化一路與樂善二路口 A5-09,9.88,商,,,1080118,土地1建物1車位1,九層,28,住宅大樓(11層含以上有電梯),住家用,鋼筋混凝土造,,151.8,3,2,2,有,無,11300000,76917,坡道平面,25.69,1600000,,RPSNNLTJMHGGFHH09CB
龜山區,房地(土地+建物)+車位,桃園市龜山區文化一路與樂善二路口 A5-10,9.88,商,,,1080129,土地1建物1車位1,十層,28,住宅大樓(11層含以上有電梯),住家用,鋼筋混凝土造,,151.8,3,2,2,有,無,11040000,76045,坡道平面,25.69,1450000,,RPTNNLTJMHGGFHH56CB
龜山區,房地(土地+建物)+車位,桃園市龜山區文化一路與樂善二路口 A5-11,9.88,商,,,1071023,土地1建物1車位1,十一層,28,住宅大樓(11層含以上有電梯),住家用,鋼筋混凝土造,,151.8,3,2,2,有,無,11090000,76441,坡道平面,25.69,1450000,,RPUNNLTJMHGGFHH66CB
龜山區,房地(土地+建物)+車位,桃園市龜山區文化一路與樂善二路口 A5-12,9.88,商,,,1080521,土地1建物1車位1,十二層,28,住宅大樓(11層含以上有電梯),住家用,鋼筋混凝土造,,151.8,3,2,2,有,無,10460000,72952,坡道平面,25.69,1260000,親友、員工或其他特殊關係間之交易。；,RPVNNLTJMHGGFHH76CB
龜山區,房地(土地+建物)+車位,桃園市龜山區文化一路與樂善二路口 A5-13,9.88,商,,,1080521,土地1建物1車位1,十三層,28,住宅大樓(11層含以上有電梯),住家用,鋼筋混凝土造,,151.8,3,2,2,有,無,11080000,77313,坡道平面,25.69,1330000,親友、員工或其他特殊關係間之交易。；,RPWNNLTJMHGGFHH86CB
龜山區,房地(土地+建物)+車位,桃園市龜山區文化一路與樂善二路口 A5-14,9.88,商,,,1080730,土地1建物1車位1,十四層,28,住宅大樓(11層含以上有電梯),住家用,鋼筋混凝土造,,151.8,3,2,2,有,無,11750000,78503,坡道平面,25.69,1850000,,RPXNNLTJMHGGFHH96CB
龜山區,房地(土地+建物)+車位,桃園市龜山區文化一路與樂善二路口 A5-15,9.88,商,,,1071128,土地1建物1車位1,十五層,28,住宅大樓(11層含以上有電梯),住家用,鋼筋混凝土造,,151.8,3,2,2,有,無,11580000,77155,坡道平面,25.69,1850000,,RPOONLTJMHGGFHH78CB
龜山區,房地(土地+建物)+車位,桃園市龜山區文化一路與樂善二路口 A5-16,9.88,商,,,1080102,土地1建物1車位1,十六層,28,住宅大樓(11層含以上有電梯),住家用,鋼筋混凝土造,,151.8,3,2,2,有,無,11270000,76679,坡道平面,25.69,1600000,,RPPONLTJMHGGFHH88CB
龜山區,房地(土地+建物)+車位,桃園市龜山區文化一路與樂善二路口 A5-17,9.88,商,,,1071002,土地1建物1車位1,十七層,28,住宅大樓(11層含以上有電梯),住家用,鋼筋混凝土造,,151.8,3,2,2,有,無,11300000,78106,坡道平面,25.69,1450000,,RPQONLTJMHGGFHH98CB
龜山區,房地(土地+建物)+車位,桃園市龜山區文化一路與樂善二路口 A5-18,9.88,商,,,1080116,土地1建物1車位1,十八層,28,住宅大樓(11層含以上有電梯),住家用,鋼筋混凝土造,,151.8,3,2,2,有,無,12000000,80485,坡道平面,25.69,1850000,,RPRONLTJMHGGFHH09CB
龜山區,房地(土地+建物)+車位,桃園市龜山區文化一路與樂善二路口 A5-19,9.88,商,,,1080327,土地1建物1車位1,十九層,28,住宅大樓(11層含以上有電梯),住家用,鋼筋混凝土造,,151.8,3,2,2,有,無,11300000,78106,坡道平面,25.69,1450000,,RPSONLTJMHGGFHH56CB
龜山區,房地(土地+建物)+車位,桃園市龜山區文化一路與樂善二路口 A5-20,9.88,商,,,1080125,土地1建物1車位1,二十層,28,住宅大樓(11層含以上有電梯),住家用,鋼筋混凝土造,,151.8,3,2,2,有,無,11650000,77710,坡道平面,25.69,1850000,,RPTONLTJMHGGFHH66CB
龜山區,房地(土地+建物)+車位,桃園市龜山區文化一路與樂善二路口 A5-21,9.88,商,,,1080712,土地1建物1車位1,二十一層,28,住宅大樓(11層含以上有電梯),住家用,鋼筋混凝土造,,151.8,3,2,2,有,無,11580000,77948,坡道平面,25.69,1750000,,RPUONLTJMHGGFHH76CB
龜山區,房地(土地+建物)+車位,桃園市龜山區文化一路與樂善二路口 A5-22,9.88,商,,,1080618,土地1建物1車位1,二十二層,28,住宅大樓(11層含以上有電梯),住家用,鋼筋混凝土造,,151.8,3,2,2,有,無,11980000,81120,坡道平面,25.69,1750000,,RPVONLTJMHGGFHH86CB
龜山區,房地(土地+建物)+車位,桃園市龜山區文化一路與樂善二路口 A5-23,9.88,商,,,1080801,土地1建物1車位1,二十三層,28,住宅大樓(11層含以上有電梯),住家用,鋼筋混凝土造,,150.35,3,2,2,有,無,11850000,79692,坡道平面,24.24,1800000,,RPWONLTJMHGGFHH96CB
龜山區,房地(土地+建物)+車位,桃園市龜山區文化一路與樂善二路口 A5-24,9.88,商,,,1080423,土地1建物1車位1,二十四層,28,住宅大樓(11層含以上有電梯),住家用,鋼筋混凝土造,,151.8,3,2,2,有,無,11650000,78503,坡道平面,25.69,1750000,,RPXONLTJMHGGFHH07CB
龜山區,房地(土地+建物)+車位,桃園市龜山區文化一路與樂善二路口 A5-25,9.88,商,,,1080920,土地1建物1車位1,二十五層,28,住宅大樓(11層含以上有電梯),住家用,鋼筋混凝土造,,151.8,3,2,2,有,無,11800000,79692,坡道平面,25.69,1750000,,RPOPNLTJMHGGFHH88CB
龜山區,房地(土地+建物)+車位,桃園市龜山區文化一路與樂善二路口 A5-26,10.57,商,,,1080416,土地1建物1車位2,二十六層,28,住宅大樓(11層含以上有電梯),住家用,鋼筋混凝土造,,176.04,3,2,2,有,無,12950000,74935,坡道平面,49.93,3500000,,RPPPNLTJMHGGFHH98CB
龜山區,房地(土地+建物)+車位,桃園市龜山區文化一路與樂善二路口 A5-27,9.88,商,,,1080318,土地1建物1車位1,二十七層,28,住宅大樓(11層含以上有電梯),住家用,鋼筋混凝土造,,151.8,3,2,2,有,無,11500000,78503,坡道平面,25.69,1600000,,RPQPNLTJMHGGFHH09CB
龜山區,房地(土地+建物)+車位,桃園市龜山區文化一路與樂善二路口 A5-28,9.88,商,,,1080211,土地1建物1車位1,二十八層,28,住宅大樓(11層含以上有電梯),住家用,鋼筋混凝土造,,152.77,3,2,2,有,無,11680000,77948,坡道平面,26.66,1850000,,RPRPNLTJMHGGFHH56CB
龜山區,房地(土地+建物)+車位,桃園市龜山區文化一路與樂善二路口 A6-03,9.05,商,,,1070918,土地1建物1車位1,三層,28,住宅大樓(11層含以上有電梯),住家用,鋼筋混凝土造,,140.79,3,2,2,有,無,10580000,79322,坡道平面,25.69,1450000,,RPSPNLTJMHGGFHH66CB
龜山區,房地(土地+建物)+車位,桃園市龜山區文化一路與樂善二路口 A6-04,8.84,商,,,1081105,土地1建物1車位1,四層,28,住宅大樓(11層含以上有電梯),住家用,鋼筋混凝土造,,138.0,3,2,2,有,無,10250000,75683,坡道平面,25.69,1750000,,RPTPNLTJMHGGFHH76CB
龜山區,房地(土地+建物)+車位,桃園市龜山區文化一路與樂善二路口 A6-05,8.84,商,,,1080114,土地1建物1車位1,五層,28,住宅大樓(11層含以上有電梯),住家用,鋼筋混凝土造,,138.0,3,2,2,有,無,9800000,74348,坡道平面,25.69,1450000,,RPUPNLTJMHGGFHH86CB
龜山區,房地(土地+建物)+車位,桃園市龜山區文化一路與樂善二路口 A6-06,8.84,商,,,1080313,土地1建物1車位1,六層,28,住宅大樓(11層含以上有電梯),住家用,鋼筋混凝土造,,138.0,3,2,2,有,無,10270000,74971,坡道平面,25.69,1850000,,RPVPNLTJMHGGFHH96CB
龜山區,房地(土地+建物)+車位,桃園市龜山區文化一路與樂善二路口 A6-07,8.84,商,,,1080212,土地1建物1車位1,七層,28,住宅大樓(11層含以上有電梯),住家用,鋼筋混凝土造,,138.0,3,2,2,有,無,9860000,74882,坡道平面,25.69,1450000,,RPWPNLTJMHGGFHH07CB
龜山區,房地(土地+建物)+車位,桃園市龜山區文化一路與樂善二路口 A6-08,8.84,商,,,1071211,土地1建物1車位1,八層,28,住宅大樓(11層含以上有電梯),住家用,鋼筋混凝土造,,138.0,3,2,2,有,無,10300000,75238,坡道平面,25.69,1850000,,RPXPNLTJMHGGFHH17CB
龜山區,房地(土地+建物)+車位,桃園市龜山區文化一路與樂善二路口 A6-09,8.84,商,,,1071220,土地1建物1車位1,九層,28,住宅大樓(11層含以上有電梯),住家用,鋼筋混凝土造,,138.0,3,2,2,有,無,9930000,75505,坡道平面,25.69,1450000,,RPOQNLTJMHGGFHH98CB
龜山區,房地(土地+建物)+車位,桃園市龜山區文化一路與樂善二路口 A6-10,8.84,商,,,1080304,土地1建物1車位1,十層,28,住宅大樓(11層含以上有電梯),住家用,鋼筋混凝土造,,138.0,3,2,2,有,無,10200000,76574,坡道平面,25.69,1600000,,RPPQNLTJMHGGFHH09CB
龜山區,房地(土地+建物)+車位,桃園市龜山區文化一路與樂善二路口 A6-11,8.84,商,,,1080124,土地1建物1車位1,十一層,28,住宅大樓(11層含以上有電梯),住家用,鋼筋混凝土造,,136.55,3,2,2,有,無,9950000,76129,坡道平面,24.24,1400000,,RPQQNLTJMHGGFHH56CB
龜山區,房地(土地+建物)+車位,桃園市龜山區文化一路與樂善二路口 A6-12,8.84,商,,,1080118,土地1建物1車位1,十二層,28,住宅大樓(11層含以上有電梯),住家用,鋼筋混凝土造,,138.0,3,2,2,有,無,9980000,75950,坡道平面,25.69,1450000,,RPRQNLTJMHGGFHH66CB
龜山區,房地(土地+建物)+車位,桃園市龜山區文化一路與樂善二路口 A6-13,8.84,商,,,1080125,土地1建物1車位1,十三層,28,住宅大樓(11層含以上有電梯),住家用,鋼筋混凝土造,,138.0,3,2,2,有,無,10040000,76485,坡道平面,25.69,1450000,,RPSQNLTJMHGGFHH76CB
龜山區,房地(土地+建物)+車位,桃園市龜山區文化一路與樂善二路口 A6-14,8.84,商,,,1080326,土地1建物1車位1,十四層,28,住宅大樓(11層含以上有電梯),住家用,鋼筋混凝土造,,136.55,3,2,2,有,無,9900000,75683,坡道平面,24.24,1400000,,RPTQNLTJMHGGFHH86CB
龜山區,房地(土地+建物)+車位,桃園市龜山區文化一路與樂善二路口 A6-15,8.84,商,,,1080507,土地1建物1車位1,十五層,28,住宅大樓(11層含以上有電梯),住家用,鋼筋混凝土造,,138.0,3,2,2,有,無,9850000,73457,坡道平面,25.69,1600000,,RPUQNLTJMHGGFHH96CB
龜山區,房地(土地+建物)+車位,桃園市龜山區文化一路與樂善二路口 A6-16,8.84,商,,,1080102,土地1建物1車位1,十六層,28,住宅大樓(11層含以上有電梯),住家用,鋼筋混凝土造,,138.0,3,2,2,有,無,10140000,76040,坡道平面,25.69,1600000,,RPVQNLTJMHGGFHH07CB
龜山區,房地(土地+建物)+車位,桃園市龜山區文化一路與樂善二路口 A6-17,8.84,商,,,1080129,土地1建物1車位1,十七層,28,住宅大樓(11層含以上有電梯),住家用,鋼筋混凝土造,,138.0,3,2,2,有,無,10050000,76574,坡道平面,25.69,1450000,,RPWQNLTJMHGGFHH17CB
龜山區,房地(土地+建物)+車位,桃園市龜山區文化一路與樂善二路口 A6-18,9.54,商,,,1080318,土地1建物1車位2,十八層,28,住宅大樓(11層含以上有電梯),住家用,鋼筋混凝土造,,162.24,3,2,2,有,無,12050000,74793,坡道平面,49.93,3650000,,RPXQNLTJMHGGFHH27CB
龜山區,房地(土地+建物)+車位,桃園市龜山區文化一路與樂善二路口 A6-19,8.84,商,,,1080328,土地1建物1車位1,十九層,28,住宅大樓(11層含以上有電梯),住家用,鋼筋混凝土造,,138.0,3,2,2,有,無,10250000,77019,坡道平面,25.69,1600000,,RPORNLTJMHGGFHH09CB
龜山區,房地(土地+建物)+車位,桃園市龜山區桃園市龜山區大崗段190地號B1棟1樓,35.63,住,,,1100104,土地1建物1車位1,一層,7,華廈(10層含以下有電梯),住家用,鋼筋混凝土造,,129.57,2,2,1,有,無,6700000,60784,坡道平面,37.44,1100000,,RPQQMLTJMHGGFHH66EB
龜山區,房地(土地+建物)+車位,桃園市龜山區文化一路與樂善二路口 A6-20,8.84,商,,,1080528,土地1建物1車位1,二十層,28,住宅大樓(11層含以上有電梯),住家用,鋼筋混凝土造,,138.0,3,2,2,有,無,10420000,77197,坡道平面,25.69,1750000,,RPWOMLMKMHGGFHH88CB
龜山區,房地(土地+建物)+車位,桃園市龜山區文化一路與樂善二路口 A6-21,8.84,商,,,1080423,土地1建物1車位1,二十一層,28,住宅大樓(11層含以上有電梯),住家用,鋼筋混凝土造,,138.0,3,2,2,有,無,10350000,77909,坡道平面,25.69,1600000,,RPOPMLMKMHGGFHH18CB
龜山區,房地(土地+建物)+車位,桃園市龜山區文化一路與樂善二路口 A6-22,8.84,商,,,1080429,土地1建物1車位1,二十二層,28,住宅大樓(11層含以上有電梯),住家用,鋼筋混凝土造,,138.0,3,2,2,有,無,10380000,76841,坡道平面,25.69,1750000,,RPPPMLMKMHGGFHH28CB
龜山區,房地(土地+建物)+車位,桃園市龜山區文化一路與樂善二路口 A6-23,8.84,商,,,1080624,土地1建物1車位1,二十三層,28,住宅大樓(11層含以上有電梯),住家用,鋼筋混凝土造,,138.0,3,2,2,有,無,10580000,77731,坡道平面,25.69,1850000,,RPQPMLMKMHGGFHH38CB
龜山區,房地(土地+建物)+車位,桃園市龜山區文化一路與樂善二路口 A6-24,8.84,商,,,1080827,土地1建物1車位1,二十四層,28,住宅大樓(11層含以上有電梯),住家用,鋼筋混凝土造,,136.55,3,2,2,有,無,10380000,77286,坡道平面,24.24,1700000,,RPRPMLMKMHGGFHH48CB
龜山區,房地(土地+建物)+車位,桃園市龜山區文化一路與樂善二路口 A6-25,8.84,商,,,1080612,土地1建物1車位1,二十五層,28,住宅大樓(11層含以上有電梯),住家用,鋼筋混凝土造,,136.55,3,2,2,有,無,10380000,78622,坡道平面,24.24,1550000,,RPTPMLMKMHGGFHH68CB
龜山區,房地(土地+建物)+車位,桃園市龜山區文化一路與樂善二路口 A6-26,8.84,商,,,1080717,土地1建物1車位1,二十六層,28,住宅大樓(11層含以上有電梯),住家用,鋼筋混凝土造,,136.55,3,2,2,有,無,10430000,77731,坡道平面,24.24,1700000,,RPUPMLMKMHGGFHH78CB
龜山區,房地(土地+建物)+車位,桃園市龜山區文化一路與樂善二路口 A6-27,8.84,商,,,1081009,土地1建物1車位1,二十七層,28,住宅大樓(11層含以上有電梯),住家用,鋼筋混凝土造,,136.55,3,2,2,有,無,10600000,78355,坡道平面,24.24,1800000,,RPVPMLMKMHGGFHH88CB
龜山區,房地(土地+建物)+車位,桃園市龜山區文化一路與樂善二路口 A6-28,8.84,商,,,1080613,土地1建物1車位1,二十八層,28,住宅大樓(11層含以上有電梯),住家用,鋼筋混凝土造,,138.0,3,2,2,有,無,10500000,77909,坡道平面,25.69,1750000,,RPWPMLMKMHGGFHH98CB
龜山區,房地(土地+建物)+車位,桃園市龜山區文化一路與樂善二路口 B1-03,9.95,商,,,1080308,土地1建物1車位1,三層,28,住宅大樓(11層含以上有電梯),住家用,鋼筋混凝土造,,151.77,3,2,2,有,無,12160000,81236,坡道平面,24.24,1800000,,RPXPMLMKMHGGFHH09CB
龜山區,房地(土地+建物)+車位,桃園市龜山區文化一路與樂善二路口 B1-04,9.74,商,,,1080219,土地1建物1車位1,四層,28,住宅大樓(11層含以上有電梯),住家用,鋼筋混凝土造,,148.5,3,2,2,有,無,10660000,74521,坡道平面,24.24,1400000,,RPPQMLMKMHGGFHH38CB
龜山區,房地(土地+建物)+車位,桃園市龜山區文化一路與樂善二路口 B1-05,9.74,商,,,1071219,土地1建物1車位1,五層,28,住宅大樓(11層含以上有電梯),住家用,鋼筋混凝土造,,149.95,3,2,2,有,無,11100000,75245,坡道平面,25.69,1750000,,RPRQMLMKMHGGFHH58CB
龜山區,房地(土地+建物)+車位,桃園市龜山區文化一路與樂善二路口 B1-06,9.74,商,,,1080808,土地1建物1車位1,六層,28,住宅大樓(11層含以上有電梯),住家用,鋼筋混凝土造,,149.95,3,2,2,有,無,11180000,75889,坡道平面,25.69,1750000,,RPTQMLMKMHGGFHH78CB
龜山區,房地(土地+建物)+車位,桃園市龜山區文化一路與樂善二路口 B1-07,9.74,商,,,1080529,土地1建物1車位1,七層,28,住宅大樓(11層含以上有電梯),住家用,鋼筋混凝土造,,149.95,3,2,2,有,無,11200000,75245,坡道平面,25.69,1850000,,RPUQMLMKMHGGFHH88CB
龜山區,房地(土地+建物)+車位,桃園市龜山區文化一路與樂善二路口 B1-08,9.74,商,,,1080131,土地1建物1車位1,八層,28,住宅大樓(11層含以上有電梯),住家用,鋼筋混凝土造,,149.95,3,2,2,有,無,11050000,77257,坡道平面,25.69,1450000,,RPVQMLMKMHGGFHH98CB
龜山區,房地(土地+建物)+車位,桃園市龜山區文化一路與樂善二路口 B1-09,9.74,商,,,1080416,土地1建物1車位1,九層,28,住宅大樓(11層含以上有電梯),住家用,鋼筋混凝土造,,149.95,3,2,2,有,無,11200000,77257,坡道平面,25.69,1600000,,RPWQMLMKMHGGFHH09CB
龜山區,房地(土地+建物)+車位,桃園市龜山區文化一路與樂善二路口 B1-10,9.74,商,,,1080419,土地1建物1車位1,十層,28,住宅大樓(11層含以上有電梯),住家用,鋼筋混凝土造,,149.95,3,2,2,有,無,11250000,75648,坡道平面,25.69,1850000,,RPXQMLMKMHGGFHH56CB
龜山區,房地(土地+建物)+車位,桃園市龜山區文化一路與樂善二路口 B1-11,9.74,商,,,1080115,土地1建物1車位1,十一層,28,住宅大樓(11層含以上有電梯),住家用,鋼筋混凝土造,,149.95,3,2,2,有,無,11180000,75889,坡道平面,25.69,1750000,,RPORMLMKMHGGFHH38CB
龜山區,房地(土地+建物)+車位,桃園市龜山區文化一路與樂善二路口 B1-12,9.74,商,,,1071130,土地1建物1車位1,十二層,28,住宅大樓(11層含以上有電梯),住家用,鋼筋混凝土造,,149.95,3,2,2,有,無,11000000,76855,坡道平面,25.69,1450000,,RPPRMLMKMHGGFHH48CB
龜山區,房地(土地+建物)+車位,桃園市龜山區文化一路與樂善二路口 B1-13,9.74,商,,,1071210,土地1建物1車位1,十三層,28,住宅大樓(11層含以上有電梯),住家用,鋼筋混凝土造,,149.95,3,2,2,有,無,11520000,78625,坡道平面,25.69,1750000,,RPRRMLMKMHGGFHH68CB
龜山區,房地(土地+建物)+車位,桃園市龜山區文化一路與樂善二路口 B1-14,9.74,商,,,1081018,土地1建物1車位1,十四層,28,住宅大樓(11層含以上有電梯),住家用,鋼筋混凝土造,,149.95,3,2,2,有,無,11350000,76453,坡道平面,25.69,1850000,,RPSRMLMKMHGGFHH78CB
龜山區,房地(土地+建物)+車位,桃園市龜山區文化一路與樂善二路口 B1-15,9.74,商,,,1080507,土地1建物1車位1,十五層,28,住宅大樓(11層含以上有電梯),住家用,鋼筋混凝土造,,149.95,3,2,2,有,無,11450000,77257,坡道平面,25.69,1850000,,RPTRMLMKMHGGFHH88CB
龜山區,房地(土地+建物)+車位,桃園市龜山區文化一路與樂善二路口 B1-16,9.74,商,,,1080415,土地1建物1車位1,十六層,28,住宅大樓(11層含以上有電梯),住家用,鋼筋混凝土造,,149.95,3,2,2,有,無,11200000,75245,坡道平面,25.69,1850000,,RPURMLMKMHGGFHH98CB
龜山區,房地(土地+建物)+車位,桃園市龜山區文化一路與樂善二路口 B1-17,9.74,商,,,1080611,土地1建物1車位1,十七層,28,住宅大樓(11層含以上有電梯),住家用,鋼筋混凝土造,,149.95,3,2,2,有,無,11360000,76533,坡道平面,25.69,1850000,,RPVRMLMKMHGGFHH09CB
龜山區,房地(土地+建物)+車位,桃園市龜山區文化一路與樂善二路口 B1-18,9.74,商,,,1080805,土地1建物1車位1,十八層,28,住宅大樓(11層含以上有電梯),住家用,鋼筋混凝土造,,149.95,3,2,2,有,無,11480000,77499,坡道平面,25.69,1850000,,RPWRMLMKMHGGFHH56CB
龜山區,房地(土地+建物)+車位,桃園市龜山區文化一路與樂善二路口 B1-19,9.74,商,,,1081015,土地1建物1車位1,十九層,28,住宅大樓(11層含以上有電梯),住家用,鋼筋混凝土造,,149.95,3,2,2,有,無,11340000,76372,坡道平面,25.69,1850000,,RPXRMLMKMHGGFHH66CB
龜山區,房地(土地+建物)+車位,桃園市龜山區文化一路與樂善二路口 B1-20,9.74,商,,,1081002,土地1建物1車位1,二十層,28,住宅大樓(11層含以上有電梯),住家用,鋼筋混凝土造,,149.95,3,2,2,有,無,11500000,77660,坡道平面,25.69,1850000,,RPOSMLMKMHGGFHH48CB
龜山區,房地(土地+建物)+車位,桃園市龜山區文化一路與樂善二路口 B1-21,9.74,商,,,1081203,土地1建物1車位1,二十一層,28,住宅大樓(11層含以上有電梯),住家用,鋼筋混凝土造,,149.95,3,2,2,有,無,11660000,78143,坡道平面,25.69,1950000,,RPPSMLMKMHGGFHH58CB
龜山區,房地(土地+建物)+車位,桃園市龜山區文化一路與樂善二路口 B1-22,9.74,商,,,1080909,土地1建物1車位1,二十二層,28,住宅大樓(11層含以上有電梯),住家用,鋼筋混凝土造,,149.95,3,2,2,有,無,11480000,77499,坡道平面,25.69,1850000,,RPQSMLMKMHGGFHH68CB
龜山區,房地(土地+建物)+車位,桃園市龜山區文化一路與樂善二路口 B1-23,9.74,商,,,1081120,土地1建物1車位1,二十三層,28,住宅大樓(11層含以上有電梯),住家用,鋼筋混凝土造,,149.95,3,2,2,有,無,11760000,78947,坡道平面,25.69,1950000,,RPRSMLMKMHGGFHH78CB
龜山區,房地(土地+建物)+車位,桃園市龜山區文化一路與樂善二路口 B1-24,9.74,商,,,1081120,土地1建物1車位1,二十四層,28,住宅大樓(11層含以上有電梯),住家用,鋼筋混凝土造,,149.95,3,2,2,有,無,11760000,78947,坡道平面,25.69,1950000,,RPTSMLMKMHGGFHH98CB
龜山區,房地(土地+建物)+車位,桃園市龜山區文化一路與樂善二路口 B1-25,9.74,商,,,1081120,土地1建物1車位1,二十五層,28,住宅大樓(11層含以上有電梯),住家用,鋼筋混凝土造,,149.95,3,2,2,有,無,11760000,78947,坡道平面,25.69,1950000,,RPUSMLMKMHGGFHH09CB
龜山區,房地(土地+建物)+車位,桃園市龜山區文化一路與樂善二路口 B1-26,9.74,商,,,1081025,土地1建物1車位1,二十六層,28,住宅大樓(11層含以上有電梯),住家用,鋼筋混凝土造,,149.95,3,2,2,有,無,11500000,77660,坡道平面,25.69,1850000,,RPWSMLMKMHGGFHH66CB
龜山區,房地(土地+建物)+車位,桃園市龜山區文化一路與樂善二路口 B1-27,9.74,商,,,1081120,土地1建物1車位1,二十七層,28,住宅大樓(11層含以上有電梯),住家用,鋼筋混凝土造,,149.95,3,2,2,有,無,11760000,78947,坡道平面,25.69,1950000,,RPXSMLMKMHGGFHH76CB
龜山區,房地(土地+建物)+車位,桃園市龜山區文化一路與樂善二路口 B1-28,9.74,商,,,1090225,土地1建物1車位1,二十八層,28,住宅大樓(11層含以上有電梯),住家用,鋼筋混凝土造,,149.95,3,2,2,有,無,11550000,77257,坡道平面,25.69,1950000,,RPOTMLMKMHGGFHH58CB
龜山區,房地(土地+建物)+車位,桃園市龜山區文化一路與樂善二路口 B2-04,9.67,商,,,1081219,土地1建物1車位1,四層,28,住宅大樓(11層含以上有電梯),住家用,鋼筋混凝土造,,147.35,3,2,2,有,無,10980000,74567,坡道平面,24.24,1800000,,RPPTMLMKMHGGFHH68CB
龜山區,房地(土地+建物)+車位,桃園市龜山區文化一路與樂善二路口 B2-05,9.67,商,,,1081105,土地1建物1車位1,五層,28,住宅大樓(11層含以上有電梯),住家用,鋼筋混凝土造,,148.8,3,2,2,有,無,11080000,75786,坡道平面,25.69,1750000,,RPQTMLMKMHGGFHH78CB
龜山區,房地(土地+建物)+車位,桃園市龜山區文化一路與樂善二路口 B2-06,9.67,商,,,1080108,土地1建物1車位1,六層,28,住宅大樓(11層含以上有電梯),住家用,鋼筋混凝土造,,148.8,3,2,2,有,無,11000000,77573,坡道平面,25.69,1450000,,RPRTMLMKMHGGFHH88CB
龜山區,房地(土地+建物)+車位,桃園市龜山區文化一路與樂善二路口 B2-07,10.37,商,,,1080315,土地1建物1車位2,七層,28,住宅大樓(11層含以上有電梯),住家用,鋼筋混凝土造,,173.04,3,2,2,有,無,11580000,70912,坡道平面,49.93,2850000,,RPSTMLMKMHGGFHH98CB
龜山區,房地(土地+建物)+車位,桃園市龜山區文化一路與樂善二路口 B2-08,10.37,商,,,1080321,土地1建物1車位2,八層,28,住宅大樓(11層含以上有電梯),住家用,鋼筋混凝土造,,173.04,3,2,2,有,無,11800000,70262,坡道平面,49.93,3150000,,RPTTMLMKMHGGFHH09CB
龜山區,房地(土地+建物)+車位,桃園市龜山區文化一路與樂善二路口 B2-09,9.67,商,,,1080515,土地1建物1車位1,九層,28,住宅大樓(11層含以上有電梯),住家用,鋼筋混凝土造,,148.8,3,2,2,有,無,10930000,74567,坡道平面,25.69,1750000,,RPUTMLMKMHGGFHH56CB
龜山區,房地(土地+建物)+車位,桃園市龜山區文化一路與樂善二路口 B2-10,9.67,商,,,1081210,土地1建物1車位1,十層,28,住宅大樓(11層含以上有電梯),住家用,鋼筋混凝土造,,148.8,3,2,2,有,無,11260000,75623,坡道平面,25.69,1950000,,RPVTMLMKMHGGFHH66CB
龜山區,房地(土地+建物)+車位,桃園市龜山區文化一路與樂善二路口 B2-11,9.67,商,,,1090203,土地1建物1車位1,十一層,28,住宅大樓(11層含以上有電梯),住家用,鋼筋混凝土造,,148.8,3,2,2,有,無,11350000,76354,坡道平面,25.69,1950000,,RPXTMLMKMHGGFHH86CB
龜山區,房地(土地+建物)+車位,桃園市龜山區文化一路與樂善二路口 B2-12,9.67,商,,,1080903,土地1建物1車位1,十二層,28,住宅大樓(11層含以上有電梯),住家用,鋼筋混凝土造,,148.8,3,2,2,有,無,10990000,75055,坡道平面,25.69,1750000,,RPOUMLMKMHGGFHH68CB
龜山區,房地(土地+建物)+車位,桃園市龜山區文化一路與樂善二路口 B2-13,9.67,商,,,1090120,土地1建物1車位1,十三層,28,住宅大樓(11層含以上有電梯),住家用,鋼筋混凝土造,,147.35,3,2,2,有,無,10800000,73918,坡道平面,24.24,1700000,,RPPUMLMKMHGGFHH78CB
龜山區,房地(土地+建物)+車位,桃園市龜山區文化一路與樂善二路口 B2-14,9.67,商,,,1090713,土地1建物1車位1,十四層,28,住宅大樓(11層含以上有電梯),住家用,鋼筋混凝土造,,147.35,3,2,2,有,無,11200000,75542,坡道平面,24.24,1900000,,RPQUMLMKMHGGFHH88CB
龜山區,房地(土地+建物)+車位,桃園市龜山區文化一路與樂善二路口 B2-15,9.67,商,,,1090513,土地1建物1車位1,十五層,28,住宅大樓(11層含以上有電梯),住家用,鋼筋混凝土造,,148.8,3,2,2,有,無,11000000,73511,坡道平面,25.69,1950000,,RPRUMLMKMHGGFHH98CB
龜山區,房地(土地+建物)+車位,桃園市龜山區文化一路與樂善二路口 B2-16,10.37,商,,,1071218,土地1建物1車位2,十六層,28,住宅大樓(11層含以上有電梯),住家用,鋼筋混凝土造,,173.04,3,2,2,有,無,12180000,73349,坡道平面,49.93,3150000,,RPSUMLMKMHGGFHH09CB
龜山區,房地(土地+建物)+車位,桃園市龜山區文化一路與樂善二路口 B2-17,9.67,商,,,1090211,土地1建物1車位1,十七層,28,住宅大樓(11層含以上有電梯),住家用,鋼筋混凝土造,,148.8,3,2,2,有,無,11550000,77979,坡道平面,25.69,1950000,,RPTUMLMKMHGGFHH56CB
龜山區,房地(土地+建物)+車位,桃園市龜山區文化一路與樂善二路口 B2-18,9.67,商,,,1090623,土地1建物1車位1,十八層,28,住宅大樓(11層含以上有電梯),住家用,鋼筋混凝土造,,147.35,3,2,2,有,無,11110000,75623,坡道平面,24.24,1800000,,RPVUMLMKMHGGFHH76CB
龜山區,房地(土地+建物)+車位,桃園市龜山區文化一路與樂善二路口 B2-19,9.67,商,,,1090320,土地1建物1車位1,十九層,28,住宅大樓(11層含以上有電梯),住家用,鋼筋混凝土造,,148.8,3,2,2,有,無,11600000,78385,坡道平面,25.69,1950000,,RPWUMLMKMHGGFHH86CB
龜山區,房地(土地+建物)+車位,桃園市龜山區文化一路與樂善二路口 B2-20,9.67,商,,,1090511,土地1建物1車位1,二十層,28,住宅大樓(11層含以上有電梯),住家用,鋼筋混凝土造,,148.8,3,2,2,有,無,11380000,76598,坡道平面,25.69,1950000,,RPXUMLMKMHGGFHH96CB
龜山區,房地(土地+建物)+車位,桃園市龜山區文化一路與樂善二路口 B2-21,9.67,商,,,1090710,土地1建物1車位1,二十一層,28,住宅大樓(11層含以上有電梯),住家用,鋼筋混凝土造,,148.8,3,2,2,有,無,11330000,77004,坡道平面,25.69,1850000,,RPPVMLMKMHGGFHH88CB
龜山區,房地(土地+建物)+車位,桃園市龜山區文化一路與樂善二路口 B2-22,9.67,商,,,1090727,土地1建物1車位1,二十二層,28,住宅大樓(11層含以上有電梯),住家用,鋼筋混凝土造,,147.35,3,2,2,有,無,11150000,75136,坡道平面,24.24,1900000,,RPQVMLMKMHGGFHH98CB
龜山區,房地(土地+建物)+車位,桃園市龜山區文化一路與樂善二路口 B2-23,10.37,商,,,1091012,土地1建物1車位2,二十三層,28,住宅大樓(11層含以上有電梯),住家用,鋼筋混凝土造,,174.49,3,2,2,有,無,12250000,71075,坡道平面,51.38,3500000,,RPRVMLMKMHGGFHH09CB
龜山區,房地(土地+建物)+車位,桃園市龜山區文化一路與樂善二路口 B2-24,9.67,商,,,1091222,土地1建物1車位1,二十四層,28,住宅大樓(11層含以上有電梯),住家用,鋼筋混凝土造,,148.8,3,2,2,有,無,11400000,77573,坡道平面,25.69,1850000,,RPSVMLMKMHGGFHH56CB
龜山區,房地(土地+建物)+車位,桃園市龜山區文化一路與樂善二路口 B2-25,9.67,商,,,1081028,土地1建物1車位1,二十五層,28,住宅大樓(11層含以上有電梯),住家用,鋼筋混凝土造,,148.8,3,2,2,有,無,11570000,78141,坡道平面,25.69,1950000,,RPTVMLMKMHGGFHH66CB
龜山區,房地(土地+建物)+車位,桃園市龜山區文化一路與樂善二路口 B2-26,9.67,商,,,1090122,土地1建物1車位1,二十六層,28,住宅大樓(11層含以上有電梯),住家用,鋼筋混凝土造,,147.35,3,2,2,有,無,11120000,75705,坡道平面,24.24,1800000,,RPUVMLMKMHGGFHH76CB
龜山區,房地(土地+建物)+車位,桃園市龜山區文化一路與樂善二路口 B2-27,9.67,商,,,1090204,土地1建物1車位1,二十七層,28,住宅大樓(11層含以上有電梯),住家用,鋼筋混凝土造,,148.8,3,2,2,有,無,11570000,78141,坡道平面,25.69,1950000,,RPVVMLMKMHGGFHH86CB
龜山區,房地(土地+建物)+車位,桃園市龜山區文化一路與樂善二路口 B2-28,9.67,商,,,1090225,土地1建物1車位1,二十八層,28,住宅大樓(11層含以上有電梯),住家用,鋼筋混凝土造,,148.8,3,2,2,有,無,11450000,77167,坡道平面,25.69,1950000,,RPWVMLMKMHGGFHH96CB
龜山區,房地(土地+建物)+車位,桃園市龜山區文化一路與樂善二路口 B3-03,8.71,商,,,1080920,土地1建物1車位1,三層,28,住宅大樓(11層含以上有電梯),住家用,鋼筋混凝土造,,135.35,2,2,2,有,無,10200000,77056,坡道平面,25.69,1750000,,RPXVMLMKMHGGFHH07CB
龜山區,房地(土地+建物)+車位,桃園市龜山區文化一路與樂善二路口 B3-04,8.64,商,,,1071204,土地1建物1車位1,四層,28,住宅大樓(11層含以上有電梯),住家用,鋼筋混凝土造,,132.61,2,2,2,有,無,9200000,71976,坡道平面,24.24,1400000,,RPWWMLMKMHGGFHH07CB
龜山區,房地(土地+建物)+車位,桃園市龜山區文化一路與樂善二路口 B3-05,8.64,商,,,1080327,土地1建物1車位1,五層,28,住宅大樓(11層含以上有電梯),住家用,鋼筋混凝土造,,134.06,2,2,2,有,無,9580000,75021,坡道平面,25.69,1450000,,RPUNNLMKMHGGFHH68CB
龜山區,房地(土地+建物)+車位,桃園市龜山區文化一路與樂善二路口 B3-06,8.64,商,,,1080423,土地1建物1車位1,六層,28,住宅大樓(11層含以上有電梯),住家用,鋼筋混凝土造,,134.06,2,2,2,有,無,9730000,73637,坡道平面,25.69,1750000,,RPVNNLMKMHGGFHH78CB
龜山區,房地(土地+建物)+車位,桃園市龜山區文化一路與樂善二路口 B3-07,8.64,商,,,1080321,土地1建物1車位1,七層,28,住宅大樓(11層含以上有電梯),住家用,鋼筋混凝土造,,132.61,2,2,2,有,無,9580000,74098,坡道平面,24.24,1550000,,RPWNNLMKMHGGFHH88CB
龜山區,房地(土地+建物)+車位,桃園市龜山區文化一路與樂善二路口 B3-08,8.64,商,,,1080522,土地1建物1車位1,八層,28,住宅大樓(11層含以上有電梯),住家用,鋼筋混凝土造,,132.61,2,2,2,有,無,9680000,75021,坡道平面,24.24,1550000,,RPXNNLMKMHGGFHH98CB
龜山區,房地(土地+建物)+車位,桃園市龜山區文化一路與樂善二路口 B3-09,8.64,商,,,1080416,土地1建物1車位1,九層,28,住宅大樓(11層含以上有電梯),住家用,鋼筋混凝土造,,134.06,2,2,2,有,無,9680000,73175,坡道平面,25.69,1750000,,RPOONLMKMHGGFHH18CB
龜山區,房地(土地+建物)+車位,桃園市龜山區文化一路與樂善二路口 B3-10,8.64,商,,,1080411,土地1建物1車位1,十層,28,住宅大樓(11層含以上有電梯),住家用,鋼筋混凝土造,,134.06,2,2,2,有,無,9680000,73175,坡道平面,25.69,1750000,,RPPONLMKMHGGFHH28CB
龜山區,房地(土地+建物)+車位,桃園市龜山區文化一路與樂善二路口 B3-11,8.64,商,,,1080322,土地1建物1車位1,十一層,28,住宅大樓(11層含以上有電梯),住家用,鋼筋混凝土造,,132.61,2,2,2,有,無,9300000,72898,坡道平面,24.24,1400000,,RPQONLMKMHGGFHH38CB
龜山區,房地(土地+建物)+車位,桃園市龜山區文化一路與樂善二路口 B3-12,8.64,商,,,1080423,土地1建物1車位1,十二層,28,住宅大樓(11層含以上有電梯),住家用,鋼筋混凝土造,,132.61,2,2,2,有,無,9500000,73360,坡道平面,24.24,1550000,,RPRONLMKMHGGFHH48CB
龜山區,房地(土地+建物)+車位,桃園市龜山區文化一路與樂善二路口 B3-13,8.64,商,,,1080712,土地1建物1車位1,十三層,28,住宅大樓(11層含以上有電梯),住家用,鋼筋混凝土造,,134.06,2,2,2,有,無,9680000,74559,坡道平面,25.69,1600000,,RPSONLMKMHGGFHH58CB
龜山區,房地(土地+建物)+車位,桃園市龜山區文化一路與樂善二路口 B3-14,8.64,商,,,1080924,土地1建物1車位1,十四層,28,住宅大樓(11層含以上有電梯),住家用,鋼筋混凝土造,,132.61,2,2,2,有,無,9700000,73821,坡道平面,24.24,1700000,,RPTONLMKMHGGFHH68CB
龜山區,房地(土地+建物)+車位,桃園市龜山區文化一路與樂善二路口 B3-15,8.64,商,,,1080606,土地1建物1車位1,十五層,28,住宅大樓(11層含以上有電梯),住家用,鋼筋混凝土造,,134.06,2,2,2,有,無,9850000,74744,坡道平面,25.69,1750000,,RPUONLMKMHGGFHH78CB
龜山區,房地(土地+建物)+車位,桃園市龜山區文化一路與樂善二路口 B3-16,8.64,商,,,1090702,土地1建物1車位1,十六層,28,住宅大樓(11層含以上有電梯),住家用,鋼筋混凝土造,,132.61,2,2,2,有,無,10170000,76313,坡道平面,24.24,1900000,,RPVONLMKMHGGFHH88CB
龜山區,房地(土地+建物)+車位,桃園市龜山區文化一路與樂善二路口 B3-17,8.64,商,,,1080222,土地1建物1車位1,十七層,28,住宅大樓(11層含以上有電梯),住家用,鋼筋混凝土造,,134.06,2,2,2,有,無,9700000,74744,坡道平面,25.69,1600000,,RPWONLMKMHGGFHH98CB
龜山區,房地(土地+建物)+車位,桃園市龜山區文化一路與樂善二路口 B3-18,8.64,商,,,1080403,土地1建物1車位1,十八層,28,住宅大樓(11層含以上有電梯),住家用,鋼筋混凝土造,,134.06,2,2,2,有,無,9700000,74744,坡道平面,25.69,1600000,,RPXONLMKMHGGFHH09CB
龜山區,房地(土地+建物)+車位,桃園市龜山區文化一路與樂善二路口 B3-19,8.64,商,,,1080801,土地1建物1車位1,十九層,28,住宅大樓(11層含以上有電梯),住家用,鋼筋混凝土造,,134.06,2,2,2,有,無,9930000,75482,坡道平面,25.69,1750000,,RPOPNLMKMHGGFHH28CB
龜山區,房地(土地+建物)+車位,桃園市龜山區文化一路與樂善二路口 B3-20,8.64,商,,,1080801,土地1建物1車位1,二十層,28,住宅大樓(11層含以上有電梯),住家用,鋼筋混凝土造,,134.06,2,2,2,有,無,9950000,75667,坡道平面,25.69,1750000,,RPPPNLMKMHGGFHH38CB
龜山區,房地(土地+建物)+車位,桃園市龜山區文化一路與樂善二路口 B3-21,8.64,商,,,1080927,土地1建物1車位1,二十一層,28,住宅大樓(11層含以上有電梯),住家用,鋼筋混凝土造,,132.61,2,2,2,有,無,9900000,75667,坡道平面,24.24,1700000,,RPQPNLMKMHGGFHH48CB
龜山區,房地(土地+建物)+車位,桃園市龜山區文化一路與樂善二路口 B3-22,8.64,商,,,1080924,土地1建物1車位1,二十二層,28,住宅大樓(11層含以上有電梯),住家用,鋼筋混凝土造,,134.06,2,2,2,有,無,10100000,77051,坡道平面,25.69,1750000,,RPRPNLMKMHGGFHH58CB
龜山區,房地(土地+建物)+車位,桃園市龜山區文化一路與樂善二路口 B3-23,8.64,商,,,1090302,土地1建物1車位1,二十三層,28,住宅大樓(11層含以上有電梯),住家用,鋼筋混凝土造,,132.61,2,2,2,有,無,10150000,77051,坡道平面,24.24,1800000,,RPSPNLMKMHGGFHH68CB
龜山區,房地(土地+建物)+車位,桃園市龜山區文化一路與樂善二路口 B3-24,8.64,商,,,1081204,土地1建物1車位1,二十四層,28,住宅大樓(11層含以上有電梯),住家用,鋼筋混凝土造,,134.06,2,2,2,有,無,9980000,77328,坡道平面,25.69,1600000,,RPTPNLMKMHGGFHH78CB
龜山區,房地(土地+建物)+車位,桃園市龜山區文化一路與樂善二路口 B3-25,8.64,商,,,1081014,土地1建物1車位1,二十五層,28,住宅大樓(11層含以上有電梯),住家用,鋼筋混凝土造,,134.06,2,2,2,有,無,10200000,77051,坡道平面,25.69,1850000,,RPUPNLMKMHGGFHH88CB
龜山區,房地(土地+建物)+車位,桃園市龜山區文化一路與樂善二路口 B3-26,8.64,商,,,1080805,土地1建物1車位1,二十六層,28,住宅大樓(11層含以上有電梯),住家用,鋼筋混凝土造,,134.06,2,2,2,有,無,10000000,76128,坡道平面,25.69,1750000,,RPVPNLMKMHGGFHH98CB
龜山區,房地(土地+建物)+車位,桃園市龜山區文化一路與樂善二路口 B3-27,8.64,商,,,1080605,土地1建物1車位1,二十七層,28,住宅大樓(11層含以上有電梯),住家用,鋼筋混凝土造,,134.06,2,2,2,有,無,10000000,77512,坡道平面,25.69,1600000,,RPWPNLMKMHGGFHH09CB
龜山區,房地(土地+建物)+車位,桃園市龜山區文化一路與樂善二路口 B3-28,8.64,商,,,1080627,土地1建物1車位1,二十八層,28,住宅大樓(11層含以上有電梯),住家用,鋼筋混凝土造,,134.06,2,2,2,有,無,10100000,77051,坡道平面,25.69,1750000,,RPXPNLMKMHGGFHH56CB
龜山區,房地(土地+建物)+車位,桃園市龜山區文化一路與樂善二路口 B5-03,8.71,商,,,1071225,土地1建物1車位1,三層,28,住宅大樓(11層含以上有電梯),住家用,鋼筋混凝土造,,135.35,2,2,2,有,無,9600000,74321,坡道平面,25.69,1450000,,RPOQNLMKMHGGFHH38CB
龜山區,房地(土地+建物)+車位,桃園市龜山區文化一路與樂善二路口 B5-04,8.64,商,,,1080513,土地1建物1車位1,四層,28,住宅大樓(11層含以上有電梯),住家用,鋼筋混凝土造,,132.61,2,2,2,有,無,9580000,74098,坡道平面,24.24,1550000,,RPPPMLNKMHGGFHH38CB
龜山區,房地(土地+建物)+車位,桃園市龜山區文化一路與樂善二路口 B5-05,8.64,商,,,1080212,土地1建物1車位1,五層,28,住宅大樓(11層含以上有電梯),住家用,鋼筋混凝土造,,132.61,2,2,2,有,無,9160000,71607,坡道平面,24.24,1400000,,RPRPMLNKMHGGFHH58CB
龜山區,房地(土地+建物)+車位,桃園市龜山區文化一路與樂善二路口 B5-06,8.64,商,,,1070921,土地1建物1車位1,六層,28,住宅大樓(11層含以上有電梯),住家用,鋼筋混凝土造,,132.61,2,2,2,有,無,9400000,73821,坡道平面,24.24,1400000,,RPSPMLNKMHGGFHH68CB
龜山區,房地(土地+建物)+車位,桃園市龜山區文化一路與樂善二路口 B5-07,8.64,商,,,1080423,土地1建物1車位1,七層,28,住宅大樓(11層含以上有電梯),住家用,鋼筋混凝土造,,132.61,2,2,2,有,無,9450000,72898,坡道平面,24.24,1550000,,RPTPMLNKMHGGFHH78CB
龜山區,房地(土地+建物)+車位,桃園市龜山區文化一路與樂善二路口 B5-08,8.64,商,,,1071001,土地1建物1車位1,八層,28,住宅大樓(11層含以上有電梯),住家用,鋼筋混凝土造,,134.06,2,2,2,有,無,9500000,74283,坡道平面,25.69,1450000,,RPUPMLNKMHGGFHH88CB
龜山區,房地(土地+建物)+車位,桃園市龜山區文化一路與樂善二路口 B5-09,8.64,商,,,1080402,土地1建物1車位1,九層,28,住宅大樓(11層含以上有電梯),住家用,鋼筋混凝土造,,134.06,2,2,2,有,無,9930000,74559,坡道平面,25.69,1850000,,RPVPMLNKMHGGFHH98CB
龜山區,房地(土地+建物)+車位,桃園市龜山區文化一路與樂善二路口 B5-10,8.64,商,,,1080416,土地1建物1車位1,十層,28,住宅大樓(11層含以上有電梯),住家用,鋼筋混凝土造,,134.06,2,2,2,有,無,9720000,74928,坡道平面,25.69,1600000,,RPWPMLNKMHGGFHH09CB
龜山區,房地(土地+建物)+車位,桃園市龜山區文化一路與樂善二路口 B5-11,8.64,商,,,1080403,土地1建物1車位1,十一層,28,住宅大樓(11層含以上有電梯),住家用,鋼筋混凝土造,,134.06,2,2,2,有,無,9730000,73637,坡道平面,25.69,1750000,,RPXPMLNKMHGGFHH56CB
龜山區,房地(土地+建物)+車位,桃園市龜山區文化一路與樂善二路口 B5-12,8.64,商,,,1080401,土地1建物1車位1,十二層,28,住宅大樓(11層含以上有電梯),住家用,鋼筋混凝土造,,134.06,2,2,2,有,無,9830000,73637,坡道平面,25.69,1850000,,RPOQMLNKMHGGFHH38CB
龜山區,房地(土地+建物)+車位,桃園市龜山區文化一路與樂善二路口 B5-13,8.64,商,,,1080703,土地1建物1車位1,十三層,28,住宅大樓(11層含以上有電梯),住家用,鋼筋混凝土造,,134.06,2,2,2,有,無,9900000,75205,坡道平面,25.69,1750000,,RPQQMLNKMHGGFHH58CB
龜山區,房地(土地+建物)+車位,桃園市龜山區文化一路與樂善二路口 B5-14,8.64,商,,,1080917,土地1建物1車位1,十四層,28,住宅大樓(11層含以上有電梯),住家用,鋼筋混凝土造,,132.61,2,2,2,有,無,9900000,74744,坡道平面,24.24,1800000,,RPRQMLNKMHGGFHH68CB
龜山區,房地(土地+建物)+車位,桃園市龜山區文化一路與樂善二路口 B5-15,8.64,商,,,1080416,土地1建物1車位1,十五層,28,住宅大樓(11層含以上有電梯),住家用,鋼筋混凝土造,,134.06,2,2,2,有,無,9800000,75667,坡道平面,25.69,1600000,,RPSQMLNKMHGGFHH78CB
龜山區,房地(土地+建物)+車位,桃園市龜山區文化一路與樂善二路口 B5-16,8.64,商,,,1080416,土地1建物1車位1,十六層,28,住宅大樓(11層含以上有電梯),住家用,鋼筋混凝土造,,134.06,2,2,2,有,無,9800000,75667,坡道平面,25.69,1600000,,RPTQMLNKMHGGFHH88CB
龜山區,房地(土地+建物)+車位,桃園市龜山區文化一路與樂善二路口 B5-17,8.64,商,,,1080111,土地1建物1車位1,十七層,28,住宅大樓(11層含以上有電梯),住家用,鋼筋混凝土造,,135.03,2,2,2,有,無,9800000,75667,坡道平面,26.66,1600000,,RPXQMLNKMHGGFHH66CB
龜山區,房地(土地+建物)+車位,桃園市龜山區文化一路與樂善二路口 B5-18,8.64,商,,,1071120,土地1建物1車位1,十八層,28,住宅大樓(11層含以上有電梯),住家用,鋼筋混凝土造,,134.06,2,2,2,有,無,9700000,76128,坡道平面,25.69,1450000,,RPORMLNKMHGGFHH48CB
龜山區,房地(土地+建物)+車位,桃園市龜山區文化一路與樂善二路口 B5-19,8.64,商,,,1080826,土地1建物1車位1,十九層,28,住宅大樓(11層含以上有電梯),住家用,鋼筋混凝土造,,134.06,2,2,2,有,無,9990000,76036,坡道平面,25.69,1750000,,RPPRMLNKMHGGFHH58CB
龜山區,房地(土地+建物)+車位,桃園市龜山區文化一路與樂善二路口 B5-20,8.64,商,,,1081009,土地1建物1車位1,二十層,28,住宅大樓(11層含以上有電梯),住家用,鋼筋混凝土造,,132.61,2,2,2,有,無,9880000,75482,坡道平面,24.24,1700000,,RPQRMLNKMHGGFHH68CB
龜山區,房地(土地+建物)+車位,桃園市龜山區文化一路與樂善二路口 B5-21,8.64,商,,,1090410,土地1建物1車位1,二十一層,28,住宅大樓(11層含以上有電梯),住家用,鋼筋混凝土造,,134.06,2,2,2,有,無,9900000,76589,坡道平面,25.69,1600000,,RPRRMLNKMHGGFHH78CB
龜山區,房地(土地+建物)+車位,桃園市龜山區文化一路與樂善二路口 B5-22,8.64,商,,,1081017,土地1建物1車位1,二十二層,28,住宅大樓(11層含以上有電梯),住家用,鋼筋混凝土造,,134.06,2,2,2,有,無,10080000,75944,坡道平面,25.69,1850000,,RPSRMLNKMHGGFHH88CB
龜山區,房地(土地+建物)+車位,桃園市龜山區文化一路與樂善二路口 B5-23,8.64,商,,,1080819,土地1建物1車位1,二十三層,28,住宅大樓(11層含以上有電梯),住家用,鋼筋混凝土造,,132.61,2,2,2,有,無,9750000,75667,坡道平面,24.24,1550000,,RPTRMLNKMHGGFHH98CB
龜山區,房地(土地+建物)+車位,桃園市龜山區文化一路與樂善二路口 B5-24,8.64,商,,,1090511,土地1建物1車位1,二十四層,28,住宅大樓(11層含以上有電梯),住家用,鋼筋混凝土造,,134.06,2,2,2,有,無,9950000,74744,坡道平面,25.69,1850000,,RPURMLNKMHGGFHH09CB
龜山區,房地(土地+建物)+車位,桃園市龜山區文化一路與樂善二路口 B5-25,8.64,商,,,1081022,土地1建物1車位1,二十五層,28,住宅大樓(11層含以上有電梯),住家用,鋼筋混凝土造,,132.61,2,2,2,有,無,9860000,75298,坡道平面,24.24,1700000,,RPVRMLNKMHGGFHH56CB
龜山區,房地(土地+建物)+車位,桃園市龜山區文化一路與樂善二路口 B5-26,8.64,商,,,1080422,土地1建物1車位1,二十六層,28,住宅大樓(11層含以上有電梯),住家用,鋼筋混凝土造,,134.06,2,2,2,有,無,9980000,75944,坡道平面,25.69,1750000,,RPWRMLNKMHGGFHH66CB
龜山區,房地(土地+建物)+車位,桃園市龜山區文化一路與樂善二路口 B5-27,8.64,商,,,1080211,土地1建物1車位1,二十七層,28,住宅大樓(11層含以上有電梯),住家用,鋼筋混凝土造,,134.06,2,2,2,有,無,9580000,75021,坡道平面,25.69,1450000,,RPXRMLNKMHGGFHH76CB
龜山區,房地(土地+建物)+車位,桃園市龜山區文化一路與樂善二路口 B5-28,8.64,商,,,1080415,土地1建物1車位1,二十八層,28,住宅大樓(11層含以上有電梯),住家用,鋼筋混凝土造,,134.06,2,2,2,有,無,9950000,77051,坡道平面,25.69,1600000,,RPOSMLNKMHGGFHH58CB
龜山區,房地(土地+建物)+車位,桃園市龜山區文化一路與樂善二路口 B6-03,9.88,商,,,1070914,土地1建物1車位1,三層,28,住宅大樓(11層含以上有電梯),住家用,鋼筋混凝土造,,152.01,3,2,2,有,無,11680000,77818,坡道平面,25.69,1850000,,RPQSMLNKMHGGFHH78CB
龜山區,房地(土地+建物)+車位,桃園市龜山區文化一路與樂善二路口 B6-04,9.67,商,,,1090120,土地1建物1車位1,四層,28,住宅大樓(11層含以上有電梯),住家用,鋼筋混凝土造,,147.35,3,2,2,有,無,10730000,72537,坡道平面,24.24,1800000,,RPRSMLNKMHGGFHH88CB
龜山區,房地(土地+建物)+車位,桃園市龜山區文化一路與樂善二路口 B6-05,9.67,商,,,1071017,土地1建物1車位1,五層,28,住宅大樓(11層含以上有電梯),住家用,鋼筋混凝土造,,148.8,3,2,2,有,無,10510000,73593,坡道平面,25.69,1450000,,RPSSMLNKMHGGFHH98CB
龜山區,房地(土地+建物)+車位,桃園市龜山區文化一路與樂善二路口 B6-06,9.67,商,,,1080423,土地1建物1車位1,六層,28,住宅大樓(11層含以上有電梯),住家用,鋼筋混凝土造,,147.35,3,2,2,有,無,10650000,73918,坡道平面,24.24,1550000,,RPTSMLNKMHGGFHH09CB
龜山區,房地(土地+建物)+車位,桃園市龜山區文化一路與樂善二路口 B6-07,9.67,商,,,1090212,土地1建物1車位1,七層,28,住宅大樓(11層含以上有電梯),住家用,鋼筋混凝土造,,148.8,3,2,2,有,無,11100000,75136,坡道平面,25.69,1850000,,RPUSMLNKMHGGFHH56CB
龜山區,房地(土地+建物)+車位,桃園市龜山區文化一路與樂善二路口 B6-08,9.67,商,,,1090311,土地1建物1車位1,八層,28,住宅大樓(11層含以上有電梯),住家用,鋼筋混凝土造,,148.8,3,2,2,有,無,11510000,78466,坡道平面,25.69,1850000,,RPVSMLNKMHGGFHH66CB
龜山區,房地(土地+建物)+車位,桃園市龜山區文化一路與樂善二路口 B6-09,9.67,商,,,1080422,土地1建物1車位1,九層,28,住宅大樓(11層含以上有電梯),住家用,鋼筋混凝土造,,147.35,3,2,2,有,無,10720000,74486,坡道平面,24.24,1550000,,RPWSMLNKMHGGFHH76CB
龜山區,房地(土地+建物)+車位,桃園市龜山區文化一路與樂善二路口 B6-10,9.67,商,,,1071217,土地1建物1車位1,十層,28,住宅大樓(11層含以上有電梯),住家用,鋼筋混凝土造,,148.8,3,2,2,有,無,11050000,74730,坡道平面,25.69,1850000,,RPXSMLNKMHGGFHH86CB
龜山區,房地(土地+建物)+車位,桃園市龜山區文化一路與樂善二路口 B6-11,9.67,商,,,1080517,土地1建物1車位1,十一層,28,住宅大樓(11層含以上有電梯),住家用,鋼筋混凝土造,,148.8,3,2,2,有,無,11060000,75623,坡道平面,25.69,1750000,,RPOTMLNKMHGGFHH68CB
龜山區,房地(土地+建物)+車位,桃園市龜山區文化一路與樂善二路口 B6-12,9.67,商,,,1080812,土地1建物1車位1,十二層,28,住宅大樓(11層含以上有電梯),住家用,鋼筋混凝土造,,148.8,3,2,2,有,無,11080000,74974,坡道平面,25.69,1850000,,RPPTMLNKMHGGFHH78CB
龜山區,房地(土地+建物)+車位,桃園市龜山區文化一路與樂善二路口 B6-13,9.67,商,,,1090122,土地1建物1車位1,十三層,28,住宅大樓(11層含以上有電梯),住家用,鋼筋混凝土造,,147.35,3,2,2,有,無,11180000,76192,坡道平面,24.24,1800000,,RPQTMLNKMHGGFHH88CB
龜山區,房地(土地+建物)+車位,桃園市龜山區文化一路與樂善二路口 B6-14,9.67,商,,,1090515,土地1建物1車位1,十四層,28,住宅大樓(11層含以上有電梯),住家用,鋼筋混凝土造,,148.8,3,2,2,有,無,11170000,75705,坡道平面,25.69,1850000,,RPRTMLNKMHGGFHH98CB
龜山區,房地(土地+建物)+車位,桃園市龜山區文化一路與樂善二路口 B6-15,9.67,商,,,1080625,土地1建物1車位1,十五層,28,住宅大樓(11層含以上有電梯),住家用,鋼筋混凝土造,,148.8,3,2,2,有,無,11110000,76030,坡道平面,25.69,1750000,,RPSTMLNKMHGGFHH09CB
龜山區,房地(土地+建物)+車位,桃園市龜山區文化一路與樂善二路口 B6-16,9.67,商,,,1090615,土地1建物1車位1,十六層,28,住宅大樓(11層含以上有電梯),住家用,鋼筋混凝土造,,147.35,3,2,2,有,無,11300000,76354,坡道平面,24.24,1900000,,RPTTMLNKMHGGFHH56CB
龜山區,房地(土地+建物)+車位,桃園市龜山區文化一路與樂善二路口 B6-17,9.67,商,,,1090511,土地1建物1車位1,十七層,28,住宅大樓(11層含以上有電梯),住家用,鋼筋混凝土造,,147.35,3,2,2,有,無,11180000,75380,坡道平面,24.24,1900000,,RPUTMLNKMHGGFHH66CB
龜山區,房地(土地+建物)+車位,桃園市龜山區文化一路與樂善二路口 B6-18,9.67,商,,,1081017,土地1建物1車位1,十八層,28,住宅大樓(11層含以上有電梯),住家用,鋼筋混凝土造,,148.8,3,2,2,有,無,11300000,75948,坡道平面,25.69,1950000,,RPVTMLNKMHGGFHH76CB
龜山區,房地(土地+建物)+車位,桃園市龜山區文化一路與樂善二路口 B6-19,9.67,商,,,1090716,土地1建物1車位1,十九層,28,住宅大樓(11層含以上有電梯),住家用,鋼筋混凝土造,,147.35,3,2,2,有,無,11200000,77167,坡道平面,24.24,1700000,,RPWTMLNKMHGGFHH86CB
龜山區,房地(土地+建物)+車位,桃園市龜山區文化一路與樂善二路口 B6-20,9.67,商,,,1090727,土地1建物1車位1,二十層,28,住宅大樓(11層含以上有電梯),住家用,鋼筋混凝土造,,147.35,3,2,2,有,無,11250000,75948,坡道平面,24.24,1900000,,RPXTMLNKMHGGFHH96CB
龜山區,房地(土地+建物)+車位,桃園市龜山區文化一路與樂善二路口 B6-21,10.37,商,,,1091109,土地1建物1車位2,二十一層,28,住宅大樓(11層含以上有電梯),住家用,鋼筋混凝土造,,173.04,3,2,2,有,無,12880000,73349,坡道平面,49.93,3850000,,RPOUMLNKMHGGFHH78CB
龜山區,房地(土地+建物)+車位,桃園市龜山區文化一路與樂善二路口 B6-22,9.67,商,,,1091007,土地1建物1車位1,二十二層,28,住宅大樓(11層含以上有電梯),住家用,鋼筋混凝土造,,148.8,3,2,2,有,無,11200000,75136,坡道平面,25.69,1950000,,RPPUMLNKMHGGFHH88CB
龜山區,房地(土地+建物)+車位,桃園市龜山區文化一路與樂善二路口 B6-23,9.67,商,,,1080911,土地1建物1車位1,二十三層,28,住宅大樓(11層含以上有電梯),住家用,鋼筋混凝土造,,148.8,3,2,2,有,無,11080000,75786,坡道平面,25.69,1750000,,RPQUMLNKMHGGFHH98CB
龜山區,房地(土地+建物)+車位,桃園市龜山區文化一路與樂善二路口 B6-24,9.67,商,,,1091123,土地1建物1車位1,二十四層,28,住宅大樓(11層含以上有電梯),住家用,鋼筋混凝土造,,148.8,3,2,2,有,無,11380000,76598,坡道平面,25.69,1950000,,RPRUMLNKMHGGFHH09CB
龜山區,房地(土地+建物)+車位,桃園市龜山區文化一路與樂善二路口 B6-25,10.37,商,,,1080911,土地1建物1車位2,二十五層,28,住宅大樓(11層含以上有電梯),住家用,鋼筋混凝土造,,173.04,3,2,2,有,無,12480000,73349,坡道平面,49.93,3450000,,RPSUMLNKMHGGFHH56CB
龜山區,房地(土地+建物)+車位,桃園市龜山區文化一路與樂善二路口 B6-26,9.67,商,,,1090701,土地1建物1車位1,二十六層,28,住宅大樓(11層含以上有電梯),住家用,鋼筋混凝土造,,147.35,3,2,2,有,無,11370000,77735,坡道平面,24.24,1800000,,RPTUMLNKMHGGFHH66CB
龜山區,房地(土地+建物)+車位,桃園市龜山區文化一路與樂善二路口 B6-27,9.67,商,,,1091013,土地1建物1車位1,二十七層,28,住宅大樓(11層含以上有電梯),住家用,鋼筋混凝土造,,147.35,3,2,2,有,無,11500000,77979,坡道平面,24.24,1900000,,RPUUMLNKMHGGFHH76CB
龜山區,房地(土地+建物)+車位,桃園市龜山區文化一路與樂善二路口 B6-28,9.67,商,,,1090901,土地1建物1車位1,二十八層,28,住宅大樓(11層含以上有電梯),住家用,鋼筋混凝土造,,148.8,3,2,2,有,無,10780000,74567,坡道平面,25.69,1600000,,RPVUMLNKMHGGFHH86CB
龜山區,房地(土地+建物)+車位,桃園市龜山區文化一路與樂善二路口 B7-03,9.95,商,,,1071002,土地1建物1車位1,三層,28,住宅大樓(11層含以上有電梯),住家用,鋼筋混凝土造,,153.14,3,2,2,有,無,12000000,79639,坡道平面,25.69,1850000,,RPWUMLNKMHGGFHH96CB
龜山區,房地(土地+建物)+車位,桃園市龜山區文化一路與樂善二路口 B7-04,10.43,商,,,1091027,土地1建物1車位2,四層,28,住宅大樓(11層含以上有電梯),住家用,鋼筋混凝土造,,174.11,3,2,2,有,無,14180000,83186,坡道平面,49.93,3850000,,RPXUMLNKMHGGFHH07CB
龜山區,房地(土地+建物)+車位,桃園市龜山區文化一路與樂善二路口 B7-05,9.74,商,,,1071009,土地1建物1車位1,五層,28,住宅大樓(11層含以上有電梯),住家用,鋼筋混凝土造,,149.87,3,2,2,有,無,11150000,74891,坡道平面,25.69,1850000,,RPOVMLNKMHGGFHH88CB
龜山區,房地(土地+建物)+車位,桃園市龜山區文化一路與樂善二路口 B7-06,9.74,商,,,1080115,土地1建物1車位1,六層,28,住宅大樓(11層含以上有電梯),住家用,鋼筋混凝土造,,149.87,3,2,2,有,無,11250000,75697,坡道平面,25.69,1850000,,RPPVMLNKMHGGFHH98CB
龜山區,房地(土地+建物)+車位,桃園市龜山區文化一路與樂善二路口 B7-07,9.74,商,,,1080723,土地1建物1車位1,七層,28,住宅大樓(11層含以上有電梯),住家用,鋼筋混凝土造,,149.87,3,2,2,有,無,11050000,74891,坡道平面,25.69,1750000,,RPQVMLNKMHGGFHH09CB
龜山區,房地(土地+建物)+車位,桃園市龜山區文化一路與樂善二路口 B7-08,9.74,商,,,1080503,土地1建物1車位1,八層,28,住宅大樓(11層含以上有電梯),住家用,鋼筋混凝土造,,149.87,3,2,2,有,無,10880000,74730,坡道平面,25.69,1600000,,RPRVMLNKMHGGFHH56CB
龜山區,房地(土地+建物)+車位,桃園市龜山區文化一路與樂善二路口 B7-09,9.74,商,,,1080614,土地1建物1車位1,九層,28,住宅大樓(11層含以上有電梯),住家用,鋼筋混凝土造,,148.42,3,2,2,有,無,11250000,76904,坡道平面,24.24,1700000,,RPSVMLNKMHGGFHH66CB
龜山區,房地(土地+建物)+車位,桃園市龜山區文化一路與樂善二路口 B7-10,9.74,商,,,1080723,土地1建物1車位1,十層,28,住宅大樓(11層含以上有電梯),住家用,鋼筋混凝土造,,149.87,3,2,2,有,無,11300000,76904,坡道平面,25.69,1750000,,RPTVMLNKMHGGFHH76CB
龜山區,房地(土地+建物)+車位,桃園市龜山區文化一路與樂善二路口 B7-11,9.74,商,,,1081008,土地1建物1車位1,十一層,28,住宅大樓(11層含以上有電梯),住家用,鋼筋混凝土造,,149.87,3,2,2,有,無,11200000,75294,坡道平面,25.69,1850000,,RPUVMLNKMHGGFHH86CB
龜山區,房地(土地+建物)+車位,桃園市龜山區文化一路與樂善二路口 B7-12,9.74,商,,,1071207,土地1建物1車位1,十二層,28,住宅大樓(11層含以上有電梯),住家用,鋼筋混凝土造,,149.87,3,2,2,有,無,10950000,75294,坡道平面,25.69,1600000,,RPVVMLNKMHGGFHH96CB
龜山區,房地(土地+建物)+車位,桃園市龜山區文化一路與樂善二路口 B7-13,9.74,商,,,1090812,土地1建物1車位1,十三層,28,住宅大樓(11層含以上有電梯),住家用,鋼筋混凝土造,,149.87,3,2,2,有,無,11280000,75938,坡道平面,25.69,1850000,,RPWVMLNKMHGGFHH07CB
龜山區,房地(土地+建物)+車位,桃園市龜山區文化一路與樂善二路口 B7-14,9.74,商,,,1081028,土地1建物1車位1,十四層,28,住宅大樓(11層含以上有電梯),住家用,鋼筋混凝土造,,149.87,3,2,2,有,無,11280000,75938,坡道平面,25.69,1850000,,RPXVMLNKMHGGFHH17CB
龜山區,房地(土地+建物)+車位,桃園市龜山區文化一路與樂善二路口 B7-15,9.74,商,,,1081028,土地1建物1車位1,十五層,28,住宅大樓(11層含以上有電梯),住家用,鋼筋混凝土造,,149.87,3,2,2,有,無,11180000,75938,坡道平面,25.69,1750000,,RPOWMLNKMHGGFHH98CB
龜山區,房地(土地+建物)+車位,桃園市龜山區文化一路與樂善二路口 B7-16,9.74,商,,,1080814,土地1建物1車位1,十六層,28,住宅大樓(11層含以上有電梯),住家用,鋼筋混凝土造,,149.87,3,2,2,有,無,11500000,78515,坡道平面,25.69,1750000,,RPPWMLNKMHGGFHH09CB
龜山區,房地(土地+建物)+車位,桃園市龜山區文化一路與樂善二路口 B7-17,9.74,商,,,1081219,土地1建物1車位1,十七層,28,住宅大樓(11層含以上有電梯),住家用,鋼筋混凝土造,,149.87,3,2,2,有,無,11750000,78918,坡道平面,25.69,1950000,,RPQWMLNKMHGGFHH56CB
龜山區,房地(土地+建物)+車位,桃園市龜山區文化一路與樂善二路口 B7-18,9.74,商,,,1080411,土地1建物1車位1,十八層,28,住宅大樓(11層含以上有電梯),住家用,鋼筋混凝土造,,149.87,3,2,2,有,無,11420000,77066,坡道平面,25.69,1850000,,RPRWMLNKMHGGFHH66CB
龜山區,房地(土地+建物)+車位,桃園市龜山區文化一路與樂善二路口 B7-19,9.74,商,,,1081217,土地1建物1車位1,十九層,28,住宅大樓(11層含以上有電梯),住家用,鋼筋混凝土造,,149.87,3,2,2,有,無,11500000,76904,坡道平面,25.69,1950000,,RPSWMLNKMHGGFHH76CB
龜山區,房地(土地+建物)+車位,桃園市龜山區文化一路與樂善二路口 B7-20,9.74,商,,,1081216,土地1建物1車位1,二十層,28,住宅大樓(11層含以上有電梯),住家用,鋼筋混凝土造,,149.87,3,2,2,有,無,11650000,78112,坡道平面,25.69,1950000,,RPTWMLNKMHGGFHH86CB
龜山區,房地(土地+建物)+車位,桃園市龜山區文化一路與樂善二路口 B7-21,9.74,商,,,1081202,土地1建物1車位1,二十一層,28,住宅大樓(11層含以上有電梯),住家用,鋼筋混凝土造,,148.42,3,2,2,有,無,11390000,77227,坡道平面,24.24,1800000,,RPUWMLNKMHGGFHH96CB
龜山區,房地(土地+建物)+車位,桃園市龜山區文化一路與樂善二路口 B7-22,9.74,商,,,1081225,土地1建物1車位1,二十二層,28,住宅大樓(11層含以上有電梯),住家用,鋼筋混凝土造,,149.87,3,2,2,有,無,11500000,76904,坡道平面,25.69,1950000,,RPVWMLNKMHGGFHH07CB
龜山區,房地(土地+建物)+車位,桃園市龜山區文化一路與樂善二路口 B7-23,9.74,商,,,1090109,土地1建物1車位1,二十三層,28,住宅大樓(11層含以上有電梯),住家用,鋼筋混凝土造,,148.42,3,2,2,有,無,11500000,78918,坡道平面,24.24,1700000,,RPWWMLNKMHGGFHH17CB
龜山區,房地(土地+建物)+車位,桃園市龜山區文化一路與樂善二路口 B7-24,9.74,商,,,1081106,土地1建物1車位1,二十四層,28,住宅大樓(11層含以上有電梯),住家用,鋼筋混凝土造,,149.87,3,2,2,有,無,11500000,76904,坡道平面,25.69,1950000,,RPXWMLNKMHGGFHH27CB
龜山區,房地(土地+建物)+車位,桃園市龜山區文化一路與樂善二路口 B7-25,9.74,商,,,1090115,土地1建物1車位1,二十五層,28,住宅大樓(11層含以上有電梯),住家用,鋼筋混凝土造,,149.87,3,2,2,有,無,11720000,78676,坡道平面,25.69,1950000,,RPONNLNKMHGGFHH18CB
龜山區,房地(土地+建物)+車位,桃園市龜山區文化一路與樂善二路口 B7-26,9.74,商,,,1081218,土地1建物1車位1,二十六層,28,住宅大樓(11層含以上有電梯),住家用,鋼筋混凝土造,,148.42,3,2,2,有,無,11800000,80528,坡道平面,24.24,1800000,,RPPNNLNKMHGGFHH28CB
龜山區,房地(土地+建物)+車位,桃園市龜山區文化一路與樂善二路口 B7-27,9.74,商,,,1080926,土地1建物1車位1,二十七層,28,住宅大樓(11層含以上有電梯),住家用,鋼筋混凝土造,,149.87,3,2,2,有,無,11280000,76743,坡道平面,25.69,1750000,,RPQNNLNKMHGGFHH38CB
龜山區,房地(土地+建物)+車位,桃園市龜山區文化一路與樂善二路口 B7-28,9.74,商,,,1091019,土地1建物1車位1,二十八層,28,住宅大樓(11層含以上有電梯),住家用,鋼筋混凝土造,,148.42,3,2,2,有,無,10910000,76582,坡道平面,24.24,1400000,,RPRNNLNKMHGGFHH48CB
龜山區,房地(土地+建物)+車位,桃園市龜山區文化一路與樂善二路口 B8-03,7.12,商,,,1080321,土地1建物1車位1,三層,28,住宅大樓(11層含以上有電梯),住家用,鋼筋混凝土造,,113.84,1,2,1,有,無,8400000,77141,坡道平面,25.69,1600000,,RPSNNLNKMHGGFHH58CB
龜山區,房地(土地+建物)+車位,桃園市龜山區文化一路與樂善二路口 B8-04,7.12,商,,,1071211,土地1建物1車位1,四層,28,住宅大樓(11層含以上有電梯),住家用,鋼筋混凝土造,,113.84,1,2,1,有,無,7750000,71469,坡道平面,25.69,1450000,,RPTNNLNKMHGGFHH68CB
龜山區,房地(土地+建物)+車位,桃園市龜山區文化一路與樂善二路口 B8-05,7.12,商,,,1071106,土地1建物1車位1,五層,28,住宅大樓(11層含以上有電梯),住家用,鋼筋混凝土造,,113.84,1,2,1,有,無,7920000,71696,坡道平面,25.69,1600000,,RPUNNLNKMHGGFHH78CB
龜山區,房地(土地+建物)+車位,桃園市龜山區文化一路與樂善二路口 B8-06,7.12,商,,,1071101,土地1建物1車位1,六層,28,住宅大樓(11層含以上有電梯),住家用,鋼筋混凝土造,,113.84,1,2,1,有,無,7750000,71469,坡道平面,25.69,1450000,,RPVNNLNKMHGGFHH88CB
龜山區,房地(土地+建物)+車位,桃園市龜山區文化一路與樂善二路口 B8-07,7.12,商,,,1070926,土地1建物1車位1,七層,28,住宅大樓(11層含以上有電梯),住家用,鋼筋混凝土造,,112.39,1,2,1,有,無,7930000,74078,坡道平面,24.24,1400000,,RPWNNLNKMHGGFHH98CB
龜山區,房地(土地+建物)+車位,桃園市龜山區文化一路與樂善二路口 B8-08,7.12,商,,,1080801,土地1建物1車位1,八層,28,住宅大樓(11層含以上有電梯),住家用,鋼筋混凝土造,,113.84,1,2,1,有,無,8330000,74645,坡道平面,25.69,1750000,,RPXNNLNKMHGGFHH09CB
龜山區,房地(土地+建物)+車位,桃園市龜山區文化一路與樂善二路口 B8-09,7.12,商,,,1080522,土地1建物1車位1,九層,28,住宅大樓(11層含以上有電梯),住家用,鋼筋混凝土造,,113.84,1,2,1,有,無,8360000,73851,坡道平面,25.69,1850000,,RPOONLNKMHGGFHH28CB
龜山區,房地(土地+建物)+車位,桃園市龜山區文化一路與樂善二路口 B8-10,7.12,商,,,1080801,土地1建物1車位1,十層,28,住宅大樓(11層含以上有電梯),住家用,鋼筋混凝土造,,113.84,1,2,1,有,無,8380000,74078,坡道平面,25.69,1850000,,RPPONLNKMHGGFHH38CB
龜山區,房地(土地+建物),桃園市龜山區文化一路與樂善二路口 B8-11,6.43,商,,,1080124,土地1建物1車位0,十一層,28,住宅大樓(11層含以上有電梯),住家用,鋼筋混凝土造,,88.15,1,2,1,有,無,6980000,79183,,0.0,0,,RPQONLNKMHGGFHH48CB
龜山區,房地(土地+建物)+車位,桃園市龜山區文化一路與樂善二路口 B8-12,7.12,商,,,1080131,土地1建物1車位1,十二層,28,住宅大樓(11層含以上有電梯),住家用,鋼筋混凝土造,,113.84,1,2,1,有,無,7960000,73851,坡道平面,25.69,1450000,,RPRONLNKMHGGFHH58CB
龜山區,房地(土地+建物)+車位,桃園市龜山區文化一路與樂善二路口 B8-13,7.12,商,,,1080102,土地1建物1車位1,十三層,28,住宅大樓(11層含以上有電梯),住家用,鋼筋混凝土造,,113.84,1,2,1,有,無,7980000,74078,坡道平面,25.69,1450000,,RPSONLNKMHGGFHH68CB
龜山區,房地(土地+建物)+車位,桃園市龜山區文化一路與樂善二路口 B8-14,7.12,商,,,1080502,土地1建物1車位1,十四層,28,住宅大樓(11層含以上有電梯),住家用,鋼筋混凝土造,,113.84,1,2,1,有,無,8130000,74078,坡道平面,25.69,1600000,,RPTONLNKMHGGFHH78CB
龜山區,房地(土地+建物)+車位,桃園市龜山區文化一路與樂善二路口 B8-15,7.12,商,,,1080212,土地1建物1車位1,十五層,28,住宅大樓(11層含以上有電梯),住家用,鋼筋混凝土造,,113.84,1,2,1,有,無,8260000,75553,坡道平面,25.69,1600000,,RPUONLNKMHGGFHH88CB
龜山區,房地(土地+建物)+車位,桃園市龜山區文化一路與樂善二路口 B8-16,7.12,商,,,1080329,土地1建物1車位1,十六層,28,住宅大樓(11層含以上有電梯),住家用,鋼筋混凝土造,,112.39,1,2,1,有,無,8000000,73171,坡道平面,24.24,1550000,,RPVONLNKMHGGFHH98CB
龜山區,房地(土地+建物)+車位,桃園市龜山區文化一路與樂善二路口 B8-17,7.12,商,,,1080412,土地1建物1車位1,十七層,28,住宅大樓(11層含以上有電梯),住家用,鋼筋混凝土造,,113.84,1,2,1,有,無,8100000,73738,坡道平面,25.69,1600000,,RPWONLNKMHGGFHH09CB
龜山區,房地(土地+建物)+車位,桃園市龜山區文化一路與樂善二路口 B8-18,7.12,商,,,1080312,土地1建物1車位1,十八層,28,住宅大樓(11層含以上有電梯),住家用,鋼筋混凝土造,,112.39,1,2,1,有,無,7980000,74645,坡道平面,24.24,1400000,,RPXONLNKMHGGFHH56CB
龜山區,房地(土地+建物)+車位,桃園市龜山區文化一路與樂善二路口 B8-19,7.12,商,,,1080325,土地1建物1車位1,十九層,28,住宅大樓(11層含以上有電梯),住家用,鋼筋混凝土造,,113.84,1,2,1,有,無,8290000,75893,坡道平面,25.69,1600000,,RPOPNLNKMHGGFHH38CB
龜山區,房地(土地+建物)+車位,桃園市龜山區文化一路與樂善二路口 B8-20,7.12,商,,,1080416,土地1建物1車位1,二十層,28,住宅大樓(11層含以上有電梯),住家用,鋼筋混凝土造,,113.84,1,2,1,有,無,8280000,75780,坡道平面,25.69,1600000,,RPPPNLNKMHGGFHH48CB
龜山區,房地(土地+建物)+車位,桃園市龜山區文化一路與樂善二路口 B8-21,7.12,商,,,1080412,土地1建物1車位1,二十一層,28,住宅大樓(11層含以上有電梯),住家用,鋼筋混凝土造,,113.84,1,2,1,有,無,8400000,77141,坡道平面,25.69,1600000,,RPQPNLNKMHGGFHH58CB
龜山區,房地(土地+建物)+車位,桃園市龜山區文化一路與樂善二路口 B8-22,7.12,商,,,1080506,土地1建物1車位1,二十二層,28,住宅大樓(11層含以上有電梯),住家用,鋼筋混凝土造,,113.84,1,2,1,有,無,8320000,74532,坡道平面,25.69,1750000,,RPRPNLNKMHGGFHH68CB
龜山區,房地(土地+建物)+車位,桃園市龜山區文化一路與樂善二路口 B8-23,7.12,商,,,1080403,土地1建物1車位1,二十三層,28,住宅大樓(11層含以上有電梯),住家用,鋼筋混凝土造,,113.84,1,2,1,有,無,8050000,74872,坡道平面,25.69,1450000,,RPSPNLNKMHGGFHH78CB
龜山區,房地(土地+建物)+車位,桃園市龜山區文化一路與樂善二路口 B8-24,7.12,商,,,1080529,土地1建物1車位1,二十四層,28,住宅大樓(11層含以上有電梯),住家用,鋼筋混凝土造,,113.84,1,2,1,有,無,8280000,75780,坡道平面,25.69,1600000,,RPTPNLNKMHGGFHH88CB
龜山區,房地(土地+建物)+車位,桃園市龜山區文化一路與樂善二路口 B8-25,7.12,商,,,1080507,土地1建物1車位1,二十五層,28,住宅大樓(11層含以上有電梯),住家用,鋼筋混凝土造,,112.39,1,2,1,有,無,8250000,76007,坡道平面,24.24,1550000,,RPUPNLNKMHGGFHH98CB
龜山區,房地(土地+建物)+車位,桃園市龜山區文化一路與樂善二路口 B8-26,7.12,商,,,1080401,土地1建物1車位1,二十六層,28,住宅大樓(11層含以上有電梯),住家用,鋼筋混凝土造,,113.84,1,2,1,有,無,8350000,76574,坡道平面,25.69,1600000,,RPVPNLNKMHGGFHH09CB
龜山區,房地(土地+建物)+車位,桃園市龜山區文化一路與樂善二路口 B8-27,7.12,商,,,1080212,土地1建物1車位1,二十七層,28,住宅大樓(11層含以上有電梯),住家用,鋼筋混凝土造,,113.84,1,2,1,有,無,8050000,74872,坡道平面,25.69,1450000,,RPWPNLNKMHGGFHH56CB
龜山區,房地(土地+建物)+車位,桃園市龜山區文化一路與樂善二路口 B8-28,7.12,商,,,1080401,土地1建物1車位1,二十八層,28,住宅大樓(11層含以上有電梯),住家用,鋼筋混凝土造,,113.84,1,2,1,有,無,8350000,76574,坡道平面,25.69,1600000,,RPXPNLNKMHGGFHH66CB
龜山區,房地(土地+建物)+車位,桃園市龜山區文化一路與樂善二路口 B9-03,7.19,商,,,1080322,土地1建物1車位1,三層,28,住宅大樓(11層含以上有電梯),住家用,鋼筋混凝土造,,114.2,1,2,1,有,無,8450000,74568,坡道平面,25.69,1850000,,RPOQNLNKMHGGFHH48CB
龜山區,房地(土地+建物)+車位,桃園市龜山區文化一路與樂善二路口 B9-09,7.12,商,,,1080114,土地1建物1車位1,九層,28,住宅大樓(11層含以上有電梯),住家用,鋼筋混凝土造,,113.68,1,2,1,有,無,8380000,74213,坡道平面,25.69,1850000,,RPQQNLNKMHGGFHH68CB
龜山區,房地(土地+建物)+車位,桃園市龜山區文化一路與樂善二路口 B9-14,7.12,商,,,1080312,土地1建物1車位1,十四層,28,住宅大樓(11層含以上有電梯),住家用,鋼筋混凝土造,,113.68,1,2,1,有,無,8260000,75690,坡道平面,25.69,1600000,,RPRQNLNKMHGGFHH78CB
龜山區,房地(土地+建物)+車位,桃園市龜山區文化一路與樂善二路口 B9-19,7.12,商,,,1091012,土地1建物1車位1,十九層,28,住宅大樓(11層含以上有電梯),住家用,鋼筋混凝土造,,113.68,1,2,1,有,無,8470000,74099,坡道平面,25.69,1950000,,RPSQNLNKMHGGFHH88CB
龜山區,房地(土地+建物),桃園市龜山區文化一路與樂善二路口 B9-20,6.43,商,,,1080312,土地1建物1車位0,二十層,28,住宅大樓(11層含以上有電梯),住家用,鋼筋混凝土造,,87.99,1,2,1,有,無,6900000,78418,,0.0,0,,RPUQNLNKMHGGFHH09CB
龜山區,房地(土地+建物)+車位,桃園市龜山區文化一路與樂善二路口 B9-21,7.12,商,,,1080529,土地1建物1車位1,二十一層,28,住宅大樓(11層含以上有電梯),住家用,鋼筋混凝土造,,113.68,1,2,1,有,無,8380000,77054,坡道平面,25.69,1600000,,RPVQNLNKMHGGFHH56CB
龜山區,房地(土地+建物)+車位,桃園市龜山區文化一路與樂善二路口 B9-22,7.12,商,,,1080503,土地1建物1車位1,二十二層,28,住宅大樓(11層含以上有電梯),住家用,鋼筋混凝土造,,113.68,1,2,1,有,無,8400000,74440,坡道平面,25.69,1850000,,RPWQNLNKMHGGFHH66CB
龜山區,房地(土地+建物)+車位,桃園市龜山區文化一路與樂善二路口 B9-23,7.12,商,,,1080502,土地1建物1車位1,二十三層,28,住宅大樓(11層含以上有電梯),住家用,鋼筋混凝土造,,113.68,1,2,1,有,無,8200000,75009,坡道平面,25.69,1600000,,RPXQNLNKMHGGFHH76CB
龜山區,房地(土地+建物)+車位,桃園市龜山區文化一路與樂善二路口 B9-24,7.12,商,,,1080412,土地1建物1車位1,二十四層,28,住宅大樓(11層含以上有電梯),住家用,鋼筋混凝土造,,113.68,1,2,1,有,無,8400000,77282,坡道平面,25.69,1600000,,RPORNLNKMHGGFHH58CB
龜山區,房地(土地+建物)+車位,桃園市龜山區文化一路與樂善二路口 B9-25,7.12,商,,,1080415,土地1建物1車位1,二十五層,28,住宅大樓(11層含以上有電梯),住家用,鋼筋混凝土造,,113.68,1,2,1,有,無,8200000,75009,坡道平面,25.69,1600000,,RPPRNLNKMHGGFHH68CB
龜山區,房地(土地+建物)+車位,桃園市龜山區文化一路與樂善二路口 B9-26,7.12,商,,,1080506,土地1建物1車位1,二十六層,28,住宅大樓(11層含以上有電梯),住家用,鋼筋混凝土造,,113.68,1,2,1,有,無,8210000,75122,坡道平面,25.69,1600000,,RPQRNLNKMHGGFHH78CB
龜山區,房地(土地+建物),桃園市龜山區文化一路與樂善二路口 B9-28,6.43,商,,,1080508,土地1建物1車位0,二十八層,28,住宅大樓(11層含以上有電梯),住家用,鋼筋混凝土造,,87.99,1,2,1,有,無,7080000,80464,,0.0,0,,RPRRNLNKMHGGFHH88CB
龜山區,房地(土地+建物)+車位,桃園市龜山區文化一路與樂善二路口 C1-27,9.74,商,,,1070515,土地1建物1車位1,二十七層,28,住宅大樓(11層含以上有電梯),住家用,鋼筋混凝土造,,149.95,3,2,2,有,無,10430000,72268,坡道平面,25.69,1450000,,RPSRNLNKMHGGFHH98CB
龜山區,房地(土地+建物)+車位,桃園市龜山區文化一路與樂善二路口 C1-07,9.74,商,,,1070719,土地1建物1車位1,七層,28,住宅大樓(11層含以上有電梯),住家用,鋼筋混凝土造,,149.95,3,2,2,有,無,10300000,70014,坡道平面,25.69,1600000,,RPTRNLNKMHGGFHH09CB
龜山區,房地(土地+建物)+車位,桃園市龜山區文化一路與樂善二路口 C1-10,9.74,商,,,1070703,土地1建物1車位1,十層,28,住宅大樓(11層含以上有電梯),住家用,鋼筋混凝土造,,149.95,3,2,2,有,無,10180000,69049,坡道平面,25.69,1600000,,RPURNLNKMHGGFHH56CB
龜山區,房地(土地+建物)+車位,桃園市龜山區文化一路與樂善二路口 C1-11,9.74,商,,,1070515,土地1建物1車位1,十一層,28,住宅大樓(11層含以上有電梯),住家用,鋼筋混凝土造,,149.95,3,2,2,有,無,10290000,69934,坡道平面,25.69,1600000,,RPVRNLNKMHGGFHH66CB
龜山區,房地(土地+建物)+車位,桃園市龜山區文化一路與樂善二路口 C1-13,9.74,商,,,1070615,土地1建物1車位1,十三層,28,住宅大樓(11層含以上有電梯),住家用,鋼筋混凝土造,,149.95,3,2,2,有,無,10300000,68807,坡道平面,25.69,1750000,,RPWRNLNKMHGGFHH76CB
龜山區,房地(土地+建物)+車位,桃園市龜山區文化一路與樂善二路口 C1-18,9.74,商,,,1070712,土地1建物1車位1,十八層,28,住宅大樓(11層含以上有電梯),住家用,鋼筋混凝土造,,149.95,3,2,2,有,無,10600000,71222,坡道平面,25.69,1750000,,RPXRNLNKMHGGFHH86CB
龜山區,房地(土地+建物)+車位,桃園市龜山區文化一路與樂善二路口 C1-23,9.74,商,,,1070813,土地1建物1車位1,二十三層,28,住宅大樓(11層含以上有電梯),住家用,鋼筋混凝土造,,149.95,3,2,2,有,無,10700000,72026,坡道平面,25.69,1750000,,RPOSNLNKMHGGFHH68CB
龜山區,房地(土地+建物)+車位,桃園市龜山區文化一路與樂善二路口 C1-24,9.74,商,,,1070828,土地1建物1車位1,二十四層,28,住宅大樓(11層含以上有電梯),住家用,鋼筋混凝土造,,149.95,3,2,2,有,無,10700000,72026,坡道平面,25.69,1750000,,RPPSNLNKMHGGFHH78CB
龜山區,房地(土地+建物)+車位,桃園市龜山區文化一路與樂善二路口 C1-25,9.74,商,,,1070814,土地1建物1車位1,二十五層,28,住宅大樓(11層含以上有電梯),住家用,鋼筋混凝土造,,149.95,3,2,2,有,無,10700000,72026,坡道平面,25.69,1750000,,RPQSNLNKMHGGFHH88CB
龜山區,房地(土地+建物)+車位,桃園市龜山區文化一路與樂善二路口 C2-03,9.88,商,,,1070522,土地1建物1車位1,三層,28,住宅大樓(11層含以上有電梯),住家用,鋼筋混凝土造,,152.01,3,2,2,有,無,10300000,70060,坡道平面,25.69,1450000,,RPRSNLNKMHGGFHH98CB
龜山區,房地(土地+建物)+車位,桃園市龜山區文化一路與樂善二路口 C2-05,9.67,商,,,1070601,土地1建物1車位1,五層,28,住宅大樓(11層含以上有電梯),住家用,鋼筋混凝土造,,148.8,3,2,2,有,無,9790000,67744,坡道平面,25.69,1450000,,RPSSNLNKMHGGFHH09CB
龜山區,房地(土地+建物)+車位,桃園市龜山區文化一路與樂善二路口 C2-08,9.67,商,,,1070601,土地1建物1車位1,八層,28,住宅大樓(11層含以上有電梯),住家用,鋼筋混凝土造,,148.8,3,2,2,有,無,10050000,69856,坡道平面,25.69,1450000,,RPTSNLNKMHGGFHH56CB
龜山區,房地(土地+建物)+車位,桃園市龜山區文化一路與樂善二路口 C2-24,9.67,商,,,1070918,土地1建物1車位1,二十四層,28,住宅大樓(11層含以上有電梯),住家用,鋼筋混凝土造,,148.8,3,2,2,有,無,10300000,71887,坡道平面,25.69,1450000,,RPUSNLNKMHGGFHH66CB
龜山區,房地(土地+建物)+車位,桃園市龜山區文化一路與樂善二路口 C2-04,9.67,商,,,1070720,土地1建物1車位1,四層,28,住宅大樓(11層含以上有電梯),住家用,鋼筋混凝土造,,148.8,3,2,2,有,無,10000000,68232,坡道平面,25.69,1600000,,RPVSNLNKMHGGFHH76CB
龜山區,房地(土地+建物)+車位,桃園市龜山區文化一路與樂善二路口 C2-10,9.67,商,,,1070620,土地1建物1車位1,十層,28,住宅大樓(11層含以上有電梯),住家用,鋼筋混凝土造,,148.8,3,2,2,有,無,10190000,69775,坡道平面,25.69,1600000,,RPWSNLNKMHGGFHH86CB
龜山區,房地(土地+建物)+車位,桃園市龜山區文化一路與樂善二路口 C2-15,9.67,商,,,1070719,土地1建物1車位1,十五層,28,住宅大樓(11層含以上有電梯),住家用,鋼筋混凝土造,,148.8,3,2,2,有,無,10250000,70262,坡道平面,25.69,1600000,,RPXSNLNKMHGGFHH96CB
龜山區,房地(土地+建物)+車位,桃園市龜山區文化一路與樂善二路口 C2-17,9.67,商,,,1070522,土地1建物1車位1,十七層,28,住宅大樓(11層含以上有電梯),住家用,鋼筋混凝土造,,148.8,3,2,2,有,無,10440000,71806,坡道平面,25.69,1600000,,RPOTNLNKMHGGFHH78CB
龜山區,房地(土地+建物)+車位,桃園市龜山區文化一路與樂善二路口 C2-06,9.67,商,,,1070528,土地1建物1車位1,六層,28,住宅大樓(11層含以上有電梯),住家用,鋼筋混凝土造,,148.8,3,2,2,有,無,10300000,68638,坡道平面,25.69,1850000,,RPPTNLNKMHGGFHH88CB
龜山區,房地(土地+建物)+車位,桃園市龜山區文化一路與樂善二路口 C2-12,9.67,商,,,1070611,土地1建物1車位1,十二層,28,住宅大樓(11層含以上有電梯),住家用,鋼筋混凝土造,,148.8,3,2,2,有,無,10340000,68963,坡道平面,25.69,1850000,,RPQTNLNKMHGGFHH98CB
龜山區,房地(土地+建物)+車位,桃園市龜山區文化一路與樂善二路口 C2-25,9.67,商,,,1071204,土地1建物1車位1,二十五層,28,住宅大樓(11層含以上有電梯),住家用,鋼筋混凝土造,,148.8,3,2,2,有,無,10600000,71075,坡道平面,25.69,1850000,,RPRTNLNKMHGGFHH09CB
龜山區,房地(土地+建物)+車位,桃園市龜山區文化一路與樂善二路口 C2-26,9.67,商,,,1070912,土地1建物1車位1,二十六層,28,住宅大樓(11層含以上有電梯),住家用,鋼筋混凝土造,,148.8,3,2,2,有,無,10580000,70912,坡道平面,25.69,1850000,,RPTTNLNKMHGGFHH66CB
龜山區,房地(土地+建物)+車位,桃園市龜山區文化一路與樂善二路口 C2-13,9.67,商,,,1070706,土地1建物1車位1,十三層,28,住宅大樓(11層含以上有電梯),住家用,鋼筋混凝土造,,148.8,3,2,2,有,無,10260000,69125,坡道平面,25.69,1750000,,RPWTNLNKMHGGFHH96CB
龜山區,房地(土地+建物)+車位,桃園市龜山區文化一路與樂善二路口 C2-19,9.67,商,,,1071002,土地1建物1車位1,十九層,28,住宅大樓(11層含以上有電梯),住家用,鋼筋混凝土造,,148.8,3,2,2,有,無,10550000,71481,坡道平面,25.69,1750000,,RPPUNLNKMHGGFHH98CB
龜山區,房地(土地+建物)+車位,桃園市龜山區文化一路與樂善二路口 C2-20,9.67,商,,,1070803,土地1建物1車位1,二十層,28,住宅大樓(11層含以上有電梯),住家用,鋼筋混凝土造,,148.8,3,2,2,有,無,10400000,70262,坡道平面,25.69,1750000,,RPQUNLNKMHGGFHH09CB
龜山區,房地(土地+建物)+車位,桃園市龜山區文化一路與樂善二路口 C2-22,9.67,商,,,1070815,土地1建物1車位1,二十二層,28,住宅大樓(11層含以上有電梯),住家用,鋼筋混凝土造,,148.8,3,2,2,有,無,10480000,70912,坡道平面,25.69,1750000,,RPRUNLNKMHGGFHH56CB
龜山區,房地(土地+建物)+車位,桃園市龜山區文化一路與樂善二路口 C2-23,9.67,商,,,1070914,土地1建物1車位1,二十三層,28,住宅大樓(11層含以上有電梯),住家用,鋼筋混凝土造,,148.8,3,2,2,有,無,10450000,70669,坡道平面,25.69,1750000,,RPSUNLNKMHGGFHH66CB
龜山區,房地(土地+建物)+車位,桃園市龜山區文化一路與樂善二路口 C2-27,9.67,商,,,1070709,土地1建物1車位1,二十七層,28,住宅大樓(11層含以上有電梯),住家用,鋼筋混凝土造,,148.8,3,2,2,有,無,10700000,71075,坡道平面,25.69,1950000,,RPTUNLNKMHGGFHH76CB
龜山區,房地(土地+建物)+車位,桃園市龜山區文化一路與樂善二路口 C2-09,10.37,商,,,1070515,土地1建物1車位2,九層,28,住宅大樓(11層含以上有電梯),住家用,鋼筋混凝土造,,173.04,3,2,2,有,無,11320000,68800,坡道平面,49.93,2850000,,RPUUNLNKMHGGFHH86CB
龜山區,房地(土地+建物)+車位,桃園市龜山區文化一路與樂善二路口 C2-28,10.37,商,,,1071222,土地1建物1車位2,二十八層,28,住宅大樓(11層含以上有電梯),住家用,鋼筋混凝土造,,175.46,3,2,2,有,無,12080000,67257,坡道平面,52.35,3800000,,RPVUNLNKMHGGFHH96CB
龜山區,房地(土地+建物)+車位,桃園市龜山區文化一路與樂善二路口 C2-21,10.37,商,,,1070815,土地1建物1車位2,二十一層,28,住宅大樓(11層含以上有電梯),住家用,鋼筋混凝土造,,174.49,3,2,2,有,無,12430000,70912,坡道平面,51.38,3700000,,RPWUNLNKMHGGFHH07CB
龜山區,房地(土地+建物)+車位,桃園市龜山區文化一路與樂善二路口 C2-11,9.67,商,,,1070620,土地1建物1車位1,十一層,28,住宅大樓(11層含以上有電梯),住家用,鋼筋混凝土造,,149.77,3,2,2,有,無,9820000,67988,坡道平面,26.66,1450000,,RPXUNLNKMHGGFHH17CB
龜山區,房地(土地+建物)+車位,桃園市龜山區文化一路與樂善二路口 C2-07,9.67,商,,,1070515,土地1建物1車位1,七層,28,住宅大樓(11層含以上有電梯),住家用,鋼筋混凝土造,,147.35,3,2,2,有,無,9910000,69125,坡道平面,24.24,1400000,,RPOVNLNKMHGGFHH98CB
龜山區,房地(土地+建物)+車位,桃園市龜山區文化一路與樂善二路口 C2-14,9.67,商,,,1070807,土地1建物1車位1,十四層,28,住宅大樓(11層含以上有電梯),住家用,鋼筋混凝土造,,147.35,3,2,2,有,無,10400000,70669,坡道平面,24.24,1700000,,RPPVNLNKMHGGFHH09CB
龜山區,房地(土地+建物)+車位,桃園市龜山區文化一路與樂善二路口 C2-16,9.67,商,,,1070627,土地1建物1車位1,十六層,28,住宅大樓(11層含以上有電梯),住家用,鋼筋混凝土造,,147.35,3,2,2,有,無,10100000,68232,坡道平面,24.24,1700000,,RPQVNLNKMHGGFHH56CB
龜山區,房地(土地+建物)+車位,桃園市龜山區文化一路與樂善二路口 C3-03,8.71,商,,,1080111,土地1建物1車位1,三層,28,住宅大樓(11層含以上有電梯),住家用,鋼筋混凝土造,,135.35,2,2,2,有,無,9290000,67846,坡道平面,25.69,1850000,,RPTVNLNKMHGGFHH86CB
龜山區,房地(土地+建物)+車位,桃園市龜山區文化一路與樂善二路口 C3-26,8.64,商,,,1071008,土地1建物1車位1,二十六層,28,住宅大樓(11層含以上有電梯),住家用,鋼筋混凝土造,,134.06,2,2,2,有,無,9300000,68746,坡道平面,25.69,1850000,,RPUVNLNKMHGGFHH96CB
龜山區,房地(土地+建物)+車位,桃園市龜山區文化一路與樂善二路口 C3-15,8.64,商,,,1070513,土地1建物1車位1,十五層,28,住宅大樓(11層含以上有電梯),住家用,鋼筋混凝土造,,134.06,2,2,2,有,無,9670000,71237,坡道平面,25.69,1950000,,RPVVNLNKMHGGFHH07CB
龜山區,房地(土地+建物)+車位,桃園市龜山區文化一路與樂善二路口 C3-24,8.64,商,,,1071017,土地1建物1車位1,二十四層,28,住宅大樓(11層含以上有電梯),住家用,鋼筋混凝土造,,134.06,2,2,2,有,無,9490000,69576,坡道平面,25.69,1950000,,RPWVNLNKMHGGFHH17CB
龜山區,房地(土地+建物)+車位,桃園市龜山區文化一路與樂善二路口 C3-04,8.64,商,,,1070515,土地1建物1車位1,四層,28,住宅大樓(11層含以上有電梯),住家用,鋼筋混凝土造,,134.06,2,2,2,有,無,8660000,66531,坡道平面,25.69,1450000,,RPXVNLNKMHGGFHH27CB
龜山區,房地(土地+建物)+車位,桃園市龜山區文化一路與樂善二路口 C3-05,8.64,商,,,1070601,土地1建物1車位1,五層,28,住宅大樓(11層含以上有電梯),住家用,鋼筋混凝土造,,134.06,2,2,2,有,無,8600000,65978,坡道平面,25.69,1450000,,RPOWNLNKMHGGFHH09CB
龜山區,房地(土地+建物)+車位,桃園市龜山區文化一路與樂善二路口 C3-06,8.64,商,,,1070605,土地1建物1車位1,六層,28,住宅大樓(11層含以上有電梯),住家用,鋼筋混凝土造,,134.06,2,2,2,有,無,8620000,66162,坡道平面,25.69,1450000,,RPPWNLNKMHGGFHH56CB
龜山區,房地(土地+建物)+車位,桃園市龜山區文化一路與樂善二路口 C3-07,8.64,商,,,1070613,土地1建物1車位1,七層,28,住宅大樓(11層含以上有電梯),住家用,鋼筋混凝土造,,134.06,2,2,2,有,無,8790000,67731,坡道平面,25.69,1450000,,RPQWNLNKMHGGFHH66CB
龜山區,房地(土地+建物)+車位,桃園市龜山區文化一路與樂善二路口 C3-08,8.64,商,,,1070515,土地1建物1車位1,八層,28,住宅大樓(11層含以上有電梯),住家用,鋼筋混凝土造,,134.06,2,2,2,有,無,9070000,70315,坡道平面,25.69,1450000,,RPRWNLNKMHGGFHH76CB
龜山區,房地(土地+建物)+車位,桃園市龜山區文化一路與華亞三路A5棟9樓,10.34,商,,,1090829,土地1建物1車位1,九層,24,住宅大樓(11層含以上有電梯),住商用,鋼筋混凝土造,,134.19,0,0,1,有,無,8200000,63532,坡道平面,31.88,1700000,,RPSWNLNKMHGGFHH86CB
龜山區,房地(土地+建物)+車位,桃園市龜山區文化一路與樂善二路口 C3-10,8.64,商,,,1070710,土地1建物1車位1,十層,28,住宅大樓(11層含以上有電梯),住家用,鋼筋混凝土造,,134.06,2,2,2,有,無,8780000,67639,坡道平面,25.69,1450000,,RPTWNLNKMHGGFHH96CB
龜山區,房地(土地+建物)+車位,桃園市龜山區文化一路與樂善二路口 C3-20,8.64,商,,,1070828,土地1建物1車位1,二十層,28,住宅大樓(11層含以上有電梯),住家用,鋼筋混凝土造,,134.06,2,2,2,有,無,9100000,70591,坡道平面,25.69,1450000,,RPUWNLNKMHGGFHH07CB
龜山區,房地(土地+建物)+車位,桃園市龜山區文化一路與華亞三路A5棟10樓,10.12,商,,,1090825,土地1建物1車位1,十層,24,住宅大樓(11層含以上有電梯),住商用,鋼筋混凝土造,,132.52,0,0,1,有,無,8320000,64705,坡道平面,30.21,1700000,,RPVWNLNKMHGGFHH17CB
龜山區,房地(土地+建物)+車位,桃園市龜山區文化一路與樂善二路口 C3-23,8.64,商,,,1070914,土地1建物1車位1,二十三層,28,住宅大樓(11層含以上有電梯),住家用,鋼筋混凝土造,,134.06,2,2,2,有,無,9360000,72991,坡道平面,25.69,1450000,,RPWWNLNKMHGGFHH27CB
龜山區,房地(土地+建物)+車位,桃園市龜山區文化一路與樂善二路口 C3-12,8.64,商,,,1070626,土地1建物1車位1,十二層,28,住宅大樓(11層含以上有電梯),住家用,鋼筋混凝土造,,134.06,2,2,2,有,無,8900000,67362,坡道平面,25.69,1600000,,RPXWNLNKMHGGFHH37CB
龜山區,房地(土地+建物)+車位,桃園市龜山區文化一路與樂善二路口 C3-13,8.64,商,,,1070702,土地1建物1車位1,十三層,28,住宅大樓(11層含以上有電梯),住家用,鋼筋混凝土造,,134.06,2,2,2,有,無,9060000,68838,坡道平面,25.69,1600000,,RPONOLNKMHGGFHH28CB
龜山區,房地(土地+建物)+車位,桃園市龜山區文化一路與樂善二路口 C3-16,8.64,商,,,1070515,土地1建物1車位1,十六層,28,住宅大樓(11層含以上有電梯),住家用,鋼筋混凝土造,,134.06,2,2,2,有,無,9070000,68931,坡道平面,25.69,1600000,,RPPNOLNKMHGGFHH38CB
龜山區,房地(土地+建物)+車位,桃園市龜山區文化一路與樂善二路口 C3-14,8.64,商,,,1071012,土地1建物1車位1,十四層,28,住宅大樓(11層含以上有電梯),住家用,鋼筋混凝土造,,134.06,2,2,2,有,無,9200000,68746,坡道平面,25.69,1750000,,RPQNOLNKMHGGFHH48CB
龜山區,房地(土地+建物)+車位,桃園市龜山區文化一路與華亞三路A5棟11樓,10.34,商,,,1090625,土地1建物1車位1,十一層,24,住宅大樓(11層含以上有電梯),住商用,鋼筋混凝土造,,134.19,0,0,1,有,無,8170000,63239,坡道平面,31.88,1700000,,RPRNOLNKMHGGFHH58CB
龜山區,房地(土地+建物)+車位,桃園市龜山區文化一路與樂善二路口 C3-17,8.64,商,,,1070529,土地1建物1車位1,十七層,28,住宅大樓(11層含以上有電梯),住家用,鋼筋混凝土造,,134.06,2,2,2,有,無,9220000,68931,坡道平面,25.69,1750000,,RPSNOLNKMHGGFHH68CB
龜山區,房地(土地+建物)+車位,桃園市龜山區文化一路與樂善二路口 C3-18,8.64,商,,,1070723,土地1建物1車位1,十八層,28,住宅大樓(11層含以上有電梯),住家用,鋼筋混凝土造,,134.06,2,2,2,有,無,9350000,70130,坡道平面,25.69,1750000,,RPTNOLNKMHGGFHH78CB
龜山區,房地(土地+建物)+車位,桃園市龜山區文化一路與樂善二路口 C3-19,8.64,商,,,1070723,土地1建物1車位1,十九層,28,住宅大樓(11層含以上有電梯),住家用,鋼筋混凝土造,,134.06,2,2,2,有,無,9350000,70130,坡道平面,25.69,1750000,,RPUNOLNKMHGGFHH88CB
龜山區,房地(土地+建物)+車位,桃園市龜山區文化一路與華亞三路A5棟12樓,14.19,商,,,1081202,土地1建物1車位1,十二層,24,住宅大樓(11層含以上有電梯),住家用,鋼筋混凝土造,,175.97,3,2,3,有,無,12380000,73426,坡道平面,31.88,1800000,,RPVNOLNKMHGGFHH98CB
龜山區,房地(土地+建物)+車位,桃園市龜山區文化一路與樂善二路口 C3-21,8.64,商,,,1071017,土地1建物1車位1,二十一層,28,住宅大樓(11層含以上有電梯),住家用,鋼筋混凝土造,,134.06,2,2,2,有,無,9450000,71053,坡道平面,25.69,1750000,,RPWNOLNKMHGGFHH09CB
龜山區,房地(土地+建物)+車位,桃園市龜山區文化一路與華亞三路A5棟13樓,14.19,商,,,1081018,土地1建物1車位1,十三層,24,住宅大樓(11層含以上有電梯),住家用,鋼筋混凝土造,,175.97,3,2,3,有,無,11900000,70095,坡道平面,31.88,1800000,,RPXNOLNKMHGGFHH56CB
龜山區,房地(土地+建物)+車位,桃園市龜山區文化一路與樂善二路口 C3-27,8.64,商,,,1070719,土地1建物1車位1,二十七層,28,住宅大樓(11層含以上有電梯),住家用,鋼筋混凝土造,,134.06,2,2,2,有,無,9380000,70407,坡道平面,25.69,1750000,,RPOOOLNKMHGGFHH38CB
龜山區,房地(土地+建物)+車位,桃園市龜山區文化一路與樂善二路口 C3-11,9.33,商,,,1070716,土地1建物1車位2,十一層,28,住宅大樓(11層含以上有電梯),住家用,鋼筋混凝土造,,159.75,2,2,2,有,無,10660000,66070,坡道平面,51.38,3500000,,RPPOOLNKMHGGFHH48CB
龜山區,房地(土地+建物)+車位,桃園市龜山區文化一路與華亞三路A5棟14樓,14.19,商,,,1090219,土地1建物1車位1,十四層,24,住宅大樓(11層含以上有電梯),住家用,鋼筋混凝土造,,175.97,3,2,3,有,無,12000000,71136,坡道平面,31.88,1750000,,RPQOOLNKMHGGFHH58CB
龜山區,房地(土地+建物)+車位,桃園市龜山區文化一路與樂善二路口 C3-09,8.64,商,,,1070605,土地1建物1車位1,九層,28,住宅大樓(11層含以上有電梯),住家用,鋼筋混凝土造,,132.61,2,2,2,有,無,9080000,69484,坡道平面,24.24,1550000,,RPROOLNKMHGGFHH68CB
龜山區,房地(土地+建物)+車位,桃園市龜山區文化一路與華亞三路A5棟15樓,14.19,商,,,1090630,土地1建物1車位1,十五層,24,住宅大樓(11層含以上有電梯),住家用,鋼筋混凝土造,,175.97,3,2,3,有,無,12000000,71483,坡道平面,31.88,1700000,,RPSOOLNKMHGGFHH78CB
龜山區,房地(土地+建物)+車位,桃園市龜山區文化一路與樂善二路口 C3-28,8.64,商,,,1070613,土地1建物1車位1,二十八層,28,住宅大樓(11層含以上有電梯),住家用,鋼筋混凝土造,,132.61,2,2,2,有,無,8980000,68561,坡道平面,24.24,1550000,,RPTOOLNKMHGGFHH88CB
龜山區,房地(土地+建物)+車位,桃園市龜山區文化一路與樂善二路口 C3-22,8.64,商,,,1070828,土地1建物1車位1,二十二層,28,住宅大樓(11層含以上有電梯),住家用,鋼筋混凝土造,,132.61,2,2,2,有,無,9250000,69669,坡道平面,24.24,1700000,,RPUOOLNKMHGGFHH98CB
龜山區,房地(土地+建物)+車位,桃園市龜山區文化一路與樂善二路口 C3-25,8.64,商,,,1071015,土地1建物1車位1,二十五層,28,住宅大樓(11層含以上有電梯),住家用,鋼筋混凝土造,,132.61,2,2,2,有,無,9500000,71976,坡道平面,24.24,1700000,,RPVOOLNKMHGGFHH09CB
龜山區,房地(土地+建物)+車位,桃園市龜山區文化一路與樂善二路口 C5-03,8.71,商,,,1070713,土地1建物1車位1,三層,28,住宅大樓(11層含以上有電梯),住家用,鋼筋混凝土造,,135.35,2,2,2,有,無,9300000,68849,坡道平面,25.69,1750000,,RPRNMLOKMHGGFHH48CB
龜山區,房地(土地+建物)+車位,桃園市龜山區文化一路與樂善二路口 C5-04,8.64,商,,,1070601,土地1建物1車位1,四層,28,住宅大樓(11層含以上有電梯),住家用,鋼筋混凝土造,,134.06,2,2,2,有,無,8680000,66716,坡道平面,25.69,1450000,,RPSNMLOKMHGGFHH58CB
龜山區,房地(土地+建物)+車位,桃園市龜山區文化一路與樂善二路口 C5-05,8.64,商,,,1070515,土地1建物1車位1,五層,28,住宅大樓(11層含以上有電梯),住家用,鋼筋混凝土造,,134.06,2,2,2,有,無,8720000,67085,坡道平面,25.69,1450000,,RPTNMLOKMHGGFHH68CB
龜山區,房地(土地+建物)+車位,桃園市龜山區文化一路與樂善二路口 C5-06,8.64,商,,,1070605,土地1建物1車位1,六層,28,住宅大樓(11層含以上有電梯),住家用,鋼筋混凝土造,,134.06,2,2,2,有,無,8620000,66162,坡道平面,25.69,1450000,,RPUNMLOKMHGGFHH78CB
龜山區,房地(土地+建物)+車位,桃園市龜山區文化一路與樂善二路口 C5-10,8.64,商,,,1070515,土地1建物1車位1,十層,28,住宅大樓(11層含以上有電梯),住家用,鋼筋混凝土造,,134.06,2,2,2,有,無,8850000,68285,坡道平面,25.69,1450000,,RPVNMLOKMHGGFHH88CB
龜山區,房地(土地+建物)+車位,桃園市龜山區文化一路與樂善二路口 C5-11,8.64,商,,,1070720,土地1建物1車位1,十一層,28,住宅大樓(11層含以上有電梯),住家用,鋼筋混凝土造,,134.06,2,2,2,有,無,8960000,69300,坡道平面,25.69,1450000,,RPXNMLOKMHGGFHH09CB
龜山區,房地(土地+建物)+車位,桃園市龜山區文化一路與樂善二路口 C5-12,8.64,商,,,1070515,土地1建物1車位1,十二層,28,住宅大樓(11層含以上有電梯),住家用,鋼筋混凝土造,,134.06,2,2,2,有,無,8950000,69207,坡道平面,25.69,1450000,,RPOOMLOKMHGGFHH28CB
龜山區,房地(土地+建物)+車位,桃園市龜山區文化一路與樂善二路口 C5-07,8.64,商,,,1070613,土地1建物1車位1,七層,28,住宅大樓(11層含以上有電梯),住家用,鋼筋混凝土造,,134.06,2,2,2,有,無,9000000,68285,坡道平面,25.69,1600000,,RPPOMLOKMHGGFHH38CB
龜山區,房地(土地+建物)+車位,桃園市龜山區文化一路與樂善二路口 C5-13,8.64,商,,,1070601,土地1建物1車位1,十三層,28,住宅大樓(11層含以上有電梯),住家用,鋼筋混凝土造,,134.06,2,2,2,有,無,9040000,68654,坡道平面,25.69,1600000,,RPQOMLOKMHGGFHH48CB
龜山區,房地(土地+建物)+車位,桃園市龜山區文化一路與樂善二路口 C5-15,8.64,商,,,1070720,土地1建物1車位1,十五層,28,住宅大樓(11層含以上有電梯),住家用,鋼筋混凝土造,,134.06,2,2,2,有,無,9100000,69207,坡道平面,25.69,1600000,,RPROMLOKMHGGFHH58CB
龜山區,房地(土地+建物)+車位,桃園市龜山區文化一路與樂善二路口 C5-17,8.64,商,,,1070522,土地1建物1車位1,十七層,28,住宅大樓(11層含以上有電梯),住家用,鋼筋混凝土造,,134.06,2,2,2,有,無,9320000,71237,坡道平面,25.69,1600000,,RPSOMLOKMHGGFHH68CB
龜山區,房地(土地+建物)+車位,桃園市龜山區文化一路與樂善二路口 C5-23,8.64,商,,,1070917,土地1建物1車位1,二十三層,28,住宅大樓(11層含以上有電梯),住家用,鋼筋混凝土造,,134.06,2,2,2,有,無,9300000,71053,坡道平面,25.69,1600000,,RPUOMLOKMHGGFHH88CB
龜山區,房地(土地+建物)+車位,桃園市龜山區文化一路與樂善二路口 C5-28,8.64,商,,,1070829,土地1建物1車位1,二十八層,28,住宅大樓(11層含以上有電梯),住家用,鋼筋混凝土造,,134.06,2,2,2,有,無,9380000,71791,坡道平面,25.69,1600000,,RPVOMLOKMHGGFHH98CB
龜山區,房地(土地+建物)+車位,桃園市龜山區文化一路與樂善二路口 C5-16,8.64,商,,,1070723,土地1建物1車位1,十六層,28,住宅大樓(11層含以上有電梯),住家用,鋼筋混凝土造,,134.06,2,2,2,有,無,9280000,69484,坡道平面,25.69,1750000,,RPWOMLOKMHGGFHH09CB
龜山區,房地(土地+建物)+車位,桃園市龜山區文化一路與樂善二路口 C5-19,8.64,商,,,1070803,土地1建物1車位1,十九層,28,住宅大樓(11層含以上有電梯),住家用,鋼筋混凝土造,,134.06,2,2,2,有,無,9350000,70130,坡道平面,25.69,1750000,,RPXOMLOKMHGGFHH56CB
龜山區,房地(土地+建物)+車位,桃園市龜山區文化一路與樂善二路口 C5-20,8.64,商,,,1070828,土地1建物1車位1,二十層,28,住宅大樓(11層含以上有電梯),住家用,鋼筋混凝土造,,134.06,2,2,2,有,無,9380000,70407,坡道平面,25.69,1750000,,RPOPMLOKMHGGFHH38CB
龜山區,房地(土地+建物)+車位,桃園市龜山區文化一路與樂善二路口 C5-22,8.64,商,,,1070910,土地1建物1車位1,二十二層,28,住宅大樓(11層含以上有電梯),住家用,鋼筋混凝土造,,134.06,2,2,2,有,無,9300000,69669,坡道平面,25.69,1750000,,RPPPMLOKMHGGFHH48CB
龜山區,房地(土地+建物)+車位,桃園市龜山區文化一路與樂善二路口 C5-27,8.64,商,,,1070725,土地1建物1車位1,二十七層,28,住宅大樓(11層含以上有電梯),住家用,鋼筋混凝土造,,134.06,2,2,2,有,無,9490000,71422,坡道平面,25.69,1750000,,RPQPMLOKMHGGFHH58CB
龜山區,房地(土地+建物)+車位,桃園市龜山區文化一路與樂善二路口 C5-08,8.64,商,,,1070522,土地1建物1車位1,八層,28,住宅大樓(11層含以上有電梯),住家用,鋼筋混凝土造,,134.06,2,2,2,有,無,9470000,70315,坡道平面,25.69,1850000,,RPRPMLOKMHGGFHH68CB
龜山區,房地(土地+建物)+車位,桃園市龜山區文化一路與樂善二路口 C5-21,8.64,商,,,1070828,土地1建物1車位1,二十一層,28,住宅大樓(11層含以上有電梯),住家用,鋼筋混凝土造,,134.06,2,2,2,有,無,9500000,70591,坡道平面,25.69,1850000,,RPSPMLOKMHGGFHH78CB
龜山區,房地(土地+建物)+車位,桃園市龜山區文化一路與樂善二路口 C5-24,8.64,商,,,1071017,土地1建物1車位1,二十四層,28,住宅大樓(11層含以上有電梯),住家用,鋼筋混凝土造,,134.06,2,2,2,有,無,9490000,69576,坡道平面,25.69,1950000,,RPTPMLOKMHGGFHH88CB
龜山區,房地(土地+建物)+車位,桃園市龜山區文化一路與樂善二路口 C5-25,8.64,商,,,1071017,土地1建物1車位1,二十五層,28,住宅大樓(11層含以上有電梯),住家用,鋼筋混凝土造,,134.06,2,2,2,有,無,9750000,71976,坡道平面,25.69,1950000,,RPUPMLOKMHGGFHH98CB
龜山區,房地(土地+建物)+車位,桃園市龜山區文化一路與樂善二路口 C5-09,9.33,商,,,1070712,土地1建物1車位2,九層,28,住宅大樓(11層含以上有電梯),住家用,鋼筋混凝土造,,159.75,2,2,2,有,無,10660000,66070,坡道平面,51.38,3500000,,RPVPMLOKMHGGFHH09CB
龜山區,房地(土地+建物)+車位,桃園市龜山區文化一路與樂善二路口 C5-18,8.64,商,,,1070613,土地1建物1車位1,十八層,28,住宅大樓(11層含以上有電梯),住家用,鋼筋混凝土造,,132.61,2,2,2,有,無,9230000,72252,坡道平面,24.24,1400000,,RPWPMLOKMHGGFHH56CB
龜山區,房地(土地+建物)+車位,桃園市龜山區文化一路與樂善二路口 C5-14,8.64,商,,,1070904,土地1建物1車位1,十四層,28,住宅大樓(11層含以上有電梯),住家用,鋼筋混凝土造,,132.61,2,2,2,有,無,9200000,69207,坡道平面,24.24,1700000,,RPXPMLOKMHGGFHH66CB
龜山區,房地(土地+建物)+車位,桃園市龜山區文化一路與樂善二路口 C5-26,8.64,商,,,1070725,土地1建物1車位1,二十六層,28,住宅大樓(11層含以上有電梯),住家用,鋼筋混凝土造,,132.61,2,2,2,有,無,9400000,71053,坡道平面,24.24,1700000,,RPOQMLOKMHGGFHH48CB
龜山區,房地(土地+建物)+車位,桃園市龜山區文化一路與樂善二路口 C6-03,9.88,商,,,1070516,土地1建物1車位1,三層,28,住宅大樓(11層含以上有電梯),住家用,鋼筋混凝土造,,152.01,3,2,2,有,無,10860000,73306,坡道平面,25.69,1600000,,RPPQMLOKMHGGFHH58CB
龜山區,房地(土地+建物)+車位,桃園市龜山區文化一路與樂善二路口 C2-18,9.67,商,,,1070712,土地1建物1車位1,十八層,28,住宅大樓(11層含以上有電梯),住家用,鋼筋混凝土造,,148.8,3,2,2,有,無,10400000,70262,坡道平面,25.69,1750000,,RPSQMLOKMHGGFHH88CB
龜山區,房地(土地+建物)+車位,桃園市龜山區文化一路與樂善二路口 C6-07,9.67,商,,,1070515,土地1建物1車位1,七層,28,住宅大樓(11層含以上有電梯),住家用,鋼筋混凝土造,,148.8,3,2,2,有,無,9860000,68313,坡道平面,25.69,1450000,,RPTQMLOKMHGGFHH98CB
龜山區,房地(土地+建物)+車位,桃園市龜山區文化一路與樂善二路口 C6-08,9.67,商,,,1070620,土地1建物1車位1,八層,28,住宅大樓(11層含以上有電梯),住家用,鋼筋混凝土造,,148.8,3,2,2,有,無,9790000,67744,坡道平面,25.69,1450000,,RPUQMLOKMHGGFHH09CB
龜山區,房地(土地+建物)+車位,桃園市龜山區文化一路與樂善二路口 C6-09,9.67,商,,,1070710,土地1建物1車位1,九層,28,住宅大樓(11層含以上有電梯),住家用,鋼筋混凝土造,,148.8,3,2,2,有,無,9900000,68638,坡道平面,25.69,1450000,,RPWQMLOKMHGGFHH66CB
龜山區,房地(土地+建物)+車位,桃園市龜山區文化一路與樂善二路口 C6-10,9.67,商,,,1070515,土地1建物1車位1,十層,28,住宅大樓(11層含以上有電梯),住家用,鋼筋混凝土造,,148.8,3,2,2,有,無,9940000,68963,坡道平面,25.69,1450000,,RPXQMLOKMHGGFHH76CB
龜山區,房地(土地+建物)+車位,桃園市龜山區文化一路與樂善二路口 C6-11,9.67,商,,,1070904,土地1建物1車位1,十一層,28,住宅大樓(11層含以上有電梯),住家用,鋼筋混凝土造,,148.8,3,2,2,有,無,10150000,70669,坡道平面,25.69,1450000,,RPORMLOKMHGGFHH58CB
龜山區,房地(土地+建物)+車位,桃園市龜山區文化一路與樂善二路口 C6-12,9.67,商,,,1070824,土地1建物1車位1,十二層,28,住宅大樓(11層含以上有電梯),住家用,鋼筋混凝土造,,148.8,3,2,2,有,無,10090000,70181,坡道平面,25.69,1450000,,RPPRMLOKMHGGFHH68CB
龜山區,房地(土地+建物)+車位,桃園市龜山區文化一路與樂善二路口 C6-16,9.67,商,,,1070515,土地1建物1車位1,十六層,28,住宅大樓(11層含以上有電梯),住家用,鋼筋混凝土造,,148.8,3,2,2,有,無,10290000,71806,坡道平面,25.69,1450000,,RPQRMLOKMHGGFHH78CB
龜山區,房地(土地+建物)+車位,桃園市龜山區文化一路與樂善二路口 C6-05,9.67,商,,,1070717,土地1建物1車位1,五層,28,住宅大樓(11層含以上有電梯),住家用,鋼筋混凝土造,,148.8,3,2,2,有,無,9990000,68150,坡道平面,25.69,1600000,,RPSRMLOKMHGGFHH98CB
龜山區,房地(土地+建物)+車位,桃園市龜山區文化一路與樂善二路口 C6-04,9.67,商,,,1070731,土地1建物1車位1,四層,28,住宅大樓(11層含以上有電梯),住家用,鋼筋混凝土造,,148.8,3,2,2,有,無,10130000,68069,坡道平面,25.69,1750000,,RPTRMLOKMHGGFHH09CB
龜山區,房地(土地+建物)+車位,桃園市龜山區文化一路與樂善二路口 C6-17,9.67,商,,,1080319,土地1建物1車位1,十七層,28,住宅大樓(11層含以上有電梯),住家用,鋼筋混凝土造,,148.8,3,2,2,有,無,10580000,71724,坡道平面,25.69,1750000,,RPURMLOKMHGGFHH56CB
龜山區,房地(土地+建物)+車位,桃園市龜山區文化一路與樂善二路口 C6-18,9.67,商,,,1070801,土地1建物1車位1,十八層,28,住宅大樓(11層含以上有電梯),住家用,鋼筋混凝土造,,148.8,3,2,2,有,無,10500000,71075,坡道平面,25.69,1750000,,RPVRMLOKMHGGFHH66CB
龜山區,房地(土地+建物)+車位,桃園市龜山區文化一路與樂善二路口 C6-19,9.67,商,,,1070803,土地1建物1車位1,十九層,28,住宅大樓(11層含以上有電梯),住家用,鋼筋混凝土造,,148.8,3,2,2,有,無,10490000,70993,坡道平面,25.69,1750000,,RPWRMLOKMHGGFHH76CB
龜山區,房地(土地+建物)+車位,桃園市龜山區文化一路與樂善二路口 C6-20,9.67,商,,,1070918,土地1建物1車位1,二十層,28,住宅大樓(11層含以上有電梯),住家用,鋼筋混凝土造,,148.8,3,2,2,有,無,10570000,71643,坡道平面,25.69,1750000,,RPOSMLOKMHGGFHH68CB
龜山區,房地(土地+建物)+車位,桃園市龜山區文化一路與樂善二路口 C6-21,9.67,商,,,1071002,土地1建物1車位1,二十一層,28,住宅大樓(11層含以上有電梯),住家用,鋼筋混凝土造,,148.8,3,2,2,有,無,10500000,71075,坡道平面,25.69,1750000,,RPPSMLOKMHGGFHH78CB
龜山區,房地(土地+建物)+車位,桃園市龜山區文化一路與樂善二路口 C6-14,9.67,商,,,1071225,土地1建物1車位1,十四層,28,住宅大樓(11層含以上有電梯),住家用,鋼筋混凝土造,,148.8,3,2,2,有,無,10450000,69856,坡道平面,25.69,1850000,,RPQSMLOKMHGGFHH88CB
龜山區,房地(土地+建物)+車位,桃園市龜山區文化一路與樂善二路口 C6-15,9.67,商,,,1071024,土地1建物1車位1,十五層,28,住宅大樓(11層含以上有電梯),住家用,鋼筋混凝土造,,148.8,3,2,2,有,無,10600000,71075,坡道平面,25.69,1850000,,RPSSMLOKMHGGFHH09CB
龜山區,房地(土地+建物)+車位,桃園市龜山區文化一路與樂善二路口 C6-22,9.67,商,,,1071004,土地1建物1車位1,二十二層,28,住宅大樓(11層含以上有電梯),住家用,鋼筋混凝土造,,148.8,3,2,2,有,無,10800000,72699,坡道平面,25.69,1850000,,RPTSMLOKMHGGFHH56CB
龜山區,房地(土地+建物)+車位,桃園市龜山區文化一路與樂善二路口 C6-25,9.67,商,,,1071204,土地1建物1車位1,二十五層,28,住宅大樓(11層含以上有電梯),住家用,鋼筋混凝土造,,148.8,3,2,2,有,無,10600000,71075,坡道平面,25.69,1850000,,RPUSMLOKMHGGFHH66CB
龜山區,房地(土地+建物)+車位,桃園市龜山區文化一路與樂善二路口 C6-26,9.67,商,,,1071116,土地1建物1車位1,二十六層,28,住宅大樓(11層含以上有電梯),住家用,鋼筋混凝土造,,148.8,3,2,2,有,無,10510000,70344,坡道平面,25.69,1850000,,RPVSMLOKMHGGFHH76CB
龜山區,房地(土地+建物)+車位,桃園市龜山區文化一路與樂善二路口 C6-06,9.67,商,,,1070605,土地1建物1車位1,六層,28,住宅大樓(11層含以上有電梯),住家用,鋼筋混凝土造,,148.8,3,2,2,有,無,10330000,68069,坡道平面,25.69,1950000,,RPWSMLOKMHGGFHH86CB
龜山區,房地(土地+建物)+車位,桃園市龜山區文化一路與樂善二路口 C6-24,9.67,商,,,1080114,土地1建物1車位1,二十四層,28,住宅大樓(11層含以上有電梯),住家用,鋼筋混凝土造,,148.8,3,2,2,有,無,10880000,72537,坡道平面,25.69,1950000,,RPOTMLOKMHGGFHH78CB
龜山區,房地(土地+建物)+車位,桃園市龜山區文化一路與樂善二路口 C6-28,9.67,商,,,1091123,土地1建物1車位1,二十八層,28,住宅大樓(11層含以上有電梯),住家用,鋼筋混凝土造,,148.8,3,2,2,有,無,11230000,75380,坡道平面,25.69,1950000,,RPPTMLOKMHGGFHH88CB
龜山區,房地(土地+建物)+車位,桃園市龜山區文化一路與樂善二路口 C6-13,9.67,商,,,1070921,土地1建物1車位1,十三層,28,住宅大樓(11層含以上有電梯),住家用,鋼筋混凝土造,,147.35,3,2,2,有,無,10300000,72293,坡道平面,24.24,1400000,,RPQTMLOKMHGGFHH98CB
龜山區,房地(土地+建物)+車位,桃園市龜山區文化一路與樂善二路口 C6-23,9.67,商,,,1080102,土地1建物1車位1,二十三層,28,住宅大樓(11層含以上有電梯),住家用,鋼筋混凝土造,,147.35,3,2,2,有,無,10550000,71075,坡道平面,24.24,1800000,,RPSTMLOKMHGGFHH56CB
龜山區,房地(土地+建物)+車位,桃園市龜山區文化一路與樂善二路口 C6-27,10.37,商,,,1071002,土地1建物1車位2,二十七層,28,住宅大樓(11層含以上有電梯),住家用,鋼筋混凝土造,,173.04,3,2,2,有,無,12250000,68232,坡道平面,49.93,3850000,,RPTTMLOKMHGGFHH66CB
龜山區,房地(土地+建物)+車位,桃園市龜山區文化一路與樂善二路口 C7-03,9.95,商,,,1070627,土地1建物1車位1,三層,28,住宅大樓(11層含以上有電梯),住家用,鋼筋混凝土造,,153.14,3,2,2,有,無,11300000,74931,坡道平面,25.69,1750000,,RPUTMLOKMHGGFHH76CB
龜山區,房地(土地+建物)+車位,桃園市龜山區文化一路與樂善二路口 C7-09,9.74,商,,,1070716,土地1建物1車位1,九層,28,住宅大樓(11層含以上有電梯),住家用,鋼筋混凝土造,,149.87,3,2,2,有,無,10130000,69899,坡道平面,25.69,1450000,,RPWTMLOKMHGGFHH96CB
龜山區,房地(土地+建物)+車位,桃園市龜山區文化一路與樂善二路口 C7-14,9.74,商,,,1070822,土地1建物1車位1,十四層,28,住宅大樓(11層含以上有電梯),住家用,鋼筋混凝土造,,149.87,3,2,2,有,無,10300000,71268,坡道平面,25.69,1450000,,RPXTMLOKMHGGFHH07CB
龜山區,房地(土地+建物)+車位,桃園市龜山區文化一路與樂善二路口 C7-17,9.74,商,,,1070522,土地1建物1車位1,十七層,28,住宅大樓(11層含以上有電梯),住家用,鋼筋混凝土造,,149.87,3,2,2,有,無,10200000,70462,坡道平面,25.69,1450000,,RPOUMLOKMHGGFHH88CB
龜山區,房地(土地+建物)+車位,桃園市龜山區文化一路與樂善二路口 C7-04,9.74,商,,,1070917,土地1建物1車位1,四層,28,住宅大樓(11層含以上有電梯),住家用,鋼筋混凝土造,,149.87,3,2,2,有,無,10200000,69254,坡道平面,25.69,1600000,,RPPUMLOKMHGGFHH98CB
龜山區,房地(土地+建物)+車位,桃園市龜山區文化一路與樂善二路口 C7-05,9.74,商,,,1070723,土地1建物1車位1,五層,28,住宅大樓(11層含以上有電梯),住家用,鋼筋混凝土造,,149.87,3,2,2,有,無,10200000,69254,坡道平面,25.69,1600000,,RPQUMLOKMHGGFHH09CB
龜山區,房地(土地+建物)+車位,桃園市龜山區文化一路與樂善二路口 C7-08,9.74,商,,,1070710,土地1建物1車位1,八層,28,住宅大樓(11層含以上有電梯),住家用,鋼筋混凝土造,,149.87,3,2,2,有,無,10420000,71026,坡道平面,25.69,1600000,,RPRUMLOKMHGGFHH56CB
龜山區,房地(土地+建物)+車位,桃園市龜山區文化一路與樂善二路口 C7-12,9.74,商,,,1070515,土地1建物1車位1,十二層,28,住宅大樓(11層含以上有電梯),住家用,鋼筋混凝土造,,149.87,3,2,2,有,無,10200000,69254,坡道平面,25.69,1600000,,RPSUMLOKMHGGFHH66CB
龜山區,房地(土地+建物)+車位,桃園市龜山區文化一路與樂善二路口 C7-15,9.74,商,,,1070605,土地1建物1車位1,十五層,28,住宅大樓(11層含以上有電梯),住家用,鋼筋混凝土造,,149.87,3,2,2,有,無,10450000,71268,坡道平面,25.69,1600000,,RPTUMLOKMHGGFHH76CB
龜山區,房地(土地+建物)+車位,桃園市龜山區文化一路與樂善二路口 C7-18,9.74,商,,,1070613,土地1建物1車位1,十八層,28,住宅大樓(11層含以上有電梯),住家用,鋼筋混凝土造,,149.87,3,2,2,有,無,10400000,70865,坡道平面,25.69,1600000,,RPUUMLOKMHGGFHH86CB
龜山區,房地(土地+建物)+車位,桃園市龜山區文化一路與樂善二路口 C7-24,9.74,商,,,1070918,土地1建物1車位1,二十四層,28,住宅大樓(11層含以上有電梯),住家用,鋼筋混凝土造,,149.87,3,2,2,有,無,10400000,70865,坡道平面,25.69,1600000,,RPWUMLOKMHGGFHH07CB
龜山區,房地(土地+建物)+車位,桃園市龜山區文化一路與樂善二路口 C7-28,9.74,商,,,1070928,土地1建物1車位1,二十八層,28,住宅大樓(11層含以上有電梯),住家用,鋼筋混凝土造,,149.87,3,2,2,有,無,10400000,70865,坡道平面,25.69,1600000,,RPXUMLOKMHGGFHH17CB
龜山區,房地(土地+建物)+車位,桃園市龜山區文化一路與樂善二路口 C7-06,9.74,商,,,1070803,土地1建物1車位1,六層,28,住宅大樓(11層含以上有電梯),住家用,鋼筋混凝土造,,149.87,3,2,2,有,無,10300000,68852,坡道平面,25.69,1750000,,RPOVMLOKMHGGFHH98CB
龜山區,房地(土地+建物)+車位,桃園市龜山區文化一路與樂善二路口 C7-20,9.74,商,,,1070813,土地1建物1車位1,二十層,28,住宅大樓(11層含以上有電梯),住家用,鋼筋混凝土造,,149.87,3,2,2,有,無,10700000,72073,坡道平面,25.69,1750000,,RPPVMLOKMHGGFHH09CB
龜山區,房地(土地+建物)+車位,桃園市龜山區文化一路與樂善二路口 C7-21,9.74,商,,,1070814,土地1建物1車位1,二十一層,28,住宅大樓(11層含以上有電梯),住家用,鋼筋混凝土造,,149.87,3,2,2,有,無,10600000,71268,坡道平面,25.69,1750000,,RPQVMLOKMHGGFHH56CB
龜山區,房地(土地+建物)+車位,桃園市龜山區文化一路與樂善二路口 C7-07,9.74,商,,,1070807,土地1建物1車位1,七層,28,住宅大樓(11層含以上有電梯),住家用,鋼筋混凝土造,,149.87,3,2,2,有,無,10400000,68852,坡道平面,25.69,1850000,,RPRVMLOKMHGGFHH66CB
龜山區,房地(土地+建物)+車位,桃園市龜山區文化一路與樂善二路口 C7-10,9.74,商,,,1070709,土地1建物1車位1,十層,28,住宅大樓(11層含以上有電梯),住家用,鋼筋混凝土造,,149.87,3,2,2,有,無,10310000,68127,坡道平面,25.69,1850000,,RPSVMLOKMHGGFHH76CB
龜山區,房地(土地+建物)+車位,桃園市龜山區文化一路與樂善二路口 C7-13,9.74,商,,,1070828,土地1建物1車位1,十三層,28,住宅大樓(11層含以上有電梯),住家用,鋼筋混凝土造,,149.87,3,2,2,有,無,10550000,70060,坡道平面,25.69,1850000,,RPTVMLOKMHGGFHH86CB
龜山區,房地(土地+建物)+車位,桃園市龜山區文化一路與樂善二路口 C7-19,9.74,商,,,1070828,土地1建物1車位1,十九層,28,住宅大樓(11層含以上有電梯),住家用,鋼筋混凝土造,,149.87,3,2,2,有,無,10650000,70865,坡道平面,25.69,1850000,,RPVVMLOKMHGGFHH07CB
龜山區,房地(土地+建物)+車位,桃園市龜山區文化一路與樂善二路口 C7-23,9.74,商,,,1070910,土地1建物1車位1,二十三層,28,住宅大樓(11層含以上有電梯),住家用,鋼筋混凝土造,,149.87,3,2,2,有,無,10860000,72556,坡道平面,25.69,1850000,,RPXVMLOKMHGGFHH27CB
龜山區,房地(土地+建物)+車位,桃園市龜山區文化一路與樂善二路口 C7-25,9.74,商,,,1070828,土地1建物1車位1,二十五層,28,住宅大樓(11層含以上有電梯),住家用,鋼筋混凝土造,,149.87,3,2,2,有,無,10680000,71106,坡道平面,25.69,1850000,,RPOWMLOKMHGGFHH09CB
龜山區,房地(土地+建物)+車位,桃園市龜山區文化一路與樂善二路口 C7-27,9.74,商,,,1070608,土地1建物1車位1,二十七層,28,住宅大樓(11層含以上有電梯),住家用,鋼筋混凝土造,,149.87,3,2,2,有,無,10800000,71268,坡道平面,25.69,1950000,,RPPWMLOKMHGGFHH56CB
龜山區,房地(土地+建物)+車位,桃園市龜山區文化一路與樂善二路口 C7-16,9.74,商,,,1070522,土地1建物1車位1,十六層,28,住宅大樓(11層含以上有電梯),住家用,鋼筋混凝土造,,150.84,3,2,2,有,無,10450000,70060,坡道平面,26.66,1750000,,RPQWMLOKMHGGFHH66CB
龜山區,房地(土地+建物)+車位,桃園市龜山區文化一路與樂善二路口 C7-11,10.43,商,,,1070821,土地1建物1車位2,十一層,28,住宅大樓(11層含以上有電梯),住家用,鋼筋混凝土造,,175.56,3,2,2,有,無,12130000,69496,坡道平面,51.38,3500000,,RPRWMLOKMHGGFHH76CB
龜山區,房地(土地+建物)+車位,桃園市龜山區文化一路與樂善二路口 C8-03,7.12,商,,,1071017,土地1建物1車位1,三層,28,住宅大樓(11層含以上有電梯),住家用,鋼筋混凝土造,,113.84,1,2,1,有,無,8200000,73171,坡道平面,25.69,1750000,,RPSWMLOKMHGGFHH86CB
龜山區,房地(土地+建物),桃園市龜山區文化一路與樂善二路口 C8-04,6.43,商,,,1070918,土地1建物1車位0,四層,28,住宅大樓(11層含以上有電梯),住家用,鋼筋混凝土造,,88.15,1,2,1,有,無,6800000,77141,,0.0,0,,RPTWMLOKMHGGFHH96CB
龜山區,房地(土地+建物)+車位,桃園市龜山區文化一路與樂善二路口 C8-09,7.12,商,,,1070710,土地1建物1車位1,九層,28,住宅大樓(11層含以上有電梯),住家用,鋼筋混凝土造,,113.84,1,2,1,有,無,7380000,67272,坡道平面,25.69,1450000,,RPUWMLOKMHGGFHH07CB
龜山區,房地(土地+建物)+車位,桃園市龜山區文化一路與樂善二路口 C8-16,7.12,商,,,1070801,土地1建物1車位1,十六層,28,住宅大樓(11層含以上有電梯),住家用,鋼筋混凝土造,,113.84,1,2,1,有,無,7640000,70221,坡道平面,25.69,1450000,,RPVWMLOKMHGGFHH17CB
龜山區,房地(土地+建物)+車位,桃園市龜山區文化一路與樂善二路口 C8-17,7.12,商,,,1070601,土地1建物1車位1,十七層,28,住宅大樓(11層含以上有電梯),住家用,鋼筋混凝土造,,113.84,1,2,1,有,無,7640000,70221,坡道平面,25.69,1450000,,RPWWMLOKMHGGFHH27CB
龜山區,房地(土地+建物)+車位,桃園市龜山區文化一路與樂善二路口 C8-27,7.12,商,,,1070913,土地1建物1車位1,二十七層,28,住宅大樓(11層含以上有電梯),住家用,鋼筋混凝土造,,113.84,1,2,1,有,無,7590000,69654,坡道平面,25.69,1450000,,RPXWMLOKMHGGFHH37CB
龜山區,房地(土地+建物)+車位,桃園市龜山區文化一路與樂善二路口 C8-05,7.12,商,,,1070710,土地1建物1車位1,五層,28,住宅大樓(11層含以上有電梯),住家用,鋼筋混凝土造,,113.84,1,2,1,有,無,7350000,65230,坡道平面,25.69,1600000,,RPONNLOKMHGGFHH28CB
龜山區,房地(土地+建物)+車位,桃園市龜山區文化一路與樂善二路口 C8-07,7.12,商,,,1070710,土地1建物1車位1,七層,28,住宅大樓(11層含以上有電梯),住家用,鋼筋混凝土造,,113.84,1,2,1,有,無,7430000,66137,坡道平面,25.69,1600000,,RPPNNLOKMHGGFHH38CB
龜山區,房地(土地+建物)+車位,桃園市龜山區文化一路與樂善二路口 C8-14,7.12,商,,,1070720,土地1建物1車位1,十四層,28,住宅大樓(11層含以上有電梯),住家用,鋼筋混凝土造,,113.84,1,2,1,有,無,8000000,72604,坡道平面,25.69,1600000,,RPQNNLOKMHGGFHH48CB
龜山區,房地(土地+建物)+車位,桃園市龜山區文化一路與樂善二路口 C8-23,7.12,商,,,1070828,土地1建物1車位1,二十三層,28,住宅大樓(11層含以上有電梯),住家用,鋼筋混凝土造,,113.84,1,2,1,有,無,7700000,69200,坡道平面,25.69,1600000,,RPRNNLOKMHGGFHH58CB
龜山區,房地(土地+建物)+車位,桃園市龜山區文化一路與樂善二路口 C8-26,7.12,商,,,1070912,土地1建物1車位1,二十六層,28,住宅大樓(11層含以上有電梯),住家用,鋼筋混凝土造,,113.84,1,2,1,有,無,7700000,69200,坡道平面,25.69,1600000,,RPSNNLOKMHGGFHH68CB
龜山區,房地(土地+建物)+車位,桃園市龜山區文化一路與樂善二路口 C8-11,7.12,商,,,1070904,土地1建物1車位1,十一層,28,住宅大樓(11層含以上有電梯),住家用,鋼筋混凝土造,,113.84,1,2,1,有,無,7880000,69541,坡道平面,25.69,1750000,,RPTNNLOKMHGGFHH78CB
龜山區,房地(土地+建物)+車位,桃園市龜山區文化一路與華亞三路A5棟16樓,14.19,商,,,1090805,土地1建物1車位1,十六層,24,住宅大樓(11層含以上有電梯),住家用,鋼筋混凝土造,,175.97,3,2,3,有,無,12200000,72871,坡道平面,31.88,1700000,,RPUNNLOKMHGGFHH88CB
龜山區,房地(土地+建物)+車位,桃園市龜山區文化一路與樂善二路口 C8-12,7.12,商,,,1070605,土地1建物1車位1,十二層,28,住宅大樓(11層含以上有電梯),住家用,鋼筋混凝土造,,113.84,1,2,1,有,無,7890000,69654,坡道平面,25.69,1750000,,RPVNNLOKMHGGFHH98CB
龜山區,房地(土地+建物)+車位,桃園市龜山區文化一路與樂善二路口 C8-20,7.12,商,,,1070806,土地1建物1車位1,二十層,28,住宅大樓(11層含以上有電梯),住家用,鋼筋混凝土造,,113.84,1,2,1,有,無,7790000,68520,坡道平面,25.69,1750000,,RPWNNLOKMHGGFHH09CB
龜山區,房地(土地+建物)+車位,桃園市龜山區文化一路與華亞三路A5棟17樓,14.8,商,,,1090130,土地1建物1車位2,十七層,24,住宅大樓(11層含以上有電梯),住家用,鋼筋混凝土造,,207.85,3,2,3,有,無,13600000,70095,坡道平面,63.76,3500000,,RPXNNLOKMHGGFHH56CB
龜山區,房地(土地+建物)+車位,桃園市龜山區文化一路與樂善二路口 C8-22,7.12,商,,,1070904,土地1建物1車位1,二十二層,28,住宅大樓(11層含以上有電梯),住家用,鋼筋混凝土造,,113.84,1,2,1,有,無,7950000,70335,坡道平面,25.69,1750000,,RPOONLOKMHGGFHH38CB
龜山區,房地(土地+建物)+車位,桃園市龜山區文化一路與樂善二路口 C8-24,7.12,商,,,1070912,土地1建物1車位1,二十四層,28,住宅大樓(11層含以上有電梯),住家用,鋼筋混凝土造,,113.84,1,2,1,有,無,7890000,69654,坡道平面,25.69,1750000,,RPPONLOKMHGGFHH48CB
龜山區,房地(土地+建物)+車位,桃園市龜山區文化一路與樂善二路口 C8-25,7.12,商,,,1070904,土地1建物1車位1,二十五層,28,住宅大樓(11層含以上有電梯),住家用,鋼筋混凝土造,,113.84,1,2,1,有,無,7960000,70448,坡道平面,25.69,1750000,,RPQONLOKMHGGFHH58CB
龜山區,房地(土地+建物)+車位,桃園市龜山區文化一路與樂善二路口 C8-15,7.12,商,,,1070515,土地1建物1車位1,十五層,28,住宅大樓(11層含以上有電梯),住家用,鋼筋混凝土造,,113.84,1,2,1,有,無,8040000,70221,坡道平面,25.69,1850000,,RPRONLOKMHGGFHH68CB
龜山區,房地(土地+建物)+車位,桃園市龜山區文化一路與樂善二路口 C8-28,7.12,商,,,1080318,土地1建物1車位1,二十八層,28,住宅大樓(11層含以上有電梯),住家用,鋼筋混凝土造,,113.84,1,2,1,有,無,8100000,70902,坡道平面,25.69,1850000,,RPSONLOKMHGGFHH78CB
龜山區,房地(土地+建物)+車位,桃園市龜山區文化一路與樂善二路口 C8-08,7.12,商,,,1070706,土地1建物1車位1,八層,28,住宅大樓(11層含以上有電梯),住家用,鋼筋混凝土造,,113.84,1,2,1,有,無,7800000,66364,坡道平面,25.69,1950000,,RPTONLOKMHGGFHH88CB
龜山區,房地(土地+建物)+車位,桃園市龜山區文化一路與樂善二路口 C8-18,7.12,商,,,1070604,土地1建物1車位1,十八層,28,住宅大樓(11層含以上有電梯),住家用,鋼筋混凝土造,,113.84,1,2,1,有,無,8000000,68633,坡道平面,25.69,1950000,,RPUONLOKMHGGFHH98CB
龜山區,房地(土地+建物)+車位,桃園市龜山區文化一路與樂善二路口 C8-06,7.12,商,,,1070510,土地1建物1車位1,六層,28,住宅大樓(11層含以上有電梯),住家用,鋼筋混凝土造,,112.39,1,2,1,有,無,7460000,67045,坡道平面,24.24,1550000,,RPVONLOKMHGGFHH09CB
龜山區,房地(土地+建物)+車位,桃園市龜山區文化一路與樂善二路口 C8-10,7.12,商,,,1070613,土地1建物1車位1,十層,28,住宅大樓(11層含以上有電梯),住家用,鋼筋混凝土造,,112.39,1,2,1,有,無,7600000,68633,坡道平面,24.24,1550000,,RPWONLOKMHGGFHH56CB
龜山區,房地(土地+建物)+車位,桃園市龜山區文化一路與樂善二路口 C8-13,7.12,商,,,1070620,土地1建物1車位1,十三層,28,住宅大樓(11層含以上有電梯),住家用,鋼筋混凝土造,,112.39,1,2,1,有,無,7580000,68406,坡道平面,24.24,1550000,,RPXONLOKMHGGFHH66CB
龜山區,房地(土地+建物)+車位,桃園市龜山區文化一路與樂善二路口 C8-19,7.12,商,,,1070710,土地1建物1車位1,十九層,28,住宅大樓(11層含以上有電梯),住家用,鋼筋混凝土造,,112.39,1,2,1,有,無,7600000,68633,坡道平面,24.24,1550000,,RPOPNLOKMHGGFHH48CB
龜山區,房地(土地+建物),桃園市龜山區文化一路與樂善二路口 C9-05,6.43,商,,,1070911,土地1建物1車位0,五層,28,住宅大樓(11層含以上有電梯),住家用,鋼筋混凝土造,,87.99,1,2,1,有,無,6660000,75690,,0.0,0,,RPPPNLOKMHGGFHH58CB
龜山區,房地(土地+建物),桃園市龜山區文化一路與樂善二路口 C9-18,6.43,商,,,1070905,土地1建物1車位0,十八層,28,住宅大樓(11層含以上有電梯),住家用,鋼筋混凝土造,,87.99,1,2,1,有,無,6580000,74781,,0.0,0,,RPQPNLOKMHGGFHH68CB
龜山區,房地(土地+建物)+車位,桃園市龜山區文化一路與樂善二路口 C9-03,7.19,商,,,1070926,土地1建物1車位1,三層,28,住宅大樓(11層含以上有電梯),住家用,鋼筋混凝土造,,112.75,1,2,1,有,無,8350000,75133,坡道平面,24.24,1700000,,RPSPNLOKMHGGFHH88CB
龜山區,房地(土地+建物)+車位,桃園市龜山區文化一路與樂善二路口 C9-08,7.12,商,,,1070821,土地1建物1車位1,八層,28,住宅大樓(11層含以上有電梯),住家用,鋼筋混凝土造,,112.23,1,2,1,有,無,7600000,70463,坡道平面,24.24,1400000,,RPTPNLOKMHGGFHH98CB
龜山區,房地(土地+建物)+車位,桃園市龜山區文化一路與樂善二路口 C9-15,7.12,商,,,1070910,土地1建物1車位1,十五層,28,住宅大樓(11層含以上有電梯),住家用,鋼筋混凝土造,,112.23,1,2,1,有,無,7650000,71031,坡道平面,24.24,1400000,,RPUPNLOKMHGGFHH09CB
龜山區,房地(土地+建物)+車位,桃園市龜山區文化一路與樂善二路口 C9-11,7.12,商,,,1070918,土地1建物1車位1,十一層,28,住宅大樓(11層含以上有電梯),住家用,鋼筋混凝土造,,112.23,1,2,1,有,無,7700000,69894,坡道平面,24.24,1550000,,RPVPNLOKMHGGFHH56CB
龜山區,房地(土地+建物)+車位,桃園市龜山區文化一路與樂善二路口 C9-06,7.12,商,,,1080305,土地1建物1車位1,六層,28,住宅大樓(11層含以上有電梯),住家用,鋼筋混凝土造,,112.23,1,2,1,有,無,7950000,71031,坡道平面,24.24,1700000,,RPWPNLOKMHGGFHH66CB
龜山區,房地(土地+建物)+車位,桃園市龜山區文化一路與樂善二路口 C9-21,7.12,商,,,1071017,土地1建物1車位1,二十一層,28,住宅大樓(11層含以上有電梯),住家用,鋼筋混凝土造,,112.23,1,2,1,有,無,7920000,70690,坡道平面,24.24,1700000,,RPOQNLOKMHGGFHH58CB
龜山區,房地(土地+建物)+車位,桃園市龜山區文化一路與樂善二路口 C9-24,7.12,商,,,1080805,土地1建物1車位1,二十四層,28,住宅大樓(11層含以上有電梯),住家用,鋼筋混凝土造,,112.23,1,2,1,有,無,8100000,72736,坡道平面,24.24,1700000,,RPPQNLOKMHGGFHH68CB
龜山區,房地(土地+建物)+車位,桃園市龜山區文化一路與樂善二路口 C9-26,7.12,商,,,1070928,土地1建物1車位1,二十六層,28,住宅大樓(11層含以上有電梯),住家用,鋼筋混凝土造,,112.23,1,2,1,有,無,7780000,69099,坡道平面,24.24,1700000,,RPQQNLOKMHGGFHH78CB
龜山區,房地(土地+建物)+車位,桃園市龜山區文化一路與樂善二路口 C9-09,7.12,商,,,1070515,土地1建物1車位1,九層,28,住宅大樓(11層含以上有電梯),住家用,鋼筋混凝土造,,113.68,1,2,1,有,無,7450000,68190,坡道平面,25.69,1450000,,RPSQNLOKMHGGFHH98CB
龜山區,房地(土地+建物)+車位,桃園市龜山區文化一路與樂善二路口 C9-10,7.12,商,,,1070903,土地1建物1車位1,十層,28,住宅大樓(11層含以上有電梯),住家用,鋼筋混凝土造,,113.68,1,2,1,有,無,7500000,68758,坡道平面,25.69,1450000,,RPTQNLOKMHGGFHH09CB
龜山區,房地(土地+建物)+車位,桃園市龜山區文化一路與樂善二路口 C9-12,7.12,商,,,1070918,土地1建物1車位1,十二層,28,住宅大樓(11層含以上有電梯),住家用,鋼筋混凝土造,,113.68,1,2,1,有,無,7800000,72167,坡道平面,25.69,1450000,,RPUQNLOKMHGGFHH56CB
龜山區,房地(土地+建物)+車位,桃園市龜山區文化一路與樂善二路口 C9-13,7.12,商,,,1070918,土地1建物1車位1,十三層,28,住宅大樓(11層含以上有電梯),住家用,鋼筋混凝土造,,113.68,1,2,1,有,無,7600000,69894,坡道平面,25.69,1450000,,RPVQNLOKMHGGFHH66CB
龜山區,房地(土地+建物)+車位,桃園市龜山區文化一路與華亞三路A5棟18樓,12.32,商,,,1090326,土地1建物1車位1,十八層,24,住宅大樓(11層含以上有電梯),住家用,鋼筋混凝土造,,157.72,3,2,2,有,無,10900000,73903,坡道平面,31.88,1600000,,RPWQNLOKMHGGFHH76CB
龜山區,房地(土地+建物)+車位,桃園市龜山區文化一路與樂善二路口 C9-23,7.12,商,,,1070918,土地1建物1車位1,二十三層,28,住宅大樓(11層含以上有電梯),住家用,鋼筋混凝土造,,113.68,1,2,1,有,無,7680000,70804,坡道平面,25.69,1450000,,RPXQNLOKMHGGFHH86CB
龜山區,房地(土地+建物)+車位,桃園市龜山區文化一路與華亞三路A5棟19樓,12.32,商,,,1090529,土地1建物1車位1,十九層,24,住宅大樓(11層含以上有電梯),住家用,鋼筋混凝土造,,157.72,3,2,2,有,無,10900000,73109,坡道平面,31.88,1700000,,RPORNLOKMHGGFHH68CB
龜山區,房地(土地+建物)+車位,桃園市龜山區文化一路與樂善二路口 C9-27,7.12,商,,,1070918,土地1建物1車位1,二十七層,28,住宅大樓(11層含以上有電梯),住家用,鋼筋混凝土造,,113.68,1,2,1,有,無,7530000,69099,坡道平面,25.69,1450000,,RPPRNLOKMHGGFHH78CB
龜山區,房地(土地+建物)+車位,桃園市龜山區文化一路與樂善二路口 C9-07,7.12,商,,,1070828,土地1建物1車位1,七層,28,住宅大樓(11層含以上有電梯),住家用,鋼筋混凝土造,,113.68,1,2,1,有,無,7700000,69326,坡道平面,25.69,1600000,,RPQRNLOKMHGGFHH88CB
龜山區,房地(土地+建物)+車位,桃園市龜山區文化一路與華亞三路A5棟20樓,12.32,商,,,1090603,土地1建物1車位1,二十層,24,住宅大樓(11層含以上有電梯),住家用,鋼筋混凝土造,,159.59,3,2,2,有,無,10880000,72552,坡道平面,33.75,1750000,,RPRRNLOKMHGGFHH98CB
龜山區,房地(土地+建物)+車位,桃園市龜山區文化一路與樂善二路口 C9-16,7.12,商,,,1070626,土地1建物1車位1,十六層,28,住宅大樓(11層含以上有電梯),住家用,鋼筋混凝土造,,113.68,1,2,1,有,無,7550000,67621,坡道平面,25.69,1600000,,RPSRNLOKMHGGFHH09CB
龜山區,房地(土地+建物)+車位,桃園市龜山區文化一路與華亞三路A5棟21樓,12.32,商,,,1090603,土地1建物1車位1,二十一層,24,住宅大樓(11層含以上有電梯),住家用,鋼筋混凝土造,,157.72,3,2,2,有,無,10880000,72552,坡道平面,31.88,1750000,,RPTRNLOKMHGGFHH56CB
龜山區,房地(土地+建物)+車位,桃園市龜山區文化一路與樂善二路口 C9-20,7.12,商,,,1070828,土地1建物1車位1,二十層,28,住宅大樓(11層含以上有電梯),住家用,鋼筋混凝土造,,113.68,1,2,1,有,無,7700000,69326,坡道平面,25.69,1600000,,RPURNLOKMHGGFHH66CB
龜山區,房地(土地+建物)+車位,桃園市龜山區文化一路與華亞三路A5棟23樓,12.32,商,,,1090805,土地1建物1車位1,二十三層,24,住宅大樓(11層含以上有電梯),住家用,鋼筋混凝土造,,157.72,3,2,2,有,無,11000000,73903,坡道平面,31.88,1700000,,RPVRNLOKMHGGFHH76CB
龜山區,房地(土地+建物)+車位,桃園市龜山區文化一路與樂善二路口 C9-04,7.12,商,,,1080312,土地1建物1車位1,四層,28,住宅大樓(11層含以上有電梯),住家用,鋼筋混凝土造,,113.68,1,2,1,有,無,7980000,70804,坡道平面,25.69,1750000,,RPWRNLOKMHGGFHH86CB
龜山區,房地(土地+建物)+車位,桃園市龜山區文化一路與樂善二路口 C9-17,7.12,商,,,1070716,土地1建物1車位1,十七層,28,住宅大樓(11層含以上有電梯),住家用,鋼筋混凝土造,,113.68,1,2,1,有,無,7850000,69326,坡道平面,25.69,1750000,,RPXRNLOKMHGGFHH96CB
龜山區,房地(土地+建物)+車位,桃園市龜山區文化一路與樂善二路口 C9-19,7.12,商,,,1070925,土地1建物1車位1,十九層,28,住宅大樓(11層含以上有電梯),住家用,鋼筋混凝土造,,113.68,1,2,1,有,無,7900000,69894,坡道平面,25.69,1750000,,RPOSNLOKMHGGFHH78CB
龜山區,房地(土地+建物)+車位,桃園市龜山區文化一路與樂善二路口 C9-22,7.12,商,,,1070918,土地1建物1車位1,二十二層,28,住宅大樓(11層含以上有電梯),住家用,鋼筋混凝土造,,113.68,1,2,1,有,無,7950000,70463,坡道平面,25.69,1750000,,RPPSNLOKMHGGFHH88CB
龜山區,房地(土地+建物)+車位,桃園市龜山區文化一路與樂善二路口 C9-25,7.12,商,,,1070904,土地1建物1車位1,二十五層,28,住宅大樓(11層含以上有電梯),住家用,鋼筋混凝土造,,113.68,1,2,1,有,無,7950000,70463,坡道平面,25.69,1750000,,RPQSNLOKMHGGFHH98CB
龜山區,房地(土地+建物)+車位,桃園市龜山區文化一路與樂善二路口 C9-14,7.12,商,,,1080521,土地1建物1車位1,十四層,28,住宅大樓(11層含以上有電梯),住家用,鋼筋混凝土造,,113.68,1,2,1,有,無,8250000,72736,坡道平面,25.69,1850000,,RPRSNLOKMHGGFHH09CB
龜山區,房地(土地+建物)+車位,桃園市龜山區文化一路與樂善二路口 C9-28,7.12,商,,,1071015,土地1建物1車位1,二十八層,28,住宅大樓(11層含以上有電梯),住家用,鋼筋混凝土造,,113.68,1,2,1,有,無,8120000,71258,坡道平面,25.69,1850000,,RPSSNLOKMHGGFHH56CB
龜山區,房地(土地+建物)+車位,桃園市龜山區文化一路與樂善二路口 C10-03,7.12,商,,,1070515,土地1建物1車位1,三層,28,住宅大樓(11層含以上有電梯),住家用,鋼筋混凝土造,,114.76,1,2,1,有,無,8000000,69807,坡道平面,26.66,1850000,,RPSNMLPKMHGGFHH68CB
龜山區,房地(土地+建物)+車位,桃園市龜山區文化一路與樂善二路口 C10-06,7.12,商,,,1070524,土地1建物1車位1,六層,28,住宅大樓(11層含以上有電梯),住家用,鋼筋混凝土造,,113.79,1,2,1,有,無,7580000,65040,坡道平面,25.69,1850000,,RPTNMLPKMHGGFHH78CB
龜山區,房地(土地+建物)+車位,桃園市龜山區文化一路與樂善二路口 C10-20,7.12,商,,,1070619,土地1建物1車位1,二十層,28,住宅大樓(11層含以上有電梯),住家用,鋼筋混凝土造,,113.79,1,2,1,有,無,7770000,67196,坡道平面,25.69,1850000,,RPUNMLPKMHGGFHH88CB
龜山區,房地(土地+建物)+車位,桃園市龜山區文化一路與樂善二路口 C10-07,7.12,商,,,1070522,土地1建物1車位1,七層,28,住宅大樓(11層含以上有電梯),住家用,鋼筋混凝土造,,113.79,1,2,1,有,無,7370000,67196,坡道平面,25.69,1450000,,RPVNMLPKMHGGFHH98CB
龜山區,房地(土地+建物)+車位,桃園市龜山區文化一路與樂善二路口 C10-08,7.12,商,,,1070515,土地1建物1車位1,八層,28,住宅大樓(11層含以上有電梯),住家用,鋼筋混凝土造,,113.79,1,2,1,有,無,7430000,67877,坡道平面,25.69,1450000,,RPWNMLPKMHGGFHH09CB
龜山區,房地(土地+建物)+車位,桃園市龜山區文化一路與樂善二路口 C10-09,7.12,商,,,1070515,土地1建物1車位1,九層,28,住宅大樓(11層含以上有電梯),住家用,鋼筋混凝土造,,113.79,1,2,1,有,無,7500000,68672,坡道平面,25.69,1450000,,RPXNMLPKMHGGFHH56CB
龜山區,房地(土地+建物)+車位,桃園市龜山區文化一路與樂善二路口 C10-10,7.12,商,,,1070525,土地1建物1車位1,十層,28,住宅大樓(11層含以上有電梯),住家用,鋼筋混凝土造,,113.79,1,2,1,有,無,7430000,67877,坡道平面,25.69,1450000,,RPOOMLPKMHGGFHH38CB
龜山區,房地(土地+建物)+車位,桃園市龜山區文化一路與樂善二路口 C10-13,7.12,商,,,1070525,土地1建物1車位1,十三層,28,住宅大樓(11層含以上有電梯),住家用,鋼筋混凝土造,,113.79,1,2,1,有,無,7430000,67877,坡道平面,25.69,1450000,,RPPOMLPKMHGGFHH48CB
龜山區,房地(土地+建物)+車位,桃園市龜山區文化一路與樂善二路口 C10-14,7.12,商,,,1070601,土地1建物1車位1,十四層,28,住宅大樓(11層含以上有電梯),住家用,鋼筋混凝土造,,113.79,1,2,1,有,無,7500000,68672,坡道平面,25.69,1450000,,RPQOMLPKMHGGFHH58CB
龜山區,房地(土地+建物)+車位,桃園市龜山區文化一路與樂善二路口 C10-16,7.12,商,,,1090807,土地1建物1車位1,十六層,28,住宅大樓(11層含以上有電梯),住家用,鋼筋混凝土造,,113.79,1,2,1,有,無,7260000,65948,坡道平面,25.69,1450000,,RPROMLPKMHGGFHH68CB
龜山區,房地(土地+建物)+車位,桃園市龜山區文化一路與樂善二路口 C10-17,7.12,商,,,1070605,土地1建物1車位1,十七層,28,住宅大樓(11層含以上有電梯),住家用,鋼筋混凝土造,,113.79,1,2,1,有,無,7510000,68785,坡道平面,25.69,1450000,,RPSOMLPKMHGGFHH78CB
龜山區,房地(土地+建物)+車位,桃園市龜山區文化一路與樂善二路口 C10-05,7.12,商,,,1070605,土地1建物1車位1,五層,28,住宅大樓(11層含以上有電梯),住家用,鋼筋混凝土造,,113.79,1,2,1,有,無,7720000,69467,坡道平面,25.69,1600000,,RPTOMLPKMHGGFHH88CB
龜山區,房地(土地+建物)+車位,桃園市龜山區文化一路與樂善二路口 C10-18,7.12,商,,,1070528,土地1建物1車位1,十八層,28,住宅大樓(11層含以上有電梯),住家用,鋼筋混凝土造,,113.79,1,2,1,有,無,7700000,69240,坡道平面,25.69,1600000,,RPUOMLPKMHGGFHH98CB
龜山區,房地(土地+建物)+車位,桃園市龜山區文化一路與樂善二路口 C10-19,7.12,商,,,1070613,土地1建物1車位1,十九層,28,住宅大樓(11層含以上有電梯),住家用,鋼筋混凝土造,,113.79,1,2,1,有,無,7500000,66969,坡道平面,25.69,1600000,,RPVOMLPKMHGGFHH09CB
龜山區,房地(土地+建物)+車位,桃園市龜山區文化一路與樂善二路口 C10-22,7.12,商,,,1070620,土地1建物1車位1,二十二層,28,住宅大樓(11層含以上有電梯),住家用,鋼筋混凝土造,,113.79,1,2,1,有,無,7890000,71396,坡道平面,25.69,1600000,,RPWOMLPKMHGGFHH56CB
龜山區,房地(土地+建物)+車位,桃園市龜山區文化一路與樂善二路口 C10-23,7.12,商,,,1070709,土地1建物1車位1,二十三層,28,住宅大樓(11層含以上有電梯),住家用,鋼筋混凝土造,,113.79,1,2,1,有,無,7840000,70829,坡道平面,25.69,1600000,,RPXOMLPKMHGGFHH66CB
龜山區,房地(土地+建物)+車位,桃園市龜山區文化一路與樂善二路口 C10-25,7.12,商,,,1070626,土地1建物1車位1,二十五層,28,住宅大樓(11層含以上有電梯),住家用,鋼筋混凝土造,,113.79,1,2,1,有,無,7630000,68445,坡道平面,25.69,1600000,,RPOPMLPKMHGGFHH48CB
龜山區,房地(土地+建物)+車位,桃園市龜山區文化一路與樂善二路口 C10-26,7.12,商,,,1070628,土地1建物1車位1,二十六層,28,住宅大樓(11層含以上有電梯),住家用,鋼筋混凝土造,,113.79,1,2,1,有,無,7530000,67310,坡道平面,25.69,1600000,,RPPPMLPKMHGGFHH58CB
龜山區,房地(土地+建物)+車位,桃園市龜山區文化一路與樂善二路口 C10-27,7.12,商,,,1070625,土地1建物1車位1,二十七層,28,住宅大樓(11層含以上有電梯),住家用,鋼筋混凝土造,,113.79,1,2,1,有,無,7900000,71510,坡道平面,25.69,1600000,,RPQPMLPKMHGGFHH68CB
龜山區,房地(土地+建物)+車位,桃園市龜山區文化一路與樂善二路口 C10-21,7.12,商,,,1090729,土地1建物1車位1,二十一層,28,住宅大樓(11層含以上有電梯),住家用,鋼筋混凝土造,,113.79,1,2,1,有,無,7860000,69353,坡道平面,25.69,1750000,,RPRPMLPKMHGGFHH78CB
龜山區,房地(土地+建物)+車位,桃園市龜山區文化一路與樂善二路口 C10-04,7.12,商,,,1070613,土地1建物1車位1,四層,28,住宅大樓(11層含以上有電梯),住家用,鋼筋混凝土造,,112.34,1,2,1,有,無,7250000,66402,坡道平面,24.24,1400000,,RPSPMLPKMHGGFHH88CB
龜山區,房地(土地+建物)+車位,桃園市龜山區文化一路與樂善二路口 C10-15,7.12,商,,,1070605,土地1建物1車位1,十五層,28,住宅大樓(11層含以上有電梯),住家用,鋼筋混凝土造,,112.34,1,2,1,有,無,7580000,68445,坡道平面,24.24,1550000,,RPTPMLPKMHGGFHH98CB
龜山區,房地(土地+建物)+車位,桃園市龜山區文化一路與樂善二路口 C10-24,7.12,商,,,1070716,土地1建物1車位1,二十四層,28,住宅大樓(11層含以上有電梯),住家用,鋼筋混凝土造,,112.34,1,2,1,有,無,7850000,71510,坡道平面,24.24,1550000,,RPUPMLPKMHGGFHH09CB
龜山區,房地(土地+建物)+車位,桃園市龜山區文化一路與樂善二路口 C10-28,7.12,商,,,1070713,土地1建物1車位1,二十八層,28,住宅大樓(11層含以上有電梯),住家用,鋼筋混凝土造,,114.76,1,2,1,有,無,7480000,66742,坡道平面,26.66,1600000,,RPVPMLPKMHGGFHH56CB
龜山區,房地(土地+建物)+車位,桃園市龜山區文化一路與樂善二路口 C10-12,7.81,商,,,1070515,土地1建物1車位2,十二層,28,住宅大樓(11層含以上有電梯),住家用,鋼筋混凝土造,,139.48,1,2,1,有,無,9130000,65040,坡道平面,51.38,3400000,,RPOQMLPKMHGGFHH58CB
龜山區,房地(土地+建物)+車位,桃園市龜山區文化一路與樂善二路口 D1-03,8.84,商,,,1070515,土地1建物1車位1,三層,28,住宅大樓(11層含以上有電梯),住家用,鋼筋混凝土造,,136.18,2,2,2,有,無,9380000,71288,坡道平面,24.24,1400000,,RPQQMLPKMHGGFHH78CB
龜山區,房地(土地+建物)+車位,桃園市龜山區文化一路與樂善二路口 D1-05,8.84,商,,,1070522,土地1建物1車位1,五層,28,住宅大樓(11層含以上有電梯),住家用,鋼筋混凝土造,,137.63,2,2,2,有,無,9070000,68072,坡道平面,25.69,1450000,,RPRQMLPKMHGGFHH88CB
龜山區,房地(土地+建物)+車位,桃園市龜山區文化一路與樂善二路口 D1-07,8.84,商,,,1070531,土地1建物1車位1,七層,28,住宅大樓(11層含以上有電梯),住家用,鋼筋混凝土造,,137.63,2,2,2,有,無,9100000,68340,坡道平面,25.69,1450000,,RPSQMLPKMHGGFHH98CB
龜山區,房地(土地+建物)+車位,桃園市龜山區文化一路與樂善二路口 D1-10,8.84,商,,,1070514,土地1建物1車位1,十層,28,住宅大樓(11層含以上有電梯),住家用,鋼筋混凝土造,,137.63,2,2,2,有,無,9400000,71020,坡道平面,25.69,1450000,,RPTQMLPKMHGGFHH09CB
龜山區,房地(土地+建物)+車位,桃園市龜山區文化一路與樂善二路口 D1-12,8.84,商,,,1070522,土地1建物1車位1,十二層,28,住宅大樓(11層含以上有電梯),住家用,鋼筋混凝土造,,137.63,2,2,2,有,無,9280000,69948,坡道平面,25.69,1450000,,RPVQMLPKMHGGFHH66CB
龜山區,房地(土地+建物)+車位,桃園市龜山區文化一路與樂善二路口 C10-11,8.5,商,,,1070622,土地1建物1車位3,十一層,28,住宅大樓(11層含以上有電梯),住家用,鋼筋混凝土造,,163.72,1,2,1,有,無,10600000,66402,坡道平面,75.62,4750000,,RPXQMLPKMHGGFHH86CB
龜山區,房地(土地+建物)+車位,桃園市龜山區文化一路與樂善二路口 D1-28,8.84,商,,,1070515,土地1建物1車位1,二十八層,28,住宅大樓(11層含以上有電梯),住家用,鋼筋混凝土造,,137.63,2,2,2,有,無,9430000,71288,坡道平面,25.69,1450000,,RPORMLPKMHGGFHH68CB
龜山區,房地(土地+建物)+車位,桃園市龜山區文化一路與樂善二路口 D1-08,8.84,商,,,1070605,土地1建物1車位1,八層,28,住宅大樓(11層含以上有電梯),住家用,鋼筋混凝土造,,137.63,2,2,2,有,無,9350000,69234,坡道平面,25.69,1600000,,RPPRMLPKMHGGFHH78CB
龜山區,房地(土地+建物)+車位,桃園市龜山區文化一路與樂善二路口 D1-11,8.84,商,,,1070625,土地1建物1車位1,十一層,28,住宅大樓(11層含以上有電梯),住家用,鋼筋混凝土造,,137.63,2,2,2,有,無,9280000,68608,坡道平面,25.69,1600000,,RPQRMLPKMHGGFHH88CB
龜山區,房地(土地+建物)+車位,桃園市龜山區文化一路與樂善二路口 D1-15,8.84,商,,,1070713,土地1建物1車位1,十五層,28,住宅大樓(11層含以上有電梯),住家用,鋼筋混凝土造,,137.63,2,2,2,有,無,9500000,70574,坡道平面,25.69,1600000,,RPRRMLPKMHGGFHH98CB
龜山區,房地(土地+建物)+車位,桃園市龜山區文化一路與樂善二路口 D1-09,8.84,商,,,1070712,土地1建物1車位1,九層,28,住宅大樓(11層含以上有電梯),住家用,鋼筋混凝土造,,137.63,2,2,2,有,無,9450000,68787,坡道平面,25.69,1750000,,RPSRMLPKMHGGFHH09CB
龜山區,房地(土地+建物)+車位,桃園市龜山區文化一路與樂善二路口 D1-14,8.84,商,,,1071008,土地1建物1車位1,十四層,28,住宅大樓(11層含以上有電梯),住家用,鋼筋混凝土造,,137.63,2,2,2,有,無,9660000,70663,坡道平面,25.69,1750000,,RPTRMLPKMHGGFHH56CB
龜山區,房地(土地+建物)+車位,桃園市龜山區文化一路與樂善二路口 D1-04,8.84,商,,,1070510,土地1建物1車位1,四層,28,住宅大樓(11層含以上有電梯),住家用,鋼筋混凝土造,,137.63,2,2,2,有,無,9480000,68162,坡道平面,25.69,1850000,,RPVRMLPKMHGGFHH76CB
龜山區,房地(土地+建物)+車位,桃園市龜山區文化一路與華亞三路A2棟1樓,25.79,商,,,1081126,土地1建物1車位3,一層,24,店面(店鋪),商業用,鋼筋混凝土造,,327.9,0,0,1,有,無,32960000,118660,坡道平面,95.64,5400000,,RPWRMLPKMHGGFHH86CB
龜山區,房地(土地+建物)+車位,桃園市龜山區文化一路與樂善二路口 D1-06,8.84,商,,,1070717,土地1建物1車位1,六層,28,住宅大樓(11層含以上有電梯),住家用,鋼筋混凝土造,,137.63,2,2,2,有,無,9530000,68608,坡道平面,25.69,1850000,,RPXRMLPKMHGGFHH96CB
龜山區,房地(土地+建物)+車位,桃園市龜山區文化一路與華亞三路A3棟1樓,22.24,商,,,1081206,土地1建物1車位3,一層,24,店面(店鋪),商業用,鋼筋混凝土造,,293.85,0,0,1,有,無,27290000,110438,坡道平面,95.64,5400000,,RPOSMLPKMHGGFHH78CB
龜山區,房地(土地+建物)+車位,桃園市龜山區文化一路與華亞三路A4棟1樓,17.12,商,,,1081105,土地1建物1車位1,一層,24,店面(店鋪),商業用,鋼筋混凝土造,,192.86,0,0,1,有,無,21700000,123618,坡道平面,31.88,1800000,,RPPSMLPKMHGGFHH88CB
龜山區,房地(土地+建物)+車位,桃園市龜山區文化一路與樂善二路口 C7-26,9.74,商,,,1070918,土地1建物1車位1,二十六層,28,住宅大樓(11層含以上有電梯),住家用,鋼筋混凝土造,,149.87,3,2,2,有,無,10280000,71106,坡道平面,25.69,1450000,,RPQSMLPKMHGGFHH98CB
龜山區,房地(土地+建物)+車位,桃園市龜山區文化一路與樂善二路口 C7-22,10.43,商,,,1070807,土地1建物1車位2,二十二層,28,住宅大樓(11層含以上有電梯),住家用,鋼筋混凝土造,,175.56,3,2,2,有,無,12300000,69254,坡道平面,51.38,3700000,,RPRSMLPKMHGGFHH09CB
龜山區,房地(土地+建物)+車位,桃園市龜山區文化一路與樂善二路口 C8-21,7.12,商,,,1070813,土地1建物1車位1,二十一層,28,住宅大樓(11層含以上有電梯),住家用,鋼筋混凝土造,,113.84,1,2,1,有,無,8000000,70902,坡道平面,25.69,1750000,,RPSSMLPKMHGGFHH56CB
龜山區,房地(土地+建物)+車位,桃園市龜山區文化一路與樂善二路口 D1-17,8.84,商,,,1071119,土地1建物1車位1,十七層,28,住宅大樓(11層含以上有電梯),住家用,鋼筋混凝土造,,137.63,2,2,2,有,無,9850000,71467,坡道平面,25.69,1850000,,RPTSMLPKMHGGFHH66CB
龜山區,房地(土地+建物)+車位,桃園市龜山區文化一路與樂善二路口 D1-20,8.84,商,,,1080419,土地1建物1車位1,二十層,28,住宅大樓(11層含以上有電梯),住家用,鋼筋混凝土造,,137.63,2,2,2,有,無,9870000,71646,坡道平面,25.69,1850000,,RPUSMLPKMHGGFHH76CB
龜山區,房地(土地+建物)+車位,桃園市龜山區文化一路與樂善二路口 D1-21,8.84,商,,,1071022,土地1建物1車位1,二十一層,28,住宅大樓(11層含以上有電梯),住家用,鋼筋混凝土造,,137.63,2,2,2,有,無,9810000,71110,坡道平面,25.69,1850000,,RPVSMLPKMHGGFHH86CB
龜山區,房地(土地+建物)+車位,桃園市龜山區文化一路與樂善二路口 D1-22,8.84,商,,,1080424,土地1建物1車位1,二十二層,28,住宅大樓(11層含以上有電梯),住家用,鋼筋混凝土造,,137.63,2,2,2,有,無,9900000,71914,坡道平面,25.69,1850000,,RPXSMLPKMHGGFHH07CB
龜山區,房地(土地+建物)+車位,桃園市龜山區文化一路與樂善二路口 D1-23,8.84,商,,,1080416,土地1建物1車位1,二十三層,28,住宅大樓(11層含以上有電梯),住家用,鋼筋混凝土造,,137.63,2,2,2,有,無,9960000,72450,坡道平面,25.69,1850000,,RPOTMLPKMHGGFHH88CB
龜山區,房地(土地+建物)+車位,桃園市龜山區文化一路與樂善二路口 D1-24,8.84,商,,,1080521,土地1建物1車位1,二十四層,28,住宅大樓(11層含以上有電梯),住家用,鋼筋混凝土造,,137.63,2,2,2,有,無,10000000,72807,坡道平面,25.69,1850000,,RPPTMLPKMHGGFHH98CB
龜山區,房地(土地+建物)+車位,桃園市龜山區文化一路與樂善二路口 D1-26,8.84,商,,,1071023,土地1建物1車位1,二十六層,28,住宅大樓(11層含以上有電梯),住家用,鋼筋混凝土造,,137.63,2,2,2,有,無,9900000,71914,坡道平面,25.69,1850000,,RPQTMLPKMHGGFHH09CB
龜山區,房地(土地+建物)+車位,桃園市龜山區文化一路與樂善二路口 D1-27,8.84,商,,,1071008,土地1建物1車位1,二十七層,28,住宅大樓(11層含以上有電梯),住家用,鋼筋混凝土造,,137.63,2,2,2,有,無,9900000,71914,坡道平面,25.69,1850000,,RPRTMLPKMHGGFHH56CB
龜山區,房地(土地+建物)+車位,桃園市龜山區文化一路與樂善二路口 D1-19,8.84,商,,,1071009,土地1建物1車位1,十九層,28,住宅大樓(11層含以上有電梯),住家用,鋼筋混凝土造,,137.63,2,2,2,有,無,9980000,71735,坡道平面,25.69,1950000,,RPSTMLPKMHGGFHH66CB
龜山區,房地(土地+建物)+車位,桃園市龜山區文化一路與樂善二路口 D1-25,8.84,商,,,1080107,土地1建物1車位1,二十五層,28,住宅大樓(11層含以上有電梯),住家用,鋼筋混凝土造,,137.63,2,2,2,有,無,9960000,71556,坡道平面,25.69,1950000,,RPTTMLPKMHGGFHH76CB
龜山區,房地(土地+建物)+車位,桃園市龜山區文化一路與樂善二路口 D1-18,8.84,商,,,1070913,土地1建物1車位1,十八層,28,住宅大樓(11層含以上有電梯),住家用,鋼筋混凝土造,,136.18,2,2,2,有,無,9550000,71467,坡道平面,24.24,1550000,,RPUTMLPKMHGGFHH86CB
龜山區,房地(土地+建物)+車位,桃園市龜山區文化一路與樂善二路口 D1-13,8.84,商,,,1071002,土地1建物1車位1,十三層,28,住宅大樓(11層含以上有電梯),住家用,鋼筋混凝土造,,136.18,2,2,2,有,無,9680000,70395,坡道平面,24.24,1800000,,RPVTMLPKMHGGFHH96CB
龜山區,房地(土地+建物)+車位,桃園市龜山區文化一路與樂善二路口 D1-16,8.84,商,,,1071023,土地1建物1車位1,十六層,28,住宅大樓(11層含以上有電梯),住家用,鋼筋混凝土造,,136.18,2,2,2,有,無,9980000,73075,坡道平面,24.24,1800000,,RPWTMLPKMHGGFHH07CB
龜山區,房地(土地+建物)+車位,桃園市龜山區文化一路與樂善二路口 D2-03,7.46,商,,,1070829,土地1建物1車位1,三層,28,住宅大樓(11層含以上有電梯),住家用,鋼筋混凝土造,,118.25,2,2,1,有,無,7930000,70009,坡道平面,25.69,1450000,,RPXTMLPKMHGGFHH17CB
龜山區,房地(土地+建物)+車位,桃園市龜山區文化一路與樂善二路口 D2-05,7.46,商,,,1070514,土地1建物1車位1,五層,28,住宅大樓(11層含以上有電梯),住家用,鋼筋混凝土造,,118.25,2,2,1,有,無,7810000,68712,坡道平面,25.69,1450000,,RPPUMLPKMHGGFHH09CB
龜山區,房地(土地+建物)+車位,桃園市龜山區文化一路與樂善二路口 D2-06,7.46,商,,,1070613,土地1建物1車位1,六層,28,住宅大樓(11層含以上有電梯),住家用,鋼筋混凝土造,,118.25,2,2,1,有,無,7600000,66443,坡道平面,25.69,1450000,,RPQUMLPKMHGGFHH56CB
龜山區,房地(土地+建物)+車位,桃園市龜山區文化一路與樂善二路口 D2-12,7.46,商,,,1070515,土地1建物1車位1,十二層,28,住宅大樓(11層含以上有電梯),住家用,鋼筋混凝土造,,118.25,2,2,1,有,無,7880000,69468,坡道平面,25.69,1450000,,RPRUMLPKMHGGFHH66CB
龜山區,房地(土地+建物)+車位,桃園市龜山區文化一路與樂善二路口 D2-14,7.46,商,,,1070601,土地1建物1車位1,十四層,28,住宅大樓(11層含以上有電梯),住家用,鋼筋混凝土造,,118.25,2,2,1,有,無,7800000,68604,坡道平面,25.69,1450000,,RPSUMLPKMHGGFHH76CB
龜山區,房地(土地+建物)+車位,桃園市龜山區文化一路與樂善二路口 D2-07,7.46,商,,,1070613,土地1建物1車位1,七層,28,住宅大樓(11層含以上有電梯),住家用,鋼筋混凝土造,,118.25,2,2,1,有,無,8100000,70225,坡道平面,25.69,1600000,,RPTUMLPKMHGGFHH86CB
龜山區,房地(土地+建物)+車位,桃園市龜山區文化一路與樂善二路口 D2-08,7.46,商,,,1070515,土地1建物1車位1,八層,28,住宅大樓(11層含以上有電梯),住家用,鋼筋混凝土造,,118.25,2,2,1,有,無,8050000,69685,坡道平面,25.69,1600000,,RPUUMLPKMHGGFHH96CB
龜山區,房地(土地+建物)+車位,桃園市龜山區文化一路與樂善二路口 D2-09,7.46,商,,,1070525,土地1建物1車位1,九層,28,住宅大樓(11層含以上有電梯),住家用,鋼筋混凝土造,,118.25,2,2,1,有,無,8180000,71089,坡道平面,25.69,1600000,,RPVUMLPKMHGGFHH07CB
龜山區,房地(土地+建物)+車位,桃園市龜山區文化一路與樂善二路口 D2-10,7.46,商,,,1070517,土地1建物1車位1,十層,28,住宅大樓(11層含以上有電梯),住家用,鋼筋混凝土造,,118.25,2,2,1,有,無,8080000,70009,坡道平面,25.69,1600000,,RPWUMLPKMHGGFHH17CB
龜山區,房地(土地+建物)+車位,桃園市龜山區文化一路與樂善二路口 D2-13,7.46,商,,,1070517,土地1建物1車位1,十三層,28,住宅大樓(11層含以上有電梯),住家用,鋼筋混凝土造,,118.25,2,2,1,有,無,8300000,72385,坡道平面,25.69,1600000,,RPXUMLPKMHGGFHH27CB
龜山區,房地(土地+建物)+車位,桃園市龜山區文化一路與樂善二路口 D2-17,7.46,商,,,1070703,土地1建物1車位1,十七層,28,住宅大樓(11層含以上有電梯),住家用,鋼筋混凝土造,,118.25,2,2,1,有,無,7950000,68604,坡道平面,25.69,1600000,,RPOVMLPKMHGGFHH09CB
龜山區,房地(土地+建物)+車位,桃園市龜山區文化一路與樂善二路口 D2-18,7.46,商,,,1070620,土地1建物1車位1,十八層,28,住宅大樓(11層含以上有電梯),住家用,鋼筋混凝土造,,118.25,2,2,1,有,無,8060000,69793,坡道平面,25.69,1600000,,RPPVMLPKMHGGFHH56CB
龜山區,房地(土地+建物)+車位,桃園市龜山區文化一路與樂善二路口 D2-19,7.46,商,,,1070703,土地1建物1車位1,十九層,28,住宅大樓(11層含以上有電梯),住家用,鋼筋混凝土造,,118.25,2,2,1,有,無,8050000,69685,坡道平面,25.69,1600000,,RPQVMLPKMHGGFHH66CB
龜山區,房地(土地+建物)+車位,桃園市龜山區文化一路與樂善二路口 D2-20,7.46,商,,,1070702,土地1建物1車位1,二十層,28,住宅大樓(11層含以上有電梯),住家用,鋼筋混凝土造,,118.25,2,2,1,有,無,8260000,71953,坡道平面,25.69,1600000,,RPRVMLPKMHGGFHH76CB
龜山區,房地(土地+建物)+車位,桃園市龜山區文化一路與樂善二路口 D2-21,7.46,商,,,1070723,土地1建物1車位1,二十一層,28,住宅大樓(11層含以上有電梯),住家用,鋼筋混凝土造,,118.25,2,2,1,有,無,8150000,70765,坡道平面,25.69,1600000,,RPSVMLPKMHGGFHH86CB
龜山區,房地(土地+建物)+車位,桃園市龜山區文化一路與樂善二路口 D2-25,7.46,商,,,1070718,土地1建物1車位1,二十五層,28,住宅大樓(11層含以上有電梯),住家用,鋼筋混凝土造,,118.25,2,2,1,有,無,8200000,71305,坡道平面,25.69,1600000,,RPTVMLPKMHGGFHH96CB
龜山區,房地(土地+建物)+車位,桃園市龜山區文化一路與樂善二路口 D2-24,7.46,商,,,1071221,土地1建物1車位1,二十四層,28,住宅大樓(11層含以上有電梯),住家用,鋼筋混凝土造,,118.25,2,2,1,有,無,8160000,69252,坡道平面,25.69,1750000,,RPUVMLPKMHGGFHH07CB
龜山區,房地(土地+建物)+車位,桃園市龜山區文化一路與樂善二路口 D2-04,7.46,商,,,1070510,土地1建物1車位1,四層,28,住宅大樓(11層含以上有電梯),住家用,鋼筋混凝土造,,118.25,2,2,1,有,無,8160000,68172,坡道平面,25.69,1850000,,RPVVMLPKMHGGFHH17CB
龜山區,房地(土地+建物)+車位,桃園市龜山區文化一路與樂善二路口 D2-26,7.46,商,,,1070713,土地1建物1車位1,二十六層,28,住宅大樓(11層含以上有電梯),住家用,鋼筋混凝土造,,118.25,2,2,1,有,無,8260000,69252,坡道平面,25.69,1850000,,RPWVMLPKMHGGFHH27CB
龜山區,房地(土地+建物)+車位,桃園市龜山區文化一路與樂善二路口 D2-27,7.46,商,,,1070829,土地1建物1車位1,二十七層,28,住宅大樓(11層含以上有電梯),住家用,鋼筋混凝土造,,118.25,2,2,1,有,無,8260000,69252,坡道平面,25.69,1850000,,RPOWMLPKMHGGFHH56CB
龜山區,房地(土地+建物)+車位,桃園市龜山區文化一路與樂善二路口 D2-11,7.46,商,,,1070528,土地1建物1車位1,十一層,28,住宅大樓(11層含以上有電梯),住家用,鋼筋混凝土造,,116.8,2,2,1,有,無,7880000,70009,坡道平面,24.24,1400000,,RPPWMLPKMHGGFHH66CB
龜山區,房地(土地+建物)+車位,桃園市龜山區文化一路與樂善二路口 D2-15,7.46,商,,,1070528,土地1建物1車位1,十五層,28,住宅大樓(11層含以上有電梯),住家用,鋼筋混凝土造,,116.8,2,2,1,有,無,7930000,70549,坡道平面,24.24,1400000,,RPQWMLPKMHGGFHH76CB
龜山區,房地(土地+建物)+車位,桃園市龜山區文化一路與樂善二路口 D2-23,7.46,商,,,1070620,土地1建物1車位1,二十三層,28,住宅大樓(11層含以上有電梯),住家用,鋼筋混凝土造,,116.8,2,2,1,有,無,8100000,70765,坡道平面,24.24,1550000,,RPRWMLPKMHGGFHH86CB
龜山區,房地(土地+建物)+車位,桃園市龜山區文化一路與樂善二路口 D2-22,7.46,商,,,1070710,土地1建物1車位1,二十二層,28,住宅大樓(11層含以上有電梯),住家用,鋼筋混凝土造,,116.8,2,2,1,有,無,8280000,71089,坡道平面,24.24,1700000,,RPSWMLPKMHGGFHH96CB
龜山區,房地(土地+建物)+車位,桃園市龜山區文化一路與樂善二路口 D2-16,7.46,商,,,1070614,土地1建物1車位1,十六層,28,住宅大樓(11層含以上有電梯),住家用,鋼筋混凝土造,,119.22,2,2,1,有,無,7950000,68604,坡道平面,26.66,1600000,,RPTWMLPKMHGGFHH07CB
龜山區,房地(土地+建物)+車位,桃園市龜山區文化一路與樂善二路口 D2-28,8.15,商,,,1070710,土地1建物1車位2,二十八層,28,住宅大樓(11層含以上有電梯),住家用,鋼筋混凝土造,,143.94,2,2,1,有,無,9990000,67956,坡道平面,51.38,3700000,,RPUWMLPKMHGGFHH17CB
龜山區,房地(土地+建物)+車位,桃園市龜山區文化一路與樂善二路口 D3-03,7.12,商,,,1070515,土地1建物1車位1,三層,28,住宅大樓(11層含以上有電梯),住家用,鋼筋混凝土造,,114.12,2,2,1,有,無,7510000,68529,坡道平面,25.69,1450000,,RPVWMLPKMHGGFHH27CB
龜山區,房地(土地+建物)+車位,桃園市龜山區文化一路與樂善二路口 D3-06,7.12,商,,,1070629,土地1建物1車位1,六層,28,住宅大樓(11層含以上有電梯),住家用,鋼筋混凝土造,,114.12,2,2,1,有,無,7550000,67285,坡道平面,25.69,1600000,,RPWWMLPKMHGGFHH37CB
龜山區,房地(土地+建物)+車位,桃園市龜山區文化一路與樂善二路口 D3-04,7.12,商,,,1080423,土地1建物1車位1,四層,28,住宅大樓(11層含以上有電梯),住家用,鋼筋混凝土造,,114.12,2,2,1,有,無,7900000,69547,坡道平面,25.69,1750000,,RPXWMLPKMHGGFHH47CB
龜山區,房地(土地+建物)+車位,桃園市龜山區文化一路與樂善二路口 D3-15,7.12,商,,,1071017,土地1建物1車位1,十五層,28,住宅大樓(11層含以上有電梯),住家用,鋼筋混凝土造,,114.12,2,2,1,有,無,8000000,70677,坡道平面,25.69,1750000,,RPONNLPKMHGGFHH38CB
龜山區,房地(土地+建物)+車位,桃園市龜山區文化一路與樂善二路口 D3-20,7.12,商,,,1071102,土地1建物1車位1,二十層,28,住宅大樓(11層含以上有電梯),住家用,鋼筋混凝土造,,114.12,2,2,1,有,無,7850000,68981,坡道平面,25.69,1750000,,RPPNNLPKMHGGFHH48CB
龜山區,房地(土地+建物)+車位,桃園市龜山區文化一路與樂善二路口 D3-22,7.12,商,,,1070807,土地1建物1車位1,二十二層,28,住宅大樓(11層含以上有電梯),住家用,鋼筋混凝土造,,114.12,2,2,1,有,無,7940000,69999,坡道平面,25.69,1750000,,RPSNNLPKMHGGFHH78CB
龜山區,房地(土地+建物)+車位,桃園市龜山區文化一路與樂善二路口 D3-07,7.12,商,,,1071113,土地1建物1車位1,七層,28,住宅大樓(11層含以上有電梯),住家用,鋼筋混凝土造,,114.12,2,2,1,有,無,8400000,74070,坡道平面,25.69,1850000,,RPTNNLPKMHGGFHH88CB
龜山區,房地(土地+建物)+車位,桃園市龜山區文化一路與樂善二路口 D3-08,7.12,商,,,1070626,土地1建物1車位1,八層,28,住宅大樓(11層含以上有電梯),住家用,鋼筋混凝土造,,114.12,2,2,1,有,無,7750000,66719,坡道平面,25.69,1850000,,RPUNNLPKMHGGFHH98CB
龜山區,房地(土地+建物)+車位,桃園市龜山區文化一路與樂善二路口 D3-10,7.12,商,,,1080307,土地1建物1車位1,十層,28,住宅大樓(11層含以上有電梯),住家用,鋼筋混凝土造,,114.12,2,2,1,有,無,8000000,69547,坡道平面,25.69,1850000,,RPVNNLPKMHGGFHH09CB
龜山區,房地(土地+建物)+車位,桃園市龜山區文化一路與樂善二路口 D3-16,7.12,商,,,1071207,土地1建物1車位1,十六層,28,住宅大樓(11層含以上有電梯),住家用,鋼筋混凝土造,,114.12,2,2,1,有,無,7900000,68416,坡道平面,25.69,1850000,,RPWNNLPKMHGGFHH56CB
龜山區,房地(土地+建物)+車位,桃園市龜山區文化一路與樂善二路口 D3-19,7.12,商,,,1071211,土地1建物1車位1,十九層,28,住宅大樓(11層含以上有電梯),住家用,鋼筋混凝土造,,114.12,2,2,1,有,無,8000000,69547,坡道平面,25.69,1850000,,RPXNNLPKMHGGFHH66CB
龜山區,房地(土地+建物)+車位,桃園市龜山區文化一路與樂善二路口 D3-26,7.12,商,,,1070814,土地1建物1車位1,二十六層,28,住宅大樓(11層含以上有電梯),住家用,鋼筋混凝土造,,114.12,2,2,1,有,無,8000000,69547,坡道平面,25.69,1850000,,RPOONLPKMHGGFHH48CB
龜山區,房地(土地+建物)+車位,桃園市龜山區文化一路與樂善二路口 D3-09,7.12,商,,,1080108,土地1建物1車位1,九層,28,住宅大樓(11層含以上有電梯),住家用,鋼筋混凝土造,,114.12,2,2,1,有,無,8300000,71808,坡道平面,25.69,1950000,,RPPONLPKMHGGFHH58CB
龜山區,房地(土地+建物)+車位,桃園市龜山區文化一路與樂善二路口 D3-13,7.12,商,,,1080222,土地1建物1車位1,十三層,28,住宅大樓(11層含以上有電梯),住家用,鋼筋混凝土造,,114.12,2,2,1,有,無,8100000,69547,坡道平面,25.69,1950000,,RPQONLPKMHGGFHH68CB
龜山區,房地(土地+建物)+車位,桃園市龜山區文化一路與樂善二路口 D3-14,7.12,商,,,1071114,土地1建物1車位1,十四層,28,住宅大樓(11層含以上有電梯),住家用,鋼筋混凝土造,,114.12,2,2,1,有,無,8160000,70225,坡道平面,25.69,1950000,,RPRONLPKMHGGFHH78CB
龜山區,房地(土地+建物)+車位,桃園市龜山區文化一路與樂善二路口 D3-21,7.12,商,,,1080529,土地1建物1車位1,二十一層,28,住宅大樓(11層含以上有電梯),住家用,鋼筋混凝土造,,114.12,2,2,1,有,無,8300000,71808,坡道平面,25.69,1950000,,RPSONLPKMHGGFHH88CB
龜山區,房地(土地+建物)+車位,桃園市龜山區文化一路與樂善二路口 D3-28,7.12,商,,,1080617,土地1建物1車位1,二十八層,28,住宅大樓(11層含以上有電梯),住家用,鋼筋混凝土造,,114.12,2,2,1,有,無,8600000,75201,坡道平面,25.69,1950000,,RPTONLPKMHGGFHH98CB
龜山區,房地(土地+建物)+車位,桃園市龜山區文化一路與樂善二路口 D3-25,7.12,商,,,1071002,土地1建物1車位1,二十五層,28,住宅大樓(11層含以上有電梯),住家用,鋼筋混凝土造,,115.09,2,2,1,有,無,8000000,70677,坡道平面,26.66,1750000,,RPUONLPKMHGGFHH09CB
龜山區,房地(土地+建物)+車位,桃園市龜山區文化一路與樂善二路口 D3-05,7.12,商,,,1070928,土地1建物1車位1,五層,28,住宅大樓(11層含以上有電梯),住家用,鋼筋混凝土造,,112.67,2,2,1,有,無,7680000,71017,坡道平面,24.24,1400000,,RPVONLPKMHGGFHH56CB
龜山區,房地(土地+建物)+車位,桃園市龜山區文化一路與樂善二路口 D3-11,7.12,商,,,1080423,土地1建物1車位1,十一層,28,住宅大樓(11層含以上有電梯),住家用,鋼筋混凝土造,,112.67,2,2,1,有,無,8050000,70677,坡道平面,24.24,1800000,,RPWONLPKMHGGFHH66CB
龜山區,房地(土地+建物)+車位,桃園市龜山區文化一路與樂善二路口 D3-12,7.12,商,,,1071218,土地1建物1車位1,十二層,28,住宅大樓(11層含以上有電梯),住家用,鋼筋混凝土造,,112.67,2,2,1,有,無,7850000,68416,坡道平面,24.24,1800000,,RPXONLPKMHGGFHH76CB
龜山區,房地(土地+建物)+車位,桃園市龜山區文化一路與樂善二路口 D3-17,7.12,商,,,1080418,土地1建物1車位1,十七層,28,住宅大樓(11層含以上有電梯),住家用,鋼筋混凝土造,,112.67,2,2,1,有,無,8050000,70677,坡道平面,24.24,1800000,,RPOPNLPKMHGGFHH58CB
龜山區,房地(土地+建物)+車位,桃園市龜山區文化一路與樂善二路口 D3-18,7.12,商,,,1070814,土地1建物1車位1,十八層,28,住宅大樓(11層含以上有電梯),住家用,鋼筋混凝土造,,112.67,2,2,1,有,無,8000000,70112,坡道平面,24.24,1800000,,RPPPNLPKMHGGFHH68CB
龜山區,房地(土地+建物)+車位,桃園市龜山區文化一路與樂善二路口 D3-24,7.12,商,,,1080110,土地1建物1車位1,二十四層,28,住宅大樓(11層含以上有電梯),住家用,鋼筋混凝土造,,112.67,2,2,1,有,無,7900000,68981,坡道平面,24.24,1800000,,RPQPNLPKMHGGFHH78CB
龜山區,房地(土地+建物)+車位,桃園市龜山區文化一路與樂善二路口 D3-27,7.12,商,,,1080527,土地1建物1車位1,二十七層,28,住宅大樓(11層含以上有電梯),住家用,鋼筋混凝土造,,112.67,2,2,1,有,無,8250000,72939,坡道平面,24.24,1800000,,RPRPNLPKMHGGFHH88CB
龜山區,房地(土地+建物)+車位,桃園市龜山區文化一路與樂善二路口 D3-23,7.12,商,,,1071017,土地1建物1車位1,二十三層,28,住宅大樓(11層含以上有電梯),住家用,鋼筋混凝土造,,112.67,2,2,1,有,無,8250000,71808,坡道平面,24.24,1900000,,RPSPNLPKMHGGFHH98CB
龜山區,房地(土地+建物)+車位,桃園市龜山區文化一路與樂善二路口 D5-03,7.12,商,,,1070515,土地1建物1車位1,三層,28,住宅大樓(11層含以上有電梯),住家用,鋼筋混凝土造,,113.79,2,2,1,有,無,7440000,67991,坡道平面,25.69,1450000,,RPTPNLPKMHGGFHH09CB
龜山區,房地(土地+建物),桃園市龜山區文化一路與樂善二路口 D5-16,6.43,商,,,1070731,土地1建物1車位0,十六層,28,住宅大樓(11層含以上有電梯),住家用,鋼筋混凝土造,,88.1,2,2,1,有,無,6350000,72077,,0.0,0,,RPUPNLPKMHGGFHH56CB
龜山區,房地(土地+建物),桃園市龜山區文化一路與樂善二路口 D5-17,6.43,商,,,1070731,土地1建物1車位0,十七層,28,住宅大樓(11層含以上有電梯),住家用,鋼筋混凝土造,,88.1,2,2,1,有,無,6350000,72077,,0.0,0,,RPVPNLPKMHGGFHH66CB
龜山區,房地(土地+建物),桃園市龜山區文化一路與樂善二路口 D5-23,6.43,商,,,1071025,土地1建物1車位0,二十三層,28,住宅大樓(11層含以上有電梯),住家用,鋼筋混凝土造,,88.1,2,2,1,有,無,6630000,75255,,0.0,0,,RPWPNLPKMHGGFHH76CB
龜山區,房地(土地+建物)+車位,桃園市龜山區文化一路與樂善二路口 D5-07,7.12,商,,,1071204,土地1建物1車位1,七層,28,住宅大樓(11層含以上有電梯),住家用,鋼筋混凝土造,,113.79,2,2,1,有,無,7010000,65267,坡道平面,25.69,1260000,親友、員工或其他特殊關係間之交易。；,RPXPNLPKMHGGFHH86CB
龜山區,房地(土地+建物)+車位,桃園市龜山區文化一路與樂善二路口 D5-05,7.12,商,,,1070723,土地1建物1車位1,五層,28,住宅大樓(11層含以上有電梯),住家用,鋼筋混凝土造,,113.79,2,2,1,有,無,7500000,66969,坡道平面,25.69,1600000,,RPOQNLPKMHGGFHH68CB
龜山區,房地(土地+建物)+車位,桃園市龜山區文化一路與樂善二路口 D5-06,7.12,商,,,1070719,土地1建物1車位1,六層,28,住宅大樓(11層含以上有電梯),住家用,鋼筋混凝土造,,113.79,2,2,1,有,無,7600000,68104,坡道平面,25.69,1600000,,RPPQNLPKMHGGFHH78CB
龜山區,房地(土地+建物)+車位,桃園市龜山區文化一路與樂善二路口 D5-12,7.12,商,,,1070612,土地1建物1車位1,十二層,28,住宅大樓(11層含以上有電梯),住家用,鋼筋混凝土造,,113.79,2,2,1,有,無,7500000,66969,坡道平面,25.69,1600000,,RPQQNLPKMHGGFHH88CB
龜山區,房地(土地+建物)+車位,桃園市龜山區文化一路與樂善二路口 D5-08,7.12,商,,,1071003,土地1建物1車位1,八層,28,住宅大樓(11層含以上有電梯),住家用,鋼筋混凝土造,,113.79,2,2,1,有,無,7880000,69580,坡道平面,25.69,1750000,,RPRQNLPKMHGGFHH98CB
龜山區,房地(土地+建物)+車位,桃園市龜山區文化一路與樂善二路口 D5-09,7.12,商,,,1070927,土地1建物1車位1,九層,28,住宅大樓(11層含以上有電梯),住家用,鋼筋混凝土造,,113.79,2,2,1,有,無,7950000,70375,坡道平面,25.69,1750000,,RPSQNLPKMHGGFHH09CB
龜山區,房地(土地+建物)+車位,桃園市龜山區文化一路與樂善二路口 D5-10,7.12,商,,,1080423,土地1建物1車位1,十層,28,住宅大樓(11層含以上有電梯),住家用,鋼筋混凝土造,,113.79,2,2,1,有,無,8000000,69807,坡道平面,25.69,1850000,,RPTQNLPKMHGGFHH56CB
龜山區,房地(土地+建物)+車位,桃園市龜山區文化一路與樂善二路口 D5-11,7.12,商,,,1080418,土地1建物1車位1,十一層,28,住宅大樓(11層含以上有電梯),住家用,鋼筋混凝土造,,113.79,2,2,1,有,無,8080000,70715,坡道平面,25.69,1850000,,RPUQNLPKMHGGFHH66CB
龜山區,房地(土地+建物)+車位,桃園市龜山區文化一路與樂善二路口 D5-15,7.12,商,,,1080625,土地1建物1車位1,十五層,28,住宅大樓(11層含以上有電梯),住家用,鋼筋混凝土造,,113.79,2,2,1,有,無,8300000,73212,坡道平面,25.69,1850000,,RPVQNLPKMHGGFHH76CB
龜山區,房地(土地+建物)+車位,桃園市龜山區文化一路與樂善二路口 D5-20,7.12,商,,,1071112,土地1建物1車位1,二十層,28,住宅大樓(11層含以上有電梯),住家用,鋼筋混凝土造,,113.79,2,2,1,有,無,7980000,69580,坡道平面,25.69,1850000,,RPWQNLPKMHGGFHH86CB
龜山區,房地(土地+建物)+車位,桃園市龜山區文化一路與樂善二路口 D5-21,7.12,商,,,1071204,土地1建物1車位1,二十一層,28,住宅大樓(11層含以上有電梯),住家用,鋼筋混凝土造,,113.79,2,2,1,有,無,8250000,72645,坡道平面,25.69,1850000,,RPORNLPKMHGGFHH78CB
龜山區,房地(土地+建物)+車位,桃園市龜山區文化一路與樂善二路口 D5-25,7.12,商,,,1081225,土地1建物1車位1,二十五層,28,住宅大樓(11層含以上有電梯),住家用,鋼筋混凝土造,,113.79,2,2,1,有,無,7950000,69240,坡道平面,25.69,1850000,,RPPRNLPKMHGGFHH88CB
龜山區,房地(土地+建物)+車位,桃園市龜山區文化一路與樂善二路口 D5-27,7.12,商,,,1080507,土地1建物1車位1,二十七層,28,住宅大樓(11層含以上有電梯),住家用,鋼筋混凝土造,,113.79,2,2,1,有,無,8070000,70602,坡道平面,25.69,1850000,,RPQRNLPKMHGGFHH98CB
龜山區,房地(土地+建物)+車位,桃園市龜山區文化一路與樂善二路口 D5-04,7.12,商,,,1080222,土地1建物1車位1,四層,28,住宅大樓(11層含以上有電梯),住家用,鋼筋混凝土造,,113.79,2,2,1,有,無,8080000,69580,坡道平面,25.69,1950000,,RPRRNLPKMHGGFHH09CB
龜山區,房地(土地+建物)+車位,桃園市龜山區文化一路與樂善二路口 D5-13,7.12,商,,,1080611,土地1建物1車位1,十三層,28,住宅大樓(11層含以上有電梯),住家用,鋼筋混凝土造,,113.79,2,2,1,有,無,8250000,71510,坡道平面,25.69,1950000,,RPSRNLPKMHGGFHH56CB
龜山區,房地(土地+建物)+車位,桃園市龜山區文化一路與樂善二路口 D5-14,7.12,商,,,1071114,土地1建物1車位1,十四層,28,住宅大樓(11層含以上有電梯),住家用,鋼筋混凝土造,,113.79,2,2,1,有,無,8120000,70034,坡道平面,25.69,1950000,,RPTRNLPKMHGGFHH66CB
龜山區,房地(土地+建物)+車位,桃園市龜山區文化一路與樂善二路口 D5-19,7.12,商,,,1080618,土地1建物1車位1,十九層,28,住宅大樓(11層含以上有電梯),住家用,鋼筋混凝土造,,113.79,2,2,1,有,無,8350000,72645,坡道平面,25.69,1950000,,RPURNLPKMHGGFHH76CB
龜山區,房地(土地+建物)+車位,桃園市龜山區文化一路與樂善二路口 D5-28,7.12,商,,,1080708,土地1建物1車位1,二十八層,28,住宅大樓(11層含以上有電梯),住家用,鋼筋混凝土造,,113.79,2,2,1,有,無,8500000,74347,坡道平面,25.69,1950000,,RPVRNLPKMHGGFHH86CB
龜山區,房地(土地+建物)+車位,桃園市龜山區文化一路與樂善二路口 D5-18,7.81,商,,,1070710,土地1建物1車位2,十八層,28,住宅大樓(11層含以上有電梯),住家用,鋼筋混凝土造,,139.48,2,2,1,有,無,9080000,66742,坡道平面,51.38,3200000,,RPWRNLPKMHGGFHH96CB
龜山區,房地(土地+建物)+車位,桃園市龜山區文化一路與樂善二路口 D5-24,7.12,商,,,1080611,土地1建物1車位1,二十四層,28,住宅大樓(11層含以上有電梯),住家用,鋼筋混凝土造,,112.34,2,2,1,有,無,8460000,75596,坡道平面,24.24,1800000,,RPXRNLPKMHGGFHH07CB
龜山區,房地(土地+建物)+車位,桃園市龜山區文化一路與樂善二路口 D5-26,7.12,商,,,1071017,土地1建物1車位1,二十六層,28,住宅大樓(11層含以上有電梯),住家用,鋼筋混凝土造,,112.34,2,2,1,有,無,7890000,69126,坡道平面,24.24,1800000,,RPOSNLPKMHGGFHH88CB
龜山區,房地(土地+建物)+車位,桃園市龜山區文化一路與樂善二路口 D5-22,7.12,商,,,1080531,土地1建物1車位1,二十二層,28,住宅大樓(11層含以上有電梯),住家用,鋼筋混凝土造,,112.34,2,2,1,有,無,8300000,72645,坡道平面,24.24,1900000,,RPPSNLPKMHGGFHH98CB
龜山區,房地(土地+建物)+車位,桃園市龜山區文化一路與樂善二路口 D6-03,7.6,商,,,1070912,土地1建物1車位1,三層,28,住宅大樓(11層含以上有電梯),住家用,鋼筋混凝土造,,118.83,2,2,1,有,無,7780000,67449,坡道平面,24.24,1400000,,RPQSNLPKMHGGFHH09CB
龜山區,房地(土地+建物)+車位,桃園市龜山區文化一路與樂善二路口 D6-06,7.46,商,,,1070515,土地1建物1車位1,六層,28,住宅大樓(11層含以上有電梯),住家用,鋼筋混凝土造,,117.37,2,2,1,有,無,7920000,70010,坡道平面,24.24,1400000,,RPRSNLPKMHGGFHH56CB
龜山區,房地(土地+建物)+車位,桃園市龜山區文化一路與樂善二路口 D6-12,7.46,商,,,1070515,土地1建物1車位1,十二層,28,住宅大樓(11層含以上有電梯),住家用,鋼筋混凝土造,,117.37,2,2,1,有,無,8100000,71942,坡道平面,24.24,1400000,,RPTSNLPKMHGGFHH76CB
龜山區,房地(土地+建物)+車位,桃園市龜山區文化一路與樂善二路口 D6-14,7.46,商,,,1070515,土地1建物1車位1,十四層,28,住宅大樓(11層含以上有電梯),住家用,鋼筋混凝土造,,117.37,2,2,1,有,無,8290000,72372,坡道平面,24.24,1550000,,RPUSNLPKMHGGFHH86CB
龜山區,房地(土地+建物)+車位,桃園市龜山區文化一路與樂善二路口 D6-07,7.46,商,,,1070515,土地1建物1車位1,七層,28,住宅大樓(11層含以上有電梯),住家用,鋼筋混凝土造,,119.79,2,2,1,有,無,7880000,69043,坡道平面,26.66,1450000,,RPVSNLPKMHGGFHH96CB
龜山區,房地(土地+建物)+車位,桃園市龜山區文化一路與樂善二路口 D6-11,7.46,商,,,1070515,土地1建物1車位1,十一層,28,住宅大樓(11層含以上有電梯),住家用,鋼筋混凝土造,,118.82,2,2,1,有,無,8040000,70761,坡道平面,25.69,1450000,,RPWSNLPKMHGGFHH07CB
龜山區,房地(土地+建物)+車位,桃園市龜山區文化一路與樂善二路口 D6-15,7.46,商,,,1070515,土地1建物1車位1,十五層,28,住宅大樓(11層含以上有電梯),住家用,鋼筋混凝土造,,118.82,2,2,1,有,無,8220000,72694,坡道平面,25.69,1450000,,RPXSNLPKMHGGFHH17CB
龜山區,房地(土地+建物)+車位,桃園市龜山區文化一路與樂善二路口 D6-16,7.46,商,,,1070601,土地1建物1車位1,十六層,28,住宅大樓(11層含以上有電梯),住家用,鋼筋混凝土造,,118.82,2,2,1,有,無,7900000,69258,坡道平面,25.69,1450000,,RPOTNLPKMHGGFHH98CB
龜山區,房地(土地+建物)+車位,桃園市龜山區文化一路與樂善二路口 D6-17,7.46,商,,,1070515,土地1建物1車位1,十七層,28,住宅大樓(11層含以上有電梯),住家用,鋼筋混凝土造,,118.82,2,2,1,有,無,7920000,69473,坡道平面,25.69,1450000,,RPPTNLPKMHGGFHH09CB
龜山區,房地(土地+建物)+車位,桃園市龜山區文化一路與華亞三路A6棟4樓,8.86,商,,,1081115,土地1建物1車位1,四層,24,住宅大樓(11層含以上有電梯),住商用,鋼筋混凝土造,,120.07,0,0,1,有,無,6940000,59417,坡道平面,31.88,1700000,,RPQTNLPKMHGGFHH56CB
龜山區,房地(土地+建物)+車位,桃園市龜山區文化一路與樂善二路口 D6-28,7.46,商,,,1070515,土地1建物1車位1,二十七層,28,住宅大樓(11層含以上有電梯),住家用,鋼筋混凝土造,,118.82,2,2,1,有,無,8060000,70976,坡道平面,25.69,1450000,,RPRTNLPKMHGGFHH66CB
龜山區,房地(土地+建物)+車位,桃園市龜山區文化一路與樂善二路口 D6-05,7.46,商,,,1070515,土地1建物1車位1,五層,28,住宅大樓(11層含以上有電梯),住家用,鋼筋混凝土造,,118.82,2,2,1,有,無,7830000,66896,坡道平面,25.69,1600000,,RPSTNLPKMHGGFHH76CB
龜山區,房地(土地+建物)+車位,桃園市龜山區文化一路與華亞三路A6棟5樓,8.86,商,,,1090221,土地1建物1車位1,五層,24,住宅大樓(11層含以上有電梯),住商用,鋼筋混凝土造,,120.07,0,0,1,有,無,7240000,63953,坡道平面,31.88,1600000,,RPTTNLPKMHGGFHH86CB
龜山區,房地(土地+建物),桃園市龜山區文化一路與華亞三路A6棟6樓,8.26,商,,,1090510,土地1建物1車位0,六層,24,住宅大樓(11層含以上有電梯),住商用,鋼筋混凝土造,,88.19,0,0,1,有,無,5940000,67355,,0.0,0,,RPUTNLPKMHGGFHH96CB
龜山區,房地(土地+建物)+車位,桃園市龜山區文化一路與華亞三路A6棟7樓,8.86,商,,,1090611,土地1建物1車位1,七層,24,住宅大樓(11層含以上有電梯),住商用,鋼筋混凝土造,,120.07,0,0,1,有,無,7140000,62819,坡道平面,31.88,1600000,,RPVTNLPKMHGGFHH07CB
龜山區,房地(土地+建物)+車位,桃園市龜山區文化一路與華亞三路A6棟8樓,8.86,商,,,1090803,土地1建物1車位1,八層,24,住宅大樓(11層含以上有電梯),住商用,鋼筋混凝土造,,121.94,0,0,1,有,無,7340000,63386,坡道平面,33.75,1750000,,RPWTNLPKMHGGFHH17CB
龜山區,房地(土地+建物)+車位,桃園市龜山區文化一路與華亞三路A6棟9樓,8.65,商,,,1090725,土地1建物1車位1,九層,24,住宅大樓(11層含以上有電梯),住商用,鋼筋混凝土造,,118.4,0,0,1,有,無,7240000,63386,坡道平面,30.21,1650000,,RPXTNLPKMHGGFHH27CB
龜山區,房地(土地+建物)+車位,桃園市龜山區文化一路與華亞三路A6棟10樓,8.86,商,,,1090806,土地1建物1車位1,十層,24,住宅大樓(11層含以上有電梯),住商用,鋼筋混凝土造,,121.94,0,0,1,有,無,7290000,63386,坡道平面,33.75,1700000,,RPOUNLPKMHGGFHH09CB
龜山區,房地(土地+建物)+車位,桃園市龜山區文化一路與華亞三路A6棟11樓,8.86,商,,,1090625,土地1建物1車位1,十一層,24,住宅大樓(11層含以上有電梯),住商用,鋼筋混凝土造,,120.07,0,0,1,有,無,7300000,63499,坡道平面,31.88,1700000,,RPPUNLPKMHGGFHH56CB
龜山區,房地(土地+建物)+車位,桃園市龜山區文化一路與華亞三路A6棟12樓,12.32,商,,,1080907,土地1建物1車位1,十二層,24,住宅大樓(11層含以上有電梯),住家用,鋼筋混凝土造,,157.72,3,2,2,有,無,10680000,70963,坡道平面,31.88,1750000,,RPRUNLPKMHGGFHH76CB
龜山區,房地(土地+建物)+車位,桃園市龜山區文化一路與華亞三路A6棟13樓,12.32,商,,,1080831,土地1建物1車位1,十三層,24,住宅大樓(11層含以上有電梯),住家用,鋼筋混凝土造,,157.72,3,2,2,有,無,10770000,71678,坡道平面,31.88,1750000,,RPSUNLPKMHGGFHH86CB
龜山區,房地(土地+建物)+車位,桃園市龜山區文化一路與華亞三路A6棟14樓,12.32,商,,,1090716,土地1建物1車位1,十四層,24,住宅大樓(11層含以上有電梯),住家用,鋼筋混凝土造,,157.72,3,2,2,有,無,10650000,71122,坡道平面,31.88,1700000,,RPTUNLPKMHGGFHH96CB
龜山區,房地(土地+建物)+車位,桃園市龜山區文化一路與華亞三路A6棟16樓,12.32,商,,,1090227,土地1建物1車位1,十六層,24,住宅大樓(11層含以上有電梯),住家用,鋼筋混凝土造,,157.72,3,2,2,有,無,10930000,72552,坡道平面,31.88,1800000,,RPUUNLPKMHGGFHH07CB
龜山區,房地(土地+建物)+車位,桃園市龜山區文化一路與華亞三路A6棟17樓,12.32,商,,,1090228,土地1建物1車位1,十七層,24,住宅大樓(11層含以上有電梯),住家用,鋼筋混凝土造,,159.59,3,2,2,有,無,10500000,70725,坡道平面,33.75,1600000,,RPVUNLPKMHGGFHH17CB
龜山區,房地(土地+建物)+車位,桃園市龜山區文化一路與樂善二路口 D6-09,7.46,商,,,1070515,土地1建物1車位1,九層,28,住宅大樓(11層含以上有電梯),住家用,鋼筋混凝土造,,118.82,2,2,1,有,無,8190000,70761,坡道平面,25.69,1600000,,RPOOMLQKMHGGFHH48CB
龜山區,房地(土地+建物)+車位,桃園市龜山區文化一路與樂善二路口 D6-10,7.46,商,,,1070621,土地1建物1車位1,十層,28,住宅大樓(11層含以上有電梯),住家用,鋼筋混凝土造,,118.82,2,2,1,有,無,7810000,66681,坡道平面,25.69,1600000,,RPPOMLQKMHGGFHH58CB
龜山區,房地(土地+建物)+車位,桃園市龜山區文化一路與樂善二路口 D6-19,7.46,商,,,1070613,土地1建物1車位1,十九層,28,住宅大樓(11層含以上有電梯),住家用,鋼筋混凝土造,,118.82,2,2,1,有,無,8000000,68721,坡道平面,25.69,1600000,,RPROMLQKMHGGFHH78CB
龜山區,房地(土地+建物)+車位,桃園市龜山區文化一路與樂善二路口 D6-20,7.46,商,,,1070620,土地1建物1車位1,二十層,28,住宅大樓(11層含以上有電梯),住家用,鋼筋混凝土造,,118.82,2,2,1,有,無,8070000,69473,坡道平面,25.69,1600000,,RPSOMLQKMHGGFHH88CB
龜山區,房地(土地+建物)+車位,桃園市龜山區文化一路與樂善二路口 D6-21,7.46,商,,,1070620,土地1建物1車位1,二十一層,28,住宅大樓(11層含以上有電梯),住家用,鋼筋混凝土造,,118.82,2,2,1,有,無,8100000,69795,坡道平面,25.69,1600000,,RPTOMLQKMHGGFHH98CB
龜山區,房地(土地+建物)+車位,桃園市龜山區文化一路與樂善二路口 D6-22,7.46,商,,,1070704,土地1建物1車位1,二十二層,28,住宅大樓(11層含以上有電梯),住家用,鋼筋混凝土造,,118.82,2,2,1,有,無,8100000,69795,坡道平面,25.69,1600000,,RPUOMLQKMHGGFHH09CB
龜山區,房地(土地+建物)+車位,桃園市龜山區文化一路與樂善二路口 D6-25,7.46,商,,,1070702,土地1建物1車位1,二十五層,28,住宅大樓(11層含以上有電梯),住家用,鋼筋混凝土造,,118.82,2,2,1,有,無,8300000,71942,坡道平面,25.69,1600000,,RPWOMLQKMHGGFHH66CB
龜山區,房地(土地+建物)+車位,桃園市龜山區文化一路與樂善二路口 D6-27,7.46,商,,,1070626,土地1建物1車位1,二十七層,28,住宅大樓(11層含以上有電梯),住家用,鋼筋混凝土造,,118.82,2,2,1,有,無,8200000,70869,坡道平面,25.69,1600000,,RPXOMLQKMHGGFHH76CB
龜山區,房地(土地+建物)+車位,桃園市龜山區文化一路與樂善二路口 D6-13,7.46,商,,,1070605,土地1建物1車位1,十三層,28,住宅大樓(11層含以上有電梯),住家用,鋼筋混凝土造,,118.82,2,2,1,有,無,8100000,68184,坡道平面,25.69,1750000,,RPOPMLQKMHGGFHH58CB
龜山區,房地(土地+建物)+車位,桃園市龜山區文化一路與樂善二路口 D6-18,7.46,商,,,1070928,土地1建物1車位1,十八層,28,住宅大樓(11層含以上有電梯),住家用,鋼筋混凝土造,,118.82,2,2,1,有,無,8300000,70332,坡道平面,25.69,1750000,,RPPPMLQKMHGGFHH68CB
龜山區,房地(土地+建物)+車位,桃園市龜山區文化一路與樂善二路口 D6-24,7.46,商,,,1070807,土地1建物1車位1,二十四層,28,住宅大樓(11層含以上有電梯),住家用,鋼筋混凝土造,,118.82,2,2,1,有,無,8480000,72265,坡道平面,25.69,1750000,,RPQPMLQKMHGGFHH78CB
龜山區,房地(土地+建物)+車位,桃園市龜山區文化一路與樂善二路口 D6-08,7.46,商,,,1070807,土地1建物1車位1,八層,28,住宅大樓(11層含以上有電梯),住家用,鋼筋混凝土造,,118.82,2,2,1,有,無,8330000,69580,坡道平面,25.69,1850000,,RPSPMLQKMHGGFHH98CB
龜山區,房地(土地+建物)+車位,桃園市龜山區文化一路與樂善二路口 D6-26,7.46,商,,,1070605,土地1建物1車位1,二十六層,28,住宅大樓(11層含以上有電梯),住家用,鋼筋混凝土造,,118.82,2,2,1,有,無,8250000,68721,坡道平面,25.69,1850000,,RPTPMLQKMHGGFHH09CB
龜山區,房地(土地+建物)+車位,桃園市龜山區文化一路與樂善二路口 D6-04,7.6,商,,,1091210,土地1建物1車位1,四層,28,住宅大樓(11層含以上有電梯),住家用,鋼筋混凝土造,,118.83,2,2,1,有,無,8500000,69775,坡道平面,24.24,1900000,,RPQQMLQKMHGGFHH88CB
龜山區,房地(土地+建物),桃園市龜山區文化一路與樂善二路口 D6-23,6.77,商,,,1070816,土地1建物1車位0,二十三層,28,住宅大樓(11層含以上有電梯),住家用,鋼筋混凝土造,,93.13,2,2,1,有,無,7100000,76238,,0.0,0,,RPSRMLQKMHGGFHH56CB
龜山區,房地(土地+建物)+車位,桃園市龜山區文化一路與樂善二路口 D7-03,9.05,商,,,1070515,土地1建物1車位1,三層,28,住宅大樓(11層含以上有電梯),住家用,鋼筋混凝土造,,139.98,3,2,2,有,無,9460000,70085,坡道平面,25.69,1450000,,RPURMLQKMHGGFHH76CB
龜山區,房地(土地+建物)+車位,桃園市龜山區文化一路與樂善二路口 D7-04,8.84,商,,,1070528,土地1建物1車位1,四層,28,住宅大樓(11層含以上有電梯),住家用,鋼筋混凝土造,,137.66,3,2,2,有,無,9250000,69662,坡道平面,25.69,1450000,,RPVRMLQKMHGGFHH86CB
龜山區,房地(土地+建物)+車位,桃園市龜山區文化一路與樂善二路口 D7-05,8.84,商,,,1070503,土地1建物1車位1,五層,28,住宅大樓(11層含以上有電梯),住家用,鋼筋混凝土造,,137.66,3,2,2,有,無,9100000,68322,坡道平面,25.69,1450000,,RPWRMLQKMHGGFHH96CB
龜山區,房地(土地+建物)+車位,桃園市龜山區文化一路與樂善二路口 D7-06,8.84,商,,,1070522,土地1建物1車位1,六層,28,住宅大樓(11層含以上有電梯),住家用,鋼筋混凝土造,,137.66,3,2,2,有,無,9400000,71001,坡道平面,25.69,1450000,,RPXRMLQKMHGGFHH07CB
龜山區,房地(土地+建物)+車位,桃園市龜山區文化一路與樂善二路口 D7-07,8.84,商,,,1070515,土地1建物1車位1,七層,28,住宅大樓(11層含以上有電梯),住家用,鋼筋混凝土造,,137.66,3,2,2,有,無,9230000,69483,坡道平面,25.69,1450000,,RPOSMLQKMHGGFHH88CB
龜山區,房地(土地+建物)+車位,桃園市龜山區文化一路與樂善二路口 D7-08,8.84,商,,,1070501,土地1建物1車位1,八層,28,住宅大樓(11層含以上有電梯),住家用,鋼筋混凝土造,,137.66,3,2,2,有,無,9260000,69751,坡道平面,25.69,1450000,,RPPSMLQKMHGGFHH98CB
龜山區,房地(土地+建物)+車位,桃園市龜山區文化一路與樂善二路口 D7-09,8.84,商,,,1070501,土地1建物1車位1,九層,28,住宅大樓(11層含以上有電梯),住家用,鋼筋混凝土造,,137.66,3,2,2,有,無,9300000,70108,坡道平面,25.69,1450000,,RPRSMLQKMHGGFHH56CB
龜山區,房地(土地+建物)+車位,桃園市龜山區文化一路與樂善二路口 D7-15,8.84,商,,,1070601,土地1建物1車位1,十五層,28,住宅大樓(11層含以上有電梯),住家用,鋼筋混凝土造,,137.66,3,2,2,有,無,9500000,71894,坡道平面,25.69,1450000,,RPSSMLQKMHGGFHH66CB
龜山區,房地(土地+建物)+車位,桃園市龜山區文化一路與樂善二路口 D7-16,8.84,商,,,1070605,土地1建物1車位1,十六層,28,住宅大樓(11層含以上有電梯),住家用,鋼筋混凝土造,,137.66,3,2,2,有,無,9500000,71894,坡道平面,25.69,1450000,,RPUSMLQKMHGGFHH86CB
龜山區,房地(土地+建物)+車位,桃園市龜山區文化一路與樂善二路口 D7-17,8.84,商,,,1070515,土地1建物1車位1,十七層,28,住宅大樓(11層含以上有電梯),住家用,鋼筋混凝土造,,137.66,3,2,2,有,無,9240000,69572,坡道平面,25.69,1450000,,RPWSMLQKMHGGFHH07CB
龜山區,房地(土地+建物)+車位,桃園市龜山區文化一路與樂善二路口 D7-19,8.84,商,,,1070528,土地1建物1車位1,十九層,28,住宅大樓(11層含以上有電梯),住家用,鋼筋混凝土造,,137.66,3,2,2,有,無,9240000,69572,坡道平面,25.69,1450000,,RPPTMLQKMHGGFHH09CB
龜山區,房地(土地+建物)+車位,桃園市龜山區文化一路與樂善二路口 D7-20,8.84,商,,,1070620,土地1建物1車位1,二十層,28,住宅大樓(11層含以上有電梯),住家用,鋼筋混凝土造,,137.66,3,2,2,有,無,9400000,71001,坡道平面,25.69,1450000,,RPSTMLQKMHGGFHH76CB
龜山區,房地(土地+建物)+車位,桃園市龜山區文化一路與樂善二路口 D7-28,8.84,商,,,1070515,土地1建物1車位1,二十八層,28,住宅大樓(11層含以上有電梯),住家用,鋼筋混凝土造,,137.66,3,2,2,有,無,9430000,71269,坡道平面,25.69,1450000,,RPTTMLQKMHGGFHH86CB
龜山區,房地(土地+建物)+車位,桃園市龜山區文化一路與樂善二路口 D7-13,8.84,商,,,1070522,土地1建物1車位1,十三層,28,住宅大樓(11層含以上有電梯),住家用,鋼筋混凝土造,,137.66,3,2,2,有,無,9440000,70019,坡道平面,25.69,1600000,,RPVTMLQKMHGGFHH07CB
龜山區,房地(土地+建物)+車位,桃園市龜山區文化一路與樂善二路口 D7-21,8.84,商,,,1070615,土地1建物1車位1,二十一層,28,住宅大樓(11層含以上有電梯),住家用,鋼筋混凝土造,,137.66,3,2,2,有,無,9500000,70555,坡道平面,25.69,1600000,,RPWTMLQKMHGGFHH17CB
龜山區,房地(土地+建物)+車位,桃園市龜山區文化一路與樂善二路口 D7-22,8.84,商,,,1070604,土地1建物1車位1,二十二層,28,住宅大樓(11層含以上有電梯),住家用,鋼筋混凝土造,,137.66,3,2,2,有,無,9550000,71001,坡道平面,25.69,1600000,,RPOUMLQKMHGGFHH09CB
龜山區,房地(土地+建物)+車位,桃園市龜山區文化一路與樂善二路口 D7-23,8.84,商,,,1070619,土地1建物1車位1,二十三層,28,住宅大樓(11層含以上有電梯),住家用,鋼筋混凝土造,,137.66,3,2,2,有,無,9600000,71448,坡道平面,25.69,1600000,,RPQUMLQKMHGGFHH66CB
龜山區,房地(土地+建物)+車位,桃園市龜山區文化一路與樂善二路口 D7-11,8.84,商,,,1070723,土地1建物1車位1,十一層,28,住宅大樓(11層含以上有電梯),住家用,鋼筋混凝土造,,137.66,3,2,2,有,無,9500000,69215,坡道平面,25.69,1750000,,RPSUMLQKMHGGFHH86CB
龜山區,房地(土地+建物)+車位,桃園市龜山區文化一路與樂善二路口 D7-24,8.84,商,,,1071002,土地1建物1車位1,二十四層,28,住宅大樓(11層含以上有電梯),住家用,鋼筋混凝土造,,137.66,3,2,2,有,無,9680000,70823,坡道平面,25.69,1750000,,RPVUMLQKMHGGFHH17CB
龜山區,房地(土地+建物)+車位,桃園市龜山區文化一路與樂善二路口 D7-25,8.84,商,,,1070620,土地1建物1車位1,二十五層,28,住宅大樓(11層含以上有電梯),住家用,鋼筋混凝土造,,137.66,3,2,2,有,無,9760000,71537,坡道平面,25.69,1750000,,RPWUMLQKMHGGFHH27CB
龜山區,房地(土地+建物)+車位,桃園市龜山區文化一路與樂善二路口 D7-27,8.84,商,,,1070626,土地1建物1車位1,二十七層,28,住宅大樓(11層含以上有電梯),住家用,鋼筋混凝土造,,137.66,3,2,2,有,無,9750000,71448,坡道平面,25.69,1750000,,RPOVMLQKMHGGFHH56CB
龜山區,房地(土地+建物)+車位,桃園市龜山區文化一路與樂善二路口 D7-12,8.84,商,,,1070705,土地1建物1車位1,十二層,28,住宅大樓(11層含以上有電梯),住家用,鋼筋混凝土造,,137.66,3,2,2,有,無,9680000,69036,坡道平面,25.69,1950000,,RPPVMLQKMHGGFHH66CB
龜山區,房地(土地+建物)+車位,桃園市龜山區文化一路與樂善二路口 D7-14,8.84,商,,,1071002,土地1建物1車位1,十四層,28,住宅大樓(11層含以上有電梯),住家用,鋼筋混凝土造,,136.21,3,2,2,有,無,9300000,70555,坡道平面,24.24,1400000,,RPSVMLQKMHGGFHH96CB
龜山區,房地(土地+建物)+車位,桃園市龜山區文化一路與樂善二路口 D7-10,8.84,商,,,1070713,土地1建物1車位1,十層,28,住宅大樓(11層含以上有電梯),住家用,鋼筋混凝土造,,136.21,3,2,2,有,無,9350000,69662,坡道平面,24.24,1550000,,RPWVMLQKMHGGFHH37CB
龜山區,房地(土地+建物)+車位,桃園市龜山區文化一路與樂善二路口 D7-18,8.84,商,,,1070528,土地1建物1車位1,十八層,28,住宅大樓(11層含以上有電梯),住家用,鋼筋混凝土造,,136.21,3,2,2,有,無,9500000,71001,坡道平面,24.24,1550000,,RPPWMLQKMHGGFHH76CB
龜山區,房地(土地+建物)+車位,桃園市龜山區文化一路與樂善二路口 D7-26,8.84,商,,,1070625,土地1建物1車位1,二十六層,28,住宅大樓(11層含以上有電梯),住家用,鋼筋混凝土造,,138.63,3,2,2,有,無,9860000,71537,坡道平面,26.66,1850000,,RPRWMLQKMHGGFHH96CB
龜山區,房地(土地+建物)+車位,桃園市龜山區文化一路與樂善二路口 S2,26.67,商,,,1071207,土地1建物1車位1,見其他登記事項,28,店面(店鋪),住商用,鋼筋混凝土造,,383.01,0,0,0,無,無,50590000,136132,坡道平面,24.24,1750000,含夾層面積,RPTNNLQKMHGGFHH98CB
龜山區,房地(土地+建物)+車位,桃園市龜山區文化一路與樂善二路口 S3,22.46,商,,,1090617,土地1建物1車位2,見其他登記事項,28,店面(店鋪),住商用,鋼筋混凝土造,,343.36,0,0,0,無,無,43000000,134598,坡道平面,51.38,3700000,含夾層面積,RPUNNLQKMHGGFHH09CB
龜山區,房地(土地+建物)+車位,桃園市龜山區文化一路與樂善二路口 S6,14.3,商,,,1080625,土地1建物1車位2,見其他登記事項,28,店面(店鋪),住商用,鋼筋混凝土造,,230.26,0,0,0,無,無,23500000,111185,坡道平面,49.93,3450000,,RPVNNLQKMHGGFHH56CB
龜山區,房地(土地+建物),桃園市龜山區文化一路與樂善二路口 S7,11.54,商,,,1071122,土地1建物1車位0,見其他登記事項,28,店面(店鋪),住商用,鋼筋混凝土造,,161.06,0,0,0,無,無,18800000,116727,,0.0,0,,RPWNNLQKMHGGFHH66CB
龜山區,房地(土地+建物)+車位,桃園市龜山區文化一路與樂善二路口 S8,12.92,商,,,1071114,土地1建物1車位2,見其他登記事項,28,店面(店鋪),住商用,鋼筋混凝土造,,212.31,0,0,0,無,無,22680000,116697,坡道平面,51.38,3900000,,RPOONLQKMHGGFHH58CB
龜山區,房地(土地+建物)+車位,桃園市龜山區文化一路與樂善二路口 S9,14.17,商,,,1070904,土地1建物1車位1,見其他登記事項,28,店面(店鋪),住商用,鋼筋混凝土造,,212.38,0,0,0,無,無,24000000,118110,坡道平面,25.69,1950000,,RPPONLQKMHGGFHH68CB
龜山區,房地(土地+建物)+車位,桃園市龜山區文化一路與樂善二路口 S10,10.92,商,,,1071114,土地1建物1車位1,見其他登記事項,28,店面(店鋪),住商用,鋼筋混凝土造,,168.64,0,0,0,無,無,18630000,116684,坡道平面,25.69,1950000,,RPQONLQKMHGGFHH78CB
龜山區,房地(土地+建物)+車位,桃園市龜山區文化一路與樂善二路口 S11,13.41,商,,,1080411,土地1建物1車位1,見其他登記事項,28,店面(店鋪),住商用,鋼筋混凝土造,,203.35,0,0,0,無,無,23750000,123832,坡道平面,25.69,1750000,,RPRONLQKMHGGFHH88CB
龜山區,房地(土地+建物)+車位,桃園市龜山區文化一路與樂善二路口 S12,14.93,商,,,1080827,土地1建物1車位1,見其他登記事項,28,店面(店鋪),住商用,鋼筋混凝土造,,222.99,0,0,0,無,無,23500000,109731,坡道平面,25.69,1850000,,RPSONLQKMHGGFHH98CB
龜山區,房地(土地+建物)+車位,桃園市龜山區文化一路與樂善二路口 S13,14.37,商,,,1080701,土地1建物1車位2,見其他登記事項,28,店面(店鋪),住商用,鋼筋混凝土造,,232.63,0,0,0,無,無,23180000,106372,坡道平面,51.38,3900000,,RPTONLQKMHGGFHH09CB
龜山區,房地(土地+建物)+車位,桃園市龜山區文化一路與樂善二路口 S15,14.58,商,,,1080521,土地1建物1車位1,見其他登記事項,28,店面(店鋪),住商用,鋼筋混凝土造,,217.52,0,0,0,無,無,24700000,118595,坡道平面,25.69,1950000,,RPUONLQKMHGGFHH56CB
龜山區,房地(土地+建物)+車位,桃園市龜山區文化一路與樂善二路口 S16,13.89,商,,,1080521,土地1建物1車位1,見其他登記事項,28,店面(店鋪),住商用,鋼筋混凝土造,,209.21,0,0,0,無,無,23800000,119061,坡道平面,25.69,1950000,,RPVONLQKMHGGFHH66CB
龜山區,房地(土地+建物)+車位,桃園市龜山區文化一路與樂善二路口 S17,13.61,商,,,1080717,土地1建物1車位1,見其他登記事項,28,店面(店鋪),住商用,鋼筋混凝土造,,206.02,0,0,0,無,無,20630000,105529,坡道平面,25.69,1600000,,RPWONLQKMHGGFHH76CB
龜山區,房地(土地+建物)+車位,桃園市龜山區文化一路與樂善二路口 S18,12.92,商,,,1080716,土地1建物1車位2,見其他登記事項,28,店面(店鋪),住商用,鋼筋混凝土造,,212.44,0,0,0,無,無,21650000,110207,坡道平面,51.38,3900000,,RPXONLQKMHGGFHH86CB
龜山區,房地(土地+建物)+車位,桃園市龜山區文化一路與樂善二路口 S19,12.92,商,,,1071031,土地1建物1車位2,見其他登記事項,28,店面(店鋪),住商用,鋼筋混凝土造,,212.31,0,0,0,無,無,22000000,112471,坡道平面,51.38,3900000,,RPOPNLQKMHGGFHH68CB
龜山區,房地(土地+建物)+車位,桃園市龜山區文化一路與樂善二路口 S20,14.23,商,,,1071203,土地1建物1車位1,見其他登記事項,28,店面(店鋪),住商用,鋼筋混凝土造,,212.4,0,0,0,無,無,22200000,108950,坡道平面,24.24,1700000,,RPQPNLQKMHGGFHH88CB
龜山區,房地(土地+建物)+車位,桃園市龜山區文化一路與樂善二路口 S21,10.92,商,,,1070613,土地1建物1車位1,見其他登記事項,28,店面(店鋪),住商用,鋼筋混凝土造,,168.64,0,0,0,無,無,15850000,99685,坡道平面,25.69,1600000,,RPRPNLQKMHGGFHH98CB
龜山區,房地(土地+建物)+車位,桃園市龜山區文化一路與樂善二路口 S22,13.47,商,,,1080521,土地1建物1車位1,見其他登記事項,28,店面(店鋪),住商用,鋼筋混凝土造,,203.54,0,0,0,無,無,21320000,108912,坡道平面,25.69,1950000,,RPSPNLQKMHGGFHH09CB
龜山區,房地(土地+建物)+車位,桃園市龜山區文化一路與樂善二路口 S23,15.76,商,,,1080131,土地1建物1車位1,見其他登記事項,28,店面(店鋪),住商用,鋼筋混凝土造,,234.06,0,0,0,無,無,24070000,106157,坡道平面,25.69,1950000,,RPTPNLQKMHGGFHH56CB
龜山區,房地(土地+建物)+車位,桃園市龜山區文化一路與樂善二路口 S25,13.54,商,,,1080131,土地1建物1車位1,見其他登記事項,28,店面(店鋪),住商用,鋼筋混凝土造,,214.85,0,0,0,無,無,20930000,100338,坡道平面,25.69,1950000,,RPUPNLQKMHGGFHH66CB
龜山區,房地(土地+建物)+車位,桃園市龜山區文化一路與樂善二路口 S26,12.85,商,,,1071207,土地1建物1車位1,見其他登記事項,28,店面(店鋪),住商用,鋼筋混凝土造,,195.59,0,0,0,無,無,18350000,97116,坡道平面,25.69,1850000,,RPVPNLQKMHGGFHH76CB
龜山區,房地(土地+建物)+車位,桃園市龜山區文化一路與樂善二路口 S27,14.79,商,,,1071122,土地1建物1車位2,見其他登記事項,28,店面(店鋪),住商用,鋼筋混凝土造,,237.09,0,0,0,無,無,23620000,106726,坡道平面,51.38,3800000,,RPWPNLQKMHGGFHH86CB
龜山區,房地(土地+建物)+車位,桃園市龜山區文化一路與華亞三路A7棟4樓,10.12,商,,,1080623,土地1建物1車位1,四層,24,住宅大樓(11層含以上有電梯),住商用,鋼筋混凝土造,,131.5,0,0,1,有,無,7890000,61132,坡道平面,31.88,1800000,,RPPNMLSKMHGGFHH68CB
龜山區,房地(土地+建物)+車位,桃園市龜山區文化一路與華亞三路A7棟5樓,10.12,商,,,1090309,土地1建物1車位1,五層,24,住宅大樓(11層含以上有電梯),住商用,鋼筋混凝土造,,131.5,0,0,1,有,無,8140000,64144,坡道平面,31.88,1750000,,RPQNMLSKMHGGFHH78CB
龜山區,房地(土地+建物)+車位,桃園市龜山區文化一路與華亞三路A7棟6樓,10.12,商,,,1090716,土地1建物1車位1,六層,24,住宅大樓(11層含以上有電梯),住商用,鋼筋混凝土造,,131.5,0,0,1,有,無,7940000,63642,坡道平面,31.88,1600000,,RPRNMLSKMHGGFHH88CB
龜山區,房地(土地+建物)+車位,桃園市龜山區文化一路與華亞三路A7棟7樓,10.12,商,,,1090913,土地1建物1車位1,七層,24,住宅大樓(11層含以上有電梯),住商用,鋼筋混凝土造,,131.5,0,0,1,有,無,8140000,63642,坡道平面,31.88,1800000,,RPSNMLSKMHGGFHH98CB
龜山區,房地(土地+建物)+車位,桃園市龜山區文化一路與華亞三路A7棟8樓,10.12,商,,,1090907,土地1建物1車位1,八層,24,住宅大樓(11層含以上有電梯),住商用,鋼筋混凝土造,,131.5,0,0,1,有,無,8140000,64646,坡道平面,31.88,1700000,,RPTNMLSKMHGGFHH09CB
龜山區,房地(土地+建物)+車位,桃園市龜山區文化一路與華亞三路A7棟9樓,9.91,商,,,1090901,土地1建物1車位1,九層,24,住宅大樓(11層含以上有電梯),住商用,鋼筋混凝土造,,129.83,0,0,1,有,無,8140000,64646,坡道平面,30.21,1700000,,RPUNMLSKMHGGFHH56CB
龜山區,房地(土地+建物)+車位,桃園市龜山區文化一路與華亞三路A7棟10樓,9.91,商,,,1090806,土地1建物1車位1,十層,24,住宅大樓(11層含以上有電梯),住商用,鋼筋混凝土造,,129.83,0,0,1,有,無,7980000,63541,坡道平面,30.21,1650000,,RPVNMLSKMHGGFHH66CB
龜山區,房地(土地+建物)+車位,桃園市龜山區文化一路與華亞三路A7棟11樓,10.12,商,,,1090625,土地1建物1車位1,十一層,24,住宅大樓(11層含以上有電梯),住商用,鋼筋混凝土造,,131.5,0,0,1,有,無,8000000,63240,坡道平面,31.88,1700000,,RPWNMLSKMHGGFHH76CB
龜山區,房地(土地+建物)+車位,桃園市龜山區文化一路與華亞三路A9棟2樓,21.27,商,,,1090913,土地1建物1車位2,二層,24,店面(店鋪),商業用,鋼筋混凝土造,,275.05,0,0,2,有,無,17600000,66260,坡道平面,63.76,3600000,,RPXNMLSKMHGGFHH86CB
龜山區,房地(土地+建物)+車位,桃園市龜山區文化一路與華亞三路A10棟2樓,9.07,商,,,1090922,土地1建物1車位1,二層,24,店面(店鋪),商業用,鋼筋混凝土造,,118.33,0,0,1,有,無,7600000,67091,坡道平面,31.88,1800000,,RPOOMLSKMHGGFHH68CB
龜山區,房地(土地+建物)+車位,桃園市龜山區文化一路與華亞三路B1棟3樓,9.94,商,,,1091015,土地1建物1車位1,三層,24,店面(店鋪),商業用,鋼筋混凝土造,,131.4,0,0,1,有,無,7880000,62584,坡道平面,35.05,1850000,,RPPOMLSKMHGGFHH78CB
龜山區,房地(土地+建物)+車位,桃園市龜山區文化一路與華亞三路B1棟4樓,9.13,商,,,1081113,土地1建物1車位1,四層,24,住宅大樓(11層含以上有電梯),住商用,鋼筋混凝土造,,122.89,0,0,1,有,無,7250000,59884,坡道平面,31.88,1800000,,RPQOMLSKMHGGFHH88CB
龜山區,房地(土地+建物)+車位,桃園市龜山區文化一路與華亞三路B1棟5樓,9.13,商,,,1090309,土地1建物1車位1,五層,24,住宅大樓(11層含以上有電梯),住商用,鋼筋混凝土造,,122.89,0,0,1,有,無,7430000,62960,坡道平面,31.88,1700000,,RPROMLSKMHGGFHH98CB
龜山區,房地(土地+建物)+車位,桃園市龜山區文化一路與華亞三路B1棟6樓,9.13,商,,,1090824,土地1建物1車位1,六層,24,住宅大樓(11層含以上有電梯),住商用,鋼筋混凝土造,,122.89,0,0,1,有,無,7550000,63729,坡道平面,31.88,1750000,,RPSOMLSKMHGGFHH09CB
龜山區,房地(土地+建物)+車位,桃園市龜山區文化一路與華亞三路B1棟7樓,8.92,商,,,1090810,土地1建物1車位1,七層,24,住宅大樓(11層含以上有電梯),住商用,鋼筋混凝土造,,121.22,0,0,1,有,無,7430000,63510,坡道平面,30.21,1650000,,RPTOMLSKMHGGFHH56CB
龜山區,房地(土地+建物)+車位,桃園市龜山區文化一路與華亞三路B1棟8樓,9.13,商,,,1090911,土地1建物1車位1,八層,24,住宅大樓(11層含以上有電梯),住商用,鋼筋混凝土造,,122.89,0,0,1,有,無,7550000,64279,坡道平面,31.88,1700000,,RPUOMLSKMHGGFHH66CB
龜山區,房地(土地+建物)+車位,桃園市龜山區文化一路與華亞三路B1棟9樓,9.13,商,,,1090909,土地1建物1車位1,九層,24,住宅大樓(11層含以上有電梯),住商用,鋼筋混凝土造,,122.89,0,0,1,有,無,7650000,64828,坡道平面,31.88,1750000,,RPVOMLSKMHGGFHH76CB
龜山區,房地(土地+建物)+車位,桃園市龜山區文化一路與華亞三路B1棟10樓,8.92,商,,,1090624,土地1建物1車位1,十層,24,住宅大樓(11層含以上有電梯),住商用,鋼筋混凝土造,,121.22,0,0,1,有,無,7320000,63400,坡道平面,30.21,1550000,,RPWOMLSKMHGGFHH86CB
龜山區,房地(土地+建物)+車位,桃園市龜山區文化一路與華亞三路B1棟11樓,8.92,商,,,1090825,土地1建物1車位1,十一層,24,住宅大樓(11層含以上有電梯),住商用,鋼筋混凝土造,,121.22,0,0,1,有,無,7500000,63729,坡道平面,30.21,1700000,,RPXOMLSKMHGGFHH96CB
龜山區,房地(土地+建物)+車位,桃園市龜山區文化一路與華亞三路B1棟12樓,8.92,商,,,1090914,土地1建物1車位1,十二層,24,住宅大樓(11層含以上有電梯),住家用,鋼筋混凝土造,,125.15,2,2,1,有,無,8310000,69623,坡道平面,30.21,1700000,,RPOPMLSKMHGGFHH78CB
龜山區,房地(土地+建物)+車位,桃園市龜山區文化一路與華亞三路B1棟13樓,9.13,商,,,1090422,土地1建物1車位1,十三層,24,住宅大樓(11層含以上有電梯),住家用,鋼筋混凝土造,,126.82,2,2,1,有,無,8500000,71098,坡道平面,31.88,1750000,,RPPPMLSKMHGGFHH88CB
龜山區,房地(土地+建物)+車位,桃園市龜山區文化一路與華亞三路B1棟14樓,9.13,商,,,1090203,土地1建物1車位1,十四層,24,住宅大樓(11層含以上有電梯),住家用,鋼筋混凝土造,,126.82,2,2,1,有,無,8300000,70571,坡道平面,31.88,1600000,,RPQPMLSKMHGGFHH98CB
龜山區,房地(土地+建物)+車位,桃園市龜山區文化一路與華亞三路B1棟15樓,9.13,商,,,1090203,土地1建物1車位1,十五層,24,住宅大樓(11層含以上有電梯),住家用,鋼筋混凝土造,,126.82,2,2,1,有,無,8300000,70571,坡道平面,31.88,1600000,,RPRPMLSKMHGGFHH09CB
龜山區,房地(土地+建物)+車位,桃園市龜山區文化一路與華亞三路B1棟16樓,8.65,商,,,1081004,土地1建物1車位1,十六層,24,住宅大樓(11層含以上有電梯),住家用,鋼筋混凝土造,,120.78,2,2,1,有,無,7900000,70112,坡道平面,30.21,1550000,,RPSPMLSKMHGGFHH56CB
龜山區,房地(土地+建物)+車位,桃園市龜山區文化一路與華亞三路B1棟17樓,8.2,商,,,1081002,土地1建物1車位1,十七層,24,住宅大樓(11層含以上有電梯),住家用,鋼筋混凝土造,,114.56,2,2,1,有,無,7650000,71359,坡道平面,31.88,1750000,,RPTPMLSKMHGGFHH66CB
龜山區,房地(土地+建物)+車位,桃園市龜山區文化一路與華亞三路B1棟18樓,11.39,商,,,1090822,土地1建物1車位1,十八層,24,住宅大樓(11層含以上有電梯),住家用,鋼筋混凝土造,,150.52,3,2,2,有,無,10550000,73144,坡道平面,30.21,1750000,,RPUPMLSKMHGGFHH76CB
龜山區,房地(土地+建物)+車位,桃園市龜山區文化一路與華亞三路B1棟19樓,10.61,商,,,1090923,土地1建物1車位1,十九層,24,住宅大樓(11層含以上有電梯),住家用,鋼筋混凝土造,,141.55,3,2,2,有,無,9450000,69755,坡道平面,31.88,1800000,,RPVPMLSKMHGGFHH86CB
龜山區,房地(土地+建物)+車位,桃園市龜山區文化一路與華亞三路B1棟20樓,9.64,商,,,1090522,土地1建物1車位1,二十層,24,住宅大樓(11層含以上有電梯),住家用,鋼筋混凝土造,,127.5,2,2,1,有,無,8450000,70069,坡道平面,31.88,1750000,,RPWPMLSKMHGGFHH96CB
龜山區,房地(土地+建物)+車位,桃園市龜山區文化一路與華亞三路B1棟21樓,8.59,商,,,1080805,土地1建物1車位1,二十一層,24,住宅大樓(11層含以上有電梯),住家用,鋼筋混凝土造,,118.28,2,2,1,有,無,7670000,70034,坡道平面,33.75,1750000,,RPXPMLSKMHGGFHH07CB
龜山區,房地(土地+建物),桃園市龜山區文化一路與華亞三路B1棟22樓,6.93,商,,,1080629,土地1建物1車位0,二十二層,24,住宅大樓(11層含以上有電梯),住家用,鋼筋混凝土造,,73.91,2,2,1,有,無,5600000,75768,,0.0,0,,RPOQMLSKMHGGFHH88CB
龜山區,房地(土地+建物),桃園市龜山區文化一路與華亞三路B1棟23樓,6.12,商,,,1080705,土地1建物1車位0,二十三層,24,住宅大樓(11層含以上有電梯),住家用,鋼筋混凝土造,,61.43,2,2,1,有,無,4760000,77487,,0.0,0,,RPPQMLSKMHGGFHH98CB
龜山區,房地(土地+建物)+車位,桃園市龜山區文化一路與華亞三路B2棟3樓,9.31,商,,,1091016,土地1建物1車位1,三層,24,店面(店鋪),商業用,鋼筋混凝土造,,122.71,0,0,1,有,無,7470000,62424,坡道平面,31.88,1800000,,RPQQMLSKMHGGFHH09CB
龜山區,房地(土地+建物)+車位,桃園市龜山區文化一路與華亞三路B2棟4樓,8.89,商,,,1081107,土地1建物1車位1,四層,24,住宅大樓(11層含以上有電梯),住商用,鋼筋混凝土造,,122.15,0,0,1,有,無,7000000,57605,坡道平面,31.88,1800000,,RPRQMLSKMHGGFHH56CB
龜山區,房地(土地+建物)+車位,桃園市龜山區文化一路與華亞三路B2棟5樓,8.92,商,,,1090305,土地1建物1車位1,五層,24,住宅大樓(11層含以上有電梯),住商用,鋼筋混凝土造,,122.33,0,0,1,有,無,7430000,63350,坡道平面,31.88,1700000,,RPSQMLSKMHGGFHH66CB
龜山區,房地(土地+建物)+車位,桃園市龜山區文化一路與華亞三路B2棟6樓,8.92,商,,,1090803,土地1建物1車位1,六層,24,住宅大樓(11層含以上有電梯),住商用,鋼筋混凝土造,,122.33,0,0,1,有,無,7350000,62465,坡道平面,31.88,1700000,,RPTQMLSKMHGGFHH76CB
龜山區,房地(土地+建物)+車位,桃園市龜山區文化一路與華亞三路B2棟7樓,8.92,商,,,1090717,土地1建物1車位1,七層,24,住宅大樓(11層含以上有電梯),住商用,鋼筋混凝土造,,122.33,0,0,1,有,無,7300000,61913,坡道平面,31.88,1700000,,RPUQMLSKMHGGFHH86CB
龜山區,房地(土地+建物)+車位,桃園市龜山區文化一路與華亞三路B2棟9樓,8.92,商,,,1090818,土地1建物1車位1,九層,24,住宅大樓(11層含以上有電梯),住商用,鋼筋混凝土造,,122.33,0,0,1,有,無,7410000,63129,坡道平面,31.88,1700000,,RPVQMLSKMHGGFHH96CB
龜山區,房地(土地+建物)+車位,桃園市龜山區文化一路與華亞三路B2棟10樓,8.92,商,,,1090909,土地1建物1車位1,十層,24,住宅大樓(11層含以上有電梯),住商用,鋼筋混凝土造,,122.33,0,0,1,有,無,7610000,64787,坡道平面,31.88,1750000,,RPWQMLSKMHGGFHH07CB
龜山區,房地(土地+建物)+車位,桃園市龜山區文化一路與華亞三路B2棟11樓,8.92,商,,,1090807,土地1建物1車位1,十一層,24,住宅大樓(11層含以上有電梯),住商用,鋼筋混凝土造,,122.33,0,0,1,有,無,7480000,63903,坡道平面,31.88,1700000,,RPXQMLSKMHGGFHH17CB
龜山區,房地(土地+建物)+車位,桃園市龜山區文化一路與華亞三路B2棟12樓,8.77,商,,,1090209,土地1建物1車位1,十二層,24,住宅大樓(11層含以上有電梯),住家用,鋼筋混凝土造,,120.78,2,2,1,有,無,7920000,68841,坡道平面,31.88,1800000,,RPORMLSKMHGGFHH98CB
龜山區,房地(土地+建物)+車位,桃園市龜山區文化一路與華亞三路B2棟13樓,8.77,商,,,1090422,土地1建物1車位1,十三層,24,住宅大樓(11層含以上有電梯),住家用,鋼筋混凝土造,,120.78,2,2,1,有,無,8000000,70304,坡道平面,31.88,1750000,,RPPRMLSKMHGGFHH09CB
龜山區,房地(土地+建物)+車位,桃園市龜山區文化一路與華亞三路B2棟15樓,8.77,商,,,1090612,土地1建物1車位1,十五層,24,住宅大樓(11層含以上有電梯),住家用,鋼筋混凝土造,,120.78,2,2,1,有,無,7850000,70304,坡道平面,31.88,1600000,,RPQRMLSKMHGGFHH56CB
龜山區,房地(土地+建物)+車位,桃園市龜山區文化一路與華亞三路B2棟16樓,8.38,商,,,1081202,土地1建物1車位1,十六層,24,住宅大樓(11層含以上有電梯),住家用,鋼筋混凝土造,,116.01,2,2,1,有,無,7460000,67133,坡道平面,30.21,1700000,,RPRRMLSKMHGGFHH66CB
龜山區,房地(土地+建物)+車位,桃園市龜山區文化一路與華亞三路B2棟18樓,13.56,商,,,1081227,土地1建物1車位1,十八層,24,住宅大樓(11層含以上有電梯),住家用,鋼筋混凝土造,,170.18,3,2,2,有,無,12000000,73753,坡道平面,31.88,1800000,,RPSRMLSKMHGGFHH76CB
龜山區,房地(土地+建物)+車位,桃園市龜山區文化一路與華亞三路B2棟19樓,12.69,商,,,1090629,土地1建物1車位1,十九層,24,住宅大樓(11層含以上有電梯),住家用,鋼筋混凝土造,,161.24,3,2,2,有,無,11000000,71892,坡道平面,31.88,1700000,,RPTRMLSKMHGGFHH86CB
龜山區,房地(土地+建物)+車位,桃園市龜山區文化一路與華亞三路B2棟20樓,11.6,商,,,1090419,土地1建物1車位1,二十層,24,住宅大樓(11層含以上有電梯),住家用,鋼筋混凝土造,,146.69,3,2,2,有,無,10020000,71597,坡道平面,31.88,1800000,,RPURMLSKMHGGFHH96CB
龜山區,房地(土地+建物)+車位,桃園市龜山區文化一路與華亞三路B2棟24樓,20.49,商,,,1090408,土地1建物1車位1,二十四層,24,住宅大樓(11層含以上有電梯),住家用,鋼筋混凝土造,,237.47,3,2,3,有,無,18700000,82446,坡道平面,31.88,1750000,,RPVRMLSKMHGGFHH07CB
龜山區,房地(土地+建物)+車位,桃園市龜山區文化一路與華亞三路B3棟3樓,32.63,商,,,1091021,土地1建物1車位3,三層,24,店面(店鋪),商業用,鋼筋混凝土造,,394.58,0,0,1,有,無,25000000,64060,坡道平面,95.64,5850000,,RPWRMLSKMHGGFHH17CB
龜山區,房地(土地+建物)+車位,桃園市龜山區文化一路與華亞三路B3棟4樓,11.39,商,,,1081107,土地1建物1車位1,四層,24,住宅大樓(11層含以上有電梯),住商用,鋼筋混凝土造,,156.86,0,0,1,有,無,10700000,71211,坡道平面,31.88,1800000,,RPXRMLSKMHGGFHH27CB
龜山區,房地(土地+建物)+車位,桃園市龜山區文化一路與華亞三路B3棟5樓,11.39,商,,,1090111,土地1建物1車位1,五層,24,住宅大樓(11層含以上有電梯),住商用,鋼筋混凝土造,,146.14,0,0,1,有,無,9100000,63889,坡道平面,31.88,1800000,,RPOSMLSKMHGGFHH09CB
龜山區,房地(土地+建物)+車位,桃園市龜山區文化一路與華亞三路B3棟6樓,11.39,商,,,1090522,土地1建物1車位1,六層,24,住宅大樓(11層含以上有電梯),住商用,鋼筋混凝土造,,146.14,0,0,1,有,無,8730000,62402,坡道平面,31.88,1600000,,RPPSMLSKMHGGFHH56CB
龜山區,房地(土地+建物)+車位,桃園市龜山區文化一路與華亞三路B3棟7樓,11.39,商,,,1090522,土地1建物1車位1,七層,24,住宅大樓(11層含以上有電梯),住商用,鋼筋混凝土造,,146.14,0,0,1,有,無,8730000,62402,坡道平面,31.88,1600000,,RPQSMLSKMHGGFHH66CB
龜山區,房地(土地+建物)+車位,桃園市龜山區文化一路與華亞三路B3棟8樓,11.39,商,,,1090522,土地1建物1車位1,八層,24,住宅大樓(11層含以上有電梯),住商用,鋼筋混凝土造,,146.14,0,0,1,有,無,8730000,62402,坡道平面,31.88,1600000,,RPRSMLSKMHGGFHH76CB
龜山區,房地(土地+建物)+車位,桃園市龜山區文化一路與華亞三路B3棟9樓,11.39,商,,,1090620,土地1建物1車位1,九層,24,住宅大樓(11層含以上有電梯),住商用,鋼筋混凝土造,,148.01,0,0,1,有,無,8900000,63889,坡道平面,33.75,1600000,,RPSSMLSKMHGGFHH86CB
龜山區,房地(土地+建物)+車位,桃園市龜山區文化一路與華亞三路B3棟10樓,11.39,商,,,1090616,土地1建物1車位1,十層,24,住宅大樓(11層含以上有電梯),住商用,鋼筋混凝土造,,148.01,0,0,1,有,無,9000000,64765,坡道平面,33.75,1600000,,RPTSMLSKMHGGFHH96CB
龜山區,房地(土地+建物)+車位,桃園市龜山區文化一路與華亞三路B3棟11樓,11.39,商,,,1090529,土地1建物1車位1,十一層,24,住宅大樓(11層含以上有電梯),住商用,鋼筋混凝土造,,146.14,0,0,1,有,無,9020000,64064,坡道平面,31.88,1700000,,RPUSMLSKMHGGFHH07CB
龜山區,房地(土地+建物)+車位,桃園市龜山區文化一路與華亞三路B3棟12樓,11.99,商,,,1081003,土地1建物1車位1,十二層,24,住宅大樓(11層含以上有電梯),住家用,鋼筋混凝土造,,150.85,3,2,2,有,無,10560000,74052,坡道平面,31.88,1750000,,RPVSMLSKMHGGFHH17CB
龜山區,房地(土地+建物)+車位,桃園市龜山區文化一路與華亞三路B3棟13樓,11.99,商,,,1081223,土地1建物1車位1,十三層,24,住宅大樓(11層含以上有電梯),住家用,鋼筋混凝土造,,150.85,3,2,2,有,無,10000000,70606,坡道平面,31.88,1600000,,RPWSMLSKMHGGFHH27CB
龜山區,房地(土地+建物)+車位,桃園市龜山區文化一路與華亞三路B3棟14樓,11.99,商,,,1090530,土地1建物1車位1,十四層,24,住宅大樓(11層含以上有電梯),住家用,鋼筋混凝土造,,150.85,3,2,2,有,無,10000000,68925,坡道平面,31.88,1800000,,RPXSMLSKMHGGFHH37CB
龜山區,房地(土地+建物)+車位,桃園市龜山區文化一路與華亞三路B3棟15樓,11.99,商,,,1081223,土地1建物1車位1,十五層,24,住宅大樓(11層含以上有電梯),住家用,鋼筋混凝土造,,150.85,3,2,2,有,無,10000000,70606,坡道平面,31.88,1600000,,RPOTMLSKMHGGFHH56CB
龜山區,房地(土地+建物)+車位,桃園市龜山區文化一路與華亞三路B3棟16樓,11.3,商,,,1090419,土地1建物1車位1,十六層,24,住宅大樓(11層含以上有電梯),住家用,鋼筋混凝土造,,146.34,3,2,2,有,無,9750000,70610,坡道平面,33.75,1800000,,RPPTMLSKMHGGFHH66CB
龜山區,房地(土地+建物)+車位,桃園市龜山區文化一路與華亞三路B3棟17樓,11.33,商,,,1090326,土地1建物1車位1,十七層,24,住宅大樓(11層含以上有電梯),住家用,鋼筋混凝土造,,149.61,3,2,2,有,無,10400000,73473,坡道平面,31.88,1750000,,RPQTMLSKMHGGFHH76CB
龜山區,房地(土地+建物)+車位,桃園市龜山區文化一路與華亞三路B3棟18樓,9.37,商,,,1090427,土地1建物1車位1,十八層,24,住宅大樓(11層含以上有電梯),住家用,鋼筋混凝土造,,125.38,2,2,1,有,無,8300000,70588,坡道平面,31.88,1700000,,RPRTMLSKMHGGFHH86CB
龜山區,房地(土地+建物)+車位,桃園市龜山區文化一路與華亞三路B3棟19樓,9.37,商,,,1090430,土地1建物1車位1,十九層,24,住宅大樓(11層含以上有電梯),住家用,鋼筋混凝土造,,125.38,2,2,1,有,無,8180000,70374,坡道平面,31.88,1600000,,RPSTMLSKMHGGFHH96CB
龜山區,房地(土地+建物)+車位,桃園市龜山區文化一路與華亞三路B3棟20樓,9.37,商,,,1090506,土地1建物1車位1,二十層,24,住宅大樓(11層含以上有電梯),住家用,鋼筋混凝土造,,125.38,2,2,1,有,無,8500000,72727,坡道平面,31.88,1700000,,RPTTMLSKMHGGFHH07CB
龜山區,房地(土地+建物)+車位,桃園市龜山區文化一路與華亞三路B3棟21樓,9.37,商,,,1090514,土地1建物1車位1,二十一層,24,住宅大樓(11層含以上有電梯),住家用,鋼筋混凝土造,,125.38,2,2,1,有,無,8580000,73048,坡道平面,31.88,1750000,,RPUTMLSKMHGGFHH17CB
龜山區,房地(土地+建物)+車位,桃園市龜山區文化一路與華亞三路B3棟22樓,9.37,商,,,1090612,土地1建物1車位1,二十二層,24,住宅大樓(11層含以上有電梯),住家用,鋼筋混凝土造,,125.38,2,2,1,有,無,8800000,75401,坡道平面,31.88,1750000,,RPVTMLSKMHGGFHH27CB
龜山區,房地(土地+建物)+車位,桃園市龜山區文化一路與華亞三路B3棟23樓,9.37,商,,,1090618,土地1建物1車位1,二十三層,24,住宅大樓(11層含以上有電梯),住家用,鋼筋混凝土造,,125.38,2,2,1,有,無,8760000,74973,坡道平面,31.88,1750000,,RPWTMLSKMHGGFHH37CB
龜山區,房地(土地+建物)+車位,桃園市龜山區文化一路與華亞三路B3棟24樓,16.6,商,,,1090803,土地1建物1車位1,二十四層,24,住宅大樓(11層含以上有電梯),住家用,鋼筋混凝土造,,198.24,3,2,3,有,無,15000000,79346,坡道平面,31.88,1800000,,RPXTMLSKMHGGFHH47CB
龜山區,房地(土地+建物)+車位,桃園市龜山區文化一路與華亞三路B4棟3樓,22.48,商,,,1091021,土地1建物1車位2,三層,24,店面(店鋪),商業用,鋼筋混凝土造,,279.71,0,0,1,有,無,18000000,65022,坡道平面,62.09,3850000,,RPOUMLSKMHGGFHH66CB
龜山區,房地(土地+建物)+車位,桃園市龜山區文化一路與華亞三路B4棟4樓,9.43,商,,,1081118,土地1建物1車位1,四層,24,住宅大樓(11層含以上有電梯),住商用,鋼筋混凝土造,,124.02,0,0,1,有,無,7840000,66095,坡道平面,31.88,1750000,,RPPUMLSKMHGGFHH76CB
龜山區,房地(土地+建物)+車位,桃園市龜山區文化一路與華亞三路B4棟5樓,9.43,商,,,1090225,土地1建物1車位1,五層,24,住宅大樓(11層含以上有電梯),住商用,鋼筋混凝土造,,124.02,0,0,1,有,無,7330000,62188,坡道平面,31.88,1600000,,RPQUMLSKMHGGFHH86CB
龜山區,房地(土地+建物)+車位,桃園市龜山區文化一路與華亞三路B4棟6樓,9.22,商,,,1090422,土地1建物1車位1,六層,24,住宅大樓(11層含以上有電梯),住商用,鋼筋混凝土造,,122.35,0,0,1,有,無,7370000,62079,坡道平面,30.21,1650000,,RPRUMLSKMHGGFHH96CB
龜山區,房地(土地+建物)+車位,桃園市龜山區文化一路與華亞三路B4棟7樓,9.43,商,,,1090716,土地1建物1車位1,七層,24,住宅大樓(11層含以上有電梯),住商用,鋼筋混凝土造,,124.02,0,0,1,有,無,7470000,63707,坡道平面,31.88,1600000,,RPSUMLSKMHGGFHH07CB
龜山區,房地(土地+建物)+車位,桃園市龜山區文化一路與華亞三路B4棟8樓,9.43,商,,,1090625,土地1建物1車位1,八層,24,住宅大樓(11層含以上有電梯),住商用,鋼筋混凝土造,,124.02,0,0,1,有,無,7370000,62622,坡道平面,31.88,1600000,,RPTUMLSKMHGGFHH17CB
龜山區,房地(土地+建物)+車位,桃園市龜山區文化一路與華亞三路B4棟9樓,9.43,商,,,1090710,土地1建物1車位1,九層,24,住宅大樓(11層含以上有電梯),住商用,鋼筋混凝土造,,124.02,0,0,1,有,無,7500000,64033,坡道平面,31.88,1600000,,RPUUMLSKMHGGFHH27CB
龜山區,房地(土地+建物)+車位,桃園市龜山區文化一路與華亞三路B4棟10樓,9.43,商,,,1090702,土地1建物1車位1,十層,24,住宅大樓(11層含以上有電梯),住商用,鋼筋混凝土造,,124.02,0,0,1,有,無,7490000,63924,坡道平面,31.88,1600000,,RPVUMLSKMHGGFHH37CB
龜山區,房地(土地+建物)+車位,桃園市龜山區文化一路與華亞三路B4棟11樓,9.22,商,,,1090601,土地1建物1車位1,十一層,24,住宅大樓(11層含以上有電梯),住商用,鋼筋混凝土造,,122.35,0,0,0,無,無,7330000,62731,坡道平面,30.21,1550000,,RPWUMLSKMHGGFHH47CB
龜山區,房地(土地+建物)+車位,桃園市龜山區文化一路與華亞三路B4棟12樓,9.37,商,,,1080819,土地1建物1車位1,十二層,24,住宅大樓(11層含以上有電梯),住家用,鋼筋混凝土造,,125.38,2,2,1,有,無,8330000,71979,坡道平面,31.88,1600000,,RPXUMLSKMHGGFHH57CB
龜山區,房地(土地+建物)+車位,桃園市龜山區文化一路與華亞三路B4棟13樓,9.37,商,,,1090121,土地1建物1車位1,十三層,24,住宅大樓(11層含以上有電梯),住家用,鋼筋混凝土造,,127.25,2,2,1,有,無,8400000,72727,坡道平面,33.75,1600000,,RPOVMLSKMHGGFHH76CB
龜山區,房地(土地+建物)+車位,桃園市龜山區文化一路與華亞三路B4棟14樓,9.37,商,,,1090313,土地1建物1車位1,十四層,24,住宅大樓(11層含以上有電梯),住家用,鋼筋混凝土造,,125.38,2,2,1,有,無,8260000,69626,坡道平面,31.88,1750000,,RPPVMLSKMHGGFHH86CB
龜山區,房地(土地+建物)+車位,桃園市龜山區文化一路與華亞三路B4棟15樓,9.37,商,,,1090408,土地1建物1車位1,十五層,24,住宅大樓(11層含以上有電梯),住家用,鋼筋混凝土造,,125.38,2,2,1,有,無,8500000,72193,坡道平面,31.88,1750000,,RPQVMLSKMHGGFHH96CB
龜山區,房地(土地+建物)+車位,桃園市龜山區文化一路與華亞三路B4棟16樓,9.37,商,,,1090408,土地1建物1車位1,十六層,24,住宅大樓(11層含以上有電梯),住家用,鋼筋混凝土造,,125.38,2,2,1,有,無,8500000,72193,坡道平面,31.88,1750000,,RPRVMLSKMHGGFHH07CB
龜山區,房地(土地+建物)+車位,桃園市龜山區文化一路與華亞三路B4棟17樓,9.37,商,,,1081117,土地1建物1車位1,十七層,24,住宅大樓(11層含以上有電梯),住家用,鋼筋混凝土造,,125.38,2,2,1,有,無,8380000,72513,坡道平面,31.88,1600000,,RPSVMLSKMHGGFHH17CB
龜山區,房地(土地+建物)+車位,桃園市龜山區文化一路與華亞三路B4棟18樓,14.98,商,,,1081219,土地1建物1車位1,十八層,24,住宅大樓(11層含以上有電梯),住家用,鋼筋混凝土造,,184.28,3,2,3,有,無,13280000,75656,坡道平面,31.88,1750000,,RPTVMLSKMHGGFHH27CB
龜山區,房地(土地+建物)+車位,桃園市龜山區文化一路與華亞三路B4棟19樓,15.58,商,,,1090625,土地1建物1車位2,十九層,24,住宅大樓(11層含以上有電梯),住家用,鋼筋混凝土造,,216.16,3,2,3,有,無,14000000,70866,坡道平面,63.76,3200000,,RPUVMLSKMHGGFHH37CB
龜山區,房地(土地+建物)+車位,桃園市龜山區文化一路與華亞三路B4棟20樓,14.98,商,,,1090729,土地1建物1車位1,二十層,24,住宅大樓(11層含以上有電梯),住家用,鋼筋混凝土造,,186.15,3,2,3,有,無,13000000,73819,坡道平面,33.75,1750000,,RPVVMLSKMHGGFHH47CB
龜山區,房地(土地+建物)+車位,桃園市龜山區文化一路與華亞三路B4棟21樓,14.98,商,,,1090803,土地1建物1車位1,二十一層,24,住宅大樓(11層含以上有電梯),住家用,鋼筋混凝土造,,184.28,3,2,3,有,無,13110000,74541,坡道平面,31.88,1750000,,RPWVMLSKMHGGFHH57CB
龜山區,房地(土地+建物)+車位,桃園市龜山區文化一路與華亞三路B4棟22樓,14.98,商,,,1090911,土地1建物1車位1,二十二層,24,住宅大樓(11層含以上有電梯),住家用,鋼筋混凝土造,,184.28,3,2,3,有,無,13280000,75328,坡道平面,31.88,1800000,,RPXVMLSKMHGGFHH67CB
龜山區,房地(土地+建物)+車位,桃園市龜山區文化一路與華亞三路B4棟23樓,16.18,商,,,1090207,土地1建物1車位3,二十三層,24,住宅大樓(11層含以上有電梯),住家用,鋼筋混凝土造,,248.04,3,2,3,有,無,15600000,67913,坡道平面,95.64,5250000,,RPOWMLSKMHGGFHH86CB
龜山區,房地(土地+建物)+車位,桃園市龜山區文化一路與華亞三路B5棟3樓,14.16,商,,,1091015,土地1建物1車位1,三層,24,店面(店鋪),商業用,鋼筋混凝土造,,166.68,0,0,1,有,無,10350000,63018,坡道平面,30.21,1750000,,RPPWMLSKMHGGFHH96CB
龜山區,房地(土地+建物)+車位,桃園市龜山區文化一路與華亞三路B5棟4樓,10.4,商,,,1081111,土地1建物1車位1,四層,24,住宅大樓(11層含以上有電梯),住商用,鋼筋混凝土造,,137.13,0,0,1,有,無,8000000,61908,坡道平面,33.75,1600000,,RPQWMLSKMHGGFHH07CB
龜山區,房地(土地+建物)+車位,桃園市龜山區文化一路與華亞三路B5棟5樓,10.4,商,,,1090227,土地1建物1車位1,五層,24,住宅大樓(11層含以上有電梯),住商用,鋼筋混凝土造,,135.26,0,0,1,有,無,8320000,63552,坡道平面,31.88,1750000,,RPRWMLSKMHGGFHH17CB
龜山區,房地(土地+建物)+車位,桃園市龜山區文化一路與華亞三路B5棟6樓,10.18,商,,,1090603,土地1建物1車位1,六層,24,住宅大樓(11層含以上有電梯),住商用,鋼筋混凝土造,,133.59,0,0,1,有,無,8140000,63745,坡道平面,30.21,1550000,,RPSWMLSKMHGGFHH27CB
龜山區,房地(土地+建物)+車位,桃園市龜山區文化一路與華亞三路B5棟7樓,10.18,商,,,1090630,土地1建物1車位1,七層,24,住宅大樓(11層含以上有電梯),住商用,鋼筋混凝土造,,133.59,0,0,1,有,無,8420000,65003,坡道平面,30.21,1700000,,RPTWMLSKMHGGFHH37CB
龜山區,房地(土地+建物)+車位,桃園市龜山區文化一路與華亞三路B5棟8樓,10.4,商,,,1090522,土地1建物1車位1,八層,24,住宅大樓(11層含以上有電梯),住商用,鋼筋混凝土造,,135.26,0,0,1,有,無,8420000,64519,坡道平面,31.88,1750000,,RPUWMLSKMHGGFHH47CB
龜山區,房地(土地+建物)+車位,桃園市龜山區文化一路與華亞三路B5棟9樓,10.18,商,,,1090904,土地1建物1車位1,九層,24,住宅大樓(11層含以上有電梯),住商用,鋼筋混凝土造,,133.59,0,0,1,有,無,8390000,64713,坡道平面,30.21,1700000,,RPVWMLSKMHGGFHH57CB
龜山區,房地(土地+建物)+車位,桃園市龜山區文化一路與華亞三路B5棟10樓,10.4,商,,,1090725,土地1建物1車位1,十層,24,住宅大樓(11層含以上有電梯),住商用,鋼筋混凝土造,,137.13,0,0,1,有,無,8340000,64229,坡道平面,33.75,1700000,,RPWWMLSKMHGGFHH67CB
龜山區,房地(土地+建物)+車位,桃園市龜山區文化一路與華亞三路B5棟11樓,10.4,商,,,1090630,土地1建物1車位1,十一層,24,住宅大樓(11層含以上有電梯),住商用,鋼筋混凝土造,,137.13,0,0,1,有,無,8240000,64229,坡道平面,33.75,1600000,,RPXWMLSKMHGGFHH77CB
龜山區,房地(土地+建物)+車位,桃園市龜山區文化一路與華亞三路B5棟12樓,14.98,商,,,1081226,土地1建物1車位1,十二層,24,住宅大樓(11層含以上有電梯),住家用,鋼筋混凝土造,,184.28,3,2,3,有,無,12880000,73031,坡道平面,31.88,1750000,,RPONNLSKMHGGFHH68CB
龜山區,房地(土地+建物)+車位,桃園市龜山區文化一路與華亞三路B5棟13樓,14.98,商,,,1090409,土地1建物1車位1,十三層,24,住宅大樓(11層含以上有電梯),住家用,鋼筋混凝土造,,184.28,3,2,3,有,無,13220000,75262,坡道平面,31.88,1750000,,RPPNNLSKMHGGFHH78CB
龜山區,房地(土地+建物)+車位,桃園市龜山區文化一路與華亞三路B5棟14樓,14.98,商,,,1090603,土地1建物1車位1,十四層,24,住宅大樓(11層含以上有電梯),住家用,鋼筋混凝土造,,184.28,3,2,3,有,無,12500000,70866,坡道平面,31.88,1700000,,RPQNNLSKMHGGFHH88CB
龜山區,房地(土地+建物)+車位,桃園市龜山區文化一路與華亞三路B5棟15樓,14.98,商,,,1090208,土地1建物1車位1,十五層,24,住宅大樓(11層含以上有電梯),住家用,鋼筋混凝土造,,184.28,3,2,3,有,無,13000000,74803,坡道平面,31.88,1600000,,RPRNNLSKMHGGFHH98CB
龜山區,房地(土地+建物)+車位,桃園市龜山區文化一路與華亞三路B5棟16樓,14.98,商,,,1081105,土地1建物1車位1,十六層,24,住宅大樓(11層含以上有電梯),住家用,鋼筋混凝土造,,184.28,3,2,3,有,無,12800000,72178,坡道平面,31.88,1800000,,RPSNNLSKMHGGFHH09CB
龜山區,房地(土地+建物)+車位,桃園市龜山區文化一路與華亞三路B5棟18樓,12.35,商,,,1090524,土地1建物1車位1,十八層,24,住宅大樓(11層含以上有電梯),住家用,鋼筋混凝土造,,157.72,3,2,2,有,無,10800000,71917,坡道平面,31.88,1750000,,RPTNNLSKMHGGFHH56CB
龜山區,房地(土地+建物)+車位,桃園市龜山區文化一路與華亞三路B5棟19樓,12.35,商,,,1090728,土地1建物1車位1,十九層,24,住宅大樓(11層含以上有電梯),住家用,鋼筋混凝土造,,157.72,3,2,2,有,無,11000000,73903,坡道平面,31.88,1700000,,RPUNNLSKMHGGFHH66CB
龜山區,房地(土地+建物)+車位,桃園市龜山區文化一路與華亞三路B5棟20樓,12.35,商,,,1090806,土地1建物1車位1,二十層,24,住宅大樓(11層含以上有電梯),住家用,鋼筋混凝土造,,157.72,3,2,2,有,無,11000000,73903,坡道平面,31.88,1700000,,RPVNNLSKMHGGFHH76CB
龜山區,房地(土地+建物)+車位,桃園市龜山區文化一路與華亞三路B5棟21樓,12.35,商,,,1090918,土地1建物1車位1,二十一層,24,住宅大樓(11層含以上有電梯),住家用,鋼筋混凝土造,,157.72,3,2,2,有,無,10880000,72155,坡道平面,31.88,1800000,,RPWNNLSKMHGGFHH86CB
龜山區,房地(土地+建物)+車位,桃園市龜山區文化一路與華亞三路B5棟22樓,12.35,商,,,1090820,土地1建物1車位1,二十二層,24,住宅大樓(11層含以上有電梯),住家用,鋼筋混凝土造,,157.72,3,2,2,有,無,11040000,74221,坡道平面,31.88,1700000,,RPXNNLSKMHGGFHH96CB
龜山區,房地(土地+建物)+車位,桃園市龜山區文化一路與華亞三路B5棟23樓,12.35,商,,,1081118,土地1建物1車位1,二十三層,24,住宅大樓(11層含以上有電梯),住家用,鋼筋混凝土造,,157.72,3,2,2,有,無,11100000,74301,坡道平面,31.88,1750000,,RPOONLSKMHGGFHH78CB
龜山區,房地(土地+建物)+車位,桃園市龜山區文化一路與華亞三路B6棟4樓,8.86,商,,,1081115,土地1建物1車位1,四層,24,住宅大樓(11層含以上有電梯),住商用,鋼筋混凝土造,,120.07,0,0,1,有,無,6950000,60664,坡道平面,31.88,1600000,,RPPONLSKMHGGFHH88CB
龜山區,房地(土地+建物)+車位,桃園市龜山區文化一路與華亞三路B6棟5樓,8.86,商,,,1090224,土地1建物1車位1,五層,24,住宅大樓(11層含以上有電梯),住商用,鋼筋混凝土造,,120.07,0,0,1,有,無,7290000,63386,坡道平面,31.88,1700000,,RPQONLSKMHGGFHH98CB
龜山區,房地(土地+建物)+車位,桃園市龜山區文化一路與華亞三路B6棟6樓,8.65,商,,,1090603,土地1建物1車位1,六層,24,住宅大樓(11層含以上有電梯),住商用,鋼筋混凝土造,,118.4,0,0,1,有,無,7090000,62819,坡道平面,30.21,1550000,,RPRONLSKMHGGFHH09CB
龜山區,房地(土地+建物)+車位,桃園市龜山區文化一路與華亞三路B6棟7樓,8.86,商,,,1090706,土地1建物1車位1,七層,24,住宅大樓(11層含以上有電梯),住商用,鋼筋混凝土造,,120.07,0,0,1,有,無,7220000,63726,坡道平面,31.88,1600000,,RPSONLSKMHGGFHH56CB
龜山區,房地(土地+建物)+車位,桃園市龜山區文化一路與華亞三路B6棟8樓,8.86,商,,,1090911,土地1建物1車位1,八層,24,住宅大樓(11層含以上有電梯),住商用,鋼筋混凝土造,,120.07,0,0,1,有,無,7340000,62819,坡道平面,31.88,1800000,,RPTONLSKMHGGFHH66CB
龜山區,房地(土地+建物)+車位,桃園市龜山區文化一路與華亞三路B6棟9樓,8.86,商,,,1090710,土地1建物1車位1,九層,24,住宅大樓(11層含以上有電梯),住商用,鋼筋混凝土造,,120.07,0,0,1,有,無,7260000,64180,坡道平面,31.88,1600000,,RPUONLSKMHGGFHH76CB
龜山區,房地(土地+建物)+車位,桃園市龜山區文化一路與華亞三路B6棟10樓,8.86,商,,,1090715,土地1建物1車位1,十層,24,住宅大樓(11層含以上有電梯),住商用,鋼筋混凝土造,,120.07,0,0,1,有,無,7170000,63159,坡道平面,31.88,1600000,,RPVONLSKMHGGFHH86CB
龜山區,房地(土地+建物)+車位,桃園市龜山區文化一路與華亞三路B6棟11樓,8.86,商,,,1090629,土地1建物1車位1,十一層,24,住宅大樓(11層含以上有電梯),住商用,鋼筋混凝土造,,120.07,0,0,1,有,無,7000000,61231,坡道平面,31.88,1600000,,RPWONLSKMHGGFHH96CB
龜山區,房地(土地+建物)+車位,桃園市龜山區文化一路與華亞三路B6棟12樓,12.35,商,,,1090423,土地1建物1車位1,十二層,24,住宅大樓(11層含以上有電梯),住家用,鋼筋混凝土造,,157.72,3,2,2,有,無,10600000,71519,坡道平面,31.88,1600000,,RPXONLSKMHGGFHH07CB
龜山區,房地(土地+建物)+車位,桃園市龜山區文化一路與華亞三路B6棟13樓,12.35,商,,,1090529,土地1建物1車位1,十三層,24,住宅大樓(11層含以上有電梯),住家用,鋼筋混凝土造,,159.59,3,2,2,有,無,10700000,71519,坡道平面,33.75,1700000,,RPOPNLSKMHGGFHH88CB
龜山區,房地(土地+建物)+車位,桃園市龜山區文化一路與華亞三路B6棟14樓,12.35,商,,,1090625,土地1建物1車位1,十四層,24,住宅大樓(11層含以上有電梯),住家用,鋼筋混凝土造,,157.72,3,2,2,有,無,10900000,73109,坡道平面,31.88,1700000,,RPPPNLSKMHGGFHH98CB
龜山區,房地(土地+建物)+車位,桃園市龜山區文化一路與華亞三路B6棟15樓,12.35,商,,,1090731,土地1建物1車位1,十五層,24,住宅大樓(11層含以上有電梯),住家用,鋼筋混凝土造,,157.72,3,2,2,有,無,10780000,72155,坡道平面,31.88,1700000,,RPQPNLSKMHGGFHH09CB
龜山區,房地(土地+建物)+車位,桃園市龜山區文化一路與華亞三路B6棟16樓,12.35,商,,,1090722,土地1建物1車位1,十六層,24,住宅大樓(11層含以上有電梯),住家用,鋼筋混凝土造,,157.72,3,2,2,有,無,10750000,71917,坡道平面,31.88,1700000,,RPRPNLSKMHGGFHH56CB
龜山區,房地(土地+建物)+車位,桃園市龜山區文化一路與華亞三路B6棟17樓,12.14,商,,,1090731,土地1建物1車位1,十七層,24,住宅大樓(11層含以上有電梯),住家用,鋼筋混凝土造,,156.05,3,2,2,有,無,10800000,72711,坡道平面,30.21,1650000,,RPSPNLSKMHGGFHH66CB
龜山區,房地(土地+建物)+車位,桃園市龜山區文化一路與華亞三路B7棟4樓,9.91,商,,,1090115,土地1建物1車位1,四層,24,住宅大樓(11層含以上有電梯),住商用,鋼筋混凝土造,,129.83,0,0,1,有,無,7830000,61534,坡道平面,30.21,1700000,,RPTPNLSKMHGGFHH76CB
龜山區,房地(土地+建物)+車位,桃園市龜山區文化一路與華亞三路B7棟5樓,10.12,商,,,1090313,土地1建物1車位1,五層,24,住宅大樓(11層含以上有電梯),住商用,鋼筋混凝土造,,133.37,0,0,1,有,無,7760000,61835,坡道平面,33.75,1600000,,RPUPNLSKMHGGFHH86CB
龜山區,房地(土地+建物)+車位,桃園市龜山區文化一路與華亞三路B7棟6樓,10.12,商,,,1090915,土地1建物1車位1,六層,24,住宅大樓(11層含以上有電梯),住商用,鋼筋混凝土造,,131.5,0,0,1,有,無,7960000,62839,坡道平面,31.88,1700000,,RPVPNLSKMHGGFHH96CB
龜山區,房地(土地+建物)+車位,桃園市龜山區文化一路與華亞三路B7棟7樓,9.91,商,,,1090917,土地1建物1車位1,七層,24,住宅大樓(11層含以上有電梯),住商用,鋼筋混凝土造,,129.83,0,0,1,有,無,8140000,64144,坡道平面,30.21,1750000,,RPWPNLSKMHGGFHH07CB
龜山區,房地(土地+建物)+車位,桃園市龜山區文化一路與華亞三路B7棟8樓,10.12,商,,,1090909,土地1建物1車位1,八層,24,住宅大樓(11層含以上有電梯),住商用,鋼筋混凝土造,,131.5,0,0,1,有,無,8010000,63341,坡道平面,31.88,1700000,,RPXPNLSKMHGGFHH17CB
龜山區,房地(土地+建物)+車位,桃園市龜山區文化一路與華亞三路B7棟9樓,10.12,商,,,1090911,土地1建物1車位1,九層,24,住宅大樓(11層含以上有電梯),住商用,鋼筋混凝土造,,131.5,0,0,1,有,無,8110000,64345,坡道平面,31.88,1700000,,RPOQNLSKMHGGFHH98CB
龜山區,房地(土地+建物)+車位,桃園市龜山區文化一路與華亞三路B7棟10樓,9.91,商,,,1090914,土地1建物1車位1,十層,24,住宅大樓(11層含以上有電梯),住商用,鋼筋混凝土造,,129.83,0,0,1,有,無,8190000,64646,坡道平面,30.21,1750000,,RPPQNLSKMHGGFHH09CB
龜山區,房地(土地+建物)+車位,桃園市龜山區文化一路與華亞三路B7棟11樓,10.12,商,,,1090908,土地1建物1車位1,十一層,24,住宅大樓(11層含以上有電梯),住商用,鋼筋混凝土造,,131.5,0,0,1,有,無,8230000,64545,坡道平面,31.88,1800000,,RPQQNLSKMHGGFHH56CB
龜山區,房地(土地+建物)+車位,桃園市龜山區文化一路與華亞三路A1棟3樓,9.73,商,,,1091018,土地1建物1車位1,三層,24,店面(店鋪),商業用,鋼筋混凝土造,,128.62,0,0,1,有,無,8000000,62539,坡道平面,31.88,1950000,,RPRQNLSKMHGGFHH66CB
龜山區,房地(土地+建物)+車位,桃園市龜山區文化一路與華亞三路A2棟3樓,9.1,商,,,1091018,土地1建物1車位1,三層,24,店面(店鋪),商業用,鋼筋混凝土造,,120.02,0,0,1,有,無,7460000,62514,坡道平面,31.88,1950000,,RPSQNLSKMHGGFHH76CB
龜山區,房地(土地+建物)+車位,桃園市龜山區文化一路與華亞三路A3棟3樓,11.27,商,,,1091018,土地1建物1車位1,三層,24,店面(店鋪),商業用,鋼筋混凝土造,,147.47,0,0,1,有,無,9280000,63414,坡道平面,31.88,1950000,,RPTQNLSKMHGGFHH86CB
龜山區,房地(土地+建物)+車位,桃園市龜山區文化一路與華亞三路A4棟3樓,9.13,商,,,1091015,土地1建物1車位1,三層,24,店面(店鋪),商業用,鋼筋混凝土造,,120.26,0,0,1,有,無,6960000,60556,坡道平面,35.05,1800000,,RPUQNLSKMHGGFHH96CB
龜山區,房地(土地+建物)+車位,桃園市龜山區文化一路與華亞三路A5棟3樓,22.03,商,,,1091015,土地1建物1車位2,三層,24,店面(店鋪),商業用,鋼筋混凝土造,,270.35,0,0,1,有,無,16120000,61024,坡道平面,70.1,3900000,,RPVQNLSKMHGGFHH07CB
龜山區,房地(土地+建物)+車位,桃園市龜山區文化一路與華亞三路A6棟3樓,14.49,商,,,1091015,土地1建物1車位1,三層,24,店面(店鋪),商業用,鋼筋混凝土造,,171.22,0,0,1,有,無,10320000,62202,坡道平面,35.05,1850000,,RPWQNLSKMHGGFHH17CB
龜山區,房地(土地+建物)+車位,桃園市龜山區樂善國小側面 S1,25.79,住,,,1080601,土地1建物1車位1,一層,15,店面(店鋪),住商用,鋼筋混凝土造,,184.76,0,0,0,無,無,18000000,100919,坡道平面,24.73,1850000,,RPSQMLTKMHGGFHH76CB
龜山區,房地(土地+建物)+車位,桃園市龜山區樂善國小側面 S2,19.89,住,,,1090510,土地1建物1車位1,一層,15,店面(店鋪),住商用,鋼筋混凝土造,,147.45,0,0,0,無,無,13320000,93465,坡道平面,24.73,1850000,,RPTQMLTKMHGGFHH86CB
龜山區,房地(土地+建物)+車位,桃園市龜山區樂善國小側面 S8,12.86,住,,,1090314,土地1建物1車位1,一層,15,店面(店鋪),住商用,鋼筋混凝土造,,103.22,0,0,0,無,無,9900000,102561,坡道平面,24.73,1850000,,RPUQMLTKMHGGFHH96CB
龜山區,房地(土地+建物)+車位,桃園市龜山區樂善國小側面 S3,19.27,住,,,1090603,土地1建物1車位1,一層,15,店面(店鋪),住商用,鋼筋混凝土造,,143.53,0,0,0,無,無,12260000,87205,坡道平面,24.73,1900000,含夾層面積,RPVQMLTKMHGGFHH07CB
龜山區,房地(土地+建物)+車位,桃園市龜山區樂善國小側面 S5,21.41,住,,,1090603,土地1建物1車位1,一層,15,店面(店鋪),住商用,鋼筋混凝土造,,157.15,0,0,0,無,無,13540000,87902,坡道平面,24.73,1900000,含夾層面積,RPXQMLTKMHGGFHH27CB
龜山區,房地(土地+建物)+車位,桃園市龜山區樂善國小側面 S6,19.89,住,,,1090530,土地1建物1車位1,一層,15,店面(店鋪),住商用,鋼筋混凝土造,,147.45,0,0,0,無,無,13360000,93383,坡道平面,24.73,1900000,,RPORMLTKMHGGFHH09CB
龜山區,房地(土地+建物),桃園市龜山區樂善國小側面 S7,11.31,住,,,1090503,土地1建物1車位0,一層,15,店面(店鋪),住商用,鋼筋混凝土造,,70.94,0,0,0,無,無,7850000,110657,,0.0,0,,RPPRMLTKMHGGFHH56CB
龜山區,房地(土地+建物)+車位,桃園市龜山區樂善國小側面 A1-02,20.55,住,,,1090311,土地1建物1車位1,二層,15,住宅大樓(11層含以上有電梯),住家用,鋼筋混凝土造,,152.26,3,2,2,有,無,10800000,67827,坡道平面,24.73,2150000,,RPQRMLTKMHGGFHH66CB
龜山區,房地(土地+建物)+車位,桃園市龜山區樂善國小側面 A1-03,20.55,住,,,1091023,土地1建物1車位1,三層,15,住宅大樓(11層含以上有電梯),住家用,鋼筋混凝土造,,152.26,3,2,2,有,無,10100000,63122,坡道平面,24.73,2050000,,RPRRMLTKMHGGFHH76CB
龜山區,房地(土地+建物)+車位,桃園市龜山區樂善國小側面 A1-07,20.55,住,,,1090823,土地1建物1車位1,七層,15,住宅大樓(11層含以上有電梯),住家用,鋼筋混凝土造,,152.26,3,2,2,有,無,10380000,65318,坡道平面,24.73,2050000,,RPURMLTKMHGGFHH07CB
中壢區,房地(土地+建物)+車位,桃園市中壢區青溪段456地號,16.76,住,,,1080720,土地1建物1車位1,十層,14,住宅大樓(11層含以上有電梯),住家用,鋼筋混凝土造,,127.76,2,2,1,有,無,8960000,76703,坡道平面,29.85,1450000,,RPRSMLTKMHGGFBH98DB
中壢區,房地(土地+建物)+車位,桃園市中壢區青溪段456地號,21.32,住,,,1080602,土地1建物1車位2,九層,14,住宅大樓(11層含以上有電梯),住家用,鋼筋混凝土造,,184.24,3,2,2,有,無,11980000,74514,坡道平面,59.7,2700000,,RPSSMLTKMHGGFBH09DB
中壢區,房地(土地+建物)+車位,桃園市中壢區青溪段456地號,14.19,住,,,1080608,土地1建物1車位1,二層,14,住宅大樓(11層含以上有電梯),住家用,鋼筋混凝土造,,112.74,2,1,1,有,無,7500000,72988,坡道平面,29.85,1450000,,RPTSMLTKMHGGFBH56DB
中壢區,房地(土地+建物)+車位,桃園市中壢區青溪段456地號,21.99,住,,,1080622,土地1建物1車位2,九層,14,住宅大樓(11層含以上有電梯),住家用,鋼筋混凝土造,,184.77,3,2,2,有,無,12000000,72808,坡道平面,56.35,2650000,,RPWSMLTKMHGGFBH86DB
中壢區,房地(土地+建物)+車位,桃園市中壢區青溪段456地號,16.76,住,,,1080629,土地1建物1車位1,三層,14,住宅大樓(11層含以上有電梯),住家用,鋼筋混凝土造,,124.41,2,2,2,有,無,8200000,70473,坡道平面,26.5,1300000,,RPXSMLTKMHGGFBH96DB
中壢區,房地(土地+建物)+車位,桃園市中壢區青溪段456地號,16.76,住,,,1080707,土地1建物1車位1,二層,14,住宅大樓(11層含以上有電梯),住家用,鋼筋混凝土造,,127.76,2,2,2,有,無,8520000,72209,坡道平面,29.85,1450000,,RPOTMLTKMHGGFBH78DB
中壢區,房地(土地+建物)+車位,桃園市中壢區青溪段456地號,21.75,住,,,1080708,土地1建物1車位1,八層,14,住宅大樓(11層含以上有電梯),住家用,鋼筋混凝土造,,156.92,3,2,2,有,無,10720000,72952,坡道平面,29.85,1450000,,RPPTMLTKMHGGFBH88DB
中壢區,房地(土地+建物)+車位,桃園市中壢區青溪段456地號,16.76,住,,,1080714,土地1建物1車位1,七層,14,住宅大樓(11層含以上有電梯),住家用,鋼筋混凝土造,,127.76,2,2,1,有,無,8680000,73843,坡道平面,29.85,1450000,,RPQTMLTKMHGGFBH98DB
中壢區,房地(土地+建物)+車位,桃園市中壢區青溪段456地號,16.76,住,,,1080721,土地1建物1車位1,九層,14,住宅大樓(11層含以上有電梯),住家用,鋼筋混凝土造,,127.76,2,2,1,有,無,8900000,76090,坡道平面,29.85,1450000,,RPRTMLTKMHGGFBH09DB
中壢區,房地(土地+建物)+車位,桃園市中壢區青溪段456地號,21.75,住,,,1080721,土地1建物1車位2,十層,14,住宅大樓(11層含以上有電梯),住家用,鋼筋混凝土造,,183.42,3,2,2,有,無,12100000,72795,坡道平面,56.35,2850000,,RPTTMLTKMHGGFBH66DB
中壢區,房地(土地+建物)+車位,桃園市中壢區青溪段456地號,16.76,住,,,1080721,土地1建物1車位1,五層,14,住宅大樓(11層含以上有電梯),住家用,鋼筋混凝土造,,127.76,2,2,2,有,無,8450000,72516,坡道平面,29.85,1350000,,RPWTMLTKMHGGFBH96DB
中壢區,房地(土地+建物)+車位,桃園市中壢區青溪段456地號,21.99,住,,,1080730,土地1建物1車位1,十一層,14,住宅大樓(11層含以上有電梯),住家用,鋼筋混凝土造,,158.27,3,2,2,有,無,11130000,75378,坡道平面,29.85,1450000,,RPXTMLTKMHGGFBH07DB
中壢區,房地(土地+建物)+車位,桃園市中壢區青溪段456地號,16.76,住,,,1080807,土地1建物1車位1,六層,14,住宅大樓(11層含以上有電梯),住家用,鋼筋混凝土造,,127.76,2,2,2,有,無,8500000,73026,坡道平面,29.85,1350000,,RPPUMLTKMHGGFBH98DB
中壢區,房地(土地+建物)+車位,桃園市中壢區青溪段456地號,16.76,住,,,1080713,土地1建物1車位1,八層,14,住宅大樓(11層含以上有電梯),住家用,鋼筋混凝土造,,127.76,2,2,1,有,無,8850000,76601,坡道平面,29.85,1350000,,RPQUMLTKMHGGFBH09DB
中壢區,房地(土地+建物)+車位,桃園市中壢區青溪段456地號,30.9,住,,,1080830,土地1建物1車位2,十四層,14,住宅大樓(11層含以上有電梯),住家用,鋼筋混凝土造,,240.32,3,2,2,有,無,18300000,86369,坡道平面,59.7,2700000,,RPRUMLTKMHGGFBH56DB
中壢區,房地(土地+建物)+車位,桃園市中壢區青溪段456地號,16.76,住,,,1080831,土地1建物1車位1,七層,14,住宅大樓(11層含以上有電梯),住家用,鋼筋混凝土造,,127.76,2,2,2,有,無,8450000,72516,坡道平面,29.85,1350000,,RPTUMLTKMHGGFBH76DB
中壢區,房地(土地+建物)+車位,桃園市中壢區青溪段456地號,16.76,住,,,1080904,土地1建物1車位1,十層,14,住宅大樓(11層含以上有電梯),住家用,鋼筋混凝土造,,127.76,2,2,2,有,無,9080000,77929,坡道平面,29.85,1450000,,RPUUMLTKMHGGFBH86DB
中壢區,房地(土地+建物)+車位,桃園市中壢區青溪段456地號,14.19,住,,,1080922,土地1建物1車位1,十二層,14,住宅大樓(11層含以上有電梯),住家用,鋼筋混凝土造,,112.74,2,1,1,有,無,7770000,76246,坡道平面,29.85,1450000,,RPPOMLKLMHGGFBH57DB
中壢區,房地(土地+建物)+車位,桃園市中壢區青溪段456地號,16.76,住,,,1081006,土地1建物1車位1,十二層,14,住宅大樓(11層含以上有電梯),住家用,鋼筋混凝土造,,127.76,2,2,1,有,無,8950000,76601,坡道平面,29.85,1450000,,RPQOMLKLMHGGFBH67DB
中壢區,房地(土地+建物)+車位,桃園市中壢區青溪段456地號,21.32,住,,,1080927,土地1建物1車位1,三層,14,住宅大樓(11層含以上有電梯),住家用,鋼筋混凝土造,,154.4,3,2,2,有,無,10320000,72019,坡道平面,29.85,1350000,,RPTOMLKLMHGGFBH97DB
中壢區,房地(土地+建物)+車位,桃園市中壢區青溪段456地號,14.19,住,,,1081006,土地1建物1車位1,二層,14,住宅大樓(11層含以上有電梯),住家用,鋼筋混凝土造,,112.74,2,1,1,有,無,7580000,75160,坡道平面,29.85,1350000,,RPVOMLKLMHGGFBH18DB
中壢區,房地(土地+建物)+車位,桃園市中壢區青溪段456地號,16.76,住,,,1081018,土地1建物1車位1,十一層,14,住宅大樓(11層含以上有電梯),住家用,鋼筋混凝土造,,127.76,2,2,1,有,無,8900000,76090,坡道平面,29.85,1450000,,RPXOMLKLMHGGFBH38DB
中壢區,房地(土地+建物)+車位,桃園市中壢區青溪段456地號,21.99,住,,,1081023,土地1建物1車位2,十三層,14,住宅大樓(11層含以上有電梯),住家用,鋼筋混凝土造,,184.77,3,2,2,有,無,12500000,75144,坡道平面,56.35,2850000,,RPPQMLKLMHGGFBH77DB
中壢區,房地(土地+建物)+車位,桃園市中壢區青溪段456地號,21.75,住,,,1081021,土地1建物1車位2,九層,14,住宅大樓(11層含以上有電梯),住家用,鋼筋混凝土造,,186.77,3,2,2,有,無,11980000,71457,坡道平面,59.7,2900000,,RPPRMLKLMHGGFBH87DB
中壢區,房地(土地+建物)+車位,桃園市中壢區青溪段456地號,21.32,住,,,1081018,土地1建物1車位2,九層,14,住宅大樓(11層含以上有電梯),住家用,鋼筋混凝土造,,184.25,3,2,2,有,無,11820000,71618,坡道平面,59.7,2900000,,RPQTMLKLMHGGFBH18DB
龜山區,房地(土地+建物)+車位,桃園市龜山區樂善國小側面 A1-09,20.55,住,,,1090913,土地1建物1車位1,九層,15,住宅大樓(11層含以上有電梯),住家用,鋼筋混凝土造,,152.26,3,2,2,有,無,10500000,66259,坡道平面,24.73,2050000,,RPRNMLKLMHGGFHH18CB
龜山區,房地(土地+建物)+車位,桃園市龜山區樂善國小側面 A1-11,20.55,住,,,1091107,土地1建物1車位1,十一層,15,住宅大樓(11層含以上有電梯),住家用,鋼筋混凝土造,,152.26,3,2,2,有,無,10320000,64847,坡道平面,24.73,2050000,,RPSNMLKLMHGGFHH28CB
龜山區,房地(土地+建物)+車位,桃園市龜山區樂善國小側面 A1-12,20.55,住,,,1090809,土地1建物1車位1,十二層,15,住宅大樓(11層含以上有電梯),住家用,鋼筋混凝土造,,152.26,3,2,2,有,無,10250000,64299,坡道平面,24.73,2050000,,RPTNMLKLMHGGFHH38CB
龜山區,房地(土地+建物)+車位,桃園市龜山區樂善國小側面 A1-08,20.55,住,,,1090802,土地1建物1車位1,八層,15,住宅大樓(11層含以上有電梯),住家用,鋼筋混凝土造,,152.26,3,2,2,有,無,10230000,64534,坡道平面,24.73,2000000,,RPVNMLKLMHGGFHH58CB
龜山區,房地(土地+建物)+車位,桃園市龜山區樂善國小側面 A1-04,20.55,住,,,1081012,土地1建物1車位1,四層,15,住宅大樓(11層含以上有電梯),住家用,鋼筋混凝土造,,152.26,3,2,2,有,無,9920000,62887,坡道平面,24.73,1900000,,RPPPMLKLMHGGFHH18CB
龜山區,房地(土地+建物)+車位,桃園市龜山區樂善國小側面 A1-05,20.55,住,,,1091106,土地1建物1車位1,五層,15,住宅大樓(11層含以上有電梯),住家用,鋼筋混凝土造,,151.25,3,2,2,有,無,10160000,63985,坡道平面,23.72,2000000,,RPQPMLKLMHGGFHH28CB
龜山區,房地(土地+建物)+車位,桃園市龜山區樂善國小側面 A1-10,20.55,住,,,1091023,土地1建物1車位1,十層,15,住宅大樓(11層含以上有電梯),住家用,鋼筋混凝土造,,151.25,3,2,2,有,無,10380000,65710,坡道平面,23.72,2000000,,RPRPMLKLMHGGFHH38CB
龜山區,房地(土地+建物)+車位,桃園市龜山區樂善國小側面 A1-13,20.55,住,,,1080707,土地1建物1車位1,十三層,15,住宅大樓(11層含以上有電梯),住家用,鋼筋混凝土造,,151.25,3,2,2,有,無,10030000,64142,坡道平面,23.72,1850000,,RPTPMLKLMHGGFHH58CB
龜山區,房地(土地+建物)+車位,桃園市龜山區樂善國小側面 A1-14,20.55,住,,,1080810,土地1建物1車位1,十四層,15,住宅大樓(11層含以上有電梯),住家用,鋼筋混凝土造,,151.25,3,2,2,有,無,10540000,68141,坡道平面,23.72,1850000,,RPVPMLKLMHGGFHH78CB
龜山區,房地(土地+建物)+車位,桃園市龜山區樂善國小側面 A1-06,20.55,住,,,1081019,土地1建物1車位1,六層,15,住宅大樓(11層含以上有電梯),住家用,鋼筋混凝土造,,146.42,3,2,2,有,無,9510000,64377,坡道機械,18.89,1300000,,RPOQMLKLMHGGFHH18CB
龜山區,房地(土地+建物)+車位,桃園市龜山區樂善國小側面 A1-15,20.69,住,,,1080601,土地1建物1車位1,十五層,15,住宅大樓(11層含以上有電梯),住家用,鋼筋混凝土造,,153.25,3,2,2,有,無,9710000,67772,坡道平面,24.73,1000000,親友、員工或其他特殊關係間之交易。；,RPPQMLKLMHGGFHH28CB
龜山區,房地(土地+建物)+車位,桃園市龜山區樂善國小側面 A2-02,13.27,住,,,1090920,土地1建物1車位1,二層,15,住宅大樓(11層含以上有電梯),住家用,鋼筋混凝土造,,106.42,2,2,1,有,無,6800000,60595,坡道平面,24.73,1850000,,RPQQMLKLMHGGFHH38CB
龜山區,房地(土地+建物)+車位,桃園市龜山區樂善國小側面 A2-09,13.14,住,,,1090523,土地1建物1車位1,九層,15,住宅大樓(11層含以上有電梯),住家用,鋼筋混凝土造,,105.6,2,2,1,有,無,7150000,64919,坡道平面,24.73,1900000,,RPSQMLKLMHGGFHH58CB
龜山區,房地(土地+建物)+車位,桃園市龜山區樂善國小側面 A2-11,13.14,住,,,1081011,土地1建物1車位1,十一層,15,住宅大樓(11層含以上有電梯),住家用,鋼筋混凝土造,,105.6,2,2,1,有,無,7000000,63064,坡道平面,24.73,1900000,,RPTQMLKLMHGGFHH68CB
龜山區,房地(土地+建物)+車位,桃園市龜山區樂善國小側面 A2-14,13.14,住,,,1080609,土地1建物1車位1,十四層,15,住宅大樓(11層含以上有電梯),住家用,鋼筋混凝土造,,105.6,2,2,1,有,無,6470000,68010,坡道平面,24.73,970000,親友、員工或其他特殊關係間之交易。；,RPUQMLKLMHGGFHH78CB
龜山區,房地(土地+建物)+車位,桃園市龜山區樂善國小側面 A2-03,13.14,住,,,1080811,土地1建物1車位1,三層,15,住宅大樓(11層含以上有電梯),住家用,鋼筋混凝土造,,104.59,2,2,1,有,無,6990000,64177,坡道平面,23.72,1800000,,RPVQMLKLMHGGFHH88CB
龜山區,房地(土地+建物)+車位,桃園市龜山區樂善國小側面 A2-05,13.14,住,,,1081201,土地1建物1車位1,五層,15,住宅大樓(11層含以上有電梯),住家用,鋼筋混凝土造,,104.59,2,2,1,有,無,6730000,60962,坡道平面,23.72,1800000,,RPWQMLKLMHGGFHH98CB
龜山區,房地(土地+建物)+車位,桃園市龜山區樂善國小側面 A2-08,13.14,住,,,1081020,土地1建物1車位1,八層,15,住宅大樓(11層含以上有電梯),住家用,鋼筋混凝土造,,104.59,2,2,1,有,無,6880000,62817,坡道平面,23.72,1800000,,RPXQMLKLMHGGFHH09CB
龜山區,房地(土地+建物)+車位,桃園市龜山區樂善國小側面 A2-12,13.14,住,,,1081027,土地1建物1車位1,十二層,15,住宅大樓(11層含以上有電梯),住家用,鋼筋混凝土造,,104.59,2,2,1,有,無,6780000,61580,坡道平面,23.72,1800000,,RPORMLKLMHGGFHH28CB
龜山區,房地(土地+建物)+車位,桃園市龜山區樂善國小側面 A2-13,13.14,住,,,1080727,土地1建物1車位1,十三層,15,住宅大樓(11層含以上有電梯),住家用,鋼筋混凝土造,,104.59,2,2,1,有,無,6880000,62817,坡道平面,23.72,1800000,,RPPRMLKLMHGGFHH38CB
龜山區,房地(土地+建物)+車位,桃園市龜山區樂善國小側面 A2-04,13.14,住,,,1080630,土地1建物1車位1,四層,15,住宅大樓(11層含以上有電梯),住家用,鋼筋混凝土造,,99.76,2,2,1,有,無,6330000,60962,坡道機械,18.89,1400000,,RPQRMLKLMHGGFHH48CB
龜山區,房地(土地+建物)+車位,桃園市龜山區樂善國小側面 A2-10,13.14,住,,,1081117,土地1建物1車位1,十層,15,住宅大樓(11層含以上有電梯),住家用,鋼筋混凝土造,,99.76,2,2,1,有,無,6500000,63064,坡道機械,18.89,1400000,,RPSRMLKLMHGGFHH68CB
龜山區,房地(土地+建物),桃園市龜山區樂善國小側面 A2-06,12.79,住,,,1081109,土地1建物1車位0,六層,15,住宅大樓(11層含以上有電梯),住家用,鋼筋混凝土造,,80.87,2,2,1,有,無,5950000,73575,,0.0,0,,RPTRMLKLMHGGFHH78CB
龜山區,房地(土地+建物),桃園市龜山區樂善國小側面 A2-07,12.79,住,,,1081102,土地1建物1車位0,七層,15,住宅大樓(11層含以上有電梯),住家用,鋼筋混凝土造,,80.87,2,2,1,有,無,5900000,72957,,0.0,0,,RPURMLKLMHGGFHH88CB
龜山區,房地(土地+建物)+車位,桃園市龜山區樂善國小側面 A3-13,19.72,住,,,1100116,土地1建物1車位1,十三層,15,住宅大樓(11層含以上有電梯),住家用,鋼筋混凝土造,,147.17,3,2,2,有,無,10000000,64113,坡道平面,24.73,2150000,,RPWRMLKLMHGGFHH09CB
龜山區,房地(土地+建物)+車位,桃園市龜山區樂善國小側面 A3-14,19.72,住,,,1090704,土地1建物1車位1,十四層,15,住宅大樓(11層含以上有電梯),住家用,鋼筋混凝土造,,147.17,3,2,2,有,無,9980000,65175,坡道平面,24.73,2000000,,RPXRMLKLMHGGFHH56CB
龜山區,房地(土地+建物)+車位,桃園市龜山區樂善國小側面 A3-08,19.72,住,,,1080818,土地1建物1車位1,八層,15,住宅大樓(11層含以上有電梯),住家用,鋼筋混凝土造,,147.17,3,2,2,有,無,9990000,66073,坡道平面,24.73,1900000,,RPPSMLKLMHGGFHH48CB
龜山區,房地(土地+建物)+車位,桃園市龜山區樂善國小側面 A3-11,19.72,住,,,1081214,土地1建物1車位1,十一層,15,住宅大樓(11層含以上有電梯),住家用,鋼筋混凝土造,,147.17,3,2,2,有,無,9830000,64766,坡道平面,24.73,1900000,,RPTNMLLLMHGGFHH48CB
龜山區,房地(土地+建物)+車位,桃園市龜山區樂善國小側面 A3-03,19.72,住,,,1080901,土地1建物1車位1,三層,15,住宅大樓(11層含以上有電梯),住家用,鋼筋混凝土造,,147.17,3,2,2,有,無,9500000,62480,坡道平面,24.73,1850000,,RPVNMLLLMHGGFHH68CB
龜山區,房地(土地+建物)+車位,桃園市龜山區樂善國小側面 A3-06,19.72,住,,,1080824,土地1建物1車位1,六層,15,住宅大樓(11層含以上有電梯),住家用,鋼筋混凝土造,,147.17,3,2,2,有,無,9700000,64113,坡道平面,24.73,1850000,,RPWNMLLLMHGGFHH78CB
龜山區,房地(土地+建物)+車位,桃園市龜山區樂善國小側面 A3-07,19.72,住,,,1080727,土地1建物1車位1,七層,15,住宅大樓(11層含以上有電梯),住家用,鋼筋混凝土造,,147.17,3,2,2,有,無,9800000,64930,坡道平面,24.73,1850000,,RPXNMLLLMHGGFHH88CB
龜山區,房地(土地+建物)+車位,桃園市龜山區樂善國小側面 A3-09,19.72,住,,,1080915,土地1建物1車位1,九層,15,住宅大樓(11層含以上有電梯),住家用,鋼筋混凝土造,,147.17,3,2,2,有,無,9850000,65338,坡道平面,24.73,1850000,,RPOOMLLLMHGGFHH08CB
龜山區,房地(土地+建物)+車位,桃園市龜山區樂善國小側面 A3-10,19.72,住,,,1080929,土地1建物1車位1,十層,15,住宅大樓(11層含以上有電梯),住家用,鋼筋混凝土造,,147.17,3,2,2,有,無,10000000,66563,坡道平面,24.73,1850000,,RPPOMLLLMHGGFHH18CB
龜山區,房地(土地+建物)+車位,桃園市龜山區樂善國小側面 A3-05,19.72,住,,,1080920,土地1建物1車位1,五層,15,住宅大樓(11層含以上有電梯),住家用,鋼筋混凝土造,,146.16,3,2,2,有,無,9660000,63786,坡道平面,23.72,1850000,,RPQOMLLLMHGGFHH28CB
龜山區,房地(土地+建物)+車位,桃園市龜山區樂善國小側面 A3-12,19.72,住,,,1080929,土地1建物1車位1,十二層,15,住宅大樓(11層含以上有電梯),住家用,鋼筋混凝土造,,146.16,3,2,2,有,無,9780000,64766,坡道平面,23.72,1850000,,RPROMLLLMHGGFHH38CB
龜山區,房地(土地+建物)+車位,桃園市龜山區樂善國小側面 A3-04,19.72,住,,,1081207,土地1建物1車位1,四層,15,住宅大樓(11層含以上有電梯),住家用,鋼筋混凝土造,,141.33,3,2,2,有,無,9100000,63705,坡道機械,18.89,1300000,,RPSOMLLLMHGGFHH48CB
龜山區,房地(土地+建物)+車位,桃園市龜山區樂善國小側面 A3-15,20.24,住,,,1080616,土地1建物1車位2,十五層,15,住宅大樓(11層含以上有電梯),住家用,鋼筋混凝土造,,172.79,3,2,2,有,無,10210000,66650,坡道平面,49.46,1990000,親友、員工或其他特殊關係間之交易。；,RPTOMLLLMHGGFHH58CB
龜山區,房地(土地+建物)+車位,桃園市龜山區樂善國小側面 B1-02,23.1,住,,,1091017,土地1建物1車位1,二層,15,住宅大樓(11層含以上有電梯),住家用,鋼筋混凝土造,,168.52,3,2,2,有,無,11380000,64886,坡道平面,24.73,2050000,,RPVOMLLLMHGGFHH78CB
龜山區,房地(土地+建物)+車位,桃園市龜山區樂善國小側面 B1-03,23.1,住,,,1081218,土地1建物1車位1,三層,15,住宅大樓(11層含以上有電梯),住家用,鋼筋混凝土造,,168.52,3,2,2,有,無,11500000,66416,坡道平面,24.73,1950000,,RPWOMLLLMHGGFHH88CB
龜山區,房地(土地+建物)+車位,桃園市龜山區樂善國小側面 B1-04,23.1,住,,,1100208,土地1建物1車位1,四層,15,住宅大樓(11層含以上有電梯),住家用,鋼筋混凝土造,,168.52,3,2,2,有,無,11150000,64678,坡道平面,24.73,1850000,,RPXOMLLLMHGGFHH98CB
龜山區,房地(土地+建物)+車位,桃園市龜山區樂善國小側面 B1-05,23.1,住,,,1081006,土地1建物1車位1,五層,15,住宅大樓(11層含以上有電梯),住家用,鋼筋混凝土造,,168.52,3,2,2,有,無,11380000,66277,坡道平面,24.73,1850000,,RPOPMLLLMHGGFHH18CB
龜山區,房地(土地+建物)+車位,桃園市龜山區樂善國小側面 B1-07,23.1,住,,,1081116,土地1建物1車位1,七層,15,住宅大樓(11層含以上有電梯),住家用,鋼筋混凝土造,,168.52,3,2,2,有,無,11550000,67459,坡道平面,24.73,1850000,,RPPPMLLLMHGGFHH28CB
龜山區,房地(土地+建物)+車位,桃園市龜山區樂善國小側面 B1-08,23.1,住,,,1080728,土地1建物1車位1,八層,15,住宅大樓(11層含以上有電梯),住家用,鋼筋混凝土造,,168.52,3,2,2,有,無,11550000,67459,坡道平面,24.73,1850000,,RPQPMLLLMHGGFHH38CB
龜山區,房地(土地+建物)+車位,桃園市龜山區樂善國小側面 B1-09,23.1,住,,,1080608,土地1建物1車位1,九層,15,住宅大樓(11層含以上有電梯),住家用,鋼筋混凝土造,,168.52,3,2,2,有,無,11660000,68224,坡道平面,24.73,1850000,,RPRPMLLLMHGGFHH48CB
龜山區,房地(土地+建物)+車位,桃園市龜山區樂善國小側面 B1-06,23.1,住,,,1081026,土地1建物1車位1,六層,15,住宅大樓(11層含以上有電梯),住家用,鋼筋混凝土造,,168.52,3,2,2,有,無,11520000,66903,坡道平面,24.73,1900000,,RPSPMLLLMHGGFHH58CB
龜山區,房地(土地+建物)+車位,桃園市龜山區樂善國小側面 B1-10,23.1,住,,,1080914,土地1建物1車位1,十層,15,住宅大樓(11層含以上有電梯),住家用,鋼筋混凝土造,,168.52,3,2,2,有,無,11730000,68364,坡道平面,24.73,1900000,,RPTPMLLLMHGGFHH68CB
龜山區,房地(土地+建物)+車位,桃園市龜山區樂善國小側面 B1-11,23.1,住,,,1091111,土地1建物1車位1,十一層,15,住宅大樓(11層含以上有電梯),住家用,鋼筋混凝土造,,168.52,3,2,2,有,無,11600000,67459,坡道平面,24.73,1900000,,RPUPMLLLMHGGFHH78CB
龜山區,房地(土地+建物)+車位,桃園市龜山區樂善國小側面 B1-12,23.1,住,,,1081228,土地1建物1車位1,十二層,15,住宅大樓(11層含以上有電梯),住家用,鋼筋混凝土造,,168.52,3,2,2,有,無,11640000,67738,坡道平面,24.73,1900000,,RPVPMLLLMHGGFHH88CB
龜山區,房地(土地+建物)+車位,桃園市龜山區樂善國小側面 B1-13,23.1,住,,,1090425,土地1建物1車位1,十三層,15,住宅大樓(11層含以上有電梯),住家用,鋼筋混凝土造,,168.52,3,2,2,有,無,11510000,66834,坡道平面,24.73,1900000,,RPXPMLLLMHGGFHH09CB
龜山區,房地(土地+建物)+車位,桃園市龜山區樂善國小側面 B1-14,23.1,住,,,1080714,土地1建物1車位1,十四層,15,住宅大樓(11層含以上有電梯),住家用,鋼筋混凝土造,,168.52,3,2,2,有,無,11070000,69615,坡道平面,24.73,1060000,親友、員工或其他特殊關係間之交易。；,RPOQMLLLMHGGFHH28CB
龜山區,房地(土地+建物)+車位,桃園市龜山區樂善國小側面 B1-15,23.1,住,,,1080721,土地1建物1車位1,十五層,15,住宅大樓(11層含以上有電梯),住家用,鋼筋混凝土造,,168.52,3,2,2,有,無,10760000,67459,坡道平面,24.73,1060000,親友、員工或其他特殊關係間之交易。；,RPPQMLLLMHGGFHH38CB
龜山區,房地(土地+建物)+車位,桃園市龜山區樂善國小側面 B2-09,19.48,住,,,1080707,土地1建物1車位1,九層,15,住宅大樓(11層含以上有電梯),住家用,鋼筋混凝土造,,145.53,3,2,2,有,無,9690000,70695,坡道平面,24.73,1150000,親友、員工或其他特殊關係間之交易。；,RPQQMLLLMHGGFHH48CB
龜山區,房地(土地+建物)+車位,桃園市龜山區樂善國小側面 B2-13,19.48,住,,,1100117,土地1建物1車位1,十三層,15,住宅大樓(11層含以上有電梯),住家用,鋼筋混凝土造,,145.53,3,2,2,有,無,10180000,66060,坡道平面,24.73,2200000,,RPSQMLLLMHGGFHH68CB
龜山區,房地(土地+建物)+車位,桃園市龜山區樂善國小側面 B2-05,19.48,住,,,1090712,土地1建物1車位1,五層,15,住宅大樓(11層含以上有電梯),住家用,鋼筋混凝土造,,145.53,3,2,2,有,無,9980000,65646,坡道平面,24.73,2050000,,RPTQMLLLMHGGFHH78CB
龜山區,房地(土地+建物)+車位,桃園市龜山區樂善國小側面 B2-03,19.48,住,,,1081110,土地1建物1車位1,三層,15,住宅大樓(11層含以上有電梯),住家用,鋼筋混凝土造,,145.53,3,2,2,有,無,10000000,67053,坡道平面,24.73,1900000,,RPUQMLLLMHGGFHH88CB
龜山區,房地(土地+建物)+車位,桃園市龜山區樂善國小側面 B2-07,19.48,住,,,1090111,土地1建物1車位1,七層,15,住宅大樓(11層含以上有電梯),住家用,鋼筋混凝土造,,145.53,3,2,2,有,無,10100000,67881,坡道平面,24.73,1900000,,RPVQMLLLMHGGFHH98CB
龜山區,房地(土地+建物)+車位,桃園市龜山區樂善國小側面 B2-08,19.48,住,,,1080908,土地1建物1車位1,八層,15,住宅大樓(11層含以上有電梯),住家用,鋼筋混凝土造,,145.53,3,2,2,有,無,10080000,67715,坡道平面,24.73,1900000,,RPWQMLLLMHGGFHH09CB
龜山區,房地(土地+建物)+車位,桃園市龜山區樂善國小側面 B2-04,19.48,住,,,1090608,土地1建物1車位1,四層,15,住宅大樓(11層含以上有電梯),住家用,鋼筋混凝土造,,145.53,3,2,2,有,無,9660000,64652,坡道平面,24.73,1850000,,RPXQMLLLMHGGFHH56CB
龜山區,房地(土地+建物)+車位,桃園市龜山區樂善國小側面 B2-10,19.48,住,,,1081201,土地1建物1車位1,十層,15,住宅大樓(11層含以上有電梯),住家用,鋼筋混凝土造,,145.53,3,2,2,有,無,10010000,67550,坡道平面,24.73,1850000,,RPORMLLLMHGGFHH38CB
龜山區,房地(土地+建物)+車位,桃園市龜山區樂善國小側面 B2-11,19.48,住,,,1081006,土地1建物1車位1,十一層,15,住宅大樓(11層含以上有電梯),住家用,鋼筋混凝土造,,145.53,3,2,2,有,無,9950000,67053,坡道平面,24.73,1850000,,RPQRMLLLMHGGFHH58CB
龜山區,房地(土地+建物)+車位,桃園市龜山區樂善國小側面 B2-12,19.48,住,,,1100327,土地1建物1車位1,十二層,15,住宅大樓(11層含以上有電梯),住家用,鋼筋混凝土造,,145.53,3,2,2,有,無,9910000,66722,坡道平面,24.73,1850000,,RPRRMLLLMHGGFHH68CB
龜山區,房地(土地+建物)+車位,桃園市龜山區樂善國小側面 B2-06,19.48,住,,,1100226,土地1建物1車位1,六層,15,住宅大樓(11層含以上有電梯),住家用,鋼筋混凝土造,,144.52,3,2,2,有,無,9980000,65232,坡道平面,23.72,2100000,,RPSRMLLLMHGGFHH78CB
龜山區,房地(土地+建物)+車位,桃園市龜山區樂善國小側面 B2-14,19.48,住,,,1100227,土地1建物1車位1,十四層,15,住宅大樓(11層含以上有電梯),住家用,鋼筋混凝土造,,144.52,3,2,2,有,無,10000000,65397,坡道平面,23.72,2100000,,RPTRMLLLMHGGFHH88CB
龜山區,房地(土地+建物)+車位,桃園市龜山區樂善國小側面 B2-15,19.48,住,,,1100201,土地1建物1車位1,十五層,15,住宅大樓(11層含以上有電梯),住家用,鋼筋混凝土造,,144.52,3,2,2,有,無,9980000,65232,坡道平面,23.72,2100000,,RPURMLLLMHGGFHH98CB
龜山區,房地(土地+建物)+車位,桃園市龜山區樂善國小側面 B2-02,20.03,住,,,1090712,土地1建物1車位1,二層,15,住宅大樓(11層含以上有電梯),住家用,鋼筋混凝土造,,149.1,3,2,2,有,無,9980000,63761,坡道平面,24.73,2050000,,RPVRMLLLMHGGFHH09CB
龜山區,房地(土地+建物),桃園市龜山區樂善國小側面 C1-02,14.31,住,,,1091231,土地1建物1車位0,二層,15,住宅大樓(11層含以上有電梯),住家用,鋼筋混凝土造,,90.47,2,2,2,有,無,6000000,66320,,0.0,0,,RPWRMLLLMHGGFHH56CB
龜山區,房地(土地+建物)+車位,桃園市龜山區樂善國小側面 C1-03,14.65,住,,,1090301,土地1建物1車位1,三層,15,住宅大樓(11層含以上有電梯),住家用,鋼筋混凝土造,,114.19,2,2,2,有,無,7800000,66320,坡道平面,23.72,1800000,,RPXRMLLLMHGGFHH66CB
龜山區,房地(土地+建物)+車位,桃園市龜山區樂善國小側面 C1-04,14.65,住,,,1090620,土地1建物1車位1,四層,15,住宅大樓(11層含以上有電梯),住家用,鋼筋混凝土造,,115.2,2,2,2,有,無,7750000,65215,坡道平面,24.73,1850000,,RPPSMLLLMHGGFHH58CB
龜山區,房地(土地+建物)+車位,桃園市龜山區樂善國小側面 C1-08,14.65,住,,,1081208,土地1建物1車位1,八層,15,住宅大樓(11層含以上有電梯),住家用,鋼筋混凝土造,,114.19,2,2,2,有,無,7900000,67426,坡道平面,23.72,1800000,,RPQSMLLLMHGGFHH68CB
龜山區,房地(土地+建物)+車位,桃園市龜山區樂善國小側面 C1-05,14.65,住,,,1080804,土地1建物1車位1,五層,15,住宅大樓(11層含以上有電梯),住家用,鋼筋混凝土造,,115.2,2,2,2,有,無,7800000,65768,坡道平面,24.73,1850000,,RPRSMLLLMHGGFHH78CB
龜山區,房地(土地+建物)+車位,桃園市龜山區樂善國小側面 C1-07,14.65,住,,,1090829,土地1建物1車位1,七層,15,住宅大樓(11層含以上有電梯),住家用,鋼筋混凝土造,,115.2,2,2,2,有,無,7920000,65989,坡道平面,24.73,1950000,,RPSSMLLLMHGGFHH88CB
龜山區,房地(土地+建物)+車位,桃園市龜山區樂善國小側面 C1-11,14.65,住,,,1090905,土地1建物1車位1,十一層,15,住宅大樓(11層含以上有電梯),住家用,鋼筋混凝土造,,115.2,2,2,2,有,無,7900000,65768,坡道平面,24.73,1950000,,RPTSMLLLMHGGFHH98CB
龜山區,房地(土地+建物)+車位,桃園市龜山區樂善國小側面 C1-13,14.65,住,,,1091010,土地1建物1車位1,十三層,15,住宅大樓(11層含以上有電梯),住家用,鋼筋混凝土造,,115.2,2,2,2,有,無,7980000,66652,坡道平面,24.73,1950000,,RPUSMLLLMHGGFHH09CB
龜山區,房地(土地+建物)+車位,桃園市龜山區樂善國小側面 C1-06,14.65,住,,,1100116,土地1建物1車位1,六層,15,住宅大樓(11層含以上有電梯),住家用,鋼筋混凝土造,,115.2,2,2,2,有,無,8100000,68531,坡道平面,24.73,1900000,,RPVSMLLLMHGGFHH56CB
龜山區,房地(土地+建物)+車位,桃園市龜山區樂善國小側面 C1-09,14.65,住,,,1090524,土地1建物1車位1,九層,15,住宅大樓(11層含以上有電梯),住家用,鋼筋混凝土造,,115.2,2,2,2,有,無,8000000,67426,坡道平面,24.73,1900000,,RPWSMLLLMHGGFHH66CB
龜山區,房地(土地+建物)+車位,桃園市龜山區樂善國小側面 C1-12,14.65,住,,,1100405,土地1建物1車位1,十二層,15,住宅大樓(11層含以上有電梯),住家用,鋼筋混凝土造,,115.2,2,2,2,有,無,8000000,67426,坡道平面,24.73,1900000,,RPXSMLLLMHGGFHH76CB
龜山區,房地(土地+建物)+車位,桃園市龜山區樂善國小側面 C1-14,14.65,住,,,1080630,土地1建物1車位1,十四層,15,住宅大樓(11層含以上有電梯),住家用,鋼筋混凝土造,,115.2,2,2,2,有,無,7370000,69747,坡道平面,24.73,1060000,親友、員工或其他特殊關係間之交易。；,RPOTMLLLMHGGFHH58CB
龜山區,房地(土地+建物)+車位,桃園市龜山區樂善國小側面 C1-10,14.65,住,,,1091231,土地1建物1車位1,十層,15,住宅大樓(11層含以上有電梯),住家用,鋼筋混凝土造,,109.36,2,2,2,有,無,6530000,68973,坡道機械,18.89,290000,親友、員工或其他特殊關係間之交易。；,RPPTMLLLMHGGFHH68CB
龜山區,房地(土地+建物)+車位,桃園市龜山區樂善國小側面 C2-02,14.62,住,,,1080915,土地1建物1車位1,二層,15,住宅大樓(11層含以上有電梯),住家用,鋼筋混凝土造,,114.88,2,2,1,有,無,7450000,62119,坡道平面,24.73,1850000,,RPRTMLLLMHGGFHH88CB
龜山區,房地(土地+建物)+車位,桃園市龜山區樂善國小側面 C2-03,14.62,住,,,1090112,土地1建物1車位1,三層,15,住宅大樓(11層含以上有電梯),住家用,鋼筋混凝土造,,114.88,2,2,1,有,無,7550000,63228,坡道平面,24.73,1850000,,RPTTMLLLMHGGFHH09CB
龜山區,房地(土地+建物)+車位,桃園市龜山區樂善國小側面 C2-10,14.62,住,,,1090607,土地1建物1車位1,十層,15,住宅大樓(11層含以上有電梯),住家用,鋼筋混凝土造,,114.88,2,2,1,有,無,7800000,66001,坡道平面,24.73,1850000,,RPUTMLLLMHGGFHH56CB
龜山區,房地(土地+建物)+車位,桃園市龜山區樂善國小側面 C2-14,14.62,住,,,1090202,土地1建物1車位1,十四層,15,住宅大樓(11層含以上有電梯),住家用,鋼筋混凝土造,,114.88,2,2,1,有,無,7520000,62895,坡道平面,24.73,1850000,,RPVTMLLLMHGGFHH66CB
龜山區,房地(土地+建物)+車位,桃園市龜山區樂善國小側面 C2-05,14.62,住,,,1081123,土地1建物1車位1,五層,15,住宅大樓(11層含以上有電梯),住家用,鋼筋混凝土造,,114.88,2,2,1,有,無,7750000,64892,坡道平面,24.73,1900000,,RPXTMLLLMHGGFHH86CB
龜山區,房地(土地+建物)+車位,桃園市龜山區樂善國小側面 C2-07,14.62,住,,,1091027,土地1建物1車位1,七層,15,住宅大樓(11層含以上有電梯),住家用,鋼筋混凝土造,,114.88,2,2,1,有,無,7900000,66556,坡道平面,24.73,1900000,,RPOUMLLLMHGGFHH68CB
龜山區,房地(土地+建物)+車位,桃園市龜山區樂善國小側面 C2-11,14.62,住,,,1090429,土地1建物1車位1,十一層,15,住宅大樓(11層含以上有電梯),住家用,鋼筋混凝土造,,114.88,2,2,1,有,無,7870000,65668,坡道平面,24.73,1950000,,RPUNMLMLMHGGFHH68CB
龜山區,房地(土地+建物)+車位,桃園市龜山區樂善國小側面 C2-12,14.62,住,,,1090122,土地1建物1車位1,十二層,15,住宅大樓(11層含以上有電梯),住家用,鋼筋混凝土造,,114.88,2,2,1,有,無,7800000,65446,坡道平面,24.73,1900000,,RPVNMLMLMHGGFHH78CB
龜山區,房地(土地+建物)+車位,桃園市龜山區樂善國小側面 C2-04,14.62,住,,,1080713,土地1建物1車位1,四層,15,住宅大樓(11層含以上有電梯),住家用,鋼筋混凝土造,,109.04,2,2,1,有,無,7000000,62119,坡道機械,18.89,1400000,,RPWNMLMLMHGGFHH88CB
龜山區,房地(土地+建物)+車位,桃園市龜山區樂善國小側面 C2-06,14.62,住,,,1080623,土地1建物1車位1,六層,15,住宅大樓(11層含以上有電梯),住家用,鋼筋混凝土造,,109.04,2,2,1,有,無,7580000,68552,坡道機械,18.89,1400000,,RPXNMLMLMHGGFHH98CB
龜山區,房地(土地+建物)+車位,桃園市龜山區樂善國小側面 C2-09,14.62,住,,,1080901,土地1建物1車位1,九層,15,住宅大樓(11層含以上有電梯),住家用,鋼筋混凝土造,,109.04,2,2,1,有,無,7590000,68663,坡道機械,18.89,1400000,,RPPOMLMLMHGGFHH28CB
龜山區,房地(土地+建物)+車位,桃園市龜山區樂善國小側面 C2-08,14.62,住,,,1090122,土地1建物1車位1,八層,15,住宅大樓(11層含以上有電梯),住家用,鋼筋混凝土造,,109.04,2,2,1,有,無,7200000,65446,坡道機械,18.89,1300000,,RPQOMLMLMHGGFHH38CB
龜山區,房地(土地+建物)+車位,桃園市龜山區樂善國小側面 C2-13,14.62,住,,,1090606,土地1建物1車位1,十三層,15,住宅大樓(11層含以上有電梯),住家用,鋼筋混凝土造,,113.87,2,2,1,有,無,7800000,66001,坡道平面,23.72,1850000,,RPROMLMLMHGGFHH48CB
龜山區,房地(土地+建物)+車位,桃園市龜山區樂善國小側面 C3-02,14.55,住,,,1091231,土地1建物1車位1,二層,15,住宅大樓(11層含以上有電梯),住家用,鋼筋混凝土造,,113.46,2,2,1,有,無,7000000,66526,坡道平面,23.72,1030000,親友、員工或其他特殊關係間之交易。；,RPSOMLMLMHGGFHH58CB
龜山區,房地(土地+建物)+車位,桃園市龜山區樂善國小側面 C3-03,14.55,住,,,1090118,土地1建物1車位1,三層,15,住宅大樓(11層含以上有電梯),住家用,鋼筋混凝土造,,114.47,2,2,1,有,無,7650000,64074,坡道平面,24.73,1900000,,RPTOMLMLMHGGFHH68CB
龜山區,房地(土地+建物)+車位,桃園市龜山區樂善國小側面 C3-08,14.55,住,,,1081124,土地1建物1車位1,八層,15,住宅大樓(11層含以上有電梯),住家用,鋼筋混凝土造,,114.47,2,2,1,有,無,7720000,64854,坡道平面,24.73,1900000,,RPUOMLMLMHGGFHH78CB
龜山區,房地(土地+建物)+車位,桃園市龜山區樂善國小側面 C3-09,14.55,住,,,1080901,土地1建物1車位1,九層,15,住宅大樓(11層含以上有電梯),住家用,鋼筋混凝土造,,114.47,2,2,1,有,無,7850000,66303,坡道平面,24.73,1900000,,RPVOMLMLMHGGFHH88CB
龜山區,房地(土地+建物)+車位,桃園市龜山區樂善國小側面 C3-12,14.55,住,,,1081103,土地1建物1車位1,十二層,15,住宅大樓(11層含以上有電梯),住家用,鋼筋混凝土造,,114.47,2,2,1,有,無,7770000,65411,坡道平面,24.73,1900000,,RPWOMLMLMHGGFHH98CB
龜山區,房地(土地+建物)+車位,桃園市龜山區樂善國小側面 C3-04,14.55,住,,,1080803,土地1建物1車位1,四層,15,住宅大樓(11層含以上有電梯),住家用,鋼筋混凝土造,,114.47,2,2,1,有,無,7410000,61957,坡道平面,24.73,1850000,,RPXOMLMLMHGGFHH09CB
龜山區,房地(土地+建物)+車位,桃園市龜山區樂善國小側面 C3-06,14.55,住,,,1080908,土地1建物1車位1,六層,15,住宅大樓(11層含以上有電梯),住家用,鋼筋混凝土造,,114.47,2,2,1,有,無,7580000,63851,坡道平面,24.73,1850000,,RPOPMLMLMHGGFHH28CB
龜山區,房地(土地+建物)+車位,桃園市龜山區樂善國小側面 C3-07,14.55,住,,,1100327,土地1建物1車位1,七層,15,住宅大樓(11層含以上有電梯),住家用,鋼筋混凝土造,,114.47,2,2,1,有,無,7700000,65188,坡道平面,24.73,1850000,,RPPPMLMLMHGGFHH38CB
龜山區,房地(土地+建物)+車位,桃園市龜山區樂善國小側面 C3-10,14.55,住,,,1090614,土地1建物1車位1,十層,15,住宅大樓(11層含以上有電梯),住家用,鋼筋混凝土造,,114.47,2,2,1,有,無,7800000,66303,坡道平面,24.73,1850000,,RPQPMLMLMHGGFHH48CB
龜山區,房地(土地+建物)+車位,桃園市龜山區樂善國小側面 C3-11,14.55,住,,,1090223,土地1建物1車位1,十一層,15,住宅大樓(11層含以上有電梯),住家用,鋼筋混凝土造,,114.47,2,2,1,有,無,7700000,65188,坡道平面,24.73,1850000,,RPRPMLMLMHGGFHH58CB
龜山區,房地(土地+建物)+車位,桃園市龜山區樂善國小側面 C3-05,14.55,住,,,1080817,土地1建物1車位1,五層,15,住宅大樓(11層含以上有電梯),住家用,鋼筋混凝土造,,113.46,2,2,1,有,無,7470000,63183,坡道平面,23.72,1800000,,RPSPMLMLMHGGFHH68CB
龜山區,房地(土地+建物)+車位,桃園市龜山區樂善國小側面 C3-13,14.55,住,,,1090801,土地1建物1車位1,十三層,15,住宅大樓(11層含以上有電梯),住家用,鋼筋混凝土造,,108.63,2,2,1,有,無,6950000,62960,坡道機械,18.89,1300000,,RPTPMLMLMHGGFHH78CB
龜山區,房地(土地+建物)+車位,桃園市龜山區樂善國小側面 C3-14,14.89,住,,,1080728,土地1建物1車位2,十四層,15,住宅大樓(11層含以上有電梯),住家用,鋼筋混凝土造,,139.2,2,2,1,有,無,7790000,64297,坡道平面,49.46,2020000,親友、員工或其他特殊關係間之交易。；,RPUPMLMLMHGGFHH88CB
龜山區,房地(土地+建物)+車位,桃園市龜山區樂善國小側面 C5-14,14.65,住,,,1080804,土地1建物1車位1,十四層,15,住宅大樓(11層含以上有電梯),住家用,鋼筋混凝土造,,115.2,2,2,2,有,無,6980000,65989,坡道平面,24.73,1010000,親友、員工或其他特殊關係間之交易。；,RPVPMLMLMHGGFHH98CB
龜山區,房地(土地+建物)+車位,桃園市龜山區樂善國小側面 C5-07,14.65,住,,,1091231,土地1建物1車位1,七層,15,住宅大樓(11層含以上有電梯),住家用,鋼筋混凝土造,,109.36,2,2,2,有,無,6900000,72842,坡道機械,18.89,310000,親友、員工或其他特殊關係間之交易。；,RPWPMLMLMHGGFHH09CB
龜山區,房地(土地+建物)+車位,桃園市龜山區樂善國小側面 C5-08,14.65,住,,,1090808,土地1建物1車位1,八層,15,住宅大樓(11層含以上有電梯),住家用,鋼筋混凝土造,,109.36,2,2,2,有,無,7170000,64883,坡道機械,18.89,1300000,,RPXPMLMLMHGGFHH56CB
龜山區,房地(土地+建物)+車位,桃園市龜山區樂善國小側面 C5-12,14.65,住,,,1091017,土地1建物1車位1,十二層,15,住宅大樓(11層含以上有電梯),住家用,鋼筋混凝土造,,109.36,2,2,2,有,無,7200000,65215,坡道機械,18.89,1300000,,RPOQMLMLMHGGFHH38CB
龜山區,房地(土地+建物)+車位,桃園市龜山區樂善國小側面 C5-09,14.65,住,,,1091026,土地1建物1車位1,九層,15,住宅大樓(11層含以上有電梯),住家用,鋼筋混凝土造,,115.2,2,2,2,有,無,8080000,67205,坡道平面,24.73,2000000,,RPPQMLMLMHGGFHH48CB
龜山區,房地(土地+建物)+車位,桃園市龜山區樂善國小側面 C5-10,14.65,住,,,1091107,土地1建物1車位1,十層,15,住宅大樓(11層含以上有電梯),住家用,鋼筋混凝土造,,115.2,2,2,2,有,無,8080000,67205,坡道平面,24.73,2000000,,RPQQMLMLMHGGFHH58CB
龜山區,房地(土地+建物)+車位,桃園市龜山區樂善國小側面 C5-02,14.65,住,,,1090209,土地1建物1車位1,二層,15,住宅大樓(11層含以上有電梯),住家用,鋼筋混凝土造,,115.2,2,2,2,有,無,7750000,64662,坡道平面,24.73,1900000,,RPRQMLMLMHGGFHH68CB
龜山區,房地(土地+建物)+車位,桃園市龜山區樂善國小側面 C5-13,14.65,住,,,1090516,土地1建物1車位1,十三層,15,住宅大樓(11層含以上有電梯),住家用,鋼筋混凝土造,,115.2,2,2,2,有,無,7960000,66984,坡道平面,24.73,1900000,,RPSQMLMLMHGGFHH78CB
龜山區,房地(土地+建物)+車位,桃園市龜山區樂善國小側面 C5-03,14.65,住,,,1090222,土地1建物1車位1,三層,15,住宅大樓(11層含以上有電梯),住家用,鋼筋混凝土造,,115.2,2,2,2,有,無,7850000,66320,坡道平面,24.73,1850000,,RPTQMLMLMHGGFHH88CB
龜山區,房地(土地+建物)+車位,桃園市龜山區樂善國小側面 C5-05,14.65,住,,,1080825,土地1建物1車位1,五層,15,住宅大樓(11層含以上有電梯),住家用,鋼筋混凝土造,,115.2,2,2,2,有,無,7750000,65215,坡道平面,24.73,1850000,,RPUQMLMLMHGGFHH98CB
龜山區,房地(土地+建物)+車位,桃園市龜山區樂善國小側面 C5-11,14.65,住,,,1080811,土地1建物1車位1,十一層,15,住宅大樓(11層含以上有電梯),住家用,鋼筋混凝土造,,115.2,2,2,2,有,無,7850000,66320,坡道平面,24.73,1850000,,RPVQMLMLMHGGFHH09CB
龜山區,房地(土地+建物)+車位,桃園市龜山區樂善國小側面 C5-04,14.65,住,,,1080928,土地1建物1車位1,四層,15,住宅大樓(11層含以上有電梯),住家用,鋼筋混凝土造,,114.19,2,2,2,有,無,7500000,63004,坡道平面,23.72,1800000,,RPWQMLMLMHGGFHH56CB
龜山區,房地(土地+建物)+車位,桃園市龜山區樂善國小側面 C5-06,14.65,住,,,1080707,土地1建物1車位1,六層,15,住宅大樓(11層含以上有電梯),住家用,鋼筋混凝土造,,114.19,2,2,2,有,無,7750000,65768,坡道平面,23.72,1800000,,RPXQMLMLMHGGFHH66CB
龜山區,房地(土地+建物)+車位,桃園市龜山區樂善國小側面 D1-02,20.03,住,,,1100306,土地1建物1車位1,二層,15,住宅大樓(11層含以上有電梯),住家用,鋼筋混凝土造,,148.09,3,2,2,有,無,10580000,67782,坡道平面,23.72,2150000,,RPORMLMLMHGGFHH48CB
龜山區,房地(土地+建物)+車位,桃園市龜山區樂善國小側面 D1-10,19.48,住,,,1100227,土地1建物1車位1,十層,15,住宅大樓(11層含以上有電梯),住家用,鋼筋混凝土造,,144.52,3,2,2,有,無,10250000,67053,坡道平面,23.72,2150000,,RPPRMLMLMHGGFHH58CB
龜山區,房地(土地+建物)+車位,桃園市龜山區樂善國小側面 D1-12,19.48,住,,,1100405,土地1建物1車位1,十二層,15,住宅大樓(11層含以上有電梯),住家用,鋼筋混凝土造,,144.52,3,2,2,有,無,10100000,65811,坡道平面,23.72,2150000,,RPQRMLMLMHGGFHH68CB
龜山區,房地(土地+建物)+車位,桃園市龜山區樂善國小側面 D1-04,19.48,住,,,1091206,土地1建物1車位1,四層,15,住宅大樓(11層含以上有電梯),住家用,鋼筋混凝土造,,144.52,3,2,2,有,無,9850000,65397,坡道平面,23.72,1950000,,RPRRMLMLMHGGFHH78CB
龜山區,房地(土地+建物)+車位,桃園市龜山區樂善國小側面 D1-06,19.48,住,,,1100307,土地1建物1車位1,六層,15,住宅大樓(11層含以上有電梯),住家用,鋼筋混凝土造,,144.52,3,2,2,有,無,10050000,65811,坡道平面,23.72,2100000,,RPSRMLMLMHGGFHH88CB
龜山區,房地(土地+建物)+車位,桃園市龜山區樂善國小側面 D1-09,19.48,住,,,1090711,土地1建物1車位1,九層,15,住宅大樓(11層含以上有電梯),住家用,鋼筋混凝土造,,144.52,3,2,2,有,無,10130000,67301,坡道平面,23.72,2000000,,RPOSMLMLMHGGFHH58CB
龜山區,房地(土地+建物)+車位,桃園市龜山區樂善國小側面 D1-13,19.48,住,,,1100228,土地1建物1車位1,十三層,15,住宅大樓(11層含以上有電梯),住家用,鋼筋混凝土造,,145.53,3,2,2,有,無,10150000,65811,坡道平面,24.73,2200000,,RPPSMLMLMHGGFHH68CB
龜山區,房地(土地+建物)+車位,桃園市龜山區樂善國小側面 D1-14,19.48,住,,,1100307,土地1建物1車位1,十四層,15,住宅大樓(11層含以上有電梯),住家用,鋼筋混凝土造,,145.53,3,2,2,有,無,10180000,66060,坡道平面,24.73,2200000,,RPQSMLMLMHGGFHH78CB
龜山區,房地(土地+建物)+車位,桃園市龜山區樂善國小側面 D1-03,19.48,住,,,1100310,土地1建物1車位1,三層,15,住宅大樓(11層含以上有電梯),住家用,鋼筋混凝土造,,145.53,3,2,2,有,無,9900000,64156,坡道平面,24.73,2150000,,RPRSMLMLMHGGFHH88CB
龜山區,房地(土地+建物)+車位,桃園市龜山區樂善國小側面 D1-05,19.48,住,,,1091007,土地1建物1車位1,五層,15,住宅大樓(11層含以上有電梯),住家用,鋼筋混凝土造,,145.53,3,2,2,有,無,9980000,66060,坡道平面,24.73,2000000,,RPSSMLMLMHGGFHH98CB
龜山區,房地(土地+建物)+車位,桃園市龜山區樂善國小側面 D1-08,19.48,住,,,1090628,土地1建物1車位1,八層,15,住宅大樓(11層含以上有電梯),住家用,鋼筋混凝土造,,145.53,3,2,2,有,無,10000000,66225,坡道平面,24.73,2000000,,RPTSMLMLMHGGFHH09CB
龜山區,房地(土地+建物)+車位,桃園市龜山區樂善國小側面 D1-15,19.48,住,,,1090921,土地1建物1車位1,十五層,15,住宅大樓(11層含以上有電梯),住家用,鋼筋混凝土造,,145.53,3,2,2,有,無,9800000,64570,坡道平面,24.73,2000000,,RPVSMLMLMHGGFHH66CB
龜山區,房地(土地+建物)+車位,桃園市龜山區樂善國小側面 D1-07,19.48,住,,,1090215,土地1建物1車位1,七層,15,住宅大樓(11層含以上有電梯),住家用,鋼筋混凝土造,,145.53,3,2,2,有,無,10000000,67053,坡道平面,24.73,1900000,,RPWSMLMLMHGGFHH76CB
龜山區,房地(土地+建物)+車位,桃園市龜山區樂善國小側面 D1-11,19.48,住,,,1090119,土地1建物1車位1,十一層,15,住宅大樓(11層含以上有電梯),住家用,鋼筋混凝土造,,145.53,3,2,2,有,無,10400000,70778,坡道平面,24.73,1850000,,RPXSMLMLMHGGFHH86CB
龜山區,房地(土地+建物)+車位,桃園市龜山區樂善國小側面 D2-02,20.83,住,,,1100315,土地1建物1車位1,二層,15,住宅大樓(11層含以上有電梯),住家用,鋼筋混凝土造,,153.12,3,2,2,有,無,11250000,70325,坡道平面,23.72,2150000,,RPPTMLMLMHGGFHH78CB
龜山區,房地(土地+建物)+車位,桃園市龜山區樂善國小側面 D2-05,20.83,住,,,1100123,土地1建物1車位1,五層,15,住宅大樓(11層含以上有電梯),住家用,鋼筋混凝土造,,154.13,3,2,2,有,無,10700000,65688,坡道平面,24.73,2200000,,RPQTMLMLMHGGFHH88CB
龜山區,房地(土地+建物)+車位,桃園市龜山區樂善國小側面 D2-08,20.83,住,,,1090711,土地1建物1車位1,八層,15,住宅大樓(11層含以上有電梯),住家用,鋼筋混凝土造,,154.13,3,2,2,有,無,10800000,67620,坡道平面,24.73,2050000,,RPRTMLMLMHGGFHH98CB
龜山區,房地(土地+建物)+車位,桃園市龜山區樂善國小側面 D2-10,20.83,住,,,1091011,土地1建物1車位1,十層,15,住宅大樓(11層含以上有電梯),住家用,鋼筋混凝土造,,154.13,3,2,2,有,無,10960000,68856,坡道平面,24.73,2050000,,RPSTMLMLMHGGFHH09CB
龜山區,房地(土地+建物)+車位,桃園市龜山區樂善國小側面 D2-04,20.83,住,,,1091206,土地1建物1車位1,四層,15,住宅大樓(11層含以上有電梯),住家用,鋼筋混凝土造,,154.13,3,2,2,有,無,10550000,66074,坡道平面,24.73,2000000,,RPTTMLMLMHGGFHH56CB
龜山區,房地(土地+建物)+車位,桃園市龜山區樂善國小側面 D2-07,20.83,住,,,1090718,土地1建物1車位1,七層,15,住宅大樓(11層含以上有電梯),住家用,鋼筋混凝土造,,154.13,3,2,2,有,無,10730000,67465,坡道平面,24.73,2000000,,RPUTMLMLMHGGFHH66CB
龜山區,房地(土地+建物)+車位,桃園市龜山區樂善國小側面 D2-11,20.83,住,,,1091204,土地1建物1車位1,十一層,15,住宅大樓(11層含以上有電梯),住家用,鋼筋混凝土造,,154.13,3,2,2,有,無,10760000,67697,坡道平面,24.73,2000000,,RPVTMLMLMHGGFHH76CB
龜山區,房地(土地+建物)+車位,桃園市龜山區樂善國小側面 D2-13,20.83,住,,,1091228,土地1建物1車位1,十三層,15,住宅大樓(11層含以上有電梯),住家用,鋼筋混凝土造,,154.13,3,2,2,有,無,10800000,68006,坡道平面,24.73,2000000,,RPWTMLMLMHGGFHH86CB
龜山區,房地(土地+建物)+車位,桃園市龜山區樂善國小側面 D2-14,20.83,住,,,1090919,土地1建物1車位1,十四層,15,住宅大樓(11層含以上有電梯),住家用,鋼筋混凝土造,,154.13,3,2,2,有,無,10680000,67079,坡道平面,24.73,2000000,,RPXTMLMLMHGGFHH96CB
龜山區,房地(土地+建物)+車位,桃園市龜山區樂善國小側面 D2-15,20.83,住,,,1090919,土地1建物1車位1,十五層,15,住宅大樓(11層含以上有電梯),住家用,鋼筋混凝土造,,154.13,3,2,2,有,無,10450000,65301,坡道平面,24.73,2000000,,RPOUMLMLMHGGFHH78CB
龜山區,房地(土地+建物)+車位,桃園市龜山區樂善國小側面 D2-06,20.83,住,,,1090613,土地1建物1車位1,六層,15,住宅大樓(11層含以上有電梯),住家用,鋼筋混凝土造,,154.13,3,2,2,有,無,10670000,67388,坡道平面,24.73,1950000,,RPPUMLMLMHGGFHH88CB
龜山區,房地(土地+建物)+車位,桃園市龜山區樂善國小側面 D2-09,20.83,住,,,1090829,土地1建物1車位1,九層,15,住宅大樓(11層含以上有電梯),住家用,鋼筋混凝土造,,154.13,3,2,2,有,無,10750000,68006,坡道平面,24.73,1950000,,RPQUMLMLMHGGFHH98CB
龜山區,房地(土地+建物)+車位,桃園市龜山區樂善國小側面 D2-03,20.83,住,,,1090321,土地1建物1車位1,三層,15,住宅大樓(11層含以上有電梯),住家用,鋼筋混凝土造,,154.13,3,2,2,有,無,10380000,65533,坡道平面,24.73,1900000,,RPRUMLMLMHGGFHH09CB
龜山區,房地(土地+建物)+車位,桃園市龜山區樂善國小側面 D2-12,20.83,住,,,1090208,土地1建物1車位1,十二層,15,住宅大樓(11層含以上有電梯),住家用,鋼筋混凝土造,,154.13,3,2,2,有,無,10530000,67079,坡道平面,24.73,1850000,,RPSUMLMLMHGGFHH56CB
龜山區,房地(土地+建物)+車位,桃園市龜山區樂善國小側面 E1-02,19.72,住,,,1090524,土地1建物1車位1,二層,15,住宅大樓(11層含以上有電梯),住家用,鋼筋混凝土造,,147.17,3,2,2,有,無,9700000,63705,坡道平面,24.73,1900000,,RPUUMLMLMHGGFHH76CB
中壢區,房地(土地+建物)+車位,桃園市中壢區青溪段456地號,21.75,住,,,1081019,土地1建物1車位2,三層,14,住宅大樓(11層含以上有電梯),住家用,鋼筋混凝土造,,186.77,3,2,2,有,無,11380000,66735,坡道平面,59.7,2900000,,RPPROLMLMHGGFBH28DB
中壢區,房地(土地+建物)+車位,桃園市中壢區青溪段456地號,21.99,住,,,1081028,土地1建物1車位1,十二層,14,住宅大樓(11層含以上有電梯),住家用,鋼筋混凝土造,,154.92,3,2,2,有,無,11440000,78960,坡道平面,26.5,1300000,,RPSROLMLMHGGFBH58DB
中壢區,房地(土地+建物)+車位,桃園市中壢區青溪段456地號,21.32,住,,,1081103,土地1建物1車位2,五層,14,住宅大樓(11層含以上有電梯),住家用,鋼筋混凝土造,,180.9,3,2,2,有,無,11330000,68085,坡道平面,56.35,2850000,,RPWROLMLMHGGFBH98DB
中壢區,房地(土地+建物)+車位,桃園市中壢區青溪段456地號,21.99,住,,,1081109,土地1建物1車位2,二層,14,住宅大樓(11層含以上有電梯),住家用,鋼筋混凝土造,,184.77,3,2,2,有,無,12100000,73587,坡道平面,56.35,2650000,,RPPSOLMLMHGGFBH38DB
中壢區,房地(土地+建物)+車位,桃園市中壢區青溪段456地號,21.75,住,,,1081108,土地1建物1車位2,十二層,14,住宅大樓(11層含以上有電梯),住家用,鋼筋混凝土造,,183.42,3,2,2,有,無,12520000,76100,坡道平面,56.35,2850000,,RPQSOLMLMHGGFBH48DB
中壢區,房地(土地+建物)+車位,桃園市中壢區青溪段456地號,16.76,住,,,1081110,土地1建物1車位1,十一層,14,住宅大樓(11層含以上有電梯),住家用,鋼筋混凝土造,,124.41,2,2,2,有,無,9100000,78644,坡道平面,26.5,1400000,,RPRSOLMLMHGGFBH58DB
中壢區,房地(土地+建物)+車位,桃園市中壢區青溪段456地號,16.76,住,,,1081116,土地1建物1車位1,四層,14,住宅大樓(11層含以上有電梯),住家用,鋼筋混凝土造,,127.76,2,2,2,有,無,8150000,69452,坡道平面,29.85,1350000,,RPTSOLMLMHGGFBH78DB
中壢區,房地(土地+建物)+車位,桃園市中壢區青溪段456地號,16.76,住,,,1081117,土地1建物1車位1,二層,14,住宅大樓(11層含以上有電梯),住家用,鋼筋混凝土造,,127.76,2,2,2,有,無,8480000,72822,坡道平面,29.85,1350000,,RPUSOLMLMHGGFBH88DB
中壢區,房地(土地+建物)+車位,桃園市中壢區青溪段456地號,21.32,住,,,1081119,土地1建物1車位1,二層,14,住宅大樓(11層含以上有電梯),住家用,鋼筋混凝土造,,151.05,3,2,2,有,無,10000000,69851,坡道平面,26.5,1300000,,RPVSOLMLMHGGFBH98DB
中壢區,房地(土地+建物)+車位,桃園市中壢區青溪段456地號,21.75,住,,,1081117,土地1建物1車位2,十三層,14,住宅大樓(11層含以上有電梯),住家用,鋼筋混凝土造,,183.42,3,2,2,有,無,12210000,75234,坡道平面,56.35,2650000,,RPWSOLMLMHGGFBH09DB
中壢區,房地(土地+建物)+車位,桃園市中壢區青溪段456地號,16.76,住,,,1081117,土地1建物1車位1,十二層,14,住宅大樓(11層含以上有電梯),住家用,鋼筋混凝土造,,127.76,2,2,2,有,無,9110000,79256,坡道平面,29.85,1350000,,RPOTOLMLMHGGFBH38DB
中壢區,房地(土地+建物)+車位,桃園市中壢區青溪段456地號,16.76,住,,,1081120,土地1建物1車位1,十三層,14,住宅大樓(11層含以上有電梯),住家用,鋼筋混凝土造,,127.76,2,2,1,有,無,8930000,77418,坡道平面,29.85,1350000,,RPPTOLMLMHGGFBH48DB
中壢區,房地(土地+建物)+車位,桃園市中壢區青溪段456地號,21.32,住,,,1081130,土地1建物1車位1,四層,14,住宅大樓(11層含以上有電梯),住家用,鋼筋混凝土造,,154.4,3,2,2,有,無,10330000,72100,坡道平面,29.85,1350000,,RPSTOLMLMHGGFBH78DB
中壢區,房地(土地+建物)+車位,桃園市中壢區青溪段456地號,21.75,住,,,1081205,土地1建物1車位2,十一層,14,住宅大樓(11層含以上有電梯),住家用,鋼筋混凝土造,,186.77,3,2,2,有,無,12400000,73188,坡道平面,59.7,3100000,,RPTTOLMLMHGGFBH88DB
中壢區,房地(土地+建物)+車位,桃園市中壢區青溪段456地號,21.32,住,,,1081201,土地1建物1車位2,十一層,14,住宅大樓(11層含以上有電梯),住家用,鋼筋混凝土造,,184.24,3,2,2,有,無,12100000,73872,坡道平面,59.7,2900000,,RPUTOLMLMHGGFBH98DB
中壢區,房地(土地+建物)+車位,桃園市中壢區青溪段456地號,21.32,住,,,1081213,土地1建物1車位2,六層,14,住宅大樓(11層含以上有電梯),住家用,鋼筋混凝土造,,180.9,3,2,2,有,無,11350000,69851,坡道平面,56.35,2650000,,RPVTOLMLMHGGFBH09DB
中壢區,房地(土地+建物)+車位,桃園市中壢區青溪段456地號,21.99,住,,,1081213,土地1建物1車位2,四層,14,住宅大樓(11層含以上有電梯),住家用,鋼筋混凝土造,,188.12,3,2,2,有,無,11300000,65410,坡道平面,59.7,2900000,,RPWTOLMLMHGGFBH56DB
中壢區,房地(土地+建物)+車位,桃園市中壢區高鐵站前東路二段與青商路交叉口A1-01F,14.68,商,,,1071206,土地1建物1車位1,一層,15,店面(店鋪),商業用,鋼筋混凝土造,,162.16,0,0,0,無,無,22380000,160527,坡道平面,32.4,1550000,本戶為一樓店面,RPOQMLMLMHGGFBH77CB
中壢區,房地(土地+建物)+車位,桃園市中壢區高鐵站前東路二段與青商路交叉口A1-02F,9.47,商,,,1080109,土地1建物1車位1,二層,15,住宅大樓(11層含以上有電梯),住家用,鋼筋混凝土造,,115.21,2,2,1,有,無,7600000,75474,坡道平面,32.4,1350000,,RPPQMLMLMHGGFBH87CB
中壢區,房地(土地+建物)+車位,桃園市中壢區高鐵站前東路二段與青商路交叉口A1-03F,0.05,商,,,1071202,土地1建物1車位1,三層,15,住宅大樓(11層含以上有電梯),住家用,鋼筋混凝土造,,115.21,2,2,1,有,無,7950000,79701,坡道平面,32.4,1350000,,RPQQMLMLMHGGFBH97CB
中壢區,房地(土地+建物)+車位,桃園市中壢區高鐵站前東路二段與青商路交叉口A1-04F,9.47,商,,,1080323,土地1建物1車位1,四層,15,住宅大樓(11層含以上有電梯),住家用,鋼筋混凝土造,,115.21,2,2,1,有,無,8460000,84652,坡道平面,32.4,1450000,,RPRQMLMLMHGGFBH08CB
中壢區,房地(土地+建物)+車位,桃園市中壢區高鐵站前東路二段與青商路交叉口A1-05F,9.47,商,,,1080224,土地1建物1車位1,五層,15,住宅大樓(11層含以上有電梯),住家用,鋼筋混凝土造,,115.21,2,2,1,有,無,7780000,78855,坡道平面,32.4,1250000,,RPSQMLMLMHGGFBH18CB
中壢區,房地(土地+建物)+車位,桃園市中壢區高鐵站前東路二段與青商路交叉口A1-06F,9.47,商,,,1080317,土地1建物1車位1,六層,15,住宅大樓(11層含以上有電梯),住家用,鋼筋混凝土造,,115.21,2,2,1,有,無,7850000,78493,坡道平面,32.4,1350000,,RPTQMLMLMHGGFBH28CB
中壢區,房地(土地+建物)+車位,桃園市中壢區高鐵站前東路二段與青商路交叉口A1-07F,9.47,商,,,1080112,土地1建物1車位1,七層,15,住宅大樓(11層含以上有電梯),住家用,鋼筋混凝土造,,115.21,2,2,1,有,無,7930000,80667,坡道平面,32.4,1250000,,RPUQMLMLMHGGFBH38CB
中壢區,房地(土地+建物)+車位,桃園市中壢區高鐵站前東路二段與青商路交叉口A1-08F,9.47,商,,,1080301,土地1建物1車位1,八層,15,住宅大樓(11層含以上有電梯),住家用,鋼筋混凝土造,,115.21,2,2,1,有,無,8000000,80304,坡道平面,32.4,1350000,,RPVQMLMLMHGGFBH48CB
中壢區,房地(土地+建物)+車位,桃園市中壢區高鐵站前東路二段與青商路交叉口A1-09F,9.47,商,,,1080224,土地1建物1車位1,九層,15,住宅大樓(11層含以上有電梯),住家用,鋼筋混凝土造,,110.76,2,2,1,有,無,8050000,80304,坡道平面,27.95,1400000,,RPXQMLMLMHGGFBH68CB
中壢區,房地(土地+建物)+車位,桃園市中壢區高鐵站前東路二段與青商路交叉口A1-11F,9.47,商,,,1080223,土地1建物1車位1,十一層,15,住宅大樓(11層含以上有電梯),住家用,鋼筋混凝土造,,115.21,2,2,1,有,無,8500000,86342,坡道平面,32.4,1350000,,RPORMLMLMHGGFBH87CB
中壢區,房地(土地+建物)+車位,桃園市中壢區高鐵站前東路二段與青商路交叉口A1-12F,9.47,商,,,1071129,土地1建物1車位1,十二層,15,住宅大樓(11層含以上有電梯),住家用,鋼筋混凝土造,,115.21,2,2,1,有,無,8480000,87308,坡道平面,32.4,1250000,,RPPRMLMLMHGGFBH97CB
中壢區,房地(土地+建物)+車位,桃園市中壢區高鐵站前東路二段與青商路交叉口A1-13F,9.47,商,,,1071209,土地1建物1車位1,十三層,15,住宅大樓(11層含以上有電梯),住家用,鋼筋混凝土造,,115.21,2,2,1,有,無,7980000,81270,坡道平面,32.4,1250000,,RPQRMLMLMHGGFBH08CB
中壢區,房地(土地+建物)+車位,桃園市中壢區高鐵站前東路二段與青商路交叉口A1-14F,9.47,商,,,1080317,土地1建物1車位1,十四層,15,住宅大樓(11層含以上有電梯),住家用,鋼筋混凝土造,,115.21,2,2,1,有,無,7900000,79097,坡道平面,32.4,1350000,,RPRRMLMLMHGGFBH18CB
中壢區,房地(土地+建物)+車位,桃園市中壢區高鐵站前東路二段與青商路交叉口A1-15F,9.47,商,,,1080305,土地1建物1車位1,十五層,15,住宅大樓(11層含以上有電梯),住家用,鋼筋混凝土造,,115.21,2,2,1,有,無,8100000,80304,坡道平面,32.4,1450000,,RPSRMLMLMHGGFBH28CB
中壢區,房地(土地+建物)+車位,桃園市中壢區高鐵站前東路二段與青商路交叉口A2-01F,13.02,商,,,1071206,土地1建物1車位1,一層,15,店面(店鋪),商業用,鋼筋混凝土造,,148.79,0,0,0,無,無,18220000,143225,坡道平面,32.4,1550000,本戶為一樓店面,RPTRMLMLMHGGFBH38CB
中壢區,房地(土地+建物)+車位,桃園市中壢區高鐵站前東路二段與青商路交叉口A2-02F,10.18,商,,,1071126,土地1建物1車位1,二層,15,住宅大樓(11層含以上有電梯),住家用,鋼筋混凝土造,,113.35,3,2,1,有,無,8080000,78220,坡道平面,27.95,1400000,,RPURMLMLMHGGFBH48CB
中壢區,房地(土地+建物)+車位,桃園市中壢區高鐵站前東路二段與青商路交叉口A2-03F,10.18,商,,,1071114,土地1建物1車位1,三層,15,住宅大樓(11層含以上有電梯),住家用,鋼筋混凝土造,,113.35,3,2,1,有,無,7880000,78220,坡道平面,27.95,1200000,,RPVRMLMLMHGGFBH58CB
中壢區,房地(土地+建物)+車位,桃園市中壢區高鐵站前東路二段與青商路交叉口A2-04F,10.18,商,,,1071115,土地1建物1車位1,四層,15,住宅大樓(11層含以上有電梯),住家用,鋼筋混凝土造,,117.8,3,2,1,有,無,8130000,78220,坡道平面,32.4,1450000,,RPWRMLMLMHGGFBH68CB
中壢區,房地(土地+建物)+車位,桃園市中壢區高鐵站前東路二段與青商路交叉口A2-05F,10.18,商,,,1071118,土地1建物1車位1,五層,15,住宅大樓(11層含以上有電梯),住家用,鋼筋混凝土造,,113.35,3,2,1,有,無,7880000,78220,坡道平面,27.95,1200000,,RPXRMLMLMHGGFBH78CB
中壢區,房地(土地+建物)+車位,桃園市中壢區高鐵站前東路二段與青商路交叉口A2-06F,10.18,商,,,1071129,土地1建物1車位1,六層,15,住宅大樓(11層含以上有電梯),住家用,鋼筋混凝土造,,117.8,3,2,1,有,無,8250000,81967,坡道平面,32.4,1250000,,RPOSMLMLMHGGFBH97CB
中壢區,房地(土地+建物)+車位,桃園市中壢區高鐵站前東路二段與青商路交叉口A2-07F,10.18,商,,,1071205,土地1建物1車位1,七層,15,住宅大樓(11層含以上有電梯),住家用,鋼筋混凝土造,,117.8,3,2,1,有,無,8250000,81967,坡道平面,32.4,1250000,,RPPSMLMLMHGGFBH08CB
中壢區,房地(土地+建物)+車位,桃園市中壢區高鐵站前東路二段與青商路交叉口A2-08F,10.18,商,,,1071122,土地1建物1車位1,八層,15,住宅大樓(11層含以上有電梯),住家用,鋼筋混凝土造,,113.35,3,2,1,有,無,8250000,82553,坡道平面,27.95,1200000,,RPQSMLMLMHGGFBH18CB
中壢區,房地(土地+建物)+車位,桃園市中壢區高鐵站前東路二段與青商路交叉口A2-09F,10.18,商,,,1071208,土地1建物1車位1,九層,15,住宅大樓(11層含以上有電梯),住家用,鋼筋混凝土造,,117.8,3,2,1,有,無,8350000,83138,坡道平面,32.4,1250000,,RPRSMLMLMHGGFBH28CB
中壢區,房地(土地+建物)+車位,桃園市中壢區高鐵站前東路二段與青商路交叉口A2-10F,10.18,商,,,1071125,土地1建物1車位1,十層,15,住宅大樓(11層含以上有電梯),住家用,鋼筋混凝土造,,117.8,3,2,1,有,無,8500000,82553,坡道平面,32.4,1450000,,RPTSMLMLMHGGFBH48CB
中壢區,房地(土地+建物)+車位,桃園市中壢區高鐵站前東路二段與青商路交叉口A2-11F,10.18,商,,,1071209,土地1建物1車位1,十一層,15,住宅大樓(11層含以上有電梯),住家用,鋼筋混凝土造,,117.8,3,2,1,有,無,8700000,83138,坡道平面,32.4,1600000,,RPUSMLMLMHGGFBH58CB
中壢區,房地(土地+建物)+車位,桃園市中壢區高鐵站前東路二段與青商路交叉口A2-12F,10.18,商,,,1071210,土地1建物1車位1,十二層,15,住宅大樓(11層含以上有電梯),住家用,鋼筋混凝土造,,117.8,3,2,1,有,無,8400000,82553,坡道平面,32.4,1350000,,RPVSMLMLMHGGFBH68CB
中壢區,房地(土地+建物)+車位,桃園市中壢區高鐵站前東路二段與青商路交叉口A2-13F,10.18,商,,,1080120,土地1建物1車位1,十三層,15,住宅大樓(11層含以上有電梯),住家用,鋼筋混凝土造,,117.8,3,2,1,有,無,8380000,83489,坡道平面,32.4,1250000,,RPWSMLMLMHGGFBH78CB
中壢區,房地(土地+建物)+車位,桃園市中壢區高鐵站前東路二段與青商路交叉口A2-14F,10.18,商,,,1080123,土地1建物1車位1,十四層,15,住宅大樓(11層含以上有電梯),住家用,鋼筋混凝土造,,117.8,3,2,1,有,無,8480000,83489,坡道平面,32.4,1350000,,RPXSMLMLMHGGFBH88CB
中壢區,房地(土地+建物)+車位,桃園市中壢區高鐵站前東路二段與青商路交叉口A2-15F,10.18,商,,,1080213,土地1建物1車位1,十五層,15,住宅大樓(11層含以上有電梯),住家用,鋼筋混凝土造,,117.8,3,2,1,有,無,8580000,83489,坡道平面,32.4,1450000,,RPOTMLMLMHGGFBH08CB
中壢區,房地(土地+建物)+車位,桃園市中壢區高鐵站前東路二段與青商路交叉口A3-01F,13.26,商,,,1080123,土地1建物1車位1,一層,15,店面(店鋪),商業用,鋼筋混凝土造,,150.37,0,0,0,無,無,18900000,147071,坡道平面,32.4,1550000,本戶為一樓店面,RPQTMLMLMHGGFBH28CB
中壢區,房地(土地+建物)+車位,桃園市中壢區高鐵站前東路二段與青商路交叉口A3-02F,15.86,商,,,1080511,土地1建物1車位1,二層,15,住宅大樓(11層含以上有電梯),住家用,鋼筋混凝土造,,170.7,3,2,2,有,無,12000000,75560,坡道平面,32.4,1550000,,RPRTMLMLMHGGFBH38CB
中壢區,房地(土地+建物)+車位,桃園市中壢區高鐵站前東路二段與青商路交叉口A3-03F,15.86,商,,,1071205,土地1建物1車位1,三層,15,住宅大樓(11層含以上有電梯),住家用,鋼筋混凝土造,,170.5,3,2,2,有,無,12880000,82042,坡道平面,32.4,1550000,,RPSTMLMLMHGGFBH48CB
中壢區,房地(土地+建物)+車位,桃園市中壢區高鐵站前東路二段與青商路交叉口A3-04F,15.86,商,,,1071214,土地1建物1車位1,四層,15,住宅大樓(11層含以上有電梯),住家用,鋼筋混凝土造,,170.5,3,2,2,有,無,12780000,82042,坡道平面,32.4,1450000,,RPTTMLMLMHGGFBH58CB
中壢區,房地(土地+建物)+車位,桃園市中壢區高鐵站前東路二段與青商路交叉口A3-05F,15.86,商,,,1071127,土地1建物1車位1,五層,15,住宅大樓(11層含以上有電梯),住家用,鋼筋混凝土造,,166.05,3,2,2,有,無,13700000,89066,坡道平面,27.95,1400000,,RPUTMLMLMHGGFBH68CB
中壢區,房地(土地+建物)+車位,桃園市中壢區高鐵站前東路二段與青商路交叉口A3-06F,15.86,商,,,1080308,土地1建物1車位1,六層,15,住宅大樓(11層含以上有電梯),住家用,鋼筋混凝土造,,170.5,3,2,2,有,無,12900000,82911,坡道平面,32.4,1450000,,RPVTMLMLMHGGFBH78CB
中壢區,房地(土地+建物)+車位,桃園市中壢區高鐵站前東路二段與青商路交叉口A3-07F,15.86,商,,,1071225,土地1建物1車位1,七層,15,住宅大樓(11層含以上有電梯),住家用,鋼筋混凝土造,,170.5,3,2,2,有,無,13200000,84359,坡道平面,32.4,1550000,,RPWTMLMLMHGGFBH88CB
中壢區,房地(土地+建物)+車位,桃園市中壢區高鐵站前東路二段與青商路交叉口A3-08F,16.1,商,,,1071228,土地1建物1車位2,八層,15,住宅大樓(11層含以上有電梯),住家用,鋼筋混凝土造,,202.9,3,2,2,有,無,14000000,81825,坡道平面,64.8,2700000,,RPXTMLMLMHGGFBH98CB
中壢區,房地(土地+建物)+車位,桃園市中壢區高鐵站前東路二段與青商路交叉口A3-09F,16.1,商,,,1080212,土地1建物1車位2,九層,15,住宅大樓(11層含以上有電梯),住家用,鋼筋混凝土造,,202.9,3,2,2,有,無,14250000,82911,坡道平面,64.8,2800000,,RPOUMLMLMHGGFBH18CB
中壢區,房地(土地+建物)+車位,桃園市中壢區高鐵站前東路二段與青商路交叉口A3-10F,16.1,商,,,1080201,土地1建物1車位2,十層,15,住宅大樓(11層含以上有電梯),住家用,鋼筋混凝土造,,202.9,3,2,2,有,無,14100000,82549,坡道平面,64.8,2700000,,RPPUMLMLMHGGFBH28CB
中壢區,房地(土地+建物)+車位,桃園市中壢區高鐵站前東路二段與青商路交叉口A3-11F,16.1,商,,,1080317,土地1建物1車位2,十一層,15,住宅大樓(11層含以上有電梯),住家用,鋼筋混凝土造,,202.9,3,2,2,有,無,14480000,82404,坡道平面,64.8,3100000,,RPQUMLMLMHGGFBH38CB
中壢區,房地(土地+建物)+車位,桃園市中壢區高鐵站前東路二段與青商路交叉口A3-12F,16.1,商,,,1080221,土地1建物1車位2,十二層,15,住宅大樓(11層含以上有電梯),住家用,鋼筋混凝土造,,202.9,3,2,2,有,無,14180000,84576,坡道平面,64.8,2500000,,RPRUMLMLMHGGFBH48CB
中壢區,房地(土地+建物)+車位,桃園市中壢區高鐵站前東路二段與青商路交叉口A3-13F,16.1,商,,,1080327,土地1建物1車位2,十三層,15,住宅大樓(11層含以上有電梯),住家用,鋼筋混凝土造,,198.45,3,2,2,有,無,14500000,82911,坡道平面,60.35,3050000,,RPSUMLMLMHGGFBH58CB
中壢區,房地(土地+建物)+車位,桃園市中壢區高鐵站前東路二段與青商路交叉口A3-14F,16.1,商,,,1080323,土地1建物1車位2,十四層,15,住宅大樓(11層含以上有電梯),住家用,鋼筋混凝土造,,198.45,3,2,2,有,無,14500000,82911,坡道平面,60.35,3050000,,RPTUMLMLMHGGFBH68CB
中壢區,房地(土地+建物)+車位,桃園市中壢區高鐵站前東路二段與青商路交叉口A3-15F,16.1,商,,,1080109,土地1建物1車位2,十五層,15,住宅大樓(11層含以上有電梯),住家用,鋼筋混凝土造,,202.9,3,2,2,有,無,14350000,84359,坡道平面,64.8,2700000,,RPUUMLMLMHGGFBH78CB
中壢區,房地(土地+建物)+車位,桃園市中壢區高鐵站前東路二段與青商路交叉口A4-02F,11.84,商,,,1071206,土地1建物1車位1,二層,15,住宅大樓(11層含以上有電梯),住商用,鋼筋混凝土造,,133.27,0,0,0,無,無,8780000,72668,坡道平面,32.4,1450000,,RPVUMLMLMHGGFBH88CB
中壢區,房地(土地+建物)+車位,桃園市中壢區高鐵站前東路二段與青商路交叉口A4-03F,11.84,商,,,1071202,土地1建物1車位1,三層,15,住宅大樓(11層含以上有電梯),住家用,鋼筋混凝土造,,132.79,3,2,2,有,無,10660000,91742,坡道平面,32.4,1450000,,RPWUMLMLMHGGFBH98CB
中壢區,房地(土地+建物)+車位,桃園市中壢區高鐵站前東路二段與青商路交叉口A4-04F,11.84,商,,,1080210,土地1建物1車位1,四層,15,住宅大樓(11層含以上有電梯),住家用,鋼筋混凝土造,,128.34,3,2,2,有,無,10130000,85965,坡道平面,27.95,1500000,,RPXUMLMLMHGGFBH09CB
中壢區,房地(土地+建物)+車位,桃園市中壢區高鐵站前東路二段與青商路交叉口A4-05F,11.84,商,,,1071201,土地1建物1車位1,五層,15,住宅大樓(11層含以上有電梯),住家用,鋼筋混凝土造,,132.79,3,2,2,有,無,10000000,86164,坡道平面,32.4,1350000,,RPOVMLMLMHGGFBH28CB
中壢區,房地(土地+建物)+車位,桃園市中壢區高鐵站前東路二段與青商路交叉口A4-06F,11.84,商,,,1071202,土地1建物1車位1,六層,15,住宅大樓(11層含以上有電梯),住家用,鋼筋混凝土造,,132.79,3,2,2,有,無,9950000,86662,坡道平面,32.4,1250000,,RPQVMLMLMHGGFBH48CB
中壢區,房地(土地+建物)+車位,桃園市中壢區高鐵站前東路二段與青商路交叉口A4-07F,12.08,商,,,1071206,土地1建物1車位2,七層,15,住宅大樓(11層含以上有電梯),住家用,鋼筋混凝土造,,160.74,3,2,2,有,無,11290000,86064,坡道平面,60.35,2650000,,RPRVMLMLMHGGFBH58CB
中壢區,房地(土地+建物)+車位,桃園市中壢區高鐵站前東路二段與青商路交叉口A4-09F,11.84,商,,,1071119,土地1建物1車位1,九層,15,住宅大樓(11層含以上有電梯),住家用,鋼筋混凝土造,,132.79,3,2,2,有,無,10080000,87957,坡道平面,32.4,1250000,,RPSVMLMLMHGGFBH68CB
中壢區,房地(土地+建物)+車位,桃園市中壢區高鐵站前東路二段與青商路交叉口A4-10F,11.84,商,,,1071222,土地1建物1車位1,十層,15,住宅大樓(11層含以上有電梯),住家用,鋼筋混凝土造,,132.79,3,2,2,有,無,10980000,94930,坡道平面,32.4,1450000,,RPTVMLMLMHGGFBH78CB
中壢區,房地(土地+建物)+車位,桃園市中壢區高鐵站前東路二段與青商路交叉口A4-11F,11.84,商,,,1071215,土地1建物1車位1,十一層,15,住宅大樓(11層含以上有電梯),住家用,鋼筋混凝土造,,132.79,3,2,2,有,無,10800000,93137,坡道平面,32.4,1450000,,RPUVMLMLMHGGFBH88CB
中壢區,房地(土地+建物)+車位,桃園市中壢區高鐵站前東路二段與青商路交叉口A4-12F,11.84,商,,,1071128,土地1建物1車位1,十二層,15,住宅大樓(11層含以上有電梯),住家用,鋼筋混凝土造,,132.79,3,2,2,有,無,10280000,86961,坡道平面,32.4,1550000,,RPVVMLMLMHGGFBH98CB
中壢區,房地(土地+建物)+車位,桃園市中壢區高鐵站前東路二段與青商路交叉口A4-13F,11.84,商,,,1071220,土地1建物1車位1,十三層,15,住宅大樓(11層含以上有電梯),住家用,鋼筋混凝土造,,132.79,3,2,2,有,無,10050000,87658,坡道平面,32.4,1250000,,RPWVMLMLMHGGFBH09CB
中壢區,房地(土地+建物)+車位,桃園市中壢區高鐵站前東路二段與青商路交叉口A4-14F,11.84,商,,,1071114,土地1建物1車位1,十四層,15,住宅大樓(11層含以上有電梯),住家用,鋼筋混凝土造,,132.79,3,2,2,有,無,10880000,92938,坡道平面,32.4,1550000,,RPXVMLMLMHGGFBH56CB
中壢區,房地(土地+建物)+車位,桃園市中壢區高鐵站前東路二段與青商路交叉口A4-15F,11.84,商,,,1071205,土地1建物1車位1,十五層,15,住宅大樓(11層含以上有電梯),住家用,鋼筋混凝土造,,132.79,3,2,2,有,無,10150000,88654,坡道平面,32.4,1250000,,RPOWMLMLMHGGFBH38CB
中壢區,房地(土地+建物)+車位,桃園市中壢區高鐵站前東路二段與青商路交叉口A5-02F,10.42,商,,,1071206,土地1建物1車位1,二層,15,住宅大樓(11層含以上有電梯),住商用,鋼筋混凝土造,,117.34,0,0,0,無,無,7620000,72640,坡道平面,32.4,1450000,,RPPWMLMLMHGGFBH48CB
中壢區,房地(土地+建物)+車位,桃園市中壢區高鐵站前東路二段與青商路交叉口A5-03F,10.42,商,,,1071117,土地1建物1車位1,三層,15,住宅大樓(11層含以上有電梯),住家用,鋼筋混凝土造,,112.89,3,2,1,有,無,7880000,78644,坡道平面,27.95,1200000,,RPQWMLMLMHGGFBH58CB
中壢區,房地(土地+建物)+車位,桃園市中壢區高鐵站前東路二段與青商路交叉口A5-04F,10.42,商,,,1071120,土地1建物1車位1,四層,15,住宅大樓(11層含以上有電梯),住家用,鋼筋混凝土造,,112.89,3,2,1,有,無,8430000,85119,坡道平面,27.95,1200000,,RPRWMLMLMHGGFBH68CB
中壢區,房地(土地+建物)+車位,桃園市中壢區高鐵站前東路二段與青商路交叉口A5-05F,10.42,商,,,1071114,土地1建物1車位1,五層,15,住宅大樓(11層含以上有電梯),住家用,鋼筋混凝土造,,117.34,3,2,1,有,無,8120000,80881,坡道平面,32.4,1250000,,RPSWMLMLMHGGFBH78CB
中壢區,房地(土地+建物)+車位,桃園市中壢區高鐵站前東路二段與青商路交叉口A5-06F,10.42,商,,,1071118,土地1建物1車位1,六層,15,住宅大樓(11層含以上有電梯),住家用,鋼筋混凝土造,,117.34,3,2,1,有,無,8320000,82058,坡道平面,32.4,1350000,,RPTWMLMLMHGGFBH88CB
中壢區,房地(土地+建物)+車位,桃園市中壢區高鐵站前東路二段與青商路交叉口A5-07F,10.42,商,,,1071206,土地1建物1車位1,七層,15,住宅大樓(11層含以上有電梯),住家用,鋼筋混凝土造,,117.34,3,2,1,有,無,8970000,89710,坡道平面,32.4,1350000,,RPUWMLMLMHGGFBH98CB
中壢區,房地(土地+建物)+車位,桃園市中壢區高鐵站前東路二段與青商路交叉口A5-08F,10.42,商,,,1071223,土地1建物1車位1,八層,15,住宅大樓(11層含以上有電梯),住家用,鋼筋混凝土造,,112.89,3,2,1,有,無,8330000,82764,坡道平面,27.95,1300000,,RPVWMLMLMHGGFBH09CB
中壢區,房地(土地+建物)+車位,桃園市中壢區高鐵站前東路二段與青商路交叉口A5-09F,10.42,商,,,1080124,土地1建物1車位1,九層,15,住宅大樓(11層含以上有電梯),住家用,鋼筋混凝土造,,117.34,3,2,1,有,無,8500000,84177,坡道平面,32.4,1350000,,RPWWMLMLMHGGFBH56CB
中壢區,房地(土地+建物)+車位,桃園市中壢區高鐵站前東路二段與青商路交叉口A5-10F,10.42,商,,,1080116,土地1建物1車位1,十層,15,住宅大樓(11層含以上有電梯),住家用,鋼筋混凝土造,,117.34,3,2,1,有,無,8450000,84766,坡道平面,32.4,1250000,,RPXWMLMLMHGGFBH66CB
中壢區,房地(土地+建物)+車位,桃園市中壢區高鐵站前東路二段與青商路交叉口A5-11F,10.42,商,,,1080122,土地1建物1車位1,十一層,15,住宅大樓(11層含以上有電梯),住家用,鋼筋混凝土造,,117.34,3,2,1,有,無,8520000,84413,坡道平面,32.4,1350000,,RPONNLMLMHGGFBH57CB
中壢區,房地(土地+建物)+車位,桃園市中壢區高鐵站前東路二段與青商路交叉口A5-12F,10.42,商,,,1071115,土地1建物1車位1,十二層,15,住宅大樓(11層含以上有電梯),住家用,鋼筋混凝土造,,117.34,3,2,1,有,無,8450000,83588,坡道平面,32.4,1350000,,RPPNNLMLMHGGFBH67CB
中壢區,房地(土地+建物)+車位,桃園市中壢區高鐵站前東路二段與青商路交叉口A5-13F,10.42,商,,,1071121,土地1建物1車位1,十三層,15,住宅大樓(11層含以上有電梯),住家用,鋼筋混凝土造,,117.34,3,2,1,有,無,8550000,83588,坡道平面,32.4,1450000,,RPRNNLMLMHGGFBH87CB
中壢區,房地(土地+建物)+車位,桃園市中壢區高鐵站前東路二段與青商路交叉口A5-14F,10.42,商,,,1071216,土地1建物1車位1,十四層,15,住宅大樓(11層含以上有電梯),住家用,鋼筋混凝土造,,117.34,3,2,1,有,無,8350000,83588,坡道平面,32.4,1250000,,RPSNNLMLMHGGFBH97CB
中壢區,房地(土地+建物)+車位,桃園市中壢區高鐵站前東路二段與青商路交叉口A5-15F,10.42,商,,,1071205,土地1建物1車位1,十五層,15,住宅大樓(11層含以上有電梯),住家用,鋼筋混凝土造,,117.34,3,2,1,有,無,8430000,84530,坡道平面,32.4,1250000,,RPTNNLMLMHGGFBH08CB
中壢區,房地(土地+建物)+車位,桃園市中壢區高鐵站前東路二段與青商路交叉口A6-02F,10.18,商,,,1071115,土地1建物1車位1,二層,15,住宅大樓(11層含以上有電梯),住商用,鋼筋混凝土造,,116.98,0,0,0,無,無,7600000,75077,坡道平面,32.4,1250000,,RPUNNLMLMHGGFBH18CB
中壢區,房地(土地+建物)+車位,桃園市中壢區高鐵站前東路二段與青商路交叉口A6-03F,10.18,商,,,1071115,土地1建物1車位1,三層,15,住宅大樓(11層含以上有電梯),住家用,鋼筋混凝土造,,112.53,3,2,1,有,無,7980000,78978,坡道平面,27.95,1300000,,RPVNNLMLMHGGFBH28CB
中壢區,房地(土地+建物)+車位,桃園市中壢區高鐵站前東路二段與青商路交叉口A6-04F,10.18,商,,,1071121,土地1建物1車位1,四層,15,住宅大樓(11層含以上有電梯),住家用,鋼筋混凝土造,,112.53,3,2,1,有,無,7980000,78978,坡道平面,27.95,1300000,,RPWNNLMLMHGGFBH38CB
中壢區,房地(土地+建物)+車位,桃園市中壢區高鐵站前東路二段與青商路交叉口A6-05F,10.18,商,,,1071127,土地1建物1車位1,五層,15,住宅大樓(11層含以上有電梯),住家用,鋼筋混凝土造,,112.53,3,2,1,有,無,8060000,81107,坡道平面,27.95,1200000,,RPXNNLMLMHGGFBH48CB
中壢區,房地(土地+建物)+車位,桃園市中壢區高鐵站前東路二段與青商路交叉口A6-06F,10.18,商,,,1071124,土地1建物1車位1,六層,15,住宅大樓(11層含以上有電梯),住家用,鋼筋混凝土造,,116.98,3,2,1,有,無,8830000,89619,坡道平面,32.4,1250000,,RPOONLMLMHGGFBH67CB
中壢區,房地(土地+建物)+車位,桃園市中壢區高鐵站前東路二段與青商路交叉口A6-07F,10.18,商,,,1071206,土地1建物1車位1,七層,15,住宅大樓(11層含以上有電梯),住家用,鋼筋混凝土造,,112.53,3,2,1,有,無,8900000,89856,坡道平面,27.95,1300000,,RPQONLMLMHGGFBH87CB
中壢區,房地(土地+建物)+車位,桃園市中壢區高鐵站前東路二段與青商路交叉口A6-08F,10.18,商,,,1071204,土地1建物1車位1,八層,15,住宅大樓(11層含以上有電梯),住家用,鋼筋混凝土造,,116.98,3,2,1,有,無,9180000,90210,坡道平面,32.4,1550000,,RPRONLMLMHGGFBH97CB
中壢區,房地(土地+建物)+車位,桃園市中壢區高鐵站前東路二段與青商路交叉口A6-09F,10.18,商,,,1071124,土地1建物1車位1,九層,15,住宅大樓(11層含以上有電梯),住家用,鋼筋混凝土造,,116.98,3,2,1,有,無,8500000,83353,坡道平面,32.4,1450000,,RPSONLMLMHGGFBH08CB
中壢區,房地(土地+建物)+車位,桃園市中壢區高鐵站前東路二段與青商路交叉口A6-10F,10.18,商,,,1080214,土地1建物1車位1,十層,15,住宅大樓(11層含以上有電梯),住家用,鋼筋混凝土造,,116.98,3,2,1,有,無,8380000,84299,坡道平面,32.4,1250000,,RPTONLMLMHGGFBH18CB
中壢區,房地(土地+建物)+車位,桃園市中壢區高鐵站前東路二段與青商路交叉口A6-11F,10.18,商,,,1071201,土地1建物1車位1,十一層,15,住宅大樓(11層含以上有電梯),住家用,鋼筋混凝土造,,116.98,3,2,1,有,無,8250000,82762,坡道平面,32.4,1250000,,RPUONLMLMHGGFBH28CB
中壢區,房地(土地+建物)+車位,桃園市中壢區高鐵站前東路二段與青商路交叉口A6-12F,10.18,商,,,1071201,土地1建物1車位1,十二層,15,住宅大樓(11層含以上有電梯),住家用,鋼筋混凝土造,,116.98,3,2,1,有,無,8250000,82762,坡道平面,32.4,1250000,,RPVONLMLMHGGFBH38CB
中壢區,房地(土地+建物)+車位,桃園市中壢區高鐵站前東路二段與青商路交叉口A6-13F,10.18,商,,,1080105,土地1建物1車位1,十三層,15,住宅大樓(11層含以上有電梯),住家用,鋼筋混凝土造,,116.98,3,2,1,有,無,8450000,83944,坡道平面,32.4,1350000,,RPWONLMLMHGGFBH48CB
中壢區,房地(土地+建物)+車位,桃園市中壢區高鐵站前東路二段與青商路交叉口A6-14F,10.18,商,,,1080209,土地1建物1車位1,十四層,15,住宅大樓(11層含以上有電梯),住家用,鋼筋混凝土造,,116.98,3,2,1,有,無,8380000,84299,坡道平面,32.4,1250000,,RPXONLMLMHGGFBH58CB
中壢區,房地(土地+建物)+車位,桃園市中壢區高鐵站前東路二段與青商路交叉口A6-15F,10.18,商,,,1071229,土地1建物1車位1,十五層,15,住宅大樓(11層含以上有電梯),住家用,鋼筋混凝土造,,116.98,3,2,1,有,無,8580000,84299,坡道平面,32.4,1450000,,RPOPNLMLMHGGFBH77CB
中壢區,房地(土地+建物)+車位,桃園市中壢區高鐵站前東路二段與青商路交叉口A7-02F,13.02,商,,,1080503,土地1建物1車位1,二層,15,住宅大樓(11層含以上有電梯),住商用,鋼筋混凝土造,,144.01,0,0,0,無,無,9700000,72574,坡道平面,32.4,1600000,,RPPPNLMLMHGGFBH87CB
中壢區,房地(土地+建物)+車位,桃園市中壢區高鐵站前東路二段與青商路交叉口A7-03F,13.02,商,,,1071118,土地1建物1車位1,三層,15,住宅大樓(11層含以上有電梯),住家用,鋼筋混凝土造,,139.56,3,2,2,有,無,10770000,85745,坡道平面,27.95,1200000,,RPQPNLMLMHGGFBH97CB
中壢區,房地(土地+建物)+車位,桃園市中壢區高鐵站前東路二段與青商路交叉口A7-04F,13.02,商,,,1080329,土地1建物1車位1,四層,15,住宅大樓(11層含以上有電梯),住家用,鋼筋混凝土造,,139.56,3,2,2,有,無,10880000,84939,坡道平面,27.95,1400000,,RPRPNLMLMHGGFBH08CB
中壢區,房地(土地+建物)+車位,桃園市中壢區高鐵站前東路二段與青商路交叉口A7-05F,13.02,商,,,1080419,土地1建物1車位1,五層,15,住宅大樓(11層含以上有電梯),住家用,鋼筋混凝土造,,144.01,3,2,2,有,無,10950000,84222,坡道平面,32.4,1550000,,RPSPNLMLMHGGFBH18CB
中壢區,房地(土地+建物)+車位,桃園市中壢區高鐵站前東路二段與青商路交叉口A7-06F,13.02,商,,,1080202,土地1建物1車位1,六層,15,住宅大樓(11層含以上有電梯),住家用,鋼筋混凝土造,,144.01,3,2,2,有,無,10920000,86641,坡道平面,32.4,1250000,,RPTPNLMLMHGGFBH28CB
中壢區,房地(土地+建物)+車位,桃園市中壢區高鐵站前東路二段與青商路交叉口A7-07F,13.02,商,,,1080101,土地1建物1車位1,七層,15,住宅大樓(11層含以上有電梯),住家用,鋼筋混凝土造,,144.01,3,2,2,有,無,11900000,93630,坡道平面,32.4,1450000,,RPVPNLMLMHGGFBH48CB
中壢區,房地(土地+建物)+車位,桃園市中壢區高鐵站前東路二段與青商路交叉口A7-08F,13.02,商,,,1080316,土地1建物1車位1,八層,15,住宅大樓(11層含以上有電梯),住家用,鋼筋混凝土造,,144.01,3,2,2,有,無,10980000,86283,坡道平面,32.4,1350000,,RPWPNLMLMHGGFBH58CB
中壢區,房地(土地+建物)+車位,桃園市中壢區高鐵站前東路二段與青商路交叉口A7-09F,13.02,商,,,1071226,土地1建物1車位1,九層,15,住宅大樓(11層含以上有電梯),住家用,鋼筋混凝土造,,144.01,3,2,2,有,無,11000000,87358,坡道平面,32.4,1250000,,RPXPNLMLMHGGFBH68CB
中壢區,房地(土地+建物)+車位,桃園市中壢區高鐵站前東路二段與青商路交叉口A7-10F,13.02,商,,,1080301,土地1建物1車位1,十層,15,住宅大樓(11層含以上有電梯),住家用,鋼筋混凝土造,,144.01,3,2,2,有,無,10980000,87179,坡道平面,32.4,1250000,,RPOQNLMLMHGGFBH87CB
中壢區,房地(土地+建物)+車位,桃園市中壢區高鐵站前東路二段與青商路交叉口A7-11F,13.02,商,,,1080409,土地1建物1車位1,十一層,15,住宅大樓(11層含以上有電梯),住家用,鋼筋混凝土造,,144.01,3,2,2,有,無,11850000,92286,坡道平面,32.4,1550000,,RPPQNLMLMHGGFBH97CB
中壢區,房地(土地+建物)+車位,桃園市中壢區高鐵站前東路二段與青商路交叉口A7-12F,13.02,商,,,1080501,土地1建物1車位1,十二層,15,住宅大樓(11層含以上有電梯),住家用,鋼筋混凝土造,,139.56,3,2,2,有,無,11040000,85476,坡道平面,27.95,1500000,,RPQQNLMLMHGGFBH08CB
中壢區,房地(土地+建物)+車位,桃園市中壢區高鐵站前東路二段與青商路交叉口A7-13F,13.02,商,,,1080404,土地1建物1車位1,十三層,15,住宅大樓(11層含以上有電梯),住家用,鋼筋混凝土造,,144.01,3,2,2,有,無,11000000,86462,坡道平面,32.4,1350000,,RPRQNLMLMHGGFBH18CB
中壢區,房地(土地+建物)+車位,桃園市中壢區高鐵站前東路二段與青商路交叉口A7-14F,13.02,商,,,1080501,土地1建物1車位1,十四層,15,住宅大樓(11層含以上有電梯),住家用,鋼筋混凝土造,,144.01,3,2,2,有,無,11090000,85476,坡道平面,32.4,1550000,,RPSQNLMLMHGGFBH28CB
中壢區,房地(土地+建物)+車位,桃園市中壢區高鐵站前東路二段與青商路交叉口A7-15F,13.02,商,,,1080210,土地1建物1車位1,十五層,15,住宅大樓(11層含以上有電梯),住家用,鋼筋混凝土造,,144.01,3,2,2,有,無,11300000,87358,坡道平面,32.4,1550000,,RPTQNLMLMHGGFBH38CB
中壢區,房地(土地+建物)+車位,桃園市中壢區高鐵站前東路二段與青商路交叉口B1-02F,14.92,商,,,1080406,土地1建物1車位1,二層,15,住宅大樓(11層含以上有電梯),住家用,鋼筋混凝土造,,151.46,3,2,2,有,無,11380000,83403,坡道平面,32.4,1450000,,RPVQNLMLMHGGFBH58CB
中壢區,房地(土地+建物)+車位,桃園市中壢區高鐵站前東路二段與青商路交叉口B1-03F,14.92,商,,,1080106,土地1建物1車位1,三層,15,住宅大樓(11層含以上有電梯),住家用,鋼筋混凝土造,,147.01,3,2,2,有,無,11400000,84831,坡道平面,27.95,1300000,,RPXQNLMLMHGGFBH78CB
中壢區,房地(土地+建物)+車位,桃園市中壢區高鐵站前東路二段與青商路交叉口B1-04F,15.15,商,,,1080118,土地1建物1車位2,四層,15,住宅大樓(11層含以上有電梯),住家用,鋼筋混凝土造,,183.86,3,2,2,有,無,12580000,80464,坡道平面,64.8,3000000,,RPORNLMLMHGGFBH97CB
中壢區,房地(土地+建物)+車位,桃園市中壢區高鐵站前東路二段與青商路交叉口B1-05F,14.92,商,,,1071120,土地1建物1車位1,五層,15,住宅大樓(11層含以上有電梯),住家用,鋼筋混凝土造,,151.46,3,2,2,有,無,11690000,85167,坡道平面,32.4,1550000,,RPQRNLMLMHGGFBH18CB
中壢區,房地(土地+建物)+車位,桃園市中壢區高鐵站前東路二段與青商路交叉口B1-06F,14.92,商,,,1071116,土地1建物1車位1,六層,15,住宅大樓(11層含以上有電梯),住家用,鋼筋混凝土造,,151.46,3,2,2,有,無,11690000,85167,坡道平面,32.4,1550000,,RPSRNLMLMHGGFBH38CB
中壢區,房地(土地+建物)+車位,桃園市中壢區高鐵站前東路二段與青商路交叉口B1-07F,14.92,商,,,1071117,土地1建物1車位1,七層,15,住宅大樓(11層含以上有電梯),住家用,鋼筋混凝土造,,151.46,3,2,2,有,無,11770000,85419,坡道平面,32.4,1600000,,RPTRNLMLMHGGFBH48CB
中壢區,房地(土地+建物)+車位,桃園市中壢區高鐵站前東路二段與青商路交叉口B1-08F,14.92,商,,,1071121,土地1建物1車位1,八層,15,住宅大樓(11層含以上有電梯),住家用,鋼筋混凝土造,,151.46,3,2,2,有,無,11790000,86007,坡道平面,32.4,1550000,,RPURNLMLMHGGFBH58CB
中壢區,房地(土地+建物)+車位,桃園市中壢區高鐵站前東路二段與青商路交叉口B1-09F,14.92,商,,,1071117,土地1建物1車位1,九層,15,住宅大樓(11層含以上有電梯),住家用,鋼筋混凝土造,,151.46,3,2,2,有,無,11840000,86007,坡道平面,32.4,1600000,,RPVRNLMLMHGGFBH68CB
中壢區,房地(土地+建物)+車位,桃園市中壢區高鐵站前東路二段與青商路交叉口B1-10F,14.92,商,,,1071122,土地1建物1車位1,十層,15,住宅大樓(11層含以上有電梯),住家用,鋼筋混凝土造,,147.01,3,2,2,有,無,11700000,86511,坡道平面,27.95,1400000,,RPWRNLMLMHGGFBH78CB
中壢區,房地(土地+建物)+車位,桃園市中壢區高鐵站前東路二段與青商路交叉口B1-11F,14.92,商,,,1071120,土地1建物1車位1,十一層,15,住宅大樓(11層含以上有電梯),住家用,鋼筋混凝土造,,151.46,3,2,2,有,無,11870000,86679,坡道平面,32.4,1550000,,RPXRNLMLMHGGFBH88CB
中壢區,房地(土地+建物)+車位,桃園市中壢區高鐵站前東路二段與青商路交叉口B1-12F,14.92,商,,,1071122,土地1建物1車位1,十二層,15,住宅大樓(11層含以上有電梯),住家用,鋼筋混凝土造,,151.46,3,2,2,有,無,11740000,86427,坡道平面,32.4,1450000,,RPOSNLMLMHGGFBH08CB
中壢區,房地(土地+建物)+車位,桃園市中壢區高鐵站前東路二段與青商路交叉口B1-13F,14.92,商,,,1071121,土地1建物1車位1,十三層,15,住宅大樓(11層含以上有電梯),住家用,鋼筋混凝土造,,147.01,3,2,2,有,無,11900000,87351,坡道平面,27.95,1500000,,RPPSNLMLMHGGFBH18CB
中壢區,房地(土地+建物)+車位,桃園市中壢區高鐵站前東路二段與青商路交叉口B1-14F,14.92,商,,,1080324,土地1建物1車位1,十四層,15,住宅大樓(11層含以上有電梯),住家用,鋼筋混凝土造,,147.01,3,2,2,有,無,11820000,86259,坡道平面,27.95,1550000,,RPQSNLMLMHGGFBH28CB
中壢區,房地(土地+建物)+車位,桃園市中壢區高鐵站前東路二段與青商路交叉口B1-15F,14.92,商,,,1080316,土地1建物1車位1,十五層,15,住宅大樓(11層含以上有電梯),住家用,鋼筋混凝土造,,147.01,3,2,2,有,無,11550000,86091,坡道平面,27.95,1300000,,RPRSNLMLMHGGFBH38CB
中壢區,房地(土地+建物)+車位,桃園市中壢區高鐵站前東路二段與青商路交叉口B2-02F,7.34,商,,,1080224,土地1建物1車位1,二層,15,住宅大樓(11層含以上有電梯),住家用,鋼筋混凝土造,,93.27,2,2,1,有,無,6200000,80499,坡道平面,32.4,1300000,,RPSSNLMLMHGGFBH48CB
中壢區,房地(土地+建物)+車位,桃園市中壢區高鐵站前東路二段與青商路交叉口B2-03F,7.34,商,,,1080224,土地1建物1車位1,三層,15,住宅大樓(11層含以上有電梯),住家用,鋼筋混凝土造,,93.27,2,2,1,有,無,6080000,80992,坡道平面,32.4,1150000,,RPTSNLMLMHGGFBH58CB
中壢區,房地(土地+建物)+車位,桃園市中壢區高鐵站前東路二段與青商路交叉口B2-04F,7.34,商,,,1080313,土地1建物1車位1,四層,15,住宅大樓(11層含以上有電梯),住家用,鋼筋混凝土造,,93.27,2,2,1,有,無,6280000,80992,坡道平面,32.4,1350000,,RPUSNLMLMHGGFBH68CB
中壢區,房地(土地+建物)+車位,桃園市中壢區高鐵站前東路二段與青商路交叉口B2-05F,7.34,商,,,1080228,土地1建物1車位1,五層,15,住宅大樓(11層含以上有電梯),住家用,鋼筋混凝土造,,93.27,2,2,1,有,無,6350000,82142,坡道平面,32.4,1350000,,RPVSNLMLMHGGFBH78CB
中壢區,房地(土地+建物)+車位,桃園市中壢區高鐵站前東路二段與青商路交叉口B2-06F,7.34,商,,,1080223,土地1建物1車位1,六層,15,住宅大樓(11層含以上有電梯),住家用,鋼筋混凝土造,,93.27,2,2,1,有,無,6380000,84278,坡道平面,32.4,1250000,,RPWSNLMLMHGGFBH88CB
中壢區,房地(土地+建物)+車位,桃園市中壢區高鐵站前東路二段與青商路交叉口B2-07F,7.34,商,,,1071116,土地1建物1車位1,七層,15,住宅大樓(11層含以上有電梯),住家用,鋼筋混凝土造,,93.27,2,2,1,有,無,6380000,84278,坡道平面,32.4,1250000,,RPXSNLMLMHGGFBH98CB
中壢區,房地(土地+建物)+車位,桃園市中壢區高鐵站前東路二段與青商路交叉口B2-08F,7.34,商,,,1080307,土地1建物1車位1,八層,15,住宅大樓(11層含以上有電梯),住家用,鋼筋混凝土造,,93.27,2,2,1,有,無,6270000,82471,坡道平面,32.4,1250000,,RPOTNLMLMHGGFBH18CB
中壢區,房地(土地+建物)+車位,桃園市中壢區高鐵站前東路二段與青商路交叉口B2-09F,7.34,商,,,1080224,土地1建物1車位1,九層,15,住宅大樓(11層含以上有電梯),住家用,鋼筋混凝土造,,93.27,2,2,1,有,無,6370000,84114,坡道平面,32.4,1250000,,RPPTNLMLMHGGFBH28CB
中壢區,房地(土地+建物)+車位,桃園市中壢區高鐵站前東路二段與青商路交叉口B2-10F,7.34,商,,,1080309,土地1建物1車位1,十層,15,住宅大樓(11層含以上有電梯),住家用,鋼筋混凝土造,,93.27,2,2,1,有,無,6450000,83785,坡道平面,32.4,1350000,,RPQTNLMLMHGGFBH38CB
中壢區,房地(土地+建物)+車位,桃園市中壢區高鐵站前東路二段與青商路交叉口B2-11F,7.34,商,,,1080305,土地1建物1車位1,十一層,15,住宅大樓(11層含以上有電梯),住家用,鋼筋混凝土造,,93.27,2,2,1,有,無,6300000,82964,坡道平面,32.4,1250000,,RPRTNLMLMHGGFBH48CB
中壢區,房地(土地+建物)+車位,桃園市中壢區高鐵站前東路二段與青商路交叉口B2-12F,7.34,商,,,1080228,土地1建物1車位1,十二層,15,住宅大樓(11層含以上有電梯),住家用,鋼筋混凝土造,,93.27,2,2,1,有,無,6350000,83785,坡道平面,32.4,1250000,,RPSTNLMLMHGGFBH58CB
中壢區,房地(土地+建物)+車位,桃園市中壢區高鐵站前東路二段與青商路交叉口B2-13F,7.34,商,,,1080311,土地1建物1車位1,十三層,15,住宅大樓(11層含以上有電梯),住家用,鋼筋混凝土造,,93.27,2,2,1,有,無,6130000,78528,坡道平面,32.4,1350000,,RPTTNLMLMHGGFBH68CB
中壢區,房地(土地+建物)+車位,桃園市中壢區高鐵站前東路二段與青商路交叉口B2-14F,7.34,商,,,1080311,土地1建物1車位1,十四層,15,住宅大樓(11層含以上有電梯),住家用,鋼筋混凝土造,,93.27,2,2,1,有,無,6400000,82964,坡道平面,32.4,1350000,,RPUTNLMLMHGGFBH78CB
中壢區,房地(土地+建物)+車位,桃園市中壢區高鐵站前東路二段與青商路交叉口B2-15F,7.34,商,,,1080320,土地1建物1車位1,十五層,15,住宅大樓(11層含以上有電梯),住家用,鋼筋混凝土造,,93.27,2,2,1,有,無,6350000,82142,坡道平面,32.4,1350000,,RPVTNLMLMHGGFBH88CB
中壢區,房地(土地+建物)+車位,桃園市中壢區高鐵站前東路二段與青商路交叉口B3-02F,9.94,商,,,1071215,土地1建物1車位1,二層,15,住宅大樓(11層含以上有電梯),住家用,鋼筋混凝土造,,117.31,2,2,1,有,無,8850000,88329,坡道平面,32.4,1350000,,RPWTNLMLMHGGFBH98CB
中壢區,房地(土地+建物)+車位,桃園市中壢區高鐵站前東路二段與青商路交叉口B3-03F,9.94,商,,,1080412,土地1建物1車位1,三層,15,住宅大樓(11層含以上有電梯),住家用,鋼筋混凝土造,,112.86,2,2,1,有,無,8170000,78554,坡道平面,27.95,1500000,,RPOUNLMLMHGGFBH28CB
中壢區,房地(土地+建物),桃園市中壢區高鐵站前東路二段與青商路交叉口B3-04F,9.71,商,,,1080406,土地1建物1車位0,四層,15,住宅大樓(11層含以上有電梯),住家用,鋼筋混凝土造,,84.91,2,2,1,有,無,6800000,80085,,0.0,0,,RPPUNLMLMHGGFBH38CB
中壢區,房地(土地+建物)+車位,桃園市中壢區高鐵站前東路二段與青商路交叉口B3-05F,9.94,商,,,1080413,土地1建物1車位1,五層,15,住宅大樓(11層含以上有電梯),住家用,鋼筋混凝土造,,117.31,2,2,1,有,無,8300000,80674,坡道平面,32.4,1450000,,RPQUNLMLMHGGFBH48CB
中壢區,房地(土地+建物)+車位,桃園市中壢區高鐵站前東路二段與青商路交叉口B3-06F,9.94,商,,,1080105,土地1建物1車位1,六層,15,住宅大樓(11層含以上有電梯),住家用,鋼筋混凝土造,,117.31,2,2,1,有,無,8000000,80674,坡道平面,32.4,1150000,,RPRUNLMLMHGGFBH58CB
中壢區,房地(土地+建物)+車位,桃園市中壢區高鐵站前東路二段與青商路交叉口B3-07F,9.94,商,,,1080317,土地1建物1車位1,七層,15,住宅大樓(11層含以上有電梯),住家用,鋼筋混凝土造,,117.31,2,2,1,有,無,8130000,79849,坡道平面,32.4,1350000,,RPSUNLMLMHGGFBH68CB
中壢區,房地(土地+建物)+車位,桃園市中壢區高鐵站前東路二段與青商路交叉口B3-08F,9.94,商,,,1080413,土地1建物1車位1,八層,15,住宅大樓(11層含以上有電梯),住家用,鋼筋混凝土造,,117.31,2,2,1,有,無,8300000,80674,坡道平面,32.4,1450000,,RPTUNLMLMHGGFBH78CB
中壢區,房地(土地+建物)+車位,桃園市中壢區高鐵站前東路二段與青商路交叉口B3-09F,9.94,商,,,1080106,土地1建物1車位1,九層,15,住宅大樓(11層含以上有電梯),住家用,鋼筋混凝土造,,117.31,2,2,1,有,無,8150000,81263,坡道平面,32.4,1250000,,RPUUNLMLMHGGFBH88CB
中壢區,房地(土地+建物)+車位,桃園市中壢區高鐵站前東路二段與青商路交叉口B3-10F,9.94,商,,,1080412,土地1建物1車位1,十層,15,住宅大樓(11層含以上有電梯),住家用,鋼筋混凝土造,,117.31,2,2,1,有,無,8300000,80674,坡道平面,32.4,1450000,,RPVUNLMLMHGGFBH98CB
中壢區,房地(土地+建物)+車位,桃園市中壢區高鐵站前東路二段與青商路交叉口B3-11F,9.94,商,,,1080413,土地1建物1車位1,十一層,15,住宅大樓(11層含以上有電梯),住家用,鋼筋混凝土造,,112.86,2,2,1,有,無,8050000,78318,坡道平面,27.95,1400000,,RPWUNLMLMHGGFBH09CB
中壢區,房地(土地+建物)+車位,桃園市中壢區高鐵站前東路二段與青商路交叉口B3-12F,9.94,商,,,1080327,土地1建物1車位1,十二層,15,住宅大樓(11層含以上有電梯),住家用,鋼筋混凝土造,,117.31,2,2,1,有,無,8300000,80674,坡道平面,32.4,1450000,,RPXUNLMLMHGGFBH56CB
中壢區,房地(土地+建物)+車位,桃園市中壢區高鐵站前東路二段與青商路交叉口B3-13F,9.94,商,,,1080315,土地1建物1車位1,十三層,15,住宅大樓(11層含以上有電梯),住家用,鋼筋混凝土造,,117.31,2,2,1,有,無,8280000,81616,坡道平面,32.4,1350000,,RPOVNLMLMHGGFBH38CB
中壢區,房地(土地+建物)+車位,桃園市中壢區高鐵站前東路二段與青商路交叉口B3-15F,9.94,商,,,1080413,土地1建物1車位1,十五層,15,住宅大樓(11層含以上有電梯),住家用,鋼筋混凝土造,,117.31,2,2,1,有,無,8350000,81263,坡道平面,32.4,1450000,,RPQVNLMLMHGGFBH58CB
中壢區,房地(土地+建物)+車位,桃園市中壢區高鐵站前東路二段與青商路交叉口B4-02F,13.5,商,,,1080324,土地1建物1車位1,二層,15,住宅大樓(11層含以上有電梯),住家用,鋼筋混凝土造,,150.33,3,2,2,有,無,11050000,81404,坡道平面,32.4,1450000,,RPSVNLMLMHGGFBH78CB
中壢區,房地(土地+建物)+車位,桃園市中壢區高鐵站前東路二段與青商路交叉口B4-03F,13.5,商,,,1080106,土地1建物1車位1,三層,15,住宅大樓(11層含以上有電梯),住家用,鋼筋混凝土造,,145.88,3,2,2,有,無,11150000,82676,坡道平面,27.95,1400000,,RPTVNLMLMHGGFBH88CB
中壢區,房地(土地+建物)+車位,桃園市中壢區高鐵站前東路二段與青商路交叉口B4-04F,13.5,商,,,1080314,土地1建物1車位1,四層,15,住宅大樓(11層含以上有電梯),住家用,鋼筋混凝土造,,150.33,3,2,2,有,無,11030000,82083,坡道平面,32.4,1350000,,RPUVNLMLMHGGFBH98CB
中壢區,房地(土地+建物)+車位,桃園市中壢區高鐵站前東路二段與青商路交叉口B4-05F,13.5,商,,,1071117,土地1建物1車位1,五層,15,住宅大樓(11層含以上有電梯),住家用,鋼筋混凝土造,,150.33,3,2,2,有,無,11320000,83694,坡道平面,32.4,1450000,,RPVVNLMLMHGGFBH09CB
中壢區,房地(土地+建物)+車位,桃園市中壢區高鐵站前東路二段與青商路交叉口B4-06F,13.5,商,,,1071208,土地1建物1車位1,六層,15,住宅大樓(11層含以上有電梯),住家用,鋼筋混凝土造,,150.33,3,2,2,有,無,11230000,83779,坡道平面,32.4,1350000,,RPXVNLMLMHGGFBH66CB
中壢區,房地(土地+建物)+車位,桃園市中壢區高鐵站前東路二段與青商路交叉口B4-07F,13.5,商,,,1071221,土地1建物1車位1,七層,15,住宅大樓(11層含以上有電梯),住家用,鋼筋混凝土造,,150.33,3,2,2,有,無,11150000,83948,坡道平面,32.4,1250000,,RPOWNLMLMHGGFBH48CB
中壢區,房地(土地+建物)+車位,桃園市中壢區高鐵站前東路二段與青商路交叉口B4-08F,13.5,商,,,1080120,土地1建物1車位1,八層,15,住宅大樓(11層含以上有電梯),住家用,鋼筋混凝土造,,145.88,3,2,2,有,無,11400000,84796,坡道平面,27.95,1400000,,RPPWNLMLMHGGFBH58CB
中壢區,房地(土地+建物)+車位,桃園市中壢區高鐵站前東路二段與青商路交叉口B4-09F,13.5,商,,,1071223,土地1建物1車位1,九層,15,住宅大樓(11層含以上有電梯),住家用,鋼筋混凝土造,,150.33,3,2,2,有,無,11300000,84372,坡道平面,32.4,1350000,,RPQWNLMLMHGGFBH68CB
中壢區,房地(土地+建物)+車位,桃園市中壢區高鐵站前東路二段與青商路交叉口B4-10F,13.5,商,,,1080202,土地1建物1車位1,十層,15,住宅大樓(11層含以上有電梯),住家用,鋼筋混凝土造,,150.33,3,2,2,有,無,11530000,84626,坡道平面,32.4,1550000,,RPRWNLMLMHGGFBH78CB
中壢區,房地(土地+建物)+車位,桃園市中壢區高鐵站前東路二段與青商路交叉口B4-11F,13.5,商,,,1080118,土地1建物1車位1,十一層,15,住宅大樓(11層含以上有電梯),住家用,鋼筋混凝土造,,150.33,3,2,2,有,無,11300000,84372,坡道平面,32.4,1350000,,RPSWNLMLMHGGFBH88CB
中壢區,房地(土地+建物)+車位,桃園市中壢區高鐵站前東路二段與青商路交叉口B4-12F,13.5,商,,,1080101,土地1建物1車位1,十二層,15,住宅大樓(11層含以上有電梯),住家用,鋼筋混凝土造,,150.33,3,2,2,有,無,11450000,84796,坡道平面,32.4,1450000,,RPTWNLMLMHGGFBH98CB
中壢區,房地(土地+建物)+車位,桃園市中壢區高鐵站前東路二段與青商路交叉口B4-13F,13.5,商,,,1080101,土地1建物1車位1,十三層,15,住宅大樓(11層含以上有電梯),住家用,鋼筋混凝土造,,150.33,3,2,2,有,無,11400000,84372,坡道平面,32.4,1450000,,RPUWNLMLMHGGFBH09CB
中壢區,房地(土地+建物)+車位,桃園市中壢區高鐵站前東路二段與青商路交叉口B4-14F,13.5,商,,,1080108,土地1建物1車位1,十四層,15,住宅大樓(11層含以上有電梯),住家用,鋼筋混凝土造,,145.88,3,2,2,有,無,11400000,83948,坡道平面,27.95,1500000,,RPVWNLMLMHGGFBH56CB
中壢區,房地(土地+建物)+車位,桃園市中壢區高鐵站前東路二段與青商路交叉口B5-02F,10.42,商,,,1080115,土地1建物1車位1,二層,15,住宅大樓(11層含以上有電梯),住家用,鋼筋混凝土造,,119.36,3,2,1,有,無,8920000,87052,坡道平面,32.4,1350000,,RPWWNLMLMHGGFBH66CB
中壢區,房地(土地+建物)+車位,桃園市中壢區高鐵站前東路二段與青商路交叉口B5-03F,10.42,商,,,1080115,土地1建物1車位1,三層,15,住宅大樓(11層含以上有電梯),住家用,鋼筋混凝土造,,119.36,3,2,1,有,無,9000000,87971,坡道平面,32.4,1350000,,RPXWNLMLMHGGFBH76CB
中壢區,房地(土地+建物)+車位,桃園市中壢區高鐵站前東路二段與青商路交叉口B5-04F,10.42,商,,,1071114,土地1建物1車位1,四層,15,住宅大樓(11層含以上有電梯),住家用,鋼筋混凝土造,,119.36,3,2,1,有,無,8640000,82682,坡道平面,32.4,1450000,,RPONOLMLMHGGFBH67CB
中壢區,房地(土地+建物)+車位,桃園市中壢區高鐵站前東路二段與青商路交叉口B5-05F,10.65,商,,,1071211,土地1建物1車位2,五層,15,住宅大樓(11層含以上有電梯),住家用,鋼筋混凝土造,,151.76,3,2,1,有,無,9820000,81877,坡道平面,64.8,2700000,,RPPNOLMLMHGGFBH77CB
中壢區,房地(土地+建物)+車位,桃園市中壢區高鐵站前東路二段與青商路交叉口B5-06F,10.42,商,,,1071121,土地1建物1車位1,六層,15,住宅大樓(11層含以上有電梯),住家用,鋼筋混凝土造,,119.36,3,2,1,有,無,8630000,82567,坡道平面,32.4,1450000,,RPQNOLMLMHGGFBH87CB
中壢區,房地(土地+建物)+車位,桃園市中壢區高鐵站前東路二段與青商路交叉口B5-07F,10.42,商,,,1071126,土地1建物1車位1,七層,15,住宅大樓(11層含以上有電梯),住家用,鋼筋混凝土造,,119.36,3,2,1,有,無,8770000,84177,坡道平面,32.4,1450000,,RPRNOLMLMHGGFBH97CB
中壢區,房地(土地+建物)+車位,桃園市中壢區高鐵站前東路二段與青商路交叉口B5-08F,10.42,商,,,1071124,土地1建物1車位1,八層,15,住宅大樓(11層含以上有電梯),住家用,鋼筋混凝土造,,119.36,3,2,1,有,無,8700000,84522,坡道平面,32.4,1350000,,RPSNOLMLMHGGFBH08CB
中壢區,房地(土地+建物)+車位,桃園市中壢區高鐵站前東路二段與青商路交叉口B5-09F,10.42,商,,,1071218,土地1建物1車位1,九層,15,住宅大樓(11層含以上有電梯),住家用,鋼筋混凝土造,,119.36,3,2,1,有,無,8800000,84522,坡道平面,32.4,1450000,,RPTNOLMLMHGGFBH18CB
中壢區,房地(土地+建物)+車位,桃園市中壢區高鐵站前東路二段與青商路交叉口B5-10F,10.42,商,,,1080122,土地1建物1車位1,十層,15,住宅大樓(11層含以上有電梯),住家用,鋼筋混凝土造,,119.36,3,2,1,有,無,8730000,84867,坡道平面,32.4,1350000,,RPWNOLMLMHGGFBH48CB
中壢區,房地(土地+建物)+車位,桃園市中壢區高鐵站前東路二段與青商路交叉口B5-11F,10.42,商,,,1080118,土地1建物1車位1,十一層,15,住宅大樓(11層含以上有電梯),住家用,鋼筋混凝土造,,119.36,3,2,1,有,無,8600000,84522,坡道平面,32.4,1250000,,RPXNOLMLMHGGFBH58CB
中壢區,房地(土地+建物)+車位,桃園市中壢區高鐵站前東路二段與青商路交叉口B5-12F,10.42,商,,,1080115,土地1建物1車位1,十二層,15,住宅大樓(11層含以上有電梯),住家用,鋼筋混凝土造,,119.36,3,2,1,有,無,8600000,84522,坡道平面,32.4,1250000,,RPOOOLMLMHGGFBH77CB
中壢區,房地(土地+建物)+車位,桃園市中壢區高鐵站前東路二段與青商路交叉口B5-13F,10.42,商,,,1080214,土地1建物1車位1,十三層,15,住宅大樓(11層含以上有電梯),住家用,鋼筋混凝土造,,119.36,3,2,1,有,無,8600000,84522,坡道平面,32.4,1250000,,RPPOOLMLMHGGFBH87CB
中壢區,房地(土地+建物)+車位,桃園市中壢區高鐵站前東路二段與青商路交叉口B5-14F,10.42,商,,,1080112,土地1建物1車位1,十四層,15,住宅大樓(11層含以上有電梯),住家用,鋼筋混凝土造,,114.91,3,2,1,有,無,8600000,83947,坡道平面,27.95,1300000,,RPQOOLMLMHGGFBH97CB
中壢區,房地(土地+建物)+車位,桃園市中壢區高鐵站前東路二段與青商路交叉口B5-15F,10.42,商,,,1080216,土地1建物1車位1,十五層,15,住宅大樓(11層含以上有電梯),住家用,鋼筋混凝土造,,119.36,3,2,1,有,無,8550000,83947,坡道平面,32.4,1250000,,RPROOLMLMHGGFBH08CB
中壢區,房地(土地+建物)+車位,桃園市中壢區高鐵站前東路二段與青商路交叉口B6-02F,8.05,商,,,1071128,土地1建物1車位1,二層,15,住宅大樓(11層含以上有電梯),住家用,鋼筋混凝土造,,93.07,2,2,1,有,無,6600000,82924,坡道平面,27.95,1200000,,RPSOOLMLMHGGFBH18CB
中壢區,房地(土地+建物)+車位,桃園市中壢區高鐵站前東路二段與青商路交叉口B6-03F,8.05,商,,,1071122,土地1建物1車位1,三層,15,住宅大樓(11層含以上有電梯),住家用,鋼筋混凝土造,,97.52,2,2,1,有,無,6770000,84767,坡道平面,32.4,1250000,,RPUOOLMLMHGGFBH38CB
中壢區,房地(土地+建物)+車位,桃園市中壢區高鐵站前東路二段與青商路交叉口B6-04F,8.05,商,,,1071114,土地1建物1車位1,四層,15,住宅大樓(11層含以上有電梯),住家用,鋼筋混凝土造,,93.07,2,2,1,有,無,6990000,85842,坡道平面,27.95,1400000,,RPVOOLMLMHGGFBH48CB
中壢區,房地(土地+建物)+車位,桃園市中壢區高鐵站前東路二段與青商路交叉口B6-05F,8.05,商,,,1071117,土地1建物1車位1,五層,15,住宅大樓(11層含以上有電梯),住家用,鋼筋混凝土造,,97.52,2,2,1,有,無,7010000,85381,坡道平面,32.4,1450000,,RPWOOLMLMHGGFBH58CB
中壢區,房地(土地+建物)+車位,桃園市中壢區高鐵站前東路二段與青商路交叉口B6-06F,8.05,商,,,1071201,土地1建物1車位1,六層,15,住宅大樓(11層含以上有電梯),住家用,鋼筋混凝土造,,97.52,2,2,1,有,無,6950000,85995,坡道平面,32.4,1350000,,RPXOOLMLMHGGFBH68CB
中壢區,房地(土地+建物)+車位,桃園市中壢區高鐵站前東路二段與青商路交叉口B6-07F,8.05,商,,,1071117,土地1建物1車位1,七層,15,住宅大樓(11層含以上有電梯),住家用,鋼筋混凝土造,,97.52,2,2,1,有,無,7130000,84920,坡道平面,32.4,1600000,,RPOPOLMLMHGGFBH87CB
中壢區,房地(土地+建物)+車位,桃園市中壢區高鐵站前東路二段與青商路交叉口B6-08F,8.05,商,,,1071125,土地1建物1車位1,八層,15,住宅大樓(11層含以上有電梯),住家用,鋼筋混凝土造,,93.07,2,2,1,有,無,7260000,93059,坡道平面,27.95,1200000,,RPPPOLMLMHGGFBH97CB
中壢區,房地(土地+建物)+車位,桃園市中壢區高鐵站前東路二段與青商路交叉口B6-09F,8.05,商,,,1071117,土地1建物1車位1,九層,15,住宅大樓(11層含以上有電梯),住家用,鋼筋混凝土造,,97.52,2,2,1,有,無,7170000,85534,坡道平面,32.4,1600000,,RPQPOLMLMHGGFBH08CB
中壢區,房地(土地+建物)+車位,桃園市中壢區高鐵站前東路二段與青商路交叉口B6-10F,8.05,商,,,1071121,土地1建物1車位1,十層,15,住宅大樓(11層含以上有電梯),住家用,鋼筋混凝土造,,97.52,2,2,1,有,無,7220000,86302,坡道平面,32.4,1600000,,RPRPOLMLMHGGFBH18CB
中壢區,房地(土地+建物)+車位,桃園市中壢區高鐵站前東路二段與青商路交叉口B6-11F,8.05,商,,,1071215,土地1建物1車位1,十一層,15,住宅大樓(11層含以上有電梯),住家用,鋼筋混凝土造,,93.07,2,2,1,有,無,6780000,85688,坡道平面,27.95,1200000,,RPSPOLMLMHGGFBH28CB
中壢區,房地(土地+建物)+車位,桃園市中壢區高鐵站前東路二段與青商路交叉口B6-12F,8.05,商,,,1071206,土地1建物1車位1,十二層,15,住宅大樓(11層含以上有電梯),住家用,鋼筋混凝土造,,97.52,2,2,1,有,無,6950000,85995,坡道平面,32.4,1350000,,RPTPOLMLMHGGFBH38CB
中壢區,房地(土地+建物)+車位,桃園市中壢區高鐵站前東路二段與青商路交叉口B6-13F,8.05,商,,,1071228,土地1建物1車位1,十三層,15,住宅大樓(11層含以上有電梯),住家用,鋼筋混凝土造,,97.52,2,2,1,有,無,7460000,93827,坡道平面,32.4,1350000,,RPUPOLMLMHGGFBH48CB
中壢區,房地(土地+建物)+車位,桃園市中壢區高鐵站前東路二段與青商路交叉口B6-14F,8.05,商,,,1080112,土地1建物1車位1,十四層,15,住宅大樓(11層含以上有電梯),住家用,鋼筋混凝土造,,93.07,2,2,1,有,無,6950000,86763,坡道平面,27.95,1300000,,RPWPOLMLMHGGFBH68CB
中壢區,房地(土地+建物)+車位,桃園市中壢區高鐵站前東路二段與青商路交叉口B6-15F,8.05,商,,,1080124,土地1建物1車位1,十五層,15,住宅大樓(11層含以上有電梯),住家用,鋼筋混凝土造,,93.07,2,2,1,有,無,6970000,87070,坡道平面,27.95,1300000,,RPOQOLMLMHGGFBH97CB
中壢區,房地(土地+建物)+車位,桃園市中壢區高鐵站前東路二段與青商路交叉口B7-02F,19.42,商,,,1080209,土地1建物1車位2,二層,15,住宅大樓(11層含以上有電梯),住家用,鋼筋混凝土造,,222.81,3,2,3,有,無,15850000,80691,坡道平面,64.8,3100000,,RPPQOLMLMHGGFBH08CB
中壢區,房地(土地+建物)+車位,桃園市中壢區高鐵站前東路二段與青商路交叉口B7-03F,19.42,商,,,1071202,土地1建物1車位2,三層,15,住宅大樓(11層含以上有電梯),住家用,鋼筋混凝土造,,222.86,3,2,3,有,無,16150000,83829,坡道平面,64.8,2900000,,RPQQOLMLMHGGFBH18CB
中壢區,房地(土地+建物)+車位,桃園市中壢區高鐵站前東路二段與青商路交叉口B7-04F,19.42,商,,,1071122,土地1建物1車位2,四層,15,住宅大樓(11層含以上有電梯),住家用,鋼筋混凝土造,,222.86,3,2,3,有,無,16100000,83513,坡道平面,64.8,2900000,,RPRQOLMLMHGGFBH28CB
中壢區,房地(土地+建物)+車位,桃園市中壢區高鐵站前東路二段與青商路交叉口B7-05F,19.42,商,,,1071220,土地1建物1車位2,五層,15,住宅大樓(11層含以上有電梯),住家用,鋼筋混凝土造,,222.86,3,2,3,有,無,16300000,84778,坡道平面,64.8,2900000,,RPSQOLMLMHGGFBH38CB
中壢區,房地(土地+建物)+車位,桃園市中壢區高鐵站前東路二段與青商路交叉口B7-07F,19.42,商,,,1080108,土地1建物1車位2,七層,15,住宅大樓(11層含以上有電梯),住家用,鋼筋混凝土造,,218.41,3,2,3,有,無,17230000,89713,坡道平面,60.35,3050000,,RPTQOLMLMHGGFBH48CB
中壢區,房地(土地+建物)+車位,桃園市中壢區高鐵站前東路二段與青商路交叉口B7-09F,19.42,商,,,1071117,土地1建物1車位2,九層,15,住宅大樓(11層含以上有電梯),住家用,鋼筋混凝土造,,222.86,3,2,3,有,無,16620000,84904,坡道平面,64.8,3200000,,RPUQOLMLMHGGFBH58CB
中壢區,房地(土地+建物)+車位,桃園市中壢區高鐵站前東路二段與青商路交叉口B7-10F,19.42,商,,,1071215,土地1建物1車位2,十層,15,住宅大樓(11層含以上有電梯),住家用,鋼筋混凝土造,,222.86,3,2,3,有,無,16380000,85284,坡道平面,64.8,2900000,,RPVQOLMLMHGGFBH68CB
中壢區,房地(土地+建物)+車位,桃園市中壢區高鐵站前東路二段與青商路交叉口B7-11F,19.42,商,,,1071117,土地1建物1車位2,十一層,15,住宅大樓(11層含以上有電梯),住家用,鋼筋混凝土造,,222.86,3,2,3,有,無,16570000,85221,坡道平面,64.8,3100000,,RPWQOLMLMHGGFBH78CB
中壢區,房地(土地+建物)+車位,桃園市中壢區高鐵站前東路二段與青商路交叉口B7-12F,19.42,商,,,1071127,土地1建物1車位2,十二層,15,住宅大樓(11層含以上有電梯),住家用,鋼筋混凝土造,,222.86,3,2,3,有,無,17500000,91105,坡道平面,64.8,3100000,,RPXQOLMLMHGGFBH88CB
中壢區,房地(土地+建物)+車位,桃園市中壢區高鐵站前東路二段與青商路交叉口B7-13F,19.42,商,,,1071226,土地1建物1車位2,十三層,15,住宅大樓(11層含以上有電梯),住家用,鋼筋混凝土造,,222.86,3,2,3,有,無,16750000,86360,坡道平面,64.8,3100000,,RPOROLMLMHGGFBH08CB
中壢區,房地(土地+建物)+車位,桃園市中壢區高鐵站前東路二段與青商路交叉口B7-15F,19.42,商,,,1080209,土地1建物1車位2,十五層,15,住宅大樓(11層含以上有電梯),住家用,鋼筋混凝土造,,222.86,3,2,3,有,無,16500000,84778,坡道平面,64.8,3100000,,RPQROLMLMHGGFBH28CB
楊梅區,房地(土地+建物)+車位,桃園市楊梅區中山北路一段494巷陽明國小對面 B3-02,16.32,住,,,1100208,土地1建物1車位1,二層,15,住宅大樓(11層含以上有電梯),住家用,鋼筋混凝土造,,121.58,2,2,1,有,無,4830000,38290,坡道平面,29.39,1300000,,RPPOMLNLMHGGFDH97CB
中壢區,房地(土地+建物)+車位,桃園市中壢區青溪段456地號,21.99,住,,,1081221,土地1建物1車位2,三層,14,住宅大樓(11層含以上有電梯),住家用,鋼筋混凝土造,,188.12,3,2,2,有,無,11300000,66968,坡道平面,59.7,2700000,,RPQPMLNLMHGGFBH08DB
中壢區,房地(土地+建物)+車位,桃園市中壢區青溪段456地號,21.99,住,,,1081230,土地1建物1車位2,三層,14,住宅大樓(11層含以上有電梯),住家用,鋼筋混凝土造,,188.12,3,2,2,有,無,11300000,66968,坡道平面,59.7,2700000,,RPSPMLNLMHGGFBH28DB
中壢區,房地(土地+建物)+車位,桃園市中壢區青溪段456地號,21.32,住,,,1081231,土地1建物1車位1,二層,14,住宅大樓(11層含以上有電梯),住家用,鋼筋混凝土造,,154.39,3,2,2,有,無,10280000,71704,坡道平面,29.85,1350000,,RPXPMLNLMHGGFBH78DB
中壢區,房地(土地+建物)+車位,桃園市中壢區青溪段456地號,21.32,住,,,1081231,土地1建物1車位2,六層,14,住宅大樓(11層含以上有電梯),住家用,鋼筋混凝土造,,180.89,3,2,2,有,無,11500000,67850,坡道平面,56.35,3050000,,RPPQMLNLMHGGFBH08DB
中壢區,房地(土地+建物)+車位,桃園市中壢區青溪段456地號,21.32,住,,,1081231,土地1建物1車位2,五層,14,住宅大樓(11層含以上有電梯),住家用,鋼筋混凝土造,,184.24,3,2,2,有,無,11400000,66645,坡道平面,59.7,3100000,,RPSQMLNLMHGGFBH38DB
中壢區,房地(土地+建物)+車位,桃園市中壢區青溪段456地號,21.32,住,,,1090111,土地1建物1車位1,十層,14,住宅大樓(11層含以上有電梯),住家用,鋼筋混凝土造,,154.39,3,2,2,有,無,11300000,79894,坡道平面,29.85,1350000,,RPUQMLNLMHGGFBH58DB
中壢區,房地(土地+建物)+車位,桃園市中壢區青溪段456地號,21.32,住,,,1090105,土地1建物1車位1,十二層,14,住宅大樓(11層含以上有電梯),住家用,鋼筋混凝土造,,154.39,3,2,2,有,無,11400000,79894,坡道平面,29.85,1450000,,RPVQMLNLMHGGFBH68DB
中壢區,房地(土地+建物)+車位,桃園市中壢區青溪段456地號,21.32,住,,,1090110,土地1建物1車位2,十二層,14,住宅大樓(11層含以上有電梯),住家用,鋼筋混凝土造,,184.24,3,2,2,有,無,12200000,76281,坡道平面,59.7,2700000,,RPXQMLNLMHGGFBH88DB
中壢區,房地(土地+建物)+車位,桃園市中壢區青溪段456地號,21.32,住,,,1090115,土地1建物1車位2,三層,14,住宅大樓(11層含以上有電梯),住家用,鋼筋混凝土造,,184.24,3,2,2,有,無,11200000,65039,坡道平面,59.7,3100000,,RPORMLNLMHGGFBH08DB
中壢區,房地(土地+建物)+車位,桃園市中壢區青溪段456地號,21.75,住,,,1090120,土地1建物1車位1,四層,14,住宅大樓(11層含以上有電梯),住家用,鋼筋混凝土造,,156.92,3,2,2,有,無,10500000,72008,坡道平面,29.85,1350000,,RPPRMLNLMHGGFBH18DB
中壢區,房地(土地+建物)+車位,桃園市中壢區青溪段456地號,21.32,住,,,1090228,土地1建物1車位1,十三層,14,住宅大樓(11層含以上有電梯),住家用,鋼筋混凝土造,,154.39,3,2,2,有,無,11500000,80697,坡道平面,29.85,1450000,,RPQRMLNLMHGGFBH28DB
中壢區,房地(土地+建物)+車位,桃園市中壢區青溪段456地號,21.32,住,,,1090407,土地1建物1車位2,十三層,14,住宅大樓(11層含以上有電梯),住家用,鋼筋混凝土造,,184.24,3,2,2,有,無,12300000,73872,坡道平面,59.7,3100000,,RPTRMLNLMHGGFBH58DB
中壢區,房地(土地+建物)+車位,桃園市中壢區青溪段456地號,21.99,住,,,1090430,土地1建物1車位1,四層,14,住宅大樓(11層含以上有電梯),住家用,鋼筋混凝土造,,158.27,3,2,2,有,無,10500000,69693,坡道平面,29.85,1550000,,RPXRMLNLMHGGFBH98DB
中壢區,房地(土地+建物)+車位,桃園市中壢區青溪段456地號,21.32,住,,,1090627,土地1建物1車位1,四層,14,住宅大樓(11層含以上有電梯),住家用,鋼筋混凝土造,,154.39,3,2,2,有,無,10600000,72667,坡道平面,29.85,1550000,,RPOSMLNLMHGGFBH18DB
中壢區,房地(土地+建物)+車位,桃園市中壢區青溪段456地號,21.99,住,,,1090621,土地1建物1車位1,二層,14,住宅大樓(11層含以上有電梯),住家用,鋼筋混凝土造,,158.27,3,2,2,有,無,11880000,80439,坡道平面,29.85,1550000,,RPPSMLNLMHGGFBH28DB
龜山區,房地(土地+建物)+車位,桃園市龜山區樂善國小側面 E1-06,19.72,住,,,1081229,土地1建物1車位1,六層,15,住宅大樓(11層含以上有電梯),住家用,鋼筋混凝土造,,147.17,3,2,2,有,無,10000000,66155,坡道平面,24.73,1900000,,RPSNMLNLMHGGFHH58CB
龜山區,房地(土地+建物)+車位,桃園市龜山區樂善國小側面 E1-14,19.89,住,,,1080615,土地1建物1車位1,十四層,15,住宅大樓(11層含以上有電梯),住家用,鋼筋混凝土造,,148.06,3,2,2,有,無,9930000,65110,坡道平面,24.73,1900000,,RPUNMLNLMHGGFHH78CB
龜山區,房地(土地+建物)+車位,桃園市龜山區樂善國小側面 E1-10,19.72,住,,,1100126,土地1建物1車位1,十層,15,住宅大樓(11層含以上有電梯),住家用,鋼筋混凝土造,,147.17,3,2,2,有,無,10250000,65746,坡道平面,24.73,2200000,,RPVNMLNLMHGGFHH88CB
龜山區,房地(土地+建物)+車位,桃園市龜山區樂善國小側面 E1-11,19.72,住,,,1100124,土地1建物1車位1,十一層,15,住宅大樓(11層含以上有電梯),住家用,鋼筋混凝土造,,147.17,3,2,2,有,無,10100000,64521,坡道平面,24.73,2200000,,RPWNMLNLMHGGFHH98CB
龜山區,房地(土地+建物)+車位,桃園市龜山區樂善國小側面 E1-13,19.72,住,,,1100227,土地1建物1車位1,十三層,15,住宅大樓(11層含以上有電梯),住家用,鋼筋混凝土造,,147.17,3,2,2,有,無,10150000,64930,坡道平面,24.73,2200000,,RPXNMLNLMHGGFHH09CB
龜山區,房地(土地+建物)+車位,桃園市龜山區樂善國小側面 E1-08,19.72,住,,,1090725,土地1建物1車位1,八層,15,住宅大樓(11層含以上有電梯),住家用,鋼筋混凝土造,,147.17,3,2,2,有,無,10030000,65175,坡道平面,24.73,2050000,,RPOOMLNLMHGGFHH28CB
龜山區,房地(土地+建物)+車位,桃園市龜山區樂善國小側面 E1-12,19.72,住,,,1091222,土地1建物1車位1,十二層,15,住宅大樓(11層含以上有電梯),住家用,鋼筋混凝土造,,147.17,3,2,2,有,無,10030000,65583,坡道平面,24.73,2000000,,RPPOMLNLMHGGFHH38CB
龜山區,房地(土地+建物)+車位,桃園市龜山區樂善國小側面 E1-03,19.72,住,,,1090809,土地1建物1車位1,三層,15,住宅大樓(11層含以上有電梯),住家用,鋼筋混凝土造,,147.17,3,2,2,有,無,9750000,63705,坡道平面,24.73,1950000,,RPQOMLNLMHGGFHH48CB
龜山區,房地(土地+建物)+車位,桃園市龜山區樂善國小側面 E1-04,19.72,住,,,1090823,土地1建物1車位1,四層,15,住宅大樓(11層含以上有電梯),住家用,鋼筋混凝土造,,147.17,3,2,2,有,無,9570000,62235,坡道平面,24.73,1950000,,RPROMLNLMHGGFHH58CB
龜山區,房地(土地+建物)+車位,桃園市龜山區樂善國小側面 E1-05,19.72,住,,,1090105,土地1建物1車位1,五層,15,住宅大樓(11層含以上有電梯),住家用,鋼筋混凝土造,,146.16,3,2,2,有,無,9650000,64113,坡道平面,23.72,1800000,,RPSOMLNLMHGGFHH68CB
龜山區,房地(土地+建物)+車位,桃園市龜山區樂善國小側面 E1-07,19.72,住,,,1100313,土地1建物1車位1,七層,15,住宅大樓(11層含以上有電梯),住家用,鋼筋混凝土造,,146.16,3,2,2,有,無,10150000,65746,坡道平面,23.72,2100000,,RPTOMLNLMHGGFHH78CB
龜山區,房地(土地+建物)+車位,桃園市龜山區樂善國小側面 E1-09,19.72,住,,,1100129,土地1建物1車位1,九層,15,住宅大樓(11層含以上有電梯),住家用,鋼筋混凝土造,,146.16,3,2,2,有,無,10290000,66482,坡道平面,23.72,2150000,,RPUOMLNLMHGGFHH88CB
龜山區,房地(土地+建物)+車位,桃園市龜山區樂善國小側面 E2-02,13.14,住,,,1080622,土地1建物1車位1,二層,15,住宅大樓(11層含以上有電梯),住家用,鋼筋混凝土造,,105.6,2,2,1,有,無,7090000,64795,坡道平面,24.73,1850000,,RPVOMLNLMHGGFHH98CB
龜山區,房地(土地+建物)+車位,桃園市龜山區樂善國小側面 E2-06,13.14,住,,,1080616,土地1建物1車位1,六層,15,住宅大樓(11層含以上有電梯),住家用,鋼筋混凝土造,,105.6,2,2,1,有,無,6950000,63064,坡道平面,24.73,1850000,,RPWOMLNLMHGGFHH09CB
龜山區,房地(土地+建物)+車位,桃園市龜山區樂善國小側面 E2-07,13.14,住,,,1080712,土地1建物1車位1,七層,15,住宅大樓(11層含以上有電梯),住家用,鋼筋混凝土造,,105.6,2,2,1,有,無,6930000,62817,坡道平面,24.73,1850000,,RPXOMLNLMHGGFHH56CB
龜山區,房地(土地+建物)+車位,桃園市龜山區樂善國小側面 E2-10,13.14,住,,,1090201,土地1建物1車位1,十層,15,住宅大樓(11層含以上有電梯),住家用,鋼筋混凝土造,,105.6,2,2,1,有,無,7050000,64301,坡道平面,24.73,1850000,,RPOPMLNLMHGGFHH38CB
龜山區,房地(土地+建物)+車位,桃園市龜山區樂善國小側面 E2-11,13.14,住,,,1080921,土地1建物1車位1,十一層,15,住宅大樓(11層含以上有電梯),住家用,鋼筋混凝土造,,105.6,2,2,1,有,無,7000000,63682,坡道平面,24.73,1850000,,RPPPMLNLMHGGFHH48CB
龜山區,房地(土地+建物)+車位,桃園市龜山區樂善國小側面 E2-12,13.14,住,,,1081020,土地1建物1車位1,十二層,15,住宅大樓(11層含以上有電梯),住家用,鋼筋混凝土造,,105.6,2,2,1,有,無,7000000,63682,坡道平面,24.73,1850000,,RPQPMLNLMHGGFHH58CB
龜山區,房地(土地+建物)+車位,桃園市龜山區樂善國小側面 E2-03,13.14,住,,,1080630,土地1建物1車位1,三層,15,住宅大樓(11層含以上有電梯),住家用,鋼筋混凝土造,,104.59,2,2,1,有,無,6700000,60591,坡道平面,23.72,1800000,,RPRPMLNLMHGGFHH68CB
龜山區,房地(土地+建物)+車位,桃園市龜山區樂善國小側面 E2-04,13.14,住,,,1080602,土地1建物1車位1,四層,15,住宅大樓(11層含以上有電梯),住家用,鋼筋混凝土造,,104.59,2,2,1,有,無,6700000,60591,坡道平面,23.72,1800000,,RPTPMLNLMHGGFHH88CB
龜山區,房地(土地+建物)+車位,桃園市龜山區樂善國小側面 E2-08,13.14,住,,,1080712,土地1建物1車位1,八層,15,住宅大樓(11層含以上有電梯),住家用,鋼筋混凝土造,,104.59,2,2,1,有,無,6850000,62446,坡道平面,23.72,1800000,,RPUPMLNLMHGGFHH98CB
龜山區,房地(土地+建物)+車位,桃園市龜山區樂善國小側面 E2-05,13.14,住,,,1080818,土地1建物1車位1,五層,15,住宅大樓(11層含以上有電梯),住家用,鋼筋混凝土造,,99.76,2,2,1,有,無,6460000,62570,坡道平面,18.89,1400000,,RPVPMLNLMHGGFHH09CB
龜山區,房地(土地+建物),桃園市龜山區樂善國小側面 E2-09,12.79,住,,,1081013,土地1建物1車位0,九層,15,住宅大樓(11層含以上有電梯),住家用,鋼筋混凝土造,,80.87,2,2,1,有,無,6000000,74193,,0.0,0,,RPWPMLNLMHGGFHH56CB
龜山區,房地(土地+建物),桃園市龜山區樂善國小側面 E2-13,12.79,住,,,1081005,土地1建物1車位0,十三層,15,住宅大樓(11層含以上有電梯),住家用,鋼筋混凝土造,,80.87,2,2,1,有,無,5780000,71473,,0.0,0,,RPXPMLNLMHGGFHH66CB
龜山區,房地(土地+建物)+車位,桃園市龜山區樂善國小側面 E3-02,20.55,住,,,1091220,土地1建物1車位1,二層,15,住宅大樓(11層含以上有電梯),住家用,鋼筋混凝土造,,152.26,3,2,2,有,無,9930000,61789,坡道平面,24.73,2050000,,RPOQMLNLMHGGFHH48CB
龜山區,房地(土地+建物)+車位,桃園市龜山區樂善國小側面 E3-04,20.55,住,,,1091116,土地1建物1車位1,四層,15,住宅大樓(11層含以上有電梯),住家用,鋼筋混凝土造,,152.26,3,2,2,有,無,10000000,62338,坡道平面,24.73,2050000,,RPPQMLNLMHGGFHH58CB
龜山區,房地(土地+建物)+車位,桃園市龜山區樂善國小側面 E3-05,20.55,住,,,1090801,土地1建物1車位1,五層,15,住宅大樓(11層含以上有電梯),住家用,鋼筋混凝土造,,152.26,3,2,2,有,無,10150000,63514,坡道平面,24.73,2050000,,RPQQMLNLMHGGFHH68CB
龜山區,房地(土地+建物)+車位,桃園市龜山區樂善國小側面 E3-06,20.55,住,,,1090912,土地1建物1車位1,六層,15,住宅大樓(11層含以上有電梯),住家用,鋼筋混凝土造,,152.26,3,2,2,有,無,10300000,64691,坡道平面,24.73,2050000,,RPSQMLNLMHGGFHH88CB
龜山區,房地(土地+建物)+車位,桃園市龜山區樂善國小側面 E3-07,20.55,住,,,1091129,土地1建物1車位1,七層,15,住宅大樓(11層含以上有電梯),住家用,鋼筋混凝土造,,152.26,3,2,2,有,無,10350000,65083,坡道平面,24.73,2050000,,RPTQMLNLMHGGFHH98CB
龜山區,房地(土地+建物)+車位,桃園市龜山區樂善國小側面 E3-08,20.55,住,,,1090628,土地1建物1車位1,八層,15,住宅大樓(11層含以上有電梯),住家用,鋼筋混凝土造,,152.26,3,2,2,有,無,10330000,64926,坡道平面,24.73,2050000,,RPUQMLNLMHGGFHH09CB
龜山區,房地(土地+建物)+車位,桃園市龜山區樂善國小側面 E3-09,20.55,住,,,1091206,土地1建物1車位1,九層,15,住宅大樓(11層含以上有電梯),住家用,鋼筋混凝土造,,152.26,3,2,2,有,無,10400000,65475,坡道平面,24.73,2050000,,RPVQMLNLMHGGFHH56CB
龜山區,房地(土地+建物)+車位,桃園市龜山區樂善國小側面 E3-10,20.55,住,,,1091122,土地1建物1車位1,十層,15,住宅大樓(11層含以上有電梯),住家用,鋼筋混凝土造,,152.26,3,2,2,有,無,10420000,65632,坡道平面,24.73,2050000,,RPWQMLNLMHGGFHH66CB
龜山區,房地(土地+建物)+車位,桃園市龜山區樂善國小側面 E3-03,20.55,住,,,1091115,土地1建物1車位1,三層,15,住宅大樓(11層含以上有電梯),住家用,鋼筋混凝土造,,152.26,3,2,2,有,無,10000000,62730,坡道平面,24.73,2000000,,RPXQMLNLMHGGFHH76CB
龜山區,房地(土地+建物)+車位,桃園市龜山區樂善國小側面 E3-12,20.55,住,,,1091017,土地1建物1車位1,十二層,15,住宅大樓(11層含以上有電梯),住家用,鋼筋混凝土造,,152.26,3,2,2,有,無,10170000,64455,坡道平面,24.73,1950000,,RPORMLNLMHGGFHH58CB
龜山區,房地(土地+建物)+車位,桃園市龜山區樂善國小側面 E3-11,20.55,住,,,1091017,土地1建物1車位1,十一層,15,住宅大樓(11層含以上有電梯),住家用,鋼筋混凝土造,,152.26,3,2,2,有,無,10170000,64455,坡道平面,24.73,1950000,,RPPRMLNLMHGGFHH68CB
龜山區,房地(土地+建物)+車位,桃園市龜山區樂善國小側面 E3-13,20.55,住,,,1091205,土地1建物1車位1,十三層,15,住宅大樓(11層含以上有電梯),住家用,鋼筋混凝土造,,152.26,3,2,2,有,無,10500000,67827,坡道平面,24.73,1850000,,RPQRMLNLMHGGFHH78CB
龜山區,房地(土地+建物)+車位,桃園市龜山區樂善國小側面 E3-14,20.69,住,,,1080609,土地1建物1車位1,十四層,15,住宅大樓(11層含以上有電梯),住家用,鋼筋混凝土造,,153.25,3,2,2,有,無,10170000,64348,坡道平面,24.73,1900000,,RPRRMLNLMHGGFHH88CB
龜山區,房地(土地+建物)+車位,桃園市龜山區文化一路與華亞三路A1棟1樓,29.53,商,,,1091204,土地1建物1車位1,一層,24,店面(店鋪),商業用,鋼筋混凝土造,,310.31,0,0,1,有,無,38880000,133175,坡道平面,31.88,1800000,,RPURMLNLMHGGFHH56CB
龜山區,房地(土地+建物)+車位,桃園市龜山區文化一路與華亞三路A1棟17樓,8.08,商,,,1080925,土地1建物1車位1,十七層,24,住宅大樓(11層含以上有電梯),住家用,鋼筋混凝土造,,114.11,2,2,1,有,無,7470000,68953,坡道平面,31.88,1800000,,RPVRMLNLMHGGFHH66CB
龜山區,房地(土地+建物)+車位,桃園市龜山區文化一路與華亞三路A1棟19樓,9.73,商,,,1080831,土地1建物1車位1,十九層,24,住宅大樓(11層含以上有電梯),住家用,鋼筋混凝土造,,134.56,3,2,2,有,無,8900000,70121,坡道平面,31.88,1700000,,RPXRMLNLMHGGFHH86CB
龜山區,房地(土地+建物)+車位,桃園市龜山區文化一路與華亞三路A1棟20樓,8.8,商,,,1080920,土地1建物1車位1,二十層,24,住宅大樓(11層含以上有電梯),住家用,鋼筋混凝土造,,120.75,2,2,1,有,無,8000000,69765,坡道平面,31.88,1800000,,RPOSMLNLMHGGFHH68CB
龜山區,房地(土地+建物)+車位,桃園市龜山區文化一路與華亞三路A1棟21樓,7.77,商,,,1080726,土地1建物1車位1,二十一層,24,住宅大樓(11層含以上有電梯),住家用,鋼筋混凝土造,,109.87,2,2,1,有,無,7200000,71804,坡道平面,31.88,1600000,,RPQSMLNLMHGGFHH88CB
龜山區,房地(土地+建物)+車位,桃園市龜山區文化一路與華亞三路A1棟24樓,14.07,商,,,1080916,土地1建物1車位1,二十四層,24,住宅大樓(11層含以上有電梯),住家用,鋼筋混凝土造,,175.59,2,2,2,有,無,12900000,78257,坡道平面,33.75,1800000,,RPSSMLNLMHGGFHH09CB
龜山區,房地(土地+建物)+車位,桃園市龜山區文化一路與華亞三路A2棟17樓,7.29,商,,,1080823,土地1建物1車位1,十七層,24,住宅大樓(11層含以上有電梯),住家用,鋼筋混凝土造,,105.31,2,2,1,有,無,6750000,70135,坡道平面,31.88,1600000,,RPUSMLNLMHGGFHH66CB
龜山區,房地(土地+建物)+車位,桃園市龜山區文化一路與華亞三路A2棟21樓,11.3,商,,,1080823,土地1建物1車位1,二十一層,24,住宅大樓(11層含以上有電梯),住家用,鋼筋混凝土造,,144.49,3,2,2,有,無,9720000,72107,坡道平面,31.88,1600000,,RPVSMLNLMHGGFHH76CB
龜山區,房地(土地+建物)+車位,桃園市龜山區文化一路與華亞三路A2棟23樓,8.77,商,,,1081120,土地1建物1車位1,二十三層,24,住宅大樓(11層含以上有電梯),住家用,鋼筋混凝土造,,120.07,2,2,1,有,無,7980000,70076,坡道平面,31.88,1800000,,RPQNMLOLMHGGFHH48CB
龜山區,房地(土地+建物)+車位,桃園市龜山區文化一路與華亞三路A4棟23樓,14.19,商,,,1090913,土地1建物1車位1,二十三層,24,住宅大樓(11層含以上有電梯),住家用,鋼筋混凝土造,,175.97,3,2,3,有,無,12700000,75647,坡道平面,31.88,1800000,,RPRNMLOLMHGGFHH58CB
龜山區,房地(土地+建物)+車位,桃園市龜山區文化一路與華亞三路A5棟1樓,17.09,商,,,1081001,土地1建物1車位1,一層,24,店面(店鋪),商業用,鋼筋混凝土造,,192.48,0,0,1,有,無,20500000,117061,坡道平面,31.88,1700000,,RPSNMLOLMHGGFHH68CB
龜山區,房地(土地+建物)+車位,桃園市龜山區文化一路與華亞三路A5棟8樓,10.12,商,,,1090817,土地1建物1車位1,八層,24,住宅大樓(11層含以上有電梯),住商用,鋼筋混凝土造,,132.52,0,0,1,有,無,8340000,65390,坡道平面,30.21,1650000,,RPTNMLOLMHGGFHH78CB
龜山區,房地(土地+建物)+車位,桃園市龜山區文化一路與華亞三路A6棟1樓,23.74,商,,,1081217,土地1建物1車位3,一層,24,店面(店鋪),商業用,鋼筋混凝土造,,308.19,0,0,1,有,無,28600000,109151,坡道平面,95.64,5400000,,RPUNMLOLMHGGFHH88CB
龜山區,房地(土地+建物)+車位,桃園市龜山區文化一路與華亞三路A6棟15樓,12.32,商,,,1080804,土地1建物1車位1,十五層,24,住宅大樓(11層含以上有電梯),住家用,鋼筋混凝土造,,157.72,3,2,2,有,無,10650000,70327,坡道平面,31.88,1800000,,RPVNMLOLMHGGFHH98CB
龜山區,房地(土地+建物)+車位,桃園市龜山區文化一路與華亞三路B1棟24樓,14.07,商,,,1090219,土地1建物1車位1,二十四層,24,住宅大樓(11層含以上有電梯),住家用,鋼筋混凝土造,,173.72,2,2,2,有,無,13810000,85025,坡道平面,31.88,1750000,,RPWNMLOLMHGGFHH09CB
龜山區,房地(土地+建物)+車位,桃園市龜山區文化一路與華亞三路B2棟8樓,8.71,商,,,1090803,土地1建物1車位1,八層,24,住宅大樓(11層含以上有電梯),住商用,鋼筋混凝土造,,120.66,0,0,1,有,無,7450000,64124,坡道平面,30.21,1650000,,RPQOMLOLMHGGFHH58CB
龜山區,房地(土地+建物),桃園市龜山區文化一路與華亞三路B2棟17樓,7.17,商,,,1080727,土地1建物1車位0,十七層,24,住宅大樓(11層含以上有電梯),住家用,鋼筋混凝土造,,73.72,2,2,1,有,無,5580000,75692,,0.0,0,,RPSOMLOLMHGGFHH78CB
龜山區,房地(土地+建物)+車位,桃園市龜山區文化一路與華亞三路B2棟21樓,10.67,商,,,1080921,土地1建物1車位1,二十一層,24,住宅大樓(11層含以上有電梯),住家用,鋼筋混凝土造,,136.48,3,2,1,有,無,9300000,73614,坡道平面,31.88,1600000,,RPTOMLOLMHGGFHH88CB
龜山區,房地(土地+建物)+車位,桃園市龜山區文化一路與華亞三路B2棟22樓,9.67,商,,,1081010,土地1建物1車位1,二十二層,24,住宅大樓(11層含以上有電梯),住家用,鋼筋混凝土造,,125.05,3,2,1,有,無,8550000,73522,坡道平面,31.88,1700000,,RPUOMLOLMHGGFHH98CB
龜山區,房地(土地+建物)+車位,桃園市龜山區文化一路與華亞三路B2棟23樓,8.44,商,,,1080706,土地1建物1車位1,二十三層,24,住宅大樓(11層含以上有電梯),住家用,鋼筋混凝土造,,112.9,2,2,1,有,無,7700000,74374,坡道平面,30.21,1550000,,RPVOMLOLMHGGFHH09CB
龜山區,房地(土地+建物)+車位,桃園市龜山區文化一路與華亞三路B5棟17樓,14.77,商,,,1080829,土地1建物1車位1,十七層,24,住宅大樓(11層含以上有電梯),住家用,鋼筋混凝土造,,182.61,3,2,3,有,無,13000000,75131,坡道平面,30.21,1550000,,RPWOMLOLMHGGFHH56CB
龜山區,房地(土地+建物)+車位,桃園市龜山區文化一路與華亞三路A1棟13樓,8.92,商,,,1090723,土地1建物1車位1,十三層,24,住宅大樓(11層含以上有電梯),住家用,鋼筋混凝土造,,125.42,2,2,1,有,無,8380000,70686,坡道平面,30.21,1650000,,RPXOMLOLMHGGFHH66CB
龜山區,房地(土地+建物)+車位,桃園市龜山區文化一路與華亞三路A2棟22樓,9.85,商,,,1080910,土地1建物1車位1,二十二層,24,住宅大樓(11層含以上有電梯),住家用,鋼筋混凝土造,,129.46,2,2,1,有,無,8700000,72761,坡道平面,31.88,1600000,,RPOPMLOLMHGGFHH48CB
龜山區,房地(土地+建物)+車位,桃園市龜山區文化一路與華亞三路A3棟4樓,11.27,商,,,1080818,土地1建物1車位1,四層,24,住宅大樓(11層含以上有電梯),住商用,鋼筋混凝土造,,144.64,0,0,1,有,無,8680000,61901,坡道平面,31.88,1700000,,RPPPMLOLMHGGFHH58CB
龜山區,房地(土地+建物)+車位,桃園市龜山區文化一路與華亞三路A3棟13樓,11.33,商,,,1090527,土地1建物1車位1,十三層,24,住宅大樓(11層含以上有電梯),住家用,鋼筋混凝土造,,147.61,2,2,1,有,無,9680000,69818,坡道平面,31.88,1600000,,RPQPMLOLMHGGFHH68CB
龜山區,房地(土地+建物),桃園市龜山區文化一路與華亞三路A4棟13樓,8.32,商,,,1090508,土地1建物1車位0,十三層,24,住宅大樓(11層含以上有電梯),住家用,鋼筋混凝土造,,85.16,2,2,1,有,無,6300000,73978,,0.0,0,,RPVPMLOLMHGGFHH56CB
龜山區,房地(土地+建物)+車位,桃園市龜山區文化一路與華亞三路A5棟22樓,12.32,商,,,1090629,土地1建物1車位1,二十二層,24,住宅大樓(11層含以上有電梯),住家用,鋼筋混凝土造,,159.59,3,2,2,有,無,11020000,73268,坡道平面,33.75,1800000,,RPWPMLOLMHGGFHH66CB
龜山區,房地(土地+建物)+車位,桃園市龜山區文化一路與華亞三路A7棟1樓,32.24,商,,,1091013,土地1建物1車位2,一層,24,店面(店鋪),商業用,鋼筋混凝土造,,378.83,0,0,1,有,無,53330000,158461,坡道平面,65.63,3700000,,RPXPMLOLMHGGFHH76CB
龜山區,房地(土地+建物)+車位,桃園市龜山區文化一路與華亞三路B2棟14樓,8.77,商,,,1090716,土地1建物1車位1,十四層,24,住宅大樓(11層含以上有電梯),住家用,鋼筋混凝土造,,120.78,2,2,1,有,無,7920000,71091,坡道平面,31.88,1600000,,RPOQMLOLMHGGFHH58CB
中壢區,房地(土地+建物)+車位,桃園市中壢區青溪段456地號,21.99,住,,,1080721,土地1建物1車位1,十層,14,住宅大樓(11層含以上有電梯),住家用,鋼筋混凝土造,,158.27,3,2,2,有,無,11200000,75923,坡道平面,29.85,1450000,,RPTOMLRLMHGGFBH68DB
中壢區,房地(土地+建物)+車位,桃園市中壢區青溪段456地號,21.32,住,,,1081026,土地1建物1車位2,八層,14,住宅大樓(11層含以上有電梯),住家用,鋼筋混凝土造,,184.25,3,2,2,有,無,11900000,72260,坡道平面,59.7,2900000,,RPVOMLRLMHGGFBH88DB
龜山區,房地(土地+建物)+車位,桃園市龜山區善捷段14.15地號B01-22F,7.53,商,,,1090916,土地2建物1車位1,二十二層,24,住宅大樓(11層含以上有電梯),住家用,鋼筋混凝土造,,107.67,2,1,1,有,無,7650000,77080,坡道平面,29.18,1600000,,RPPNMLSLMHGGFHH98EB
龜山區,房地(土地+建物)+車位,桃園市龜山區善捷段14.15地號A09-21F,8.96,商,,,1091203,土地2建物1車位1,二十一層,24,住宅大樓(11層含以上有電梯),住家用,鋼筋混凝土造,,119.89,3,1,1,有,無,8850000,78823,坡道平面,29.18,1700000,,RPQNMLSLMHGGFHH09EB
龜山區,房地(土地+建物)+車位,桃園市龜山區善捷段14.15地號B08-22F,7.88,商,,,1090718,土地2建物1車位1,二十二層,24,住宅大樓(11層含以上有電梯),住家用,鋼筋混凝土造,,110.49,2,1,1,有,無,7700000,76091,坡道平面,30.98,1650000,,RPRNMLSLMHGGFHH56EB
龜山區,房地(土地+建物)+車位,桃園市龜山區善捷段14.15地號B09-23F,5.02,商,,,1090717,土地2建物1車位1,三十三層,24,住宅大樓(11層含以上有電梯),住家用,鋼筋混凝土造,,81.34,1,0,1,有,無,5770000,78119,坡道平面,27.32,1550000,,RPSNMLSLMHGGFHH66EB
龜山區,房地(土地+建物)+車位,桃園市龜山區善捷段14.15地號B08-04F,7.88,商,,,1060901,土地2建物1車位1,四層,24,住宅大樓(11層含以上有電梯),住家用,鋼筋混凝土造,,108.69,2,1,1,有,無,6940000,70306,坡道平面,29.18,1350000,,RPTNMLSLMHGGFHH76EB
龜山區,房地(土地+建物)+車位,桃園市龜山區善捷段14.15地號A08-08F,10.75,商,,,1071101,土地2建物1車位1,八層,24,住宅大樓(11層含以上有電梯),住家用,鋼筋混凝土造,,139.65,3,1,2,有,無,9610000,70698,坡道平面,29.18,1800000,,RPUNMLSLMHGGFHH86EB
龜山區,房地(土地+建物)+車位,桃園市龜山區善捷段14.15地號A06-05F,10.75,商,,,1081001,土地2建物1車位1,五層,24,住宅大樓(11層含以上有電梯),住家用,鋼筋混凝土造,,138.31,3,1,2,有,無,9180000,72207,坡道平面,29.18,1300000,,RPWNMLSLMHGGFHH07EB
龜山區,房地(土地+建物),桃園市龜山區善捷段14.15地號B13-17F,5.02,商,,,1091030,土地2建物1車位0,十七層,24,住宅大樓(11層含以上有電梯),住家用,鋼筋混凝土造,,57.3,1,0,1,有,無,4600000,80279,,0.0,0,,RPOOMLSLMHGGFHH98EB
龜山區,房地(土地+建物),桃園市龜山區善捷段14.15地號B10-12F,4.66,商,,,1071107,土地2建物1車位0,十二層,24,住宅大樓(11層含以上有電梯),住家用,,,54.02,1,0,1,有,無,4020000,74417,,0.0,0,,RPPOMLSLMHGGFHH09EB
龜山區,房地(土地+建物)+車位,桃園市龜山區善捷段14.15地號S01-01F,8.96,商,,,1071202,土地2建物1車位1,一層,24,住宅大樓(11層含以上有電梯),住家用,鋼筋混凝土造,,111.21,1,0,1,有,無,13800000,149945,坡道平面,29.18,1500000,,RPQOMLSLMHGGFHH56EB
中壢區,房地(土地+建物)+車位,桃園市中壢區青溪段456地號,21.32,住,,,1090228,土地1建物1車位1,十一層,14,住宅大樓(11層含以上有電梯),住家用,鋼筋混凝土造,,154.39,3,2,2,有,無,11280000,78930,坡道平面,29.85,1450000,,RPRRMLTLMHGGFBH98DB
中壢區,房地(土地+建物)+車位,桃園市中壢區青溪段456地號,14.19,住,,,1090324,土地1建物1車位1,十一層,14,住宅大樓(11層含以上有電梯),住家用,鋼筋混凝土造,,112.74,2,2,1,有,無,8380000,82398,坡道平面,29.85,1550000,,RPVRMLTLMHGGFBH76DB
中壢區,房地(土地+建物)+車位,桃園市中壢區青溪段456地號,21.75,住,,,1090405,土地1建物1車位1,十三層,14,住宅大樓(11層含以上有電梯),住家用,鋼筋混凝土造,,156.92,3,2,2,有,無,11000000,74368,坡道平面,29.85,1550000,,RPWRMLTLMHGGFBH86DB
中壢區,房地(土地+建物)+車位,桃園市中壢區青溪段456地號,14.19,住,,,1081112,土地1建物1車位1,十三層,14,住宅大樓(11層含以上有電梯),住家用,鋼筋混凝土造,,112.74,2,1,1,有,無,8200000,81433,坡道平面,29.85,1450000,,RPXRMLTLMHGGFBH96DB
中壢區,房地(土地+建物)+車位,桃園市中壢區青溪段456地號,14.19,住,,,1081121,土地1建物1車位1,八層,14,住宅大樓(11層含以上有電梯),住家用,鋼筋混凝土造,,112.74,2,1,1,有,無,7800000,76608,坡道平面,29.85,1450000,,RPPSMLTLMHGGFBH88DB
中壢區,房地(土地+建物)+車位,桃園市中壢區青溪段456地號,14.19,住,,,1090314,土地1建物1車位2,十二層,14,住宅大樓(11層含以上有電梯),住家用,鋼筋混凝土造,,139.24,2,1,1,有,無,9350000,76004,坡道平面,56.35,3050000,,RPQSMLTLMHGGFBH98DB
中壢區,房地(土地+建物)+車位,桃園市中壢區青溪段456地號,21.75,住,,,1090301,土地1建物1車位2,十二層,14,住宅大樓(11層含以上有電梯),住家用,鋼筋混凝土造,,186.77,3,2,2,有,無,12170000,74526,坡道平面,59.7,2700000,,RPPNMLNJNHGGFBH67DB
龜山區,房地(土地+建物)+車位,桃園市龜山區善捷段154地號,17.76,商,,,1090630,土地1建物1車位1,一層,22,店面(店鋪),商業用,鋼筋混凝土造,,176.2,0,1,1,有,無,22150000,136977,坡道平面,28.73,1950000,,RPPRMLMKNHGGFHH68DB
龜山區,房地(土地+建物)+車位,桃園市龜山區善捷段154地號,24.47,商,,,1091010,土地1建物1車位1,一層,22,店面(店鋪),商業用,鋼筋混凝土造,,226.53,0,1,1,有,無,26180000,121992,坡道平面,28.73,2050000,,RPUNMLOKNHGGFHH98DB
龜山區,房地(土地+建物)+車位,桃園市龜山區善捷段154地號,19.91,商,,,1091023,土地1建物1車位1,一層,22,店面(店鋪),商業用,鋼筋混凝土造,,211.91,0,1,1,有,無,19980000,97882,坡道平面,28.73,2050000,,RPOOMLOKNHGGFHH48DB
龜山區,房地(土地+建物)+車位,桃園市龜山區善捷段154地號,8.39,商,,,1080911,土地1建物1車位1,四層,22,住宅大樓(11層含以上有電梯),商業用,鋼筋混凝土造,,84.46,2,2,1,有,無,7200000,100484,坡道平面,28.73,1600000,,RPROMLOKNHGGFHH78DB
龜山區,房地(土地+建物)+車位,桃園市龜山區善捷段154地號,8.48,商,,,1090628,土地1建物1車位1,三層,22,住宅大樓(11層含以上有電梯),商業用,鋼筋混凝土造,,84.5,0,1,1,有,無,7000000,87734,坡道平面,26.37,1900000,,RPTOMLOKNHGGFHH98DB
龜山區,房地(土地+建物)+車位,桃園市龜山區善捷段154地號,8.39,商,,,1081109,土地1建物1車位1,五層,22,住宅大樓(11層含以上有電梯),商業用,鋼筋混凝土造,,84.46,2,2,1,有,無,7100000,96402,坡道平面,26.37,1500000,,RPOPMLOKNHGGFHH58DB
龜山區,房地(土地+建物)+車位,桃園市龜山區善捷段154地號,8.39,商,,,1080717,土地1建物1車位1,六層,22,住宅大樓(11層含以上有電梯),商業用,鋼筋混凝土造,,84.46,2,2,1,有,無,7100000,98690,坡道平面,28.73,1600000,,RPPPMLOKNHGGFHH68DB
龜山區,房地(土地+建物),桃園市龜山區善捷段154地號,8.39,商,,,1080705,土地1建物1車位0,七層,22,住宅大樓(11層含以上有電梯),商業用,鋼筋混凝土造,,84.46,2,2,1,有,無,6000000,71040,,0.0,0,,RPRPMLOKNHGGFHH88DB
龜山區,房地(土地+建物)+車位,桃園市龜山區善捷段154地號,8.39,商,,,1080716,土地1建物1車位1,八層,22,住宅大樓(11層含以上有電梯),商業用,鋼筋混凝土造,,84.46,2,2,1,有,無,7300000,98124,坡道平面,26.37,1600000,,RPTPMLOKNHGGFHH09DB
龜山區,房地(土地+建物)+車位,桃園市龜山區善捷段154地號,8.39,商,,,1080925,土地1建物1車位1,十一層,22,住宅大樓(11層含以上有電梯),商業用,鋼筋混凝土造,,84.46,2,2,1,有,無,7700000,105868,坡道平面,28.73,1800000,,RPVPMLOKNHGGFHH66DB
龜山區,房地(土地+建物)+車位,桃園市龜山區善捷段154地號,8.39,商,,,1080824,土地1建物1車位1,十層,22,住宅大樓(11層含以上有電梯),商業用,鋼筋混凝土造,,84.46,2,2,1,有,無,7450000,103176,坡道平面,28.73,1700000,,RPWPMLOKNHGGFHH76DB
龜山區,房地(土地+建物)+車位,桃園市龜山區善捷段154地號,8.39,商,,,1080630,土地1建物1車位1,九層,22,住宅大樓(11層含以上有電梯),商業用,鋼筋混凝土造,,84.46,2,2,1,有,無,7500000,101567,坡道平面,26.37,1600000,,RPXPMLOKNHGGFHH86DB
龜山區,房地(土地+建物)+車位,桃園市龜山區善捷段154地號,8.39,商,,,1080802,土地1建物1車位1,九層,22,住宅大樓(11層含以上有電梯),商業用,鋼筋混凝土造,,84.46,2,2,1,有,無,7380000,103714,坡道平面,28.73,1600000,,RPOQMLOKNHGGFHH68DB
龜山區,房地(土地+建物)+車位,桃園市龜山區善捷段154地號,8.39,商,,,1080703,土地1建物1車位1,八層,22,住宅大樓(11層含以上有電梯),商業用,鋼筋混凝土造,,84.46,2,2,1,有,無,7250000,103176,坡道平面,28.73,1500000,,RPPQMLOKNHGGFHH78DB
龜山區,房地(土地+建物)+車位,桃園市龜山區善捷段154地號,8.39,商,,,1080729,土地1建物1車位1,六層,22,住宅大樓(11層含以上有電梯),商業用,鋼筋混凝土造,,84.46,2,2,1,有,無,7330000,101023,坡道平面,28.73,1700000,,RPQQMLOKNHGGFHH88DB
龜山區,房地(土地+建物)+車位,桃園市龜山區善捷段154地號,8.39,商,,,1080830,土地1建物1車位1,五層,22,住宅大樓(11層含以上有電梯),商業用,鋼筋混凝土造,,84.46,2,2,1,有,無,7240000,101477,坡道平面,26.91,1400000,,RPRQMLOKNHGGFHH98DB
龜山區,房地(土地+建物)+車位,桃園市龜山區善捷段154地號,8.39,商,,,1081114,土地1建物1車位1,四層,22,住宅大樓(11層含以上有電梯),商業用,鋼筋混凝土造,,84.46,2,2,1,有,無,7180000,104662,坡道平面,30.19,1500000,,RPSQMLOKNHGGFHH09DB
龜山區,房地(土地+建物)+車位,桃園市龜山區善捷段154地號,8.54,商,,,1081129,土地1建物1車位1,二層,22,住宅大樓(11層含以上有電梯),商業用,鋼筋混凝土造,,84.39,0,1,1,有,無,6930000,95760,坡道平面,28.73,1600000,,RPUQMLOKNHGGFHH66DB
龜山區,房地(土地+建物)+車位,桃園市龜山區善捷段154地號,8.39,商,,,1080726,土地1建物1車位1,十二層,22,住宅大樓(11層含以上有電梯),商業用,鋼筋混凝土造,,84.46,2,2,1,有,無,7490000,103894,坡道平面,28.73,1700000,,RPVQMLOKNHGGFHH76DB
龜山區,房地(土地+建物)+車位,桃園市龜山區善捷段154地號,8.39,商,,,1081008,土地1建物1車位1,十三層,22,住宅大樓(11層含以上有電梯),商業用,鋼筋混凝土造,,84.46,2,2,1,有,無,7300000,101567,坡道平面,26.37,1400000,,RPWQMLOKNHGGFHH86DB
龜山區,房地(土地+建物)+車位,桃園市龜山區善捷段154地號,8.39,商,,,1080904,土地1建物1車位1,十一層,22,住宅大樓(11層含以上有電梯),商業用,鋼筋混凝土造,,84.46,2,2,1,有,無,7250000,99587,坡道平面,28.73,1700000,,RPXQMLOKNHGGFHH96DB
龜山區,房地(土地+建物)+車位,桃園市龜山區善捷段154地號,8.39,商,,,1080719,土地1建物1車位1,十層,22,住宅大樓(11層含以上有電梯),商業用,鋼筋混凝土造,,84.46,2,2,1,有,無,7100000,98124,坡道平面,26.37,1400000,,RPORMLOKNHGGFHH78DB
龜山區,房地(土地+建物)+車位,桃園市龜山區善捷段154地號,8.39,商,,,1080930,土地1建物1車位1,十四層,22,住宅大樓(11層含以上有電梯),商業用,鋼筋混凝土造,,84.46,2,2,1,有,無,7550000,106765,坡道平面,28.73,1600000,,RPPRMLOKNHGGFHH88DB
龜山區,房地(土地+建物)+車位,桃園市龜山區善捷段154地號,8.39,商,,,1081010,土地1建物1車位1,十五層,22,住宅大樓(11層含以上有電梯),商業用,鋼筋混凝土造,,84.46,2,2,1,有,無,7420000,106226,坡道平面,28.73,1500000,,RPQRMLOKNHGGFHH98DB
龜山區,房地(土地+建物)+車位,桃園市龜山區善捷段154地號,8.39,商,,,1090317,土地1建物1車位1,十二層,22,住宅大樓(11層含以上有電梯),商業用,鋼筋混凝土造,,84.46,2,2,1,有,無,7230000,98331,坡道平面,28.73,1750000,,RPRRMLOKNHGGFHH09DB
龜山區,房地(土地+建物),桃園市龜山區善捷段154地號,8.39,商,,,1080815,土地1建物1車位0,十六層,22,住宅大樓(11層含以上有電梯),商業用,鋼筋混凝土造,,84.46,2,2,1,有,無,6260000,74118,,0.0,0,,RPSRMLOKNHGGFHH56DB
龜山區,房地(土地+建物)+車位,桃園市龜山區善捷段154地號,8.39,商,,,1090406,土地1建物1車位1,十七層,22,住宅大樓(11層含以上有電梯),商業用,鋼筋混凝土造,,84.46,2,2,1,有,無,7650000,102427,坡道平面,26.37,1700000,,RPTRMLOKNHGGFHH66DB
龜山區,房地(土地+建物)+車位,桃園市龜山區善捷段154地號,8.39,商,,,1080905,土地1建物1車位1,十三層,22,住宅大樓(11層含以上有電梯),商業用,鋼筋混凝土造,,84.46,2,2,1,有,無,7160000,101561,坡道平面,28.73,1500000,,RPURMLOKNHGGFHH76DB
龜山區,房地(土地+建物)+車位,桃園市龜山區善捷段154地號,8.39,商,,,1080830,土地1建物1車位1,十四層,22,住宅大樓(11層含以上有電梯),商業用,鋼筋混凝土造,,84.46,2,2,1,有,無,7250000,103176,坡道平面,28.73,1500000,,RPWRMLOKNHGGFHH96DB
龜山區,房地(土地+建物)+車位,桃園市龜山區善捷段154地號,8.39,商,,,1081029,土地1建物1車位1,十八層,22,住宅大樓(11層含以上有電梯),商業用,鋼筋混凝土造,,84.46,2,2,1,有,無,7640000,108380,坡道平面,28.73,1600000,,RPXRMLOKNHGGFHH07DB
龜山區,房地(土地+建物)+車位,桃園市龜山區善捷段154地號,8.39,商,,,1081104,土地1建物1車位1,十五層,22,住宅大樓(11層含以上有電梯),商業用,鋼筋混凝土造,,84.46,2,2,1,有,無,7610000,107841,坡道平面,28.73,1600000,,RPOSMLOKNHGGFHH88DB
龜山區,房地(土地+建物)+車位,桃園市龜山區善捷段154地號,8.39,商,,,1081108,土地1建物1車位1,十九層,22,住宅大樓(11層含以上有電梯),商業用,鋼筋混凝土造,,84.46,2,2,1,有,無,7680000,107303,坡道平面,28.73,1700000,,RPPSMLOKNHGGFHH98DB
龜山區,房地(土地+建物)+車位,桃園市龜山區善捷段154地號,8.39,商,,,1081108,土地1建物1車位1,二十層,22,住宅大樓(11層含以上有電梯),商業用,鋼筋混凝土造,,84.46,2,2,1,有,無,7500000,105868,坡道平面,28.73,1600000,,RPQSMLOKNHGGFHH09DB
龜山區,房地(土地+建物)+車位,桃園市龜山區善捷段154地號,8.39,商,,,1081111,土地1建物1車位1,二十二層,22,住宅大樓(11層含以上有電梯),商業用,鋼筋混凝土造,,84.46,2,2,1,有,無,7800000,109456,坡道平面,28.73,1700000,,RPRSMLOKNHGGFHH56DB
龜山區,房地(土地+建物)+車位,桃園市龜山區善捷段154地號,8.39,商,,,1080820,土地1建物1車位1,十六層,22,住宅大樓(11層含以上有電梯),商業用,鋼筋混凝土造,,84.46,2,2,1,有,無,7380000,105509,坡道平面,28.73,1500000,,RPSSMLOKNHGGFHH66DB
龜山區,房地(土地+建物)+車位,桃園市龜山區善捷段154地號,8.39,商,,,1080928,土地1建物1車位1,十七層,22,住宅大樓(11層含以上有電梯),商業用,鋼筋混凝土造,,84.46,2,2,1,有,無,7500000,105868,坡道平面,28.73,1600000,,RPTSMLOKNHGGFHH76DB
龜山區,房地(土地+建物)+車位,桃園市龜山區善捷段154地號,8.39,商,,,1081007,土地1建物1車位1,十八層,22,住宅大樓(11層含以上有電梯),商業用,鋼筋混凝土造,,84.46,2,2,1,有,無,7420000,106226,坡道平面,28.73,1500000,,RPUSMLOKNHGGFHH86DB
龜山區,房地(土地+建物)+車位,桃園市龜山區善捷段154地號,18.89,商,,,1080726,土地1建物1車位1,一層,22,店面(店鋪),商業用,鋼筋混凝土造,,179.22,0,0,0,無,無,25200000,155492,坡道平面,28.73,1800000,,RPVSMLOKNHGGFHH96DB
龜山區,房地(土地+建物)+車位,桃園市龜山區善捷段154地號,8.39,商,,,1080814,土地1建物1車位1,十九層,22,住宅大樓(11層含以上有電梯),商業用,鋼筋混凝土造,,84.46,2,2,1,有,無,7430000,106406,坡道平面,28.73,1500000,,RPWSMLOKNHGGFHH07DB
龜山區,房地(土地+建物)+車位,桃園市龜山區善捷段154地號,10.38,商,,,1090515,土地1建物1車位1,三層,22,住宅大樓(11層含以上有電梯),商業用,鋼筋混凝土造,,105.81,0,1,1,有,無,8000000,81085,坡道平面,28.73,1750000,,RPOTMLOKNHGGFHH98DB
龜山區,房地(土地+建物)+車位,桃園市龜山區善捷段154地號,10.38,商,,,1090330,土地1建物1車位1,二層,22,住宅大樓(11層含以上有電梯),商業用,鋼筋混凝土造,,105.81,0,1,1,有,無,8040000,80534,坡道平面,30.19,1950000,,RPPTMLOKNHGGFHH09DB
龜山區,房地(土地+建物)+車位,桃園市龜山區善捷段154地號,8.39,商,,,1081019,土地1建物1車位1,二十層,22,住宅大樓(11層含以上有電梯),商業用,鋼筋混凝土造,,84.46,2,2,1,有,無,7600000,107662,坡道平面,28.73,1600000,,RPQTMLOKNHGGFHH56DB
龜山區,房地(土地+建物)+車位,桃園市龜山區善捷段154地號,10.41,商,,,1081014,土地1建物1車位1,四層,22,住宅大樓(11層含以上有電梯),商業用,鋼筋混凝土造,,107.14,3,2,2,有,無,8960000,93866,坡道平面,28.73,1600000,,RPSTMLOKNHGGFHH76DB
龜山區,房地(土地+建物)+車位,桃園市龜山區善捷段154地號,8.39,商,,,1081101,土地1建物1車位1,二十一層,22,住宅大樓(11層含以上有電梯),商業用,鋼筋混凝土造,,84.46,2,2,1,有,無,7580000,107303,坡道平面,28.73,1600000,,RPTTMLOKNHGGFHH86DB
龜山區,房地(土地+建物)+車位,桃園市龜山區善捷段154地號,10.41,商,,,1080722,土地1建物1車位1,五層,22,住宅大樓(11層含以上有電梯),商業用,鋼筋混凝土造,,107.14,3,2,2,有,無,8840000,92113,坡道平面,26.37,1400000,,RPUTMLOKNHGGFHH96DB
龜山區,房地(土地+建物)+車位,桃園市龜山區善捷段154地號,8.39,商,,,1081115,土地1建物1車位1,二十二層,22,住宅大樓(11層含以上有電梯),商業用,鋼筋混凝土造,,84.46,2,2,1,有,無,7680000,109097,坡道平面,28.73,1600000,,RPVTMLOKNHGGFHH07DB
龜山區,房地(土地+建物)+車位,桃園市龜山區善捷段154地號,10.41,商,,,1080917,土地1建物1車位1,六層,22,住宅大樓(11層含以上有電梯),商業用,鋼筋混凝土造,,107.14,3,2,2,有,無,9150000,96289,坡道平面,28.73,1600000,,RPWTMLOKNHGGFHH17DB
龜山區,房地(土地+建物)+車位,桃園市龜山區善捷段154地號,10.41,商,,,1081230,土地1建物1車位1,七層,22,住宅大樓(11層含以上有電梯),商業用,鋼筋混凝土造,,107.14,3,2,2,有,無,9300000,92237,坡道平面,26.37,1850000,,RPXTMLOKNHGGFHH27DB
龜山區,房地(土地+建物)+車位,桃園市龜山區善捷段154地號,10.41,商,,,1080809,土地1建物1車位1,八層,22,住宅大樓(11層含以上有電梯),商業用,鋼筋混凝土造,,107.14,3,2,2,有,無,9380000,97947,坡道平面,28.73,1700000,,RPOUMLOKNHGGFHH09DB
龜山區,房地(土地+建物)+車位,桃園市龜山區善捷段154地號,10.41,商,,,1080828,土地1建物1車位1,九層,22,住宅大樓(11層含以上有電梯),商業用,鋼筋混凝土造,,107.14,3,2,2,有,無,9230000,96034,坡道平面,28.73,1700000,,RPPUMLOKNHGGFHH56DB
龜山區,房地(土地+建物)+車位,桃園市龜山區善捷段154地號,20.36,商,,,1090515,土地1建物1車位2,二層,22,住宅大樓(11層含以上有電梯),商業用,鋼筋混凝土造,,207.19,0,1,1,有,無,15680000,82682,坡道平面,57.46,3300000,,RPQUMLOKNHGGFHH66DB
龜山區,房地(土地+建物)+車位,桃園市龜山區善捷段154地號,10.41,商,,,1081001,土地1建物1車位1,十層,22,住宅大樓(11層含以上有電梯),商業用,鋼筋混凝土造,,107.14,3,2,2,有,無,9100000,96926,坡道平面,28.73,1500000,,RPSUMLOKNHGGFHH86DB
龜山區,房地(土地+建物)+車位,桃園市龜山區善捷段154地號,10.41,商,,,1081203,土地1建物1車位1,十一層,22,住宅大樓(11層含以上有電梯),商業用,鋼筋混凝土造,,107.14,3,2,2,有,無,9300000,96926,坡道平面,28.73,1700000,,RPTUMLOKNHGGFHH96DB
龜山區,房地(土地+建物)+車位,桃園市龜山區善捷段154地號,10.41,商,,,1081206,土地1建物1車位1,十二層,22,住宅大樓(11層含以上有電梯),商業用,鋼筋混凝土造,,107.14,3,2,2,有,無,9400000,96926,坡道平面,28.73,1800000,,RPVUMLOKNHGGFHH17DB
龜山區,房地(土地+建物)+車位,桃園市龜山區善捷段154地號,10.41,商,,,1081208,土地1建物1車位1,四層,22,住宅大樓(11層含以上有電梯),商業用,鋼筋混凝土造,,107.14,3,2,2,有,無,8750000,92917,坡道平面,30.19,1600000,,RPWUMLOKNHGGFHH27DB
龜山區,房地(土地+建物)+車位,桃園市龜山區善捷段154地號,10.41,商,,,1081211,土地1建物1車位1,十三層,22,住宅大樓(11層含以上有電梯),商業用,鋼筋混凝土造,,107.14,3,2,2,有,無,9460000,96416,坡道平面,28.73,1900000,,RPXUMLOKNHGGFHH37DB
龜山區,房地(土地+建物)+車位,桃園市龜山區善捷段154地號,10.41,商,,,1080906,土地1建物1車位1,五層,22,住宅大樓(11層含以上有電梯),商業用,鋼筋混凝土造,,107.14,3,2,2,有,無,8700000,91825,坡道平面,28.73,1500000,,RPOVMLOKNHGGFHH56DB
龜山區,房地(土地+建物)+車位,桃園市龜山區善捷段154地號,10.41,商,,,1081230,土地1建物1車位2,十四層,22,住宅大樓(11層含以上有電梯),商業用,鋼筋混凝土造,,107.14,3,2,2,有,無,11100000,146940,坡道平面,57.46,3800000,,RPQVMLOKNHGGFHH76DB
龜山區,房地(土地+建物)+車位,桃園市龜山區善捷段154地號,10.41,商,,,1080712,土地1建物1車位1,六層,22,住宅大樓(11層含以上有電梯),商業用,鋼筋混凝土造,,107.14,3,2,2,有,無,8880000,94121,坡道平面,28.73,1500000,,RPRVMLOKNHGGFHH86DB
龜山區,房地(土地+建物)+車位,桃園市龜山區善捷段154地號,10.41,商,,,1090203,土地1建物1車位1,七層,22,住宅大樓(11層含以上有電梯),商業用,鋼筋混凝土造,,107.14,3,2,2,有,無,8990000,91060,坡道平面,28.73,1850000,,RPSVMLOKNHGGFHH96DB
龜山區,房地(土地+建物)+車位,桃園市龜山區善捷段154地號,10.41,商,,,1081206,土地1建物1車位1,十五層,22,住宅大樓(11層含以上有電梯),商業用,鋼筋混凝土造,,107.14,3,2,2,有,無,9550000,97564,坡道平面,28.73,1900000,,RPTVMLOKNHGGFHH07DB
龜山區,房地(土地+建物)+車位,桃園市龜山區善捷段154地號,10.41,商,,,1081206,土地1建物1車位1,十七層,22,住宅大樓(11層含以上有電梯),商業用,鋼筋混凝土造,,107.14,3,2,2,有,無,9650000,100115,坡道平面,28.73,1800000,,RPUVMLOKNHGGFHH17DB
龜山區,房地(土地+建物)+車位,桃園市龜山區善捷段154地號,10.41,商,,,1080907,土地1建物1車位1,八層,22,住宅大樓(11層含以上有電梯),商業用,鋼筋混凝土造,,107.14,3,2,2,有,無,9050000,95517,坡道平面,30.19,1700000,,RPVVMLOKNHGGFHH27DB
龜山區,房地(土地+建物)+車位,桃園市龜山區善捷段154地號,10.41,商,,,1090218,土地1建物1車位1,十八層,22,住宅大樓(11層含以上有電梯),商業用,鋼筋混凝土造,,107.14,3,2,2,有,無,9600000,95332,坡道平面,26.37,1900000,,RPWVMLOKNHGGFHH37DB
龜山區,房地(土地+建物)+車位,桃園市龜山區善捷段154地號,10.41,商,,,1080916,土地1建物1車位1,九層,22,住宅大樓(11層含以上有電梯),商業用,鋼筋混凝土造,,107.14,3,2,2,有,無,8960000,93866,坡道平面,28.73,1600000,,RPXVMLOKNHGGFHH47DB
龜山區,房地(土地+建物)+車位,桃園市龜山區善捷段154地號,10.41,商,,,1090104,土地1建物1車位1,十九層,22,住宅大樓(11層含以上有電梯),商業用,鋼筋混凝土造,,107.14,3,2,2,有,無,9650000,98839,坡道平面,28.73,1900000,,RPOWMLOKNHGGFHH66DB
龜山區,房地(土地+建物)+車位,桃園市龜山區善捷段154地號,10.41,商,,,1081213,土地1建物1車位1,二十層,22,住宅大樓(11層含以上有電梯),商業用,鋼筋混凝土造,,107.14,3,2,2,有,無,9500000,99477,坡道平面,28.73,1700000,,RPPWMLOKNHGGFHH76DB
龜山區,房地(土地+建物)+車位,桃園市龜山區善捷段154地號,10.41,商,,,1090210,土地1建物1車位1,二十一層,22,住宅大樓(11層含以上有電梯),商業用,鋼筋混凝土造,,107.14,3,2,2,有,無,9500000,96571,坡道平面,26.37,1700000,,RPSWMLOKNHGGFHH07DB
龜山區,房地(土地+建物)+車位,桃園市龜山區善捷段154地號,10.41,商,,,1090213,土地1建物1車位1,二十二層,22,住宅大樓(11層含以上有電梯),商業用,鋼筋混凝土造,,107.14,3,2,2,有,無,9710000,98967,坡道平面,28.73,1950000,,RPUWMLOKNHGGFHH27DB
龜山區,房地(土地+建物)+車位,桃園市龜山區善捷段154地號,10.41,商,,,1090206,土地1建物1車位1,十二層,22,住宅大樓(11層含以上有電梯),商業用,鋼筋混凝土造,,107.14,3,2,2,有,無,9400000,95013,坡道平面,28.73,1950000,,RPVWMLOKNHGGFHH37DB
龜山區,房地(土地+建物)+車位,桃園市龜山區善捷段154地號,10.41,商,,,1081127,土地1建物1車位1,十一層,22,住宅大樓(11層含以上有電梯),商業用,鋼筋混凝土造,,107.14,3,2,2,有,無,9120000,94631,坡道平面,28.73,1700000,,RPWWMLOKNHGGFHH47DB
龜山區,房地(土地+建物)+車位,桃園市龜山區善捷段154地號,10.41,商,,,1080928,土地1建物1車位1,十層,22,住宅大樓(11層含以上有電梯),商業用,鋼筋混凝土造,,107.14,3,2,2,有,無,8800000,94376,坡道平面,28.73,1400000,,RPXWMLOKNHGGFHH57DB
楊梅區,房地(土地+建物)+車位,桃園市楊梅區金山街368巷26號9樓,22.57,住,,,1080114,土地1建物1車位1,九層,15,住宅大樓(11層含以上有電梯),住家用,鋼筋混凝土造,,159.24,3,2,2,有,無,6100000,39203,坡道平面,31.7,1100000,,RPUPMLOKNHGGFDH88EB
龜山區,房地(土地+建物)+車位,桃園市龜山區善捷段154地號,10.41,商,,,1090213,土地1建物1車位1,十三層,22,住宅大樓(11層含以上有電梯),商業用,鋼筋混凝土造,,107.14,3,2,2,有,無,9380000,94758,坡道平面,28.73,1950000,,RPPNMLPKNHGGFHH58DB
龜山區,房地(土地+建物)+車位,桃園市龜山區善捷段154地號,10.41,商,,,1081216,土地1建物1車位1,十四層,22,住宅大樓(11層含以上有電梯),商業用,鋼筋混凝土造,,107.14,3,2,2,有,無,9200000,95651,坡道平面,28.73,1700000,,RPQNMLPKNHGGFHH68DB
龜山區,房地(土地+建物)+車位,桃園市龜山區善捷段154地號,10.41,商,,,1081229,土地1建物1車位1,十五層,22,住宅大樓(11層含以上有電梯),商業用,鋼筋混凝土造,,107.14,3,2,2,有,無,9400000,95651,坡道平面,28.73,1900000,,RPRNMLPKNHGGFHH78DB
龜山區,房地(土地+建物)+車位,桃園市龜山區善捷段154地號,10.41,商,,,1081218,土地1建物1車位1,十六層,22,住宅大樓(11層含以上有電梯),商業用,鋼筋混凝土造,,107.14,3,2,2,有,無,9300000,94713,坡道平面,26.37,1650000,,RPSNMLPKNHGGFHH88DB
龜山區,房地(土地+建物)+車位,桃園市龜山區善捷段154地號,10.41,商,,,1090214,土地1建物1車位1,十七層,22,住宅大樓(11層含以上有電梯),商業用,鋼筋混凝土造,,107.14,3,2,2,有,無,9220000,95268,坡道平面,28.73,1750000,,RPTNMLPKNHGGFHH98DB
龜山區,房地(土地+建物)+車位,桃園市龜山區善捷段154地號,10.41,商,,,1090424,土地1建物1車位1,十八層,22,住宅大樓(11層含以上有電梯),商業用,鋼筋混凝土造,,107.14,3,2,2,有,無,9450000,95651,坡道平面,28.73,1950000,,RPUNMLPKNHGGFHH09DB
龜山區,房地(土地+建物)+車位,桃園市龜山區善捷段154地號,10.41,商,,,1081028,土地1建物1車位1,十九層,22,住宅大樓(11層含以上有電梯),商業用,鋼筋混凝土造,,107.14,3,2,2,有,無,9350000,97564,坡道平面,28.73,1700000,,RPVNMLPKNHGGFHH56DB
龜山區,房地(土地+建物)+車位,桃園市龜山區善捷段154地號,10.41,商,,,1081129,土地1建物1車位1,二十層,22,住宅大樓(11層含以上有電梯),商業用,鋼筋混凝土造,,107.14,3,2,2,有,無,9450000,98839,坡道平面,28.73,1700000,,RPWNMLPKNHGGFHH66DB
龜山區,房地(土地+建物)+車位,桃園市龜山區善捷段154地號,10.41,商,,,1090221,土地1建物1車位1,二十一層,22,住宅大樓(11層含以上有電梯),商業用,鋼筋混凝土造,,107.14,3,2,2,有,無,9520000,97819,坡道平面,28.73,1850000,,RPXNMLPKNHGGFHH76DB
龜山區,房地(土地+建物)+車位,桃園市龜山區善捷段154地號,10.38,商,,,1090508,土地1建物1車位1,二層,22,住宅大樓(11層含以上有電梯),商業用,鋼筋混凝土造,,105.81,0,1,1,有,無,8450000,84634,坡道平面,30.19,2050000,,RPOOMLPKNHGGFHH58DB
龜山區,房地(土地+建物)+車位,桃園市龜山區善捷段154地號,10.38,商,,,1090307,土地1建物1車位1,三層,22,住宅大樓(11層含以上有電梯),商業用,鋼筋混凝土造,,105.81,0,1,1,有,無,8000000,81823,坡道平面,26.37,1500000,,RPPOMLPKNHGGFHH68DB
龜山區,房地(土地+建物)+車位,桃園市龜山區善捷段154地號,10.41,商,,,1081018,土地1建物1車位1,四層,22,住宅大樓(11層含以上有電梯),商業用,鋼筋混凝土造,,107.14,3,2,2,有,無,8930000,93483,坡道平面,28.73,1600000,,RPQOMLPKNHGGFHH78DB
龜山區,房地(土地+建物)+車位,桃園市龜山區善捷段154地號,10.41,商,,,1081023,土地1建物1車位1,五層,22,住宅大樓(11層含以上有電梯),商業用,鋼筋混凝土造,,107.14,3,2,2,有,無,8960000,95647,坡道平面,30.19,1600000,,RPROMLPKNHGGFHH88DB
龜山區,房地(土地+建物)+車位,桃園市龜山區善捷段154地號,10.41,商,,,1081115,土地1建物1車位1,六層,22,住宅大樓(11層含以上有電梯),商業用,鋼筋混凝土造,,107.14,3,2,2,有,無,8980000,93847,坡道平面,26.37,1400000,,RPSOMLPKNHGGFHH98DB
龜山區,房地(土地+建物)+車位,桃園市龜山區善捷段154地號,10.41,商,,,1090113,土地1建物1車位1,二十二層,22,住宅大樓(11層含以上有電梯),商業用,鋼筋混凝土造,,107.14,3,2,2,有,無,9360000,98329,坡道平面,28.73,1650000,,RPTOMLPKNHGGFHH09DB
龜山區,房地(土地+建物)+車位,桃園市龜山區善捷段154地號,10.41,商,,,1080929,土地1建物1車位1,七層,22,住宅大樓(11層含以上有電梯),商業用,鋼筋混凝土造,,107.14,3,2,2,有,無,9000000,95651,坡道平面,28.73,1500000,,RPUOMLPKNHGGFHH56DB
龜山區,房地(土地+建物)+車位,桃園市龜山區善捷段154地號,10.41,商,,,1081008,土地1建物1車位1,八層,22,住宅大樓(11層含以上有電梯),商業用,鋼筋混凝土造,,107.14,3,2,2,有,無,9000000,95651,坡道平面,28.73,1500000,,RPVOMLPKNHGGFHH66DB
龜山區,房地(土地+建物)+車位,桃園市龜山區善捷段154地號,19.05,商,,,1090409,土地1建物1車位2,二層,22,住宅大樓(11層含以上有電梯),商業用,鋼筋混凝土造,,190.34,0,1,1,有,無,14650000,79395,坡道平面,57.46,4100000,,RPWOMLPKNHGGFHH76DB
龜山區,房地(土地+建物)+車位,桃園市龜山區善捷段154地號,10.41,商,,,1090614,土地1建物1車位1,九層,22,住宅大樓(11層含以上有電梯),商業用,鋼筋混凝土造,,107.14,3,2,2,有,無,9250000,96289,坡道平面,28.73,1700000,,RPXOMLPKNHGGFHH86DB
龜山區,房地(土地+建物)+車位,桃園市龜山區善捷段154地號,10.41,商,,,1080807,土地1建物1車位1,十層,22,住宅大樓(11層含以上有電梯),商業用,鋼筋混凝土造,,107.14,3,2,2,有,無,9250000,96289,坡道平面,28.73,1700000,,RPQPMLPKNHGGFHH88DB
龜山區,房地(土地+建物)+車位,桃園市龜山區善捷段154地號,10.41,商,,,1081227,土地1建物1車位1,十一層,22,住宅大樓(11層含以上有電梯),商業用,鋼筋混凝土造,,107.14,3,2,2,有,無,9120000,92899,坡道平面,26.73,1650000,,RPRPMLPKNHGGFHH98DB
龜山區,房地(土地+建物)+車位,桃園市龜山區善捷段154地號,10.41,商,,,1081227,土地1建物1車位1,四層,22,住宅大樓(11層含以上有電梯),商業用,鋼筋混凝土造,,107.14,3,2,2,有,無,8800000,89119,坡道平面,26.91,1650000,,RPSPMLPKNHGGFHH09DB
龜山區,房地(土地+建物)+車位,桃園市龜山區善捷段154地號,19.05,商,,,1090420,土地1建物1車位1,三層,22,住宅大樓(11層含以上有電梯),商業用,鋼筋混凝土造,,190.34,0,1,1,有,無,12320000,64167,坡道平面,28.73,1950000,,RPTPMLPKNHGGFHH56DB
龜山區,房地(土地+建物)+車位,桃園市龜山區善捷段154地號,10.41,商,,,1080705,土地1建物1車位1,十二層,22,住宅大樓(11層含以上有電梯),商業用,鋼筋混凝土造,,107.14,3,2,2,有,無,9300000,99477,坡道平面,28.73,1500000,,RPUPMLPKNHGGFHH66DB
龜山區,房地(土地+建物)+車位,桃園市龜山區善捷段154地號,10.41,商,,,1081119,土地1建物1車位1,十三層,22,住宅大樓(11層含以上有電梯),商業用,鋼筋混凝土造,,107.14,3,2,2,有,無,9420000,95906,坡道平面,28.73,1900000,,RPWPMLPKNHGGFHH86DB
龜山區,房地(土地+建物)+車位,桃園市龜山區善捷段154地號,10.41,商,,,1080826,土地1建物1車位1,五層,22,住宅大樓(11層含以上有電梯),商業用,鋼筋混凝土造,,107.14,3,2,2,有,無,8970000,92718,坡道平面,28.73,1700000,,RPXPMLPKNHGGFHH96DB
龜山區,房地(土地+建物)+車位,桃園市龜山區善捷段154地號,10.41,商,,,1090117,土地1建物1車位1,十四層,22,住宅大樓(11層含以上有電梯),商業用,鋼筋混凝土造,,107.14,3,2,2,有,無,9520000,96544,坡道平面,28.73,1950000,,RPOQMLPKNHGGFHH78DB
龜山區,房地(土地+建物)+車位,桃園市龜山區善捷段154地號,10.41,商,,,1080823,土地1建物1車位1,六層,22,住宅大樓(11層含以上有電梯),商業用,鋼筋混凝土造,,107.14,3,2,2,有,無,9000000,93100,坡道平面,28.73,1700000,,RPPQMLPKNHGGFHH88DB
龜山區,房地(土地+建物)+車位,桃園市龜山區善捷段154地號,10.41,商,,,1081210,土地1建物1車位1,十五層,22,住宅大樓(11層含以上有電梯),商業用,鋼筋混凝土造,,107.14,3,2,2,有,無,9530000,97309,坡道平面,28.73,1900000,,RPQQMLPKNHGGFHH98DB
龜山區,房地(土地+建物)+車位,桃園市龜山區善捷段154地號,10.41,商,,,1080828,土地1建物1車位1,七層,22,住宅大樓(11層含以上有電梯),商業用,鋼筋混凝土造,,107.14,3,2,2,有,無,8800000,93100,坡道平面,28.73,1500000,,RPRQMLPKNHGGFHH09DB
龜山區,房地(土地+建物),桃園市龜山區善捷段154地號,10.41,商,,,1080815,土地1建物1車位0,十六層,22,住宅大樓(11層含以上有電梯),商業用,鋼筋混凝土造,,107.14,3,2,2,有,無,7940000,74109,,0.0,0,,RPSQMLPKNHGGFHH56DB
龜山區,房地(土地+建物)+車位,桃園市龜山區善捷段154地號,10.41,商,,,1080826,土地1建物1車位1,八層,22,住宅大樓(11層含以上有電梯),商業用,鋼筋混凝土造,,107.14,3,2,2,有,無,9070000,93993,坡道平面,28.73,1700000,,RPTQMLPKNHGGFHH66DB
龜山區,房地(土地+建物)+車位,桃園市龜山區善捷段154地號,10.41,商,,,1080812,土地1建物1車位1,十七層,22,住宅大樓(11層含以上有電梯),商業用,鋼筋混凝土造,,107.14,3,2,2,有,無,9300000,99477,坡道平面,28.73,1500000,,RPUQMLPKNHGGFHH76DB
龜山區,房地(土地+建物)+車位,桃園市龜山區善捷段154地號,10.41,商,,,1080730,土地1建物1車位1,十八層,22,住宅大樓(11層含以上有電梯),商業用,鋼筋混凝土造,,107.14,3,2,2,有,無,9300000,97809,坡道平面,26.37,1400000,,RPVQMLPKNHGGFHH86DB
龜山區,房地(土地+建物)+車位,桃園市龜山區善捷段154地號,10.41,商,,,1080925,土地1建物1車位1,九層,22,住宅大樓(11層含以上有電梯),商業用,鋼筋混凝土造,,107.14,3,2,2,有,無,8800000,90380,坡道平面,26.37,1500000,,RPWQMLPKNHGGFHH96DB
龜山區,房地(土地+建物)+車位,桃園市龜山區善捷段154地號,10.41,商,,,1080806,土地1建物1車位1,十九層,22,住宅大樓(11層含以上有電梯),商業用,鋼筋混凝土造,,107.14,3,2,2,有,無,9480000,97947,坡道平面,28.73,1800000,,RPXQMLPKNHGGFHH07DB
龜山區,房地(土地+建物)+車位,桃園市龜山區善捷段154地號,10.41,商,,,1081014,土地1建物1車位1,十一層,22,住宅大樓(11層含以上有電梯),商業用,鋼筋混凝土造,,107.14,3,2,2,有,無,8970000,95268,坡道平面,28.73,1500000,,RPORMLPKNHGGFHH88DB
龜山區,房地(土地+建物)+車位,桃園市龜山區善捷段154地號,10.41,商,,,1081010,土地1建物1車位1,十三層,22,住宅大樓(11層含以上有電梯),商業用,鋼筋混凝土造,,107.14,3,2,2,有,無,9100000,95651,坡道平面,28.73,1600000,,RPPRMLPKNHGGFHH98DB
龜山區,房地(土地+建物)+車位,桃園市龜山區善捷段154地號,10.41,商,,,1081203,土地1建物1車位1,二十一層,22,住宅大樓(11層含以上有電梯),商業用,鋼筋混凝土造,,107.14,3,2,2,有,無,9500000,99477,坡道平面,28.73,1700000,,RPRRMLPKNHGGFHH56DB
龜山區,房地(土地+建物)+車位,桃園市龜山區善捷段154地號,10.41,商,,,1090113,土地1建物1車位1,二十層,22,住宅大樓(11層含以上有電梯),商業用,鋼筋混凝土造,,107.14,3,2,2,有,無,9600000,98839,坡道平面,28.73,1850000,,RPSRMLPKNHGGFHH66DB
龜山區,房地(土地+建物)+車位,桃園市龜山區善捷段154地號,10.41,商,,,1081130,土地1建物1車位1,十四層,22,住宅大樓(11層含以上有電梯),商業用,鋼筋混凝土造,,107.14,3,2,2,有,無,9280000,97206,坡道平面,30.19,1800000,,RPTRMLPKNHGGFHH76DB
龜山區,房地(土地+建物)+車位,桃園市龜山區善捷段154地號,10.41,商,,,1081213,土地1建物1車位1,二十二層,22,住宅大樓(11層含以上有電梯),商業用,鋼筋混凝土造,,107.14,3,2,2,有,無,9680000,99222,坡道平面,28.73,1900000,,RPURMLPKNHGGFHH86DB
龜山區,房地(土地+建物)+車位,桃園市龜山區善捷段154地號,10.41,商,,,1081022,土地1建物1車位1,十五層,22,住宅大樓(11層含以上有電梯),商業用,鋼筋混凝土造,,107.14,3,2,2,有,無,9380000,97947,坡道平面,28.73,1700000,,RPVRMLPKNHGGFHH96DB
龜山區,房地(土地+建物)+車位,桃園市龜山區善捷段154地號,10.41,商,,,1081114,土地1建物1車位1,十七層,22,住宅大樓(11層含以上有電梯),商業用,鋼筋混凝土造,,107.14,3,2,2,有,無,9480000,101105,坡道平面,30.19,1700000,,RPWRMLPKNHGGFHH07DB
龜山區,房地(土地+建物)+車位,桃園市龜山區善捷段154地號,10.41,商,,,1090102,土地1建物1車位1,十八層,22,住宅大樓(11層含以上有電梯),商業用,鋼筋混凝土造,,107.14,3,2,2,有,無,9250000,95651,坡道平面,28.73,1750000,,RPXRMLPKNHGGFHH17DB
龜山區,房地(土地+建物)+車位,桃園市龜山區善捷段154地號,10.41,商,,,1090303,土地1建物1車位1,十九層,22,住宅大樓(11層含以上有電梯),商業用,鋼筋混凝土造,,107.14,3,2,2,有,無,9550000,95951,坡道平面,26.37,1800000,,RPOSMLPKNHGGFHH98DB
龜山區,房地(土地+建物)+車位,桃園市龜山區善捷段154地號,10.41,商,,,1090225,土地1建物1車位1,二十層,22,住宅大樓(11層含以上有電梯),商業用,鋼筋混凝土造,,107.14,3,2,2,有,無,9520000,98376,坡道平面,30.19,1950000,,RPPSMLPKNHGGFHH09DB
龜山區,房地(土地+建物)+車位,桃園市龜山區善捷段154地號,10.41,商,,,1090221,土地1建物1車位1,二十一層,22,住宅大樓(11層含以上有電梯),商業用,鋼筋混凝土造,,107.14,3,2,2,有,無,9480000,97309,坡道平面,28.73,1850000,,RPQSMLPKNHGGFHH56DB
龜山區,房地(土地+建物)+車位,桃園市龜山區善捷段154地號,10.41,商,,,1090119,土地1建物1車位1,二十二層,22,住宅大樓(11層含以上有電梯),商業用,鋼筋混凝土造,,107.14,3,2,2,有,無,9600000,97564,坡道平面,28.73,1950000,,RPRSMLPKNHGGFHH66DB
龜山區,房地(土地+建物)+車位,桃園市龜山區善捷段154地號,11.97,商,,,1090417,土地1建物1車位1,二層,22,住宅大樓(11層含以上有電梯),商業用,鋼筋混凝土造,,123.39,0,1,1,有,無,8670000,70991,坡道平面,28.73,1950000,,RPSSMLPKNHGGFHH76DB
龜山區,房地(土地+建物)+車位,桃園市龜山區善捷段154地號,9.03,商,,,1081129,土地1建物1車位1,四層,22,住宅大樓(11層含以上有電梯),商業用,鋼筋混凝土造,,94.77,3,2,1,有,無,8000000,95029,坡道平面,26.37,1500000,,RPTSMLPKNHGGFHH86DB
龜山區,房地(土地+建物)+車位,桃園市龜山區善捷段154地號,9.03,商,,,1080830,土地1建物1車位1,五層,22,住宅大樓(11層含以上有電梯),商業用,鋼筋混凝土造,,94.77,3,2,1,有,無,7900000,96911,坡道平面,28.73,1500000,,RPUSMLPKNHGGFHH96DB
龜山區,房地(土地+建物)+車位,桃園市龜山區善捷段154地號,9.03,商,,,1080908,土地1建物1車位1,六層,22,住宅大樓(11層含以上有電梯),商業用,鋼筋混凝土造,,94.77,3,2,1,有,無,8060000,99334,坡道平面,28.73,1500000,,RPVSMLPKNHGGFHH07DB
龜山區,房地(土地+建物)+車位,桃園市龜山區善捷段154地號,9.03,商,,,1081009,土地1建物1車位1,七層,22,住宅大樓(11層含以上有電梯),商業用,鋼筋混凝土造,,94.77,3,2,1,有,無,8200000,98425,坡道平面,28.73,1700000,,RPXSMLPKNHGGFHH27DB
龜山區,房地(土地+建物)+車位,桃園市龜山區善捷段154地號,9.03,商,,,1081029,土地1建物1車位1,八層,22,住宅大樓(11層含以上有電梯),商業用,鋼筋混凝土造,,94.77,3,2,1,有,無,8090000,98274,坡道平面,28.73,1600000,,RPOTMLPKNHGGFHH09DB
龜山區,房地(土地+建物)+車位,桃園市龜山區善捷段154地號,9.03,商,,,1080908,土地1建物1車位1,九層,22,住宅大樓(11層含以上有電梯),商業用,鋼筋混凝土造,,94.77,3,2,1,有,無,8080000,99637,坡道平面,28.73,1500000,,RPQTMLPKNHGGFHH66DB
龜山區,房地(土地+建物)+車位,桃園市龜山區善捷段154地號,9.03,商,,,1090301,土地1建物1車位1,十層,22,住宅大樓(11層含以上有電梯),商業用,鋼筋混凝土造,,94.77,3,2,1,有,無,8600000,102973,坡道平面,30.19,1950000,,RPRTMLPKNHGGFHH76DB
龜山區,房地(土地+建物)+車位,桃園市龜山區善捷段154地號,9.03,商,,,1080925,土地1建物1車位1,十一層,22,住宅大樓(11層含以上有電梯),商業用,鋼筋混凝土造,,94.77,3,2,1,有,無,8500000,105996,坡道平面,28.73,1500000,,RPSTMLPKNHGGFHH86DB
龜山區,房地(土地+建物)+車位,桃園市龜山區善捷段154地號,9.03,商,,,1081105,土地1建物1車位1,十二層,22,住宅大樓(11層含以上有電梯),商業用,鋼筋混凝土造,,94.77,3,2,1,有,無,8110000,100091,坡道平面,28.73,1500000,,RPTTMLPKNHGGFHH96DB
龜山區,房地(土地+建物)+車位,桃園市龜山區善捷段154地號,9.03,商,,,1090204,土地1建物1車位1,十三層,22,住宅大樓(11層含以上有電梯),商業用,鋼筋混凝土造,,94.77,3,2,1,有,無,8400000,97668,坡道平面,28.73,1950000,,RPUTMLPKNHGGFHH07DB
龜山區,房地(土地+建物)+車位,桃園市龜山區善捷段154地號,9.03,商,,,1081123,土地1建物1車位1,十四層,22,住宅大樓(11層含以上有電梯),商業用,鋼筋混凝土造,,94.77,3,2,1,有,無,8400000,99939,坡道平面,28.73,1800000,,RPVTMLPKNHGGFHH17DB
龜山區,房地(土地+建物)+車位,桃園市龜山區善捷段154地號,9.03,商,,,1081210,土地1建物1車位1,十五層,22,住宅大樓(11層含以上有電梯),商業用,鋼筋混凝土造,,94.66,3,2,1,有,無,8380000,98550,坡道平面,26.37,1650000,,RPWTMLPKNHGGFHH27DB
龜山區,房地(土地+建物)+車位,桃園市龜山區善捷段154地號,9.03,商,,,1081202,土地1建物1車位1,十六層,22,住宅大樓(11層含以上有電梯),商業用,鋼筋混凝土造,,94.66,3,2,1,有,無,8500000,100106,坡道平面,28.73,1900000,,RPXTMLPKNHGGFHH37DB
龜山區,房地(土地+建物)+車位,桃園市龜山區善捷段154地號,9.03,商,,,1081216,土地1建物1車位1,十七層,22,住宅大樓(11層含以上有電梯),商業用,鋼筋混凝土造,,94.66,3,2,1,有,無,8480000,103614,坡道平面,30.19,1800000,,RPOUMLPKNHGGFHH56DB
龜山區,房地(土地+建物)+車位,桃園市龜山區善捷段154地號,9.03,商,,,1090210,土地1建物1車位1,十八層,22,住宅大樓(11層含以上有電梯),商業用,鋼筋混凝土造,,94.66,3,2,1,有,無,8670000,104201,坡道平面,28.73,1800000,,RPPUMLPKNHGGFHH66DB
龜山區,房地(土地+建物)+車位,桃園市龜山區善捷段154地號,9.03,商,,,1090205,土地1建物1車位1,十九層,22,住宅大樓(11層含以上有電梯),商業用,鋼筋混凝土造,,94.66,3,2,1,有,無,8500000,103898,坡道平面,28.73,1650000,,RPQUMLPKNHGGFHH76DB
龜山區,房地(土地+建物)+車位,桃園市龜山區善捷段154地號,9.03,商,,,1090228,土地1建物1車位1,二十層,22,住宅大樓(11層含以上有電梯),商業用,鋼筋混凝土造,,94.66,3,2,1,有,無,8660000,104808,坡道平面,28.73,1750000,,RPRUMLPKNHGGFHH86DB
龜山區,房地(土地+建物)+車位,桃園市龜山區善捷段154地號,9.03,商,,,1090218,土地1建物1車位1,二十一層,22,住宅大樓(11層含以上有電梯),商業用,鋼筋混凝土造,,94.66,3,2,1,有,無,8520000,96940,坡道平面,26.37,1900000,,RPSUMLPKNHGGFHH96DB
龜山區,房地(土地+建物)+車位,桃園市龜山區善捷段154地號,9.03,商,,,1090423,土地1建物1車位1,二十二層,22,住宅大樓(11層含以上有電梯),商業用,鋼筋混凝土造,,94.66,3,2,1,有,無,8350000,100106,坡道平面,28.73,1750000,,RPTUMLPKNHGGFHH07DB
龜山區,房地(土地+建物)+車位,桃園市龜山區善捷段154地號,10.99,商,,,1081213,土地1建物1車位1,二層,22,住宅大樓(11層含以上有電梯),商業用,鋼筋混凝土造,,107.07,0,1,1,有,無,8550000,84547,坡道平面,30.19,2050000,,RPPNMLQKNHGGFHH68DB
龜山區,房地(土地+建物)+車位,桃園市龜山區善捷段154地號,6.52,商,,,1080908,土地1建物1車位1,二層,22,住宅大樓(11層含以上有電梯),商業用,鋼筋混凝土造,,66.08,0,1,1,有,無,5530000,101486,坡道平面,26.37,1500000,,RPQNMLQKNHGGFHH78DB
龜山區,房地(土地+建物)+車位,桃園市龜山區善捷段154地號,9.03,商,,,1080908,土地1建物1車位1,四層,22,住宅大樓(11層含以上有電梯),商業用,鋼筋混凝土造,,95.79,3,2,1,有,無,8050000,92913,坡道平面,26.37,1600000,,RPRNMLQKNHGGFHH88DB
龜山區,房地(土地+建物)+車位,桃園市龜山區善捷段154地號,9.03,商,,,1081020,土地1建物1車位1,五層,22,住宅大樓(11層含以上有電梯),商業用,鋼筋混凝土造,,95.79,3,2,1,有,無,7820000,94244,坡道平面,28.73,1500000,,RPSNMLQKNHGGFHH98DB
龜山區,房地(土地+建物)+車位,桃園市龜山區善捷段154地號,9.03,商,,,1080609,土地1建物1車位1,六層,22,住宅大樓(11層含以上有電梯),商業用,鋼筋混凝土造,,95.79,3,2,1,有,無,8000000,93633,坡道平面,26.37,1500000,,RPTNMLQKNHGGFHH09DB
龜山區,房地(土地+建物)+車位,桃園市龜山區善捷段154地號,9.03,商,,,1080830,土地1建物1車位1,七層,22,住宅大樓(11層含以上有電梯),商業用,鋼筋混凝土造,,95.79,3,2,1,有,無,8100000,100610,坡道平面,30.19,1500000,,RPVNMLQKNHGGFHH66DB
龜山區,房地(土地+建物)+車位,桃園市龜山區善捷段154地號,9.03,商,,,1081029,土地1建物1車位1,五層,22,住宅大樓(11層含以上有電梯),商業用,鋼筋混凝土造,,95.76,3,2,1,有,無,8300000,98463,坡道平面,28.73,1700000,,RPWNMLQKNHGGFHH76DB
龜山區,房地(土地+建物)+車位,桃園市龜山區善捷段154地號,9.03,商,,,1081026,土地1建物1車位1,四層,22,住宅大樓(11層含以上有電梯),商業用,鋼筋混凝土造,,95.76,3,2,1,有,無,8400000,95835,坡道平面,26.37,1750000,,RPXNMLQKNHGGFHH86DB
龜山區,房地(土地+建物)+車位,桃園市龜山區善捷段154地號,9.03,商,,,1090213,土地1建物1車位1,六層,22,住宅大樓(11層含以上有電梯),商業用,鋼筋混凝土造,,95.76,3,2,1,有,無,8490000,97568,坡道平面,28.73,1950000,,RPOOMLQKNHGGFHH68DB
龜山區,房地(土地+建物)+車位,桃園市龜山區善捷段154地號,9.03,商,,,1080620,土地1建物1車位1,八層,22,住宅大樓(11層含以上有電梯),商業用,鋼筋混凝土造,,95.79,3,2,1,有,無,8100000,96514,坡道平面,26.37,1400000,,RPPOMLQKNHGGFHH78DB
龜山區,房地(土地+建物)+車位,桃園市龜山區善捷段154地號,9.03,商,,,1081123,土地1建物1車位1,八層,22,住宅大樓(11層含以上有電梯),商業用,鋼筋混凝土造,,95.76,3,2,1,有,無,8500000,101447,坡道平面,28.73,1700000,,RPROMLQKNHGGFHH98DB
龜山區,房地(土地+建物)+車位,桃園市龜山區善捷段154地號,9.03,商,,,1081123,土地1建物1車位1,十層,22,住宅大樓(11層含以上有電梯),商業用,鋼筋混凝土造,,95.76,3,2,1,有,無,8500000,99955,坡道平面,28.73,1800000,,RPTOMLQKNHGGFHH56DB
龜山區,房地(土地+建物)+車位,桃園市龜山區善捷段154地號,9.03,商,,,1081216,土地1建物1車位1,九層,22,住宅大樓(11層含以上有電梯),商業用,鋼筋混凝土造,,95.76,3,2,1,有,無,8500000,99955,坡道平面,28.73,1800000,,RPUOMLQKNHGGFHH66DB
龜山區,房地(土地+建物)+車位,桃園市龜山區善捷段154地號,9.03,商,,,1080725,土地1建物1車位1,九層,22,住宅大樓(11層含以上有電梯),商業用,鋼筋混凝土造,,95.79,3,2,1,有,無,7920000,93921,坡道平面,26.37,1400000,,RPVOMLQKNHGGFHH76DB
龜山區,房地(土地+建物)+車位,桃園市龜山區善捷段154地號,9.03,商,,,1081123,土地1建物1車位1,十一層,22,住宅大樓(11層含以上有電梯),商業用,鋼筋混凝土造,,95.76,3,2,1,有,無,8550000,100701,坡道平面,28.73,1800000,,RPWOMLQKNHGGFHH86DB
龜山區,房地(土地+建物)+車位,桃園市龜山區善捷段154地號,9.03,商,,,1090305,土地1建物1車位1,十二層,22,住宅大樓(11層含以上有電梯),商業用,鋼筋混凝土造,,95.76,3,2,1,有,無,8200000,97717,坡道平面,28.73,1650000,,RPXOMLQKNHGGFHH96DB
龜山區,房地(土地+建物)+車位,桃園市龜山區善捷段154地號,9.03,商,,,1090217,土地1建物1車位1,十層,22,住宅大樓(11層含以上有電梯),商業用,鋼筋混凝土造,,95.79,3,2,1,有,無,8290000,94542,坡道平面,28.73,1950000,,RPOPMLQKNHGGFHH78DB
龜山區,房地(土地+建物)+車位,桃園市龜山區善捷段154地號,9.03,商,,,1080702,土地1建物1車位1,十三層,22,住宅大樓(11層含以上有電梯),商業用,鋼筋混凝土造,,95.76,3,2,1,有,無,8380000,100591,坡道平面,26.37,1400000,,RPPPMLQKNHGGFHH88DB
龜山區,房地(土地+建物)+車位,桃園市龜山區善捷段154地號,9.03,商,,,1090211,土地1建物1車位1,十四層,22,住宅大樓(11層含以上有電梯),商業用,鋼筋混凝土造,,95.76,3,2,1,有,無,8550000,98463,坡道平面,28.73,1950000,,RPQPMLQKNHGGFHH98DB
龜山區,房地(土地+建物)+車位,桃園市龜山區善捷段154地號,9.03,商,,,1081206,土地1建物1車位1,十一層,22,住宅大樓(11層含以上有電梯),商業用,鋼筋混凝土造,,95.79,3,2,1,有,無,8200000,98419,坡道平面,28.73,1600000,,RPRPMLQKNHGGFHH09DB
龜山區,房地(土地+建物)+車位,桃園市龜山區善捷段154地號,9.03,商,,,1081107,土地1建物1車位1,十二層,22,住宅大樓(11層含以上有電梯),商業用,鋼筋混凝土造,,95.79,3,2,1,有,無,8270000,96481,坡道平面,28.73,1800000,,RPSPMLQKNHGGFHH56DB
龜山區,房地(土地+建物)+車位,桃園市龜山區善捷段154地號,9.03,商,,,1090319,土地1建物1車位1,十三層,22,住宅大樓(11層含以上有電梯),商業用,鋼筋混凝土造,,95.79,3,2,1,有,無,8380000,93345,坡道平面,26.37,1900000,,RPVPMLQKNHGGFHH86DB
龜山區,房地(土地+建物)+車位,桃園市龜山區善捷段154地號,9.03,商,,,1090124,土地1建物1車位1,十四層,22,住宅大樓(11層含以上有電梯),商業用,鋼筋混凝土造,,95.79,3,2,1,有,無,8550000,99911,坡道平面,28.73,1850000,,RPXPMLQKNHGGFHH07DB
龜山區,房地(土地+建物)+車位,桃園市龜山區善捷段154地號,9.03,商,,,1081202,土地1建物1車位1,十六層,22,住宅大樓(11層含以上有電梯),商業用,鋼筋混凝土造,,95.47,3,2,1,有,無,8500000,98891,坡道平面,28.73,1900000,,RPSQMLQKNHGGFHH66DB
龜山區,房地(土地+建物)+車位,桃園市龜山區善捷段154地號,9.03,商,,,1090305,土地1建物1車位1,十五層,22,住宅大樓(11層含以上有電梯),商業用,鋼筋混凝土造,,95.47,3,2,1,有,無,8200000,96644,坡道平面,28.73,1750000,,RPUQMLQKNHGGFHH86DB
龜山區,房地(土地+建物)+車位,桃園市龜山區善捷段154地號,9.03,商,,,1090204,土地1建物1車位1,十五層,22,住宅大樓(11層含以上有電梯),商業用,鋼筋混凝土造,,95.29,3,2,1,有,無,8600000,97214,坡道平面,26.37,1900000,,RPVQMLQKNHGGFHH96DB
龜山區,房地(土地+建物)+車位,桃園市龜山區善捷段154地號,9.03,商,,,1090203,土地1建物1車位1,十六層,22,住宅大樓(11層含以上有電梯),商業用,鋼筋混凝土造,,95.29,3,2,1,有,無,8650000,100661,坡道平面,28.73,1950000,,RPWQMLQKNHGGFHH07DB
龜山區,房地(土地+建物)+車位,桃園市龜山區善捷段154地號,9.03,商,,,1081230,土地1建物1車位1,十七層,22,住宅大樓(11層含以上有電梯),商業用,鋼筋混凝土造,,95.29,3,2,1,有,無,8780000,105684,坡道平面,30.19,1900000,,RPXQMLQKNHGGFHH17DB
龜山區,房地(土地+建物)+車位,桃園市龜山區善捷段154地號,9.03,商,,,1090110,土地1建物1車位1,十七層,22,住宅大樓(11層含以上有電梯),商業用,鋼筋混凝土造,,95.47,3,2,1,有,無,8460000,100539,坡道平面,28.73,1750000,,RPORMLQKNHGGFHH98DB
龜山區,房地(土地+建物)+車位,桃園市龜山區善捷段154地號,9.03,商,,,1081117,土地1建物1車位1,十八層,22,住宅大樓(11層含以上有電梯),商業用,鋼筋混凝土造,,95.29,3,2,1,有,無,8750000,106759,坡道平面,30.19,1800000,,RPPRMLQKNHGGFHH09DB
龜山區,房地(土地+建物)+車位,桃園市龜山區善捷段154地號,9.03,商,,,1090114,土地1建物1車位1,十九層,22,住宅大樓(11層含以上有電梯),商業用,鋼筋混凝土造,,95.29,3,2,1,有,無,8600000,98665,坡道平面,26.37,1800000,,RPQRMLQKNHGGFHH56DB
龜山區,房地(土地+建物)+車位,桃園市龜山區善捷段154地號,9.03,商,,,1081204,土地1建物1車位1,十八層,22,住宅大樓(11層含以上有電梯),商業用,鋼筋混凝土造,,95.47,3,2,1,有,無,8400000,101888,坡道平面,28.73,1600000,,RPRRMLQKNHGGFHH66DB
龜山區,房地(土地+建物)+車位,桃園市龜山區善捷段154地號,9.03,商,,,1090110,土地1建物1車位1,二十層,22,住宅大樓(11層含以上有電梯),商業用,鋼筋混凝土造,,95.29,3,2,1,有,無,8660000,105319,坡道平面,28.73,1650000,,RPSRMLQKNHGGFHH76DB
龜山區,房地(土地+建物)+車位,桃園市龜山區善捷段154地號,9.03,商,,,1090116,土地1建物1車位1,十九層,22,住宅大樓(11層含以上有電梯),商業用,鋼筋混凝土造,,95.47,3,2,1,有,無,8640000,98987,坡道平面,26.37,1800000,,RPTRMLQKNHGGFHH86DB
龜山區,房地(土地+建物)+車位,桃園市龜山區善捷段154地號,9.03,商,,,1081206,土地1建物1車位1,二十一層,22,住宅大樓(11層含以上有電梯),商業用,鋼筋混凝土造,,95.29,3,2,1,有,無,8650000,102915,坡道平面,28.73,1800000,,RPURMLQKNHGGFHH96DB
龜山區,房地(土地+建物)+車位,桃園市龜山區善捷段154地號,9.03,商,,,1090228,土地1建物1車位1,二十一層,22,住宅大樓(11層含以上有電梯),商業用,鋼筋混凝土造,,95.47,3,2,1,有,無,8750000,104885,坡道平面,28.73,1750000,,RPVRMLQKNHGGFHH07DB
龜山區,房地(土地+建物)+車位,桃園市龜山區善捷段154地號,9.03,商,,,1090220,土地1建物1車位1,二十二層,22,住宅大樓(11層含以上有電梯),商業用,鋼筋混凝土造,,95.29,3,2,1,有,無,8750000,99391,坡道平面,26.37,1900000,,RPWRMLQKNHGGFHH17DB
龜山區,房地(土地+建物)+車位,桃園市龜山區善捷段154地號,9.03,商,,,1090413,土地1建物1車位1,二十二層,22,住宅大樓(11層含以上有電梯),商業用,鋼筋混凝土造,,95.47,3,2,1,有,無,8570000,99191,坡道平面,28.73,1950000,,RPXRMLQKNHGGFHH27DB
龜山區,房地(土地+建物)+車位,桃園市龜山區善捷段154地號,11.94,商,,,1081214,土地1建物1車位1,四層,22,住宅大樓(11層含以上有電梯),商業用,鋼筋混凝土造,,123.38,3,2,2,有,無,10070000,87375,坡道平面,28.73,1800000,,RPOSMLQKNHGGFHH09DB
龜山區,房地(土地+建物)+車位,桃園市龜山區善捷段154地號,11.94,商,,,1080915,土地1建物1車位1,五層,22,住宅大樓(11層含以上有電梯),商業用,鋼筋混凝土造,,123.38,3,2,2,有,無,10300000,89805,坡道平面,28.73,1800000,,RPPSMLQKNHGGFHH56DB
龜山區,房地(土地+建物)+車位,桃園市龜山區善捷段154地號,11.94,商,,,1080916,土地1建物1車位1,六層,22,住宅大樓(11層含以上有電梯),商業用,鋼筋混凝土造,,123.38,3,2,2,有,無,10230000,90122,坡道平面,28.73,1700000,,RPQSMLQKNHGGFHH66DB
龜山區,房地(土地+建物)+車位,桃園市龜山區善捷段154地號,11.94,商,,,1080918,土地1建物1車位1,七層,22,住宅大樓(11層含以上有電梯),商業用,鋼筋混凝土造,,123.38,3,2,2,有,無,10100000,89805,坡道平面,28.73,1600000,,RPRSMLQKNHGGFHH76DB
龜山區,房地(土地+建物)+車位,桃園市龜山區善捷段154地號,10.99,商,,,1090413,土地1建物1車位1,二層,22,住宅大樓(11層含以上有電梯),商業用,鋼筋混凝土造,,108.54,0,1,1,有,無,8200000,80817,坡道平面,28.73,1750000,,RPTSMLQKNHGGFHH96DB
龜山區,房地(土地+建物)+車位,桃園市龜山區善捷段154地號,11.94,商,,,1081017,土地1建物1車位1,八層,22,住宅大樓(11層含以上有電梯),商業用,鋼筋混凝土造,,123.38,3,2,2,有,無,10320000,91072,坡道平面,28.73,1700000,,RPUSMLQKNHGGFHH07DB
龜山區,房地(土地+建物)+車位,桃園市龜山區善捷段154地號,9.49,商,,,1090522,土地1建物1車位1,三層,22,住宅大樓(11層含以上有電梯),商業用,鋼筋混凝土造,,92.48,0,1,1,有,無,7300000,83195,坡道平面,26.37,1800000,,RPVSMLQKNHGGFHH17DB
龜山區,房地(土地+建物)+車位,桃園市龜山區善捷段154地號,11.94,商,,,1081211,土地1建物1車位1,九層,22,住宅大樓(11層含以上有電梯),商業用,鋼筋混凝土造,,123.38,3,2,2,有,無,10570000,92657,坡道平面,28.73,1800000,,RPWSMLQKNHGGFHH27DB
龜山區,房地(土地+建物)+車位,桃園市龜山區善捷段154地號,9.03,商,,,1080830,土地1建物1車位1,四層,22,住宅大樓(11層含以上有電梯),商業用,鋼筋混凝土造,,95.78,3,2,1,有,無,8280000,96644,坡道平面,28.73,1800000,,RPXSMLQKNHGGFHH37DB
龜山區,房地(土地+建物)+車位,桃園市龜山區善捷段154地號,11.94,商,,,1081101,土地1建物1車位1,十層,22,住宅大樓(11層含以上有電梯),商業用,鋼筋混凝土造,,123.38,3,2,2,有,無,10120000,92499,坡道平面,30.19,1500000,,RPOTMLQKNHGGFHH56DB
龜山區,房地(土地+建物)+車位,桃園市龜山區善捷段154地號,9.03,商,,,1080823,土地1建物1車位1,五層,22,住宅大樓(11層含以上有電梯),商業用,鋼筋混凝土造,,95.78,3,2,1,有,無,8250000,97688,坡道平面,28.73,1700000,,RPPTMLQKNHGGFHH66DB
龜山區,房地(土地+建物)+車位,桃園市龜山區善捷段154地號,11.94,商,,,1090228,土地1建物1車位1,十二層,22,住宅大樓(11層含以上有電梯),商業用,鋼筋混凝土造,,123.38,3,2,2,有,無,10350000,90702,坡道平面,26.91,1600000,,RPQTMLQKNHGGFHH76DB
龜山區,房地(土地+建物)+車位,桃園市龜山區善捷段154地號,11.94,商,,,1081113,土地1建物1車位1,十三層,22,住宅大樓(11層含以上有電梯),商業用,鋼筋混凝土造,,123.38,3,2,2,有,無,10520000,92129,坡道平面,28.73,1800000,,RPRTMLQKNHGGFHH86DB
龜山區,房地(土地+建物)+車位,桃園市龜山區善捷段154地號,9.03,商,,,1080927,土地1建物1車位1,六層,22,住宅大樓(11層含以上有電梯),商業用,鋼筋混凝土造,,95.78,3,2,1,有,無,8000000,96943,坡道平面,28.73,1500000,,RPSTMLQKNHGGFHH96DB
龜山區,房地(土地+建物)+車位,桃園市龜山區善捷段154地號,11.94,商,,,1081115,土地1建物1車位1,十四層,22,住宅大樓(11層含以上有電梯),商業用,鋼筋混凝土造,,123.38,3,2,2,有,無,10500000,90861,坡道平面,28.73,1900000,,RPUTMLQKNHGGFHH17DB
龜山區,房地(土地+建物)+車位,桃園市龜山區善捷段154地號,9.03,商,,,1081104,土地1建物1車位1,七層,22,住宅大樓(11層含以上有電梯),商業用,鋼筋混凝土造,,95.78,3,2,1,有,無,8150000,97688,坡道平面,28.73,1600000,,RPVTMLQKNHGGFHH27DB
龜山區,房地(土地+建物)+車位,桃園市龜山區善捷段154地號,9.03,商,,,1080227,土地1建物1車位1,八層,22,住宅大樓(11層含以上有電梯),商業用,鋼筋混凝土造,,95.78,3,2,1,有,無,8380000,93358,坡道平面,26.37,1900000,,RPWTMLQKNHGGFHH37DB
龜山區,房地(土地+建物)+車位,桃園市龜山區善捷段154地號,11.33,商,,,1081223,土地1建物1車位1,十五層,22,住宅大樓(11層含以上有電梯),商業用,鋼筋混凝土造,,120.67,3,2,2,有,無,10380000,93322,坡道平面,28.73,1800000,,RPXTMLQKNHGGFHH47DB
龜山區,房地(土地+建物)+車位,桃園市龜山區善捷段154地號,9.03,商,,,1081203,土地1建物1車位1,九層,22,住宅大樓(11層含以上有電梯),商業用,鋼筋混凝土造,,95.78,3,2,1,有,無,8360000,99329,坡道平面,28.73,1700000,,RPOUMLQKNHGGFHH66DB
龜山區,房地(土地+建物)+車位,桃園市龜山區善捷段154地號,11.33,商,,,1090102,土地1建物1車位1,十六層,22,住宅大樓(11層含以上有電梯),商業用,鋼筋混凝土造,,120.67,3,2,2,有,無,10450000,94083,坡道平面,28.73,1800000,,RPPUMLQKNHGGFHH76DB
龜山區,房地(土地+建物)+車位,桃園市龜山區善捷段154地號,9.03,商,,,1081129,土地1建物1車位1,十層,22,住宅大樓(11層含以上有電梯),商業用,鋼筋混凝土造,,95.78,3,2,1,有,無,8500000,101417,坡道平面,28.73,1700000,,RPQUMLQKNHGGFHH86DB
龜山區,房地(土地+建物)+車位,桃園市龜山區善捷段154地號,9.03,商,,,1090214,土地1建物1車位1,十一層,22,住宅大樓(11層含以上有電梯),商業用,鋼筋混凝土造,,95.78,3,2,1,有,無,8400000,94381,坡道平面,26.91,1900000,,RPRUMLQKNHGGFHH96DB
龜山區,房地(土地+建物)+車位,桃園市龜山區善捷段154地號,11.33,商,,,1081223,土地1建物1車位1,十七層,22,住宅大樓(11層含以上有電梯),商業用,鋼筋混凝土造,,120.67,3,2,2,有,無,10420000,93757,坡道平面,28.73,1800000,,RPSUMLQKNHGGFHH07DB
龜山區,房地(土地+建物)+車位,桃園市龜山區善捷段154地號,9.03,商,,,1081117,土地1建物1車位1,十二層,22,住宅大樓(11層含以上有電梯),商業用,鋼筋混凝土造,,95.78,3,2,1,有,無,8550000,100671,坡道平面,28.73,1800000,,RPTUMLQKNHGGFHH17DB
龜山區,房地(土地+建物)+車位,桃園市龜山區善捷段154地號,11.33,商,,,1090106,土地1建物1車位1,十八層,22,住宅大樓(11層含以上有電梯),商業用,鋼筋混凝土造,,120.67,3,2,2,有,無,10200000,92995,坡道平面,28.73,1650000,,RPUUMLQKNHGGFHH27DB
龜山區,房地(土地+建物)+車位,桃園市龜山區善捷段154地號,11.33,商,,,1090210,土地1建物1車位1,十九層,22,住宅大樓(11層含以上有電梯),商業用,鋼筋混凝土造,,120.67,3,2,2,有,無,10600000,95171,坡道平面,28.73,1850000,,RPVUMLQKNHGGFHH37DB
龜山區,房地(土地+建物)+車位,桃園市龜山區善捷段154地號,9.03,商,,,1090210,土地1建物1車位1,十三層,22,住宅大樓(11層含以上有電梯),商業用,鋼筋混凝土造,,95.78,3,2,1,有,無,8350000,94367,坡道平面,26.37,1800000,,RPWUMLQKNHGGFHH47DB
龜山區,房地(土地+建物)+車位,桃園市龜山區善捷段154地號,11.33,商,,,1080820,土地1建物1車位1,二十層,22,住宅大樓(11層含以上有電梯),商業用,鋼筋混凝土造,,120.67,3,2,2,有,無,10340000,93974,坡道平面,28.73,1700000,,RPXUMLQKNHGGFHH57DB
龜山區,房地(土地+建物)+車位,桃園市龜山區善捷段154地號,9.03,商,,,1090119,土地1建物1車位1,十四層,22,住宅大樓(11層含以上有電梯),商業用,鋼筋混凝土造,,95.78,3,2,1,有,無,8500000,99180,坡道平面,28.73,1850000,,RPPVMLQKNHGGFHH86DB
龜山區,房地(土地+建物)+車位,桃園市龜山區善捷段154地號,11.33,商,,,1090305,土地1建物1車位1,二十一層,22,住宅大樓(11層含以上有電梯),商業用,鋼筋混凝土造,,120.67,3,2,2,有,無,10670000,94844,坡道平面,28.73,1950000,,RPQVMLQKNHGGFHH96DB
龜山區,房地(土地+建物)+車位,桃園市龜山區善捷段154地號,9.03,商,,,1090125,土地1建物1車位1,十五層,22,住宅大樓(11層含以上有電梯),商業用,鋼筋混凝土造,,95.31,3,2,1,有,無,8520000,101682,坡道平面,28.73,1750000,,RPRVMLQKNHGGFHH07DB
龜山區,房地(土地+建物)+車位,桃園市龜山區善捷段154地號,11.33,商,,,1090413,土地1建物1車位1,二十二層,22,住宅大樓(11層含以上有電梯),商業用,鋼筋混凝土造,,120.67,3,2,2,有,無,10390000,91799,坡道平面,28.73,1950000,,RPSVMLQKNHGGFHH17DB
龜山區,房地(土地+建物)+車位,桃園市龜山區善捷段154地號,9.03,商,,,1081218,土地1建物1車位1,十六層,22,住宅大樓(11層含以上有電梯),商業用,鋼筋混凝土造,,95.31,3,2,1,有,無,8500000,100631,坡道平面,28.73,1800000,,RPTVMLQKNHGGFHH27DB
龜山區,房地(土地+建物)+車位,桃園市龜山區善捷段154地號,9.03,商,,,1081214,土地1建物1車位1,十七層,22,住宅大樓(11層含以上有電梯),商業用,鋼筋混凝土造,,95.31,3,2,1,有,無,8600000,102133,坡道平面,28.73,1800000,,RPUVMLQKNHGGFHH37DB
龜山區,房地(土地+建物)+車位,桃園市龜山區善捷段154地號,9.03,商,,,1080713,土地1建物1車位1,十八層,22,住宅大樓(11層含以上有電梯),商業用,鋼筋混凝土造,,95.31,3,2,1,有,無,8500000,102133,坡道平面,28.73,1700000,,RPVVMLQKNHGGFHH47DB
龜山區,房地(土地+建物)+車位,桃園市龜山區善捷段154地號,9.03,商,,,1090206,土地1建物1車位1,十九層,22,住宅大樓(11層含以上有電梯),商業用,鋼筋混凝土造,,95.31,3,2,1,有,無,8550000,100631,坡道平面,28.73,1850000,,RPWVMLQKNHGGFHH57DB
龜山區,房地(土地+建物)+車位,桃園市龜山區善捷段154地號,9.03,商,,,1081225,土地1建物1車位1,二十層,22,住宅大樓(11層含以上有電梯),商業用,鋼筋混凝土造,,95.31,3,2,1,有,無,8400000,102133,坡道平面,28.73,1600000,,RPXVMLQKNHGGFHH67DB
龜山區,房地(土地+建物)+車位,桃園市龜山區善捷段154地號,9.03,商,,,1081004,土地1建物1車位1,二十一層,22,住宅大樓(11層含以上有電梯),商業用,鋼筋混凝土造,,95.31,3,2,1,有,無,8600000,103635,坡道平面,28.73,1700000,,RPOWMLQKNHGGFHH86DB
龜山區,房地(土地+建物)+車位,桃園市龜山區善捷段154地號,9.03,商,,,1090228,土地1建物1車位1,二十二層,22,住宅大樓(11層含以上有電梯),商業用,鋼筋混凝土造,,95.31,3,2,1,有,無,8700000,98636,坡道平面,26.37,1900000,,RPPWMLQKNHGGFHH96DB
龜山區,房地(土地+建物)+車位,桃園市龜山區善捷段154地號,6.52,商,,,1081230,土地1建物1車位1,四層,22,住宅大樓(11層含以上有電梯),商業用,鋼筋混凝土造,,66.08,1,1,1,有,無,6190000,122892,坡道平面,28.73,1600000,,RPQWMLQKNHGGFHH07DB
龜山區,房地(土地+建物),桃園市龜山區善捷段154地號,4.56,商,,,1081109,土地1建物1車位0,二層,22,住宅大樓(11層含以上有電梯),商業用,鋼筋混凝土造,,52.77,0,1,1,有,無,3450000,65378,,0.0,0,,RPRWMLQKNHGGFHH17DB
龜山區,房地(土地+建物),桃園市龜山區善捷段154地號,6.52,商,,,1081026,土地1建物1車位0,五層,22,住宅大樓(11層含以上有電梯),商業用,鋼筋混凝土造,,66.08,1,1,1,有,無,5000000,75666,,0.0,0,,RPSWMLQKNHGGFHH27DB
龜山區,房地(土地+建物)+車位,桃園市龜山區善捷段154地號,11.97,商,,,1080830,土地1建物1車位1,四層,22,住宅大樓(11層含以上有電梯),商業用,鋼筋混凝土造,,123.93,3,2,2,有,無,10160000,87815,坡道平面,28.73,1800000,,RPTWMLQKNHGGFHH37DB
龜山區,房地(土地+建物)+車位,桃園市龜山區善捷段154地號,6.52,商,,,1081029,土地1建物1車位1,六層,22,住宅大樓(11層含以上有電梯),商業用,鋼筋混凝土造,,66.08,1,1,1,有,無,6060000,122088,坡道平面,28.73,1500000,,RPUWMLQKNHGGFHH47DB
龜山區,房地(土地+建物)+車位,桃園市龜山區善捷段154地號,11.97,商,,,1081120,土地1建物1車位1,五層,22,住宅大樓(11層含以上有電梯),商業用,鋼筋混凝土造,,123.93,3,2,2,有,無,10300000,90336,坡道平面,28.73,1700000,,RPVWMLQKNHGGFHH57DB
龜山區,房地(土地+建物)+車位,桃園市龜山區善捷段154地號,6.52,商,,,1080910,土地1建物1車位1,七層,22,住宅大樓(11層含以上有電梯),商業用,鋼筋混凝土造,,66.08,1,1,1,有,無,6200000,125837,坡道平面,28.73,1500000,,RPWWMLQKNHGGFHH67DB
龜山區,房地(土地+建物)+車位,桃園市龜山區善捷段154地號,11.97,商,,,1081018,土地1建物1車位1,六層,22,住宅大樓(11層含以上有電梯),商業用,鋼筋混凝土造,,123.93,3,2,2,有,無,9940000,87605,坡道平面,28.73,1600000,,RPXWMLQKNHGGFHH77DB
龜山區,房地(土地+建物)+車位,桃園市龜山區善捷段154地號,11.97,商,,,1081202,土地1建物1車位1,七層,22,住宅大樓(11層含以上有電梯),商業用,鋼筋混凝土造,,123.93,3,2,2,有,無,10320000,88445,坡道平面,28.73,1900000,,RPONNLQKNHGGFHH68DB
龜山區,房地(土地+建物)+車位,桃園市龜山區善捷段154地號,11.97,商,,,1081030,土地1建物1車位1,八層,22,住宅大樓(11層含以上有電梯),商業用,鋼筋混凝土造,,123.93,3,2,2,有,無,10020000,88445,坡道平面,28.73,1600000,,RPPNNLQKNHGGFHH78DB
龜山區,房地(土地+建物)+車位,桃園市龜山區善捷段154地號,11.97,商,,,1081116,土地1建物1車位1,九層,22,住宅大樓(11層含以上有電梯),商業用,鋼筋混凝土造,,123.93,3,2,2,有,無,10400000,89286,坡道平面,28.73,1900000,,RPQNNLQKNHGGFHH88DB
龜山區,房地(土地+建物)+車位,桃園市龜山區善捷段154地號,11.97,商,,,1081226,土地1建物1車位1,十一層,22,住宅大樓(11層含以上有電梯),商業用,鋼筋混凝土造,,123.93,3,2,2,有,無,10450000,89811,坡道平面,28.73,1900000,,RPRNNLQKNHGGFHH98DB
龜山區,房地(土地+建物)+車位,桃園市龜山區善捷段154地號,11.97,商,,,1080828,土地1建物1車位1,十層,22,住宅大樓(11層含以上有電梯),商業用,鋼筋混凝土造,,123.93,3,2,2,有,無,10260000,89916,坡道平面,28.73,1700000,,RPSNNLQKNHGGFHH09DB
龜山區,房地(土地+建物)+車位,桃園市龜山區善捷段154地號,11.97,商,,,1081224,土地1建物1車位1,十二層,22,住宅大樓(11層含以上有電梯),商業用,鋼筋混凝土造,,123.93,3,2,2,有,無,10300000,91387,坡道平面,28.73,1600000,,RPTNNLQKNHGGFHH56DB
龜山區,房地(土地+建物)+車位,桃園市龜山區善捷段154地號,6.52,商,,,1081210,土地1建物1車位1,八層,22,住宅大樓(11層含以上有電梯),商業用,鋼筋混凝土造,,66.08,1,1,1,有,無,6230000,123963,坡道平面,28.73,1600000,,RPUNNLQKNHGGFHH66DB
龜山區,房地(土地+建物)+車位,桃園市龜山區善捷段154地號,11.97,商,,,1080929,土地1建物1車位1,十三層,22,住宅大樓(11層含以上有電梯),商業用,鋼筋混凝土造,,123.93,3,2,2,有,無,10300000,90336,坡道平面,28.73,1700000,,RPVNNLQKNHGGFHH76DB
龜山區,房地(土地+建物)+車位,桃園市龜山區善捷段154地號,11.97,商,,,1090225,土地1建物1車位1,十四層,22,住宅大樓(11層含以上有電梯),商業用,鋼筋混凝土造,,123.93,3,2,2,有,無,10370000,91071,坡道平面,28.73,1700000,,RPWNNLQKNHGGFHH86DB
龜山區,房地(土地+建物)+車位,桃園市龜山區善捷段154地號,11.97,商,,,1080927,土地1建物1車位1,十五層,22,住宅大樓(11層含以上有電梯),商業用,鋼筋混凝土造,,123.43,3,2,2,有,無,10480000,91658,坡道平面,28.73,1800000,,RPXNNLQKNHGGFHH96DB
龜山區,房地(土地+建物)+車位,桃園市龜山區善捷段154地號,11.97,商,,,1081008,土地1建物1車位1,十六層,22,住宅大樓(11層含以上有電梯),商業用,鋼筋混凝土造,,123.43,3,2,2,有,無,10490000,91763,坡道平面,28.73,1800000,,RPOONLQKNHGGFHH78DB
龜山區,房地(土地+建物)+車位,桃園市龜山區善捷段154地號,11.97,商,,,1081120,土地1建物1車位2,十七層,22,住宅大樓(11層含以上有電梯),商業用,鋼筋混凝土造,,123.43,3,2,2,有,無,12480000,134607,坡道平面,57.46,3600000,,RPPONLQKNHGGFHH88DB
龜山區,房地(土地+建物)+車位,桃園市龜山區善捷段154地號,6.52,商,,,1081019,土地1建物1車位1,九層,22,住宅大樓(11層含以上有電梯),商業用,鋼筋混凝土造,,66.08,1,1,1,有,無,6400000,128514,坡道平面,28.73,1600000,,RPQONLQKNHGGFHH98DB
龜山區,房地(土地+建物)+車位,桃園市龜山區善捷段154地號,11.97,商,,,1081204,土地1建物1車位1,十八層,22,住宅大樓(11層含以上有電梯),商業用,鋼筋混凝土造,,123.43,3,2,2,有,無,10550000,91341,坡道平面,28.73,1900000,,RPRONLQKNHGGFHH09DB
龜山區,房地(土地+建物)+車位,桃園市龜山區善捷段154地號,6.52,商,,,1081209,土地1建物1車位1,十層,22,住宅大樓(11層含以上有電梯),商業用,鋼筋混凝土造,,66.08,1,1,1,有,無,6490000,133463,坡道平面,30.19,1700000,,RPSONLQKNHGGFHH56DB
龜山區,房地(土地+建物)+車位,桃園市龜山區善捷段154地號,11.97,商,,,1081018,土地1建物1車位2,十九層,22,住宅大樓(11層含以上有電梯),商業用,鋼筋混凝土造,,123.43,3,2,2,有,無,12300000,131878,坡道平面,57.46,3600000,,RPTONLQKNHGGFHH66DB
龜山區,房地(土地+建物)+車位,桃園市龜山區善捷段154地號,6.52,商,,,1080726,土地1建物1車位1,十一層,22,住宅大樓(11層含以上有電梯),商業用,鋼筋混凝土造,,66.08,1,1,1,有,無,6560000,122387,坡道平面,26.37,1700000,,RPUONLQKNHGGFHH76DB
龜山區,房地(土地+建物)+車位,桃園市龜山區善捷段154地號,11.97,商,,,1081203,土地1建物1車位1,二十層,22,住宅大樓(11層含以上有電梯),商業用,鋼筋混凝土造,,123.43,3,2,2,有,無,10620000,92080,坡道平面,28.73,1900000,,RPVONLQKNHGGFHH86DB
龜山區,房地(土地+建物)+車位,桃園市龜山區善捷段154地號,6.52,商,,,1081029,土地1建物1車位1,十二層,22,住宅大樓(11層含以上有電梯),商業用,鋼筋混凝土造,,66.08,1,1,1,有,無,6180000,125301,坡道平面,28.73,1500000,,RPWONLQKNHGGFHH96DB
龜山區,房地(土地+建物)+車位,桃園市龜山區善捷段154地號,11.97,商,,,1081210,土地1建物1車位1,二十一層,22,住宅大樓(11層含以上有電梯),商業用,鋼筋混凝土造,,123.43,3,2,2,有,無,10630000,92186,坡道平面,28.73,1900000,,RPXONLQKNHGGFHH07DB
龜山區,房地(土地+建物)+車位,桃園市龜山區善捷段154地號,11.97,商,,,1090112,土地1建物1車位1,二十二層,22,住宅大樓(11層含以上有電梯),商業用,鋼筋混凝土造,,123.43,3,2,2,有,無,10520000,93664,坡道平面,28.73,1650000,,RPOPNLQKNHGGFHH88DB
龜山區,房地(土地+建物)+車位,桃園市龜山區善捷段154地號,6.52,商,,,1081107,土地1建物1車位1,十三層,22,住宅大樓(11層含以上有電梯),商業用,鋼筋混凝土造,,66.08,1,1,1,有,無,6200000,125837,坡道平面,28.73,1500000,,RPPPNLQKNHGGFHH98DB
龜山區,房地(土地+建物)+車位,桃園市龜山區善捷段154地號,6.52,商,,,1081019,土地1建物1車位1,十四層,22,住宅大樓(11層含以上有電梯),商業用,鋼筋混凝土造,,66.08,1,1,1,有,無,6500000,131191,坡道平面,28.73,1600000,,RPQPNLQKNHGGFHH09DB
龜山區,房地(土地+建物)+車位,桃園市龜山區善捷段154地號,6.52,商,,,1081029,土地1建物1車位1,十五層,22,住宅大樓(11層含以上有電梯),商業用,鋼筋混凝土造,,66.08,1,1,1,有,無,6340000,126908,坡道平面,28.73,1600000,,RPSPNLQKNHGGFHH66DB
龜山區,房地(土地+建物),桃園市龜山區善捷段154地號,6.55,商,,,1080815,土地1建物1車位0,五層,22,住宅大樓(11層含以上有電梯),商業用,鋼筋混凝土造,,66.27,1,1,1,有,無,4710000,71073,,0.0,0,,RPTPNLQKNHGGFHH76DB
龜山區,房地(土地+建物)+車位,桃園市龜山區善捷段154地號,11.97,商,,,1080827,土地1建物1車位1,四層,22,住宅大樓(11層含以上有電梯),商業用,鋼筋混凝土造,,66.27,1,1,1,有,無,6100000,119872,坡道平面,28.73,1600000,,RPUPNLQKNHGGFHH86DB
龜山區,房地(土地+建物)+車位,桃園市龜山區善捷段154地號,6.52,商,,,1080819,土地1建物1車位1,十六層,22,住宅大樓(11層含以上有電梯),商業用,鋼筋混凝土造,,66.08,1,1,1,有,無,6500000,131191,坡道平面,28.73,1600000,,RPVPNLQKNHGGFHH96DB
龜山區,房地(土地+建物)+車位,桃園市龜山區善捷段154地號,6.55,商,,,1080705,土地1建物1車位1,六層,22,住宅大樓(11層含以上有電梯),商業用,鋼筋混凝土造,,66.27,1,1,1,有,無,6000000,115288,坡道平面,26.37,1400000,,RPWPNLQKNHGGFHH07DB
龜山區,房地(土地+建物)+車位,桃園市龜山區善捷段154地號,6.52,商,,,1081008,土地1建物1車位1,十七層,22,住宅大樓(11層含以上有電梯),商業用,鋼筋混凝土造,,66.08,1,1,1,有,無,6800000,136546,坡道平面,28.73,1700000,,RPXPNLQKNHGGFHH17DB
龜山區,房地(土地+建物)+車位,桃園市龜山區善捷段154地號,6.52,商,,,1080904,土地1建物1車位1,十八層,22,住宅大樓(11層含以上有電梯),商業用,鋼筋混凝土造,,66.08,1,1,1,有,無,6500000,133869,坡道平面,28.73,1500000,,RPOQNLQKNHGGFHH98DB
龜山區,房地(土地+建物)+車位,桃園市龜山區善捷段154地號,6.52,商,,,1080904,土地1建物1車位1,十九層,22,住宅大樓(11層含以上有電梯),商業用,鋼筋混凝土造,,66.08,1,1,1,有,無,6310000,128782,坡道平面,28.73,1500000,,RPPQNLQKNHGGFHH09DB
龜山區,房地(土地+建物)+車位,桃園市龜山區善捷段154地號,6.52,商,,,1090120,土地1建物1車位1,二十層,22,住宅大樓(11層含以上有電梯),商業用,鋼筋混凝土造,,66.08,1,1,1,有,無,6600000,131191,坡道平面,28.73,1700000,,RPQQNLQKNHGGFHH56DB
龜山區,房地(土地+建物)+車位,桃園市龜山區善捷段154地號,6.52,商,,,1081203,土地1建物1車位1,二十二層,22,住宅大樓(11層含以上有電梯),商業用,鋼筋混凝土造,,66.08,1,1,1,有,無,6690000,133601,坡道平面,28.73,1700000,,RPRQNLQKNHGGFHH66DB
龜山區,房地(土地+建物)+車位,桃園市龜山區善捷段154地號,6.55,商,,,1080813,土地1建物1車位1,七層,22,住宅大樓(11層含以上有電梯),商業用,鋼筋混凝土造,,66.27,1,1,1,有,無,5800000,110276,坡道平面,26.37,1400000,,RPSQNLQKNHGGFHH76DB
龜山區,房地(土地+建物)+車位,桃園市龜山區善捷段154地號,6.55,商,,,1080729,土地1建物1車位1,八層,22,住宅大樓(11層含以上有電梯),商業用,鋼筋混凝土造,,66.27,1,1,1,有,無,6380000,127331,坡道平面,28.73,1600000,,RPTQNLQKNHGGFHH86DB
龜山區,房地(土地+建物)+車位,桃園市龜山區善捷段154地號,6.55,商,,,1080813,土地1建物1車位1,十層,22,住宅大樓(11層含以上有電梯),商業用,鋼筋混凝土造,,66.27,1,1,1,有,無,5930000,118007,坡道平面,28.73,1500000,,RPVQNLQKNHGGFHH07DB
龜山區,房地(土地+建物)+車位,桃園市龜山區善捷段154地號,6.55,商,,,1090305,土地1建物1車位1,九層,22,住宅大樓(11層含以上有電梯),商業用,鋼筋混凝土造,,66.27,1,1,1,有,無,5890000,105013,坡道平面,26.37,1700000,,RPWQNLQKNHGGFHH17DB
龜山區,房地(土地+建物)+車位,桃園市龜山區善捷段154地號,6.55,商,,,1080715,土地1建物1車位1,十一層,22,住宅大樓(11層含以上有電梯),商業用,鋼筋混凝土造,,66.27,1,1,1,有,無,5850000,111529,坡道平面,26.37,1400000,,RPXQNLQKNHGGFHH27DB
龜山區,房地(土地+建物)+車位,桃園市龜山區善捷段154地號,6.55,商,,,1081004,土地1建物1車位1,十二層,22,住宅大樓(11層含以上有電梯),商業用,鋼筋混凝土造,,66.27,1,1,1,有,無,6200000,117794,坡道平面,26.37,1500000,,RPORNLQKNHGGFHH09DB
龜山區,房地(土地+建物)+車位,桃園市龜山區善捷段154地號,6.55,商,,,1081003,土地1建物1車位1,十三層,22,住宅大樓(11層含以上有電梯),商業用,鋼筋混凝土造,,66.27,1,1,1,有,無,6380000,127331,坡道平面,28.73,1600000,,RPPRNLQKNHGGFHH56DB
龜山區,房地(土地+建物)+車位,桃園市龜山區善捷段154地號,6.55,商,,,1081108,土地1建物1車位1,十四層,22,住宅大樓(11層含以上有電梯),商業用,鋼筋混凝土造,,66.27,1,1,1,有,無,6200000,122536,坡道平面,28.73,1600000,,RPQRNLQKNHGGFHH66DB
龜山區,房地(土地+建物)+車位,桃園市龜山區善捷段154地號,6.55,商,,,1081016,土地1建物1車位1,十五層,22,住宅大樓(11層含以上有電梯),商業用,鋼筋混凝土造,,66.27,1,1,1,有,無,6200000,125200,坡道平面,28.73,1500000,,RPRRNLQKNHGGFHH76DB
龜山區,房地(土地+建物)+車位,桃園市龜山區善捷段154地號,6.55,商,,,1081031,土地1建物1車位1,十六層,22,住宅大樓(11層含以上有電梯),商業用,鋼筋混凝土造,,66.27,1,1,1,有,無,6290000,124933,坡道平面,28.73,1600000,,RPSRNLQKNHGGFHH86DB
龜山區,房地(土地+建物)+車位,桃園市龜山區善捷段154地號,6.55,商,,,1081031,土地1建物1車位1,十七層,22,住宅大樓(11層含以上有電梯),商業用,鋼筋混凝土造,,66.27,1,1,1,有,無,6580000,132658,坡道平面,28.73,1600000,,RPTRNLQKNHGGFHH96DB
龜山區,房地(土地+建物)+車位,桃園市龜山區善捷段154地號,6.55,商,,,1081216,土地1建物1車位1,十八層,22,住宅大樓(11層含以上有電梯),商業用,鋼筋混凝土造,,66.27,1,1,1,有,無,6450000,121204,坡道平面,28.73,1900000,,RPURNLQKNHGGFHH07DB
龜山區,房地(土地+建物)+車位,桃園市龜山區善捷段154地號,6.55,商,,,1081018,土地1建物1車位1,十九層,22,住宅大樓(11層含以上有電梯),商業用,鋼筋混凝土造,,66.27,1,1,1,有,無,6500000,127864,坡道平面,28.73,1700000,,RPVRNLQKNHGGFHH17DB
龜山區,房地(土地+建物)+車位,桃園市龜山區善捷段154地號,6.55,商,,,1081206,土地1建物1車位1,二十層,22,住宅大樓(11層含以上有電梯),商業用,鋼筋混凝土造,,66.27,1,1,1,有,無,6650000,122807,坡道平面,26.37,1750000,,RPWRNLQKNHGGFHH27DB
龜山區,房地(土地+建物)+車位,桃園市龜山區善捷段154地號,6.55,商,,,1081205,土地1建物1車位1,二十一層,22,住宅大樓(11層含以上有電梯),商業用,鋼筋混凝土造,,66.27,1,1,1,有,無,6450000,129196,坡道平面,28.73,1600000,,RPXRNLQKNHGGFHH37DB
龜山區,房地(土地+建物)+車位,桃園市龜山區善捷段154地號,6.55,商,,,1081118,土地1建物1車位1,二十二層,22,住宅大樓(11層含以上有電梯),商業用,鋼筋混凝土造,,66.27,1,1,1,有,無,6300000,125200,坡道平面,28.73,1600000,,RPOSNLQKNHGGFHH56DB
