編號,屋齡,建物移轉面積平方公尺,主要用途,主要建材,建築完成日期,總層數,建物分層
The serial number,room age,building shifting area square meter,the main use,main building materials,construction completes the date,total layer,building lamination
RPOSMLLKJIGGFBB07CC,38,59.08,住商用,加強磚造,73年3月22日,二層,
RPQTMLLKJIGGFBB37CC,9,68.59,住家用,鋼筋混凝土造,101年8月14日,十四層,
RPQTMLLKJIGGFBB37CC,9,31.13,本共有部份係依使用執照之建築概要表記載項目有，公共服務空間．門廳．梯間．昇降機間．梯間兼排煙室．水箱．車道．停車空間．防空避難室兼停車空間．外廊．消防機房．污水機房．台電配電室．緊急發電機室．電信室．機房等１６項。,鋼筋混凝土造,101年8月14日,十四層,
RPQTMLLKJIGGFBB37CC,9,15.04,本共有部份係依使用執照之建築概要表記載項目有，梯間．昇降機間．梯間兼排煙室．水箱．電梯機房．門廳等６項。,鋼筋混凝土造,101年8月14日,十四層,
RPOPMLLKJIGGFBB76CC,1,62.24,集合住宅,鋼筋混凝土造,109年8月20日,十五層,
RPOPMLLKJIGGFBB76CC,1,30.86,本共有部分係依使用執照之建築概要表記載項目有：防空避難室兼停車空間，樓梯間，昇降機間，水箱，消防機房，排煙室，雨水機房，停車空間，梯廳，電信室，台電配電室，電錶室，車道，機械室，門廳，頂蓋型開放空間，走廊，水錶箱室，公共服務空間，資源回收中心，電梯機房，發電機房等２２項,鋼筋混凝土造,109年8月20日,十五層,
RPTOMLLKJIGGFBB17CC,48,63.36,住商用,加強磚造,62年5月30日,二層,
RPTOMLLKJIGGFBB17CC,48,15.75,住商用,加強磚造,62年5月30日,二層,
RPXRMLLKJIGGFBB87CC,30,123.88,住家用,鋼筋混凝土造,80年11月10日,六層,
RPTNMLLKJIGGFCB17CC,27,16.52,住家用,鋼筋混凝土造,83年8月25日,十五層,
RPXRMLLKJIGGFBB87CC,30,33.24,共有部份,鋼筋混凝土造,80年11月10日,六層,
RPORMLLKJIGGFBB96CC,5,66.76,集合住宅,鋼筋混凝土造,105年7月6日,十二層,
RPORMLLKJIGGFBB96CC,5,32.18,本共有部分係依使用執照之建築概要表記載項目有：停車空間，機械室，污水機房兼雨水回收機房，梯間，水箱，梯廳，車道，消防機房、電信室，法定防空避難室兼停車空間，機車停車空間，台電配電室，受電箱區，發電機室，電錶室，管委會使用空間（社區管理室，廁所，社區垃圾集中處），走廊，公共服務空間，管委會使用空間，樓梯間，水錶室等２１項,鋼筋混凝土造,105年7月6日,十二層,
RPSOMLLKJIGGFAB96CC,25,27.51,集合住宅,鋼骨鋼筋混凝土造,85年5月20日,十九層,
RPSOMLLKJIGGFAB96CC,25,4.19,共同使用,鋼骨鋼筋混凝土造,85年5月20日,十九層,
RPSOMLLKJIGGFAB96CC,25,6.02,共同使用,鋼骨鋼筋混凝土造,85年5月20日,十九層,
RPOTMLLKJIGGFBB17CC,21,198.65,辦公室,鋼骨鋼筋混凝土造,89年6月3日,二十八層,
RPOTMLLKJIGGFBB17CC,21,63.04,本共有部份係依使用執照之建築概要表記載項目有：停車空間，梯廳，排煙室，樓梯間，消防機房，水箱，車道，行動不便電梯，緊急升降機電梯，電梯，停車空間兼防空避難室，台電配電室，電錶室，機車停車空間，電信室，垃圾集中處，儲藏室等１７項。,鋼骨鋼筋混凝土造,89年6月3日,二十八層,
RPOTMLLKJIGGFBB17CC,21,54.60,本共有部份係依使用執照之建築概要表記載項目有：門廳，門廊，排煙室，樓梯間，儲藏室，行動不便電梯，緊急升降機電梯，電梯，防災中心，發電機房，梯廳，消防中繼機房，管委會使用空間，電梯機房，水錶室，水箱等１６項。,鋼骨鋼筋混凝土造,89年6月3日,二十八層,
RPPTMLLKJIGGFBB27CC,21,111.81,辦公室,鋼骨鋼筋混凝土造,89年6月3日,二十八層,
RPPTMLLKJIGGFBB27CC,21,53.73,本共有部份係依使用執照之建築概要表記載項目有：停車空間，梯廳，排煙室，樓梯間，消防機房，水箱，車道，行動不便電梯，緊急升降機電梯，電梯，停車空間兼防空避難室，台電配電室，電錶室，機車停車空間，電信室，垃圾集中處，儲藏室等１７項。,鋼骨鋼筋混凝土造,89年6月3日,二十八層,
RPPTMLLKJIGGFBB27CC,21,30.82,本共有部份係依使用執照之建築概要表記載項目有：門廳，門廊，排煙室，樓梯間，儲藏室，行動不便電梯，緊急升降機電梯，電梯，防災中心，發電機房，梯廳，消防中繼機房，管委會使用空間，電梯機房，水錶室，水箱等１６項。,鋼骨鋼筋混凝土造,89年6月3日,二十八層,
RPTNMLLKJIGGFAB96CC,34,232.66,住家用,加強磚造,76年9月22日,二層,
RPWNMLLKJIGGFAB27CC,27,21.34,住家用,鋼筋混凝土造,84年1月13日,十九層,
RPWNMLLKJIGGFAB27CC,27,3.57,共有部份,鋼筋混凝土造,84年1月13日,十九層,
RPWNMLLKJIGGFAB27CC,27,9.27,梯間．水箱．機械室,鋼筋混凝土造,84年1月13日,十九層,
RPWNMLLKJIGGFAB27CC,27,6.68,共有部份,鋼筋混凝土造,84年1月13日,十九層,
RPUNMLLKJIGGFHB77CC,27,117.45,住家用,鋼筋混凝土造,84年1月10日,十三層,
RPUNMLLKJIGGFHB77CC,27,35.63,共有部份,鋼筋混凝土造,84年1月10日,十三層,
RPTPMLLKJIGGFCB37CC,21,199.24,住宅、停車空間、梯間,鋼筋混凝土造,89年9月28日,三層,
RPSNMLLKJIGGFAB86CC,25,23.67,集合住宅,鋼骨鋼筋混凝土造,85年5月20日,十九層,
RPSNMLLKJIGGFAB86CC,25,4.39,共同使用,鋼骨鋼筋混凝土造,85年5月20日,十九層,
RPSNMLLKJIGGFAB86CC,25,6.02,共同使用,鋼骨鋼筋混凝土造,85年5月20日,十九層,
RPOOMLLKJIGGFAB56CC,21,9.00,住家用,鋼筋混凝土造,89年5月18日,十四層,
RPXNMLLKJIGGFAB37CC,25,23.67,集合住宅,鋼骨鋼筋混凝土造,85年5月20日,十九層,
RPXNMLLKJIGGFAB37CC,25,4.39,共同使用,鋼骨鋼筋混凝土造,85年5月20日,十九層,
RPXNMLLKJIGGFAB37CC,25,6.02,共同使用,鋼骨鋼筋混凝土造,85年5月20日,十九層,
RPUNMLLKJIGGFDB37CC,4,91.11,集合住宅,鋼筋混凝土造,106年12月21日,十五層,
RPUNMLLKJIGGFDB37CC,4,73.08,本共有部分之項目有：停車空間、排煙室、樓梯間、昇降機間、消防機房、電錶區、機房、水箱、車道、緊急發電機室、電信室、防空避難室兼停車空間、台電配電室、機車停車區、梯間、門廳、梯廳、頂蓋型開放空間、公共服務空間、垃圾集中室、電梯機房、污水機房等共２２項,鋼筋混凝土造,106年12月21日,十五層,
RPTOMLMKJIGGFHB87CC,28,94.08,住家用,鋼筋混凝土造,83年1月5日,七層,
RPTOMLMKJIGGFHB87CC,28,29.27,共有部份,鋼筋混凝土造,83年1月5日,七層,
RPROMLMKJIGGFFB47CC,44,59.65,住家用,鋼筋混凝土造,66年10月26日,三層,
RPRNMLMKJIGGFAB86CC,26,19.29,集合住宅,鋼筋混凝土造,85年5月6日,十八層,
RPRNMLMKJIGGFAB86CC,26,3.55,共同使用,鋼筋混凝土造,85年5月6日,十八層,
RPRNMLMKJIGGFAB86CC,26,3.99,共同使用,鋼筋混凝土造,85年5月6日,十八層,
RPRNMLMKJIGGFAB86CC,26,.95,共同使用,鋼筋混凝土造,85年5月6日,十八層,
RPRNMLMKJIGGFAB86CC,26,1.42,共同使用,鋼筋混凝土造,85年5月6日,十八層,
RPRQMLMKJIGGFIB97CC,23,78.10,集合住宅．机電設備空間,鋼筋混凝土造,87年10月7日,九層,
RPRQMLMKJIGGFIB97CC,23,40.60,共用部份,鋼筋混凝土造,87年10月7日,九層,
RPTOMLMKJIGGFAB17CC,31,189.11,住家用,鋼筋混凝土造,79年12月6日,四層,
RPSNMLLKJIGGFKB87CC,26,81.59,自用倉庫、人行道、住宅、店舖,鋼筋混凝土造,85年4月12日,五層,
RPXOMLMKJIGGFAB57CC,25,31.37,集合住宅,鋼骨鋼筋混凝土造,85年5月20日,十九層,
RPXOMLMKJIGGFAB57CC,25,1.33,共同使用,鋼骨鋼筋混凝土造,85年5月20日,十九層,
RPXOMLMKJIGGFAB57CC,25,6.02,共同使用,鋼骨鋼筋混凝土造,85年5月20日,十九層,
RPWNMLMKJIGGFAB37CC,22,171.57,住家用,鋼筋混凝土造,88年11月11日,十二層,
RPWNMLMKJIGGFAB37CC,22,22.51,共用部份,鋼筋混凝土造,88年11月11日,十二層,
RPWNMLMKJIGGFAB37CC,22,57.15,共用部份,鋼筋混凝土造,88年11月11日,十二層,
RPPOMLMKJIGGFAB76CC,34,25.33,住家用,鋼筋混凝土造,76年8月26日,七層,
RPPOMLMKJIGGFAB76CC,34,14.21,梯間，走道，人行道,鋼筋混凝土造,76年8月26日,七層,
RPUOMLMKJIGGFAB27CC,27,23.14,住家用,鋼筋混凝土造,84年1月13日,十九層,
RPUOMLMKJIGGFAB27CC,27,3.57,共有部份,鋼筋混凝土造,84年1月13日,十九層,
RPUOMLMKJIGGFAB27CC,27,8.76,梯間．水箱．機械室,鋼筋混凝土造,84年1月13日,十九層,
RPQPMLMKJIGGFAB96CC,25,23.67,集合住宅,鋼骨鋼筋混凝土造,85年5月20日,十九層,
RPQPMLMKJIGGFAB96CC,25,4.38,共同使用,鋼骨鋼筋混凝土造,85年5月20日,十九層,
RPQPMLMKJIGGFAB96CC,25,6.02,共同使用,鋼骨鋼筋混凝土造,85年5月20日,十九層,
RPVOMLMKJIGGFAB37CC,22,87.95,集合住宅,鋼筋混凝土造,88年5月19日,十六層,
RPVOMLMKJIGGFAB37CC,22,44.73,共用部份,鋼筋混凝土造,88年5月19日,十六層,
RPOPMLMKJIGGFAB76CC,25,27.51,集合住宅,鋼骨鋼筋混凝土造,85年5月20日,十九層,
RPOPMLMKJIGGFAB76CC,25,4.19,共同使用,鋼骨鋼筋混凝土造,85年5月20日,十九層,
RPOPMLMKJIGGFAB76CC,25,6.02,共同使用,鋼骨鋼筋混凝土造,85年5月20日,十九層,
RPUOMLMKJIGGFCB47CC,25,115.62,住家用,鋼筋混凝土造,86年1月22日,二十層,
RPUOMLMKJIGGFCB47CC,25,12.81,共有部份,鋼筋混凝土造,86年1月22日,二十層,
RPUOMLMKJIGGFCB47CC,25,7.11,共有部份,鋼筋混凝土造,86年1月22日,二十層,
RPUOMLMKJIGGFCB47CC,25,34.21,共有部份,鋼筋混凝土造,86年1月22日,二十層,
RPQPMLMKJIGGFCB17CC,19,22.24,人行道、辦公室、住房、店舖、停車空間、樓梯間,鋼筋混凝土造,91年5月23日,五層,
RPPPMLMKJIGGFAB86CC,25,22.54,集合住宅,鋼骨鋼筋混凝土造,85年5月20日,十九層,
RPPPMLMKJIGGFAB86CC,25,5.19,共同使用,鋼骨鋼筋混凝土造,85年5月20日,十九層,
RPPPMLMKJIGGFAB86CC,25,6.02,共同使用,鋼骨鋼筋混凝土造,85年5月20日,十九層,
RPVPMLMKJIGGFCB67CC,19,34.64,人行道、辦公室、住房、店舖、停車空間、樓梯間,鋼筋混凝土造,91年5月23日,五層,
RPRPMLMKJIGGFCB27CC,35,130.28,住家用,鋼筋混凝土造,76年1月23日,二層,
RPWOMLMKJIGGFCB67CC,25,82.49,集合住宅,鋼筋混凝土造,85年6月15日,十二層,
RPWOMLMKJIGGFCB67CC,25,48.84,共用部份,鋼筋混凝土造,85年6月15日,十二層,
RPQQMLMKJIGGFCB27CC,10,105.99,店舖、住宅,鋼筋混凝土造,101年1月13日,十四層,
RPQQMLMKJIGGFCB27CC,10,62.77,本共有部分係依使用執照之建築概要表記載項目有：停車空間、梯廳、排煙室、安全梯、緊急昇降機、水箱、消防機房、污水機房、水景機房、電信室、發電機室、防空避難室兼停車空間、台電配電室、人行道、公共服務空間、車道、環保室、走廊、機械室、樓梯間、水錶室、電梯機械室等二十二項,鋼筋混凝土造,101年1月13日,十四層,
RPPOMLMKJIGGFCB96CC,28,90.11,住家用,鋼筋混凝土造,82年11月24日,九層,
RPPOMLMKJIGGFCB96CC,28,53.85,共用部份,鋼筋混凝土造,82年11月24日,九層,
RPRQMLMKJIGGFCB37CC,9,55.26,住家用,鋼筋混凝土造,101年7月10日,十二層,
RPRQMLMKJIGGFCB37CC,9,54.15,本共有部分之項目有停車空間、水箱、消防污水機房、車道、梯間、發電機室、電信機房、防空避難室兼停車空間、台電配電室、水池及噴灌機房、機車停車區、管理委員會空間、門廳、公共服務空間（交誼廳）、公共服務空間（文康室）、資源回收室、梯廳、樓梯間、機械室等十九項,鋼筋混凝土造,101年7月10日,十二層,
RPUOMLMKJIGGFBB37CC,8,62.26,住家用,鋼筋混凝土造,102年7月25日,二十二層,
RPUOMLMKJIGGFBB37CC,8,16.71,本共有部分係依使用執照之建築概要表記載項目有：管委會使用公共設施，垃圾處理室，梯間，梯廳，梯間（排煙室，昇降機間）梯間（梯廳，排煙室，昇降機間），走廊，中繼機械室（中繼水箱），機械室，水箱等１０項,鋼筋混凝土造,102年7月25日,二十二層,
RPUOMLMKJIGGFBB37CC,8,40.58,本共有部分係依使用執照之建築概要表記載項目有：停車空間，車道，污水機房，清水池，消防機房，機房，梯間（梯廳，排煙室，昇降機間），防空避難室兼停車空間，發電機室，電信室，台電配電室，防災中心，公共設施等１３項,鋼筋混凝土造,102年7月25日,二十二層,
RPUPMLMKJIGGFBB47CC,40,96.96,住家用,鋼筋混凝土造,70年11月19日,五層,
RPTPMLMKJIGGFBB37CC,1,59.53,集合住宅,鋼筋混凝土造,109年6月25日,十二層,
RPTPMLMKJIGGFBB37CC,1,66.68,本共有部分係依使用執照之建築概要表記載項目有：停車空間，排煙室，樓梯間，昇降機間，消防機房，汙水機房，防空避難室兼停車空間，水箱，雨水機房，台電配電室，緊急發電機室，電信室，機房，梯廳，機車停車區，公設（健身房，交誼廳，宅配室，會議室），垃圾集中室，電梯機房，水錶箱室，無障礙廁所，梯間等２４項。,鋼筋混凝土造,109年6月25日,十二層,
RPSNMLNKJIGGFFB57CC,1,90.11,集合住宅,鋼筋混凝土造,109年7月24日,十五層,
RPSNMLNKJIGGFFB57CC,1,17.45,消防機房，水箱，梯間，污／雨水機房，進風機房，機械室，排風機房，公用水箱揚水機房，機械區，電信機房，公共水箱，台電配電室，發電機室，管委會使用空間，受電區，景觀機房，泳池機房，電表區，機車坡道，防空避難室兼停車空間，梯廳，警衛室，走廊，特別安全梯，游泳池，汽車坡道，大廳等２７項,鋼筋混凝土造,109年7月24日,十五層,
RPSNMLNKJIGGFFB57CC,1,32.16,排煙室，梯廳兼排煙室，特別安全梯，梯廳，走道，機房，噴灌機房，梯間，電梯機房，消防水箱，水表室，機械室，水箱等１３項,鋼筋混凝土造,109年7月24日,十五層,
RPTNMLNKJIGGFFB67CC,4,76.98,集合住宅,鋼筋混凝土造,106年9月5日,十五層,
RPTNMLNKJIGGFFB67CC,4,1.20,安全梯﹝無障礙樓梯﹞、台電配電室、電錶區、受電箱、甲梯安全梯,鋼筋混凝土造,106年9月5日,十五層,
RPTNMLNKJIGGFFB67CC,4,24.89,排煙室、梯廳兼排煙室、特別安全梯、特別安全梯﹝無障礙樓梯﹞、樓梯間、水錶室、排煙機房、消防水箱、電梯機房、水箱機房、管道間,鋼筋混凝土造,106年9月5日,十五層,
RPTNMLNKJIGGFFB67CC,4,11.39,管委會使用空間〔蒸氣室，更衣室，交誼室兼閱讀室，兒童遊戲室，健身房，管理中心，儲藏室〕，廁所，門廳，儲藏室，通廊，信箱間，前廳〔風除室〕，門廊，管委會使用空間〔垃圾儲藏室〕，防空避難室兼停車空間，車道，游泳池機房，機房，垃圾車暫停車位，電信室，排風機房，機車停車空間，水箱機房，進風機房，發電機機房，公共水箱，消防泵浦室，雨水及汙水機房,鋼筋混凝土造,106年9月5日,十五層,
RPQOMLMKJIGGFBB96CC,17,157.87,停車空間，住宅，樓梯間,ＲＣ造,93年6月15日,三層,
RPUOMLPKJIGGFFB08CC,1,87.30,集合住宅,鋼筋混凝土造,109年7月24日,十五層,
RPUOMLPKJIGGFFB08CC,1,31.69,停車空間，汽車坡道，防空避難室兼停車空間等３項。,鋼筋混凝土造,109年7月24日,十五層,
RPUOMLPKJIGGFFB08CC,1,15.37,消防機房，水箱，梯間，污／雨水機房，進風機房，機械室，排風機房，公用水箱揚水機房，機械區，電信機房，公共水箱，台電配電室，發電機室，管委會使用空間，受電區，景觀機房，泳池機房，電表區，機車坡道，防空避難室兼停車空間，梯廳，警衛室，走廊，特別安全梯，游泳池，汽車坡道，大廳等２７項,鋼筋混凝土造,109年7月24日,十五層,
RPUOMLPKJIGGFFB08CC,1,28.30,排煙室，梯廳兼排煙室，特別安全梯，梯廳，走道，機房，噴灌機房，梯間，電梯機房，消防水箱，水表室，機械室，水箱等１３項,鋼筋混凝土造,109年7月24日,十五層,
RPUNMLNKJIGGFFB77CC,1,104.07,集合住宅,鋼筋混凝土造,109年7月24日,十五層,
RPUNMLNKJIGGFFB77CC,1,31.30,排煙室，梯廳兼排煙室，特別安全梯，梯廳，走道，機房，噴灌機房，梯間，電梯機房，消防水箱，水表室，機械室，水箱等１３項,鋼筋混凝土造,109年7月24日,十五層,
RPUNMLNKJIGGFFB77CC,1,20.11,消防機房，水箱，梯間，污／雨水機房，進風機房，機械室，排風機房，公用水箱揚水機房，機械區，電信機房，公共水箱，台電配電室，發電機室，管委會使用空間，受電區，景觀機房，泳池機房，電表區，機車坡道，防空避難室兼停車空間，梯廳，警衛室，走廊，特別安全梯，游泳池，汽車坡道，大廳等２７項,鋼筋混凝土造,109年7月24日,十五層,
RPTOMLMKJIGGFBB27CC,8,62.26,住家用,鋼筋混凝土造,102年7月25日,二十二層,
RPTOMLMKJIGGFBB27CC,8,16.71,本共有部分係依使用執照之建築概要表記載項目有：管委會使用公共設施，垃圾處理室，梯間，梯廳，梯間（排煙室，昇降機間）梯間（梯廳，排煙室，昇降機間），走廊，中繼機械室（中繼水箱），機械室，水箱等１０項,鋼筋混凝土造,102年7月25日,二十二層,
RPTOMLMKJIGGFBB27CC,8,40.58,本共有部分係依使用執照之建築概要表記載項目有：停車空間，車道，污水機房，清水池，消防機房，機房，梯間（梯廳，排煙室，昇降機間），防空避難室兼停車空間，發電機室，電信室，台電配電室，防災中心，公共設施等１３項,鋼筋混凝土造,102年7月25日,二十二層,
RPOSMLMKJIGGFCB27CC,29,54.14,住家用,鋼筋混凝土造,81年10月23日,六層,
RPOSMLMKJIGGFCB27CC,29,10.26,共有部份,鋼筋混凝土造,81年10月23日,六層,
RPOPMLMKJIGGFBB86CC,40,73.25,住家用,鋼筋混凝土造,70年12月26日,五層,
RPPRMLPKJIGGFFB87CC,15,22.05,住家用,鋼筋混凝土造,96年1月9日,五層,
RPPRMLPKJIGGFFB87CC,15,.72,水箱、梯間,鋼筋混凝土造,96年1月9日,五層,
RPPRMLPKJIGGFFB87CC,15,5.41,住家用,鋼筋混凝土造,96年1月9日,五層,
RPSNMLPKJIGGFHB97CC,29,200.34,人行道　店舖　儲藏室,鋼筋混凝土造,81年11月5日,五層,
RPSNMLPKJIGGFHB97CC,29,3.37,共有部份,鋼筋混凝土造,81年11月5日,五層,
RPVNMLMKJIGGFBB37CC,26,24.51,住家用,鋼筋混凝土造,84年11月24日,二十四層,
RPVNMLMKJIGGFBB37CC,26,16.56,防空避難室，停車空間，門廳，樓梯間，機械室，水箱,鋼筋混凝土造,84年11月24日,二十四層,
RPXOMLMKJIGGFBB67CC,3,38.07,集合住宅,鋼筋混凝土造,107年9月14日,十五層,
RPTNMLPKJIGGFDB67CC,32,91.00,廠房、辦公室、員工宿舍,鋼筋混凝土造,79年1月23日,三層,
RPXOMLMKJIGGFBB67CC,3,19.60,本共有部分係依使用執照之建築概要表記載項目有：停車空間，樓梯間，昇降機間，消防機房，污水機房，防空避難室兼停車空間，頂蓋型開放空間，外廊，台電配電室，緊急發電機室，電信室，車道，梯廳兼門廳，管委會空間，資源回收室，機車停車區，水箱，排煙室，水景機房，水錶箱室，電梯機房，門廳，梯廳，梯間等２４項。,鋼筋混凝土造,107年9月14日,十五層,
RPTNMLPKJIGGFDB67CC,32,24.50,廠房、辦公室、員工宿舍,鋼筋混凝土造,79年1月23日,三層,
RPRPMLPKJIGGFFB87CC,43,119.41,住家用,鋼筋混凝土造,67年12月10日,,
RPRPMLPKJIGGFFB87CC,43,11.07,梯間走廊,鋼筋混凝土造,67年12月10日,,
RPXNMLPKJIGGFHB48CC,16,139.27,住房、梯間、停車空間,鋼筋混凝土造,94年7月28日,三層,
RPPRMLMKJIGGFBB17CC,23,236.98,飲食店,ＲＣ造、木造,88年3月17日,一層,
RPPRMLMKJIGGFBB17CC,23,115.10,店舖、飲食店,ＲＣ造、木造,88年3月17日,一層,
RPWNMLPKJIGGFAB67CC,32,170.40,住家用,鋼筋混凝土造,78年10月24日,三層,
RPWNMLPKJIGGFAB67CC,32,32.75,共用部份,鋼筋混凝土造,78年10月24日,四層,
RPTNMLPKJIGGFAB37CC,3,74.99,集合住宅,鋼筋混凝土造,108年3月25日,十二層,
RPTNMLPKJIGGFAB37CC,3,72.92,本共有部份係依使用執照之建築概要表記載項目有：防空避難室兼停車空間、一般安全梯、一般昇降機、緊急昇降機、汙水機房、消防機房、水箱、車道、梯廳（排煙室）、機電設備、停車空間、機車停車空間、台電配電室、發電機室、電信室、公共服務空間、管委會使用空間、梯廳、垃圾儲藏室、排煙室、戶外安全梯、走廊、水錶室、梯間、機械室等２５項。,鋼筋混凝土造,108年3月25日,十二層,
RPTPMLPKJIGGFAB57CC,28,21.18,商業用,鋼筋混凝土造,82年9月17日,十層,
RPTPMLPKJIGGFAB57CC,28,6.69,共有部份,鋼筋混凝土造,82年9月17日,十層,
RPPPMLPKJIGGFAB17CC,41,22.67,住家用,鋼筋混凝土造,69年12月30日,五層,
RPWOMLPKJIGGFAB77CC,44,67.35,住家用,鋼筋混凝土造,66年8月3日,四層,
RPSNMLPKJIGGFAB27CC,40,89.36,集合住宅,鋼筋混凝土造,70年12月14日,五層,
RPQPMLPKJIGGFAB27CC,26,26.09,集合住宅,鋼骨鋼筋混凝土造,85年1月19日,二十二層,
RPQPMLPKJIGGFAB27CC,26,2.48,樓梯間．機房．蓄水池,鋼骨鋼筋混凝土造,85年1月19日,二十二層,
RPQPMLPKJIGGFAB27CC,26,2.77,樓梯間,鋼骨鋼筋混凝土造,85年1月19日,二十二層,
RPQPMLPKJIGGFAB27CC,26,7.32,防空避難室兼停車空間．走道,鋼骨鋼筋混凝土造,85年1月19日,二十二層,
RPQPMLPKJIGGFAB27CC,26,9.03,走道,鋼筋混凝土造,85年1月19日,二十二層,
RPXNMLPKJIGGFIB58CC,6,81.26,集合住宅,鋼筋混凝土造,104年5月19日,十層,
RPXNMLPKJIGGFIB58CC,6,72.18,本共有部分之項目有停車空間、汙水兼消防機房、水景機房、水箱機房、昇降機〈道〉、防空避難室兼停車空間、電錶室、管委會使用空間、電信機房、台電配電室、發電機房、電梯機械室、管道間、車道、樓梯間、水表室、水箱、梯廳及安全梯等１９項,鋼筋混凝土造,104年5月19日,十層,
RPRSMLPKJIGGFIB48CC,1,75.07,集合住宅,鋼筋混凝土造,109年12月1日,十五層,
RPRSMLPKJIGGFIB48CC,1,67.33,防空避難室兼停車空間、排煙室、樓梯間、一般昇降機、緊急昇降機、污水機房、消防機房、雨水機房、水箱、車道、停車空間、水景機房、梯間、緊急發電機室、台電配電室、電信室、梯廳、門廳、垃圾集中室、公共服務空間、無障礙廁所、水錶箱室、電梯機房等２３項。,鋼筋混凝土造,109年12月1日,十五層,
RPSQMLPKJIGGFBB67CC,40,20.42,住家用,鋼筋混凝土造,70年12月26日,五層,
RPSQMLPKJIGGFBB67CC,40,.22,共用部份,鋼筋混凝土造,70年12月26日,五層,
RPSOMLPKJIGGFJB28CC,37,94.99,集合住宅,鋼筋混凝土造,73年10月11日,四層,
RPSOMLPKJIGGFJB28CC,37,6.04,共用部份,鋼筋混凝土造,73年10月11日,四層,
RPUOMLPKJIGGFBB67CC,37,85.37,住家用,鋼筋混凝土造,73年7月3日,五層,
RPUOMLPKJIGGFBB67CC,37,5.51,共有部份,鋼筋混凝土造,73年7月3日,五層,
RPWOMLPKJIGGFBB87CC,50,81.18,住家用,鋼筋混凝土加強磚造,60年8月1日,二層,
RPQRMLPKJIGGFBB57CC,28,21.20,住家用,鋼筋混凝土造,82年6月22日,七層,
RPQRMLPKJIGGFBB57CC,28,7.44,共有部分,鋼筋混凝土造,82年6月22日,七層,
RPVOMLPKJIGGFBB77CC,49,205.63,店住房,加強磚造,61年6月28日,三層,
RPTQMLPKJIGGFBB77CC,49,209.63,住家用,鋼筋混凝土加強磚造,62年5月1日,四層,
RPPOMLPKJIGGFCB27CC,7,56.68,住家用,鋼筋混凝土造,103年7月4日,十二層,
RPPOMLPKJIGGFCB27CC,7,58.54,本共有部分之項目有：停車空間、水箱、消防機械室、排煙室、梯廳、汙水機房、一般升降機、特別安全梯、發電機室、機房、防空避難室兼停車空間、電信室、台電配電室、管理室、門廳、有頂蓋開放空間、資源回收室、公共服務空間、門廊、戶外咖啡區等２０項,鋼筋混凝土造,103年7月4日,十二層,
RPPOMLPKJIGGFCB27CC,7,19.90,本共有部分之項目有：梯廳、機械室、梯間、水箱、一般升降機等５項,鋼筋混凝土造,103年7月4日,十二層,
RPWPMLPKJIGGFCB08CC,39,128.52,住家用,鋼筋混凝土造,71年7月27日,五層,
RPTRMLQKJIGGFCB08CC,14,109.62,住家用,鋼筋混凝土造,96年12月26日,十四層,
RPTRMLQKJIGGFCB08CC,14,75.15,共用,鋼筋混凝土造,96年12月26日,十四層,
RPQQMLPKJIGGFCB57CC,30,29.27,住家用,鋼筋混凝土造,80年12月6日,十二層,
RPQQMLPKJIGGFCB57CC,30,15.85,共用部份,鋼筋混凝土造,80年12月6日,十二層,
RPPPMLLKJIGGFCB96CC,1,89.70,集合住宅,鋼筋混凝土造,109年7月22日,二十四層,
RPPPMLLKJIGGFCB96CC,1,26.24,本共有部分係依使用執照之建築物概要表記載項目有：管委會使用空間、梯廳、排煙室、樓梯間、行動不便電梯、緊急升降機電梯、電梯、機械室、泳池機房、消防中繼機房、水錶室、電梯機房、水箱、消防水箱等１４項。,鋼筋混凝土造,109年7月22日,二十四層,
RPPPMLLKJIGGFCB96CC,1,49.24,本共有部分係依使用執照之建築物概要表記載項目有：停車空間、水箱、車道、消防機房、樓梯間、排煙室、機械室、行動不便電梯、緊急升降機電梯、防空避難室兼停車空間、台電配電室、發電機房、中繼機房、中繼水箱、防災中心、垃垃集中室、電錶室、電信室等１８項。,鋼筋混凝土造,109年7月22日,二十四層,
RPRRMLPKJIGGFCB77CC,29,14.33,住家用,鋼筋混凝土造,82年2月18日,八層,
RPRRMLPKJIGGFCB77CC,29,7.27,共有部份,鋼筋混凝土造,82年2月18日,八層,
RPOSMLQKJIGGFBB57CC,29,150.81,住家用,鋼骨鋼筋混凝土造,81年12月22日,二十六層,
RPOSMLQKJIGGFBB57CC,29,27.91,共有部分,鋼骨鋼筋混凝土造,81年12月22日,二十六層,
RPWNMLQKJIGGFCB97CC,27,134.71,住家用,鋼筋混凝土造,83年12月6日,十六層,
RPWNMLQKJIGGFCB97CC,27,47.59,共有部份,鋼筋混凝土造,83年12月6日,十六層,
RPSRMLPKJIGGFCB87CC,11,48.77,住家用,鋼筋混凝土造,99年11月19日,二十四層,
RPSRMLPKJIGGFCB87CC,11,35.90,本共有部分之項目有停車空間、消防機房、污水機房、揚水機房、水箱、排煙室、梯廳、樓梯間、昇降機間、防空避難室兼停車空間、防災中心、台電配電室、電信室、緊急發電機房、電錶箱室、門廳、管委會空間、中繼機房、屋頂平台、電梯機房、機房等二十一項,鋼筋混凝土造,99年11月19日,二十四層,
RPVSMLQKJIGGFCB38CC,25,70.10,住家用,鋼筋混凝土造,85年6月12日,十八層,
RPVSMLQKJIGGFCB38CC,25,23.03,共用部份,鋼筋混凝土造,85年6月12日,十八層,
RPPRMLQKJIGGFBB57CC,27,67.43,住家用,鋼筋混凝土造,83年8月25日,九層,
RPPRMLQKJIGGFBB57CC,27,24.11,共有部分,鋼筋混凝土造,83年8月25日,九層,
RPPRMLQKJIGGFBB57CC,27,7.14,共有部分,鋼筋混凝土造,83年8月25日,九層,
RPWNMLQKJIGGFAB77CC,12,230.36,住宅，停車空間，機電設備空間,鋼筋混凝土造,98年12月31日,四層,
RPSNMLQKJIGGFKB38CC,13,464.90,防空避難室、停車空間、店舖、住宅、樓梯間、機械室、水箱,鋼筋混凝土造,97年5月7日,七層,
RPWNMLQKJIGGFAB77CC,12,8.44,共有,鋼筋混凝土造,98年12月31日,五層,
RPWPMLQKJIGGFAB97CC,14,166.84,集合住宅,鋼筋混凝土造,96年7月5日,十五層,
RPOQMLQKJIGGFAB27CC,24,111.05,住家用,鋼筋混凝土造,86年12月24日,十五層,
RPOQMLQKJIGGFAB27CC,24,54.56,共有部分,鋼筋混凝土造,86年12月24日,十五層,
RPPPMLQKJIGGFCB57DC,7,281.65,住宅、停車空間、梯間,鋼筋混凝土造,104年1月21日,四層,
RPXPMLQKJIGGFCB38DC,7,277.97,住宅、停車空間、梯間,鋼筋混凝土造,104年1月21日,四層,
RPXNMLQKJIGGFGB48CC,4,190.85,集合住宅‧停車空間‧門廊‧外廊,鋼筋混凝土造,107年3月27日,四層,
RPROMLQKJIGGFHB08CC,40,86.14,住家用,鋼筋混凝土造,70年5月1日,五層,
RPROMLQKJIGGFHB08CC,40,8.83,共有部份,鋼筋混凝土造,70年5月1日,五層,
RPTOMLRKJIGGFAB67CC,27,23.14,住家用,鋼筋混凝土造,84年1月13日,十九層,
RPTOMLRKJIGGFAB67CC,27,3.57,共有部分,鋼筋混凝土造,84年1月13日,十九層,
RPTOMLRKJIGGFAB67CC,27,8.76,梯間．水箱．機械室,鋼筋混凝土造,84年1月13日,十九層,
RPRPMLQKJIGGFFB97CC,26,149.18,住商用,鋼筋混凝土造,84年12月29日,四層,
RPPPMLRKJIGGFAB37CC,25,51.96,集合住宅,鋼骨鋼筋混凝土造,85年5月20日,十九層,
RPPPMLRKJIGGFAB37CC,25,.57,共同使用,鋼骨鋼筋混凝土造,85年5月20日,十九層,
RPPPMLRKJIGGFAB37CC,25,6.02,共同使用,鋼骨鋼筋混凝土造,85年5月20日,十九層,
RPPPMLRKJIGGFAB37CC,25,.00,共同使用,鋼骨鋼筋混凝土造,85年5月20日,十九層,
RPSNMLRKJIGGFAB47CC,15,114.32,集合住宅,鋼筋混凝土造,95年12月22日,十五層,
RPSNMLRKJIGGFAB47CC,15,24.11,共用部分,鋼筋混凝土造,95年12月22日,十五層,
RPSNMLRKJIGGFAB47CC,15,42.40,共用部分,鋼筋混凝土造,95年12月22日,十五層,
RPQOMLRKJIGGFDB67CC,1,508.59,店舖、住宅、停車空間,鋼筋混凝土造,109年9月23日,三層,
RPQOMLRKJIGGFDB67CC,1,158.00,店舖、住宅,鋼筋混凝土造,109年9月23日,三層,
RPQOMLRKJIGGFDB67CC,1,282.98,店舖、住宅,鋼筋混凝土造,109年9月23日,三層,
RPQPMLRKJIGGFAB47CC,25,31.37,集合住宅,鋼骨鋼筋混凝土造,85年5月20日,十九層,
RPQPMLRKJIGGFAB47CC,25,1.33,共同使用,鋼骨鋼筋混凝土造,85年5月20日,十九層,
RPQPMLRKJIGGFAB47CC,25,6.02,共同使用,鋼骨鋼筋混凝土造,85年5月20日,十九層,
RPSRMLRKJIGGFBB97CC,16,27.90,共有部分,鋼筋混凝土造,94年12月8日,十八層,
RPWPMLRKJIGGFAB08CC,27,118.65,住家用,鋼筋混凝土造,83年12月29日,十二層,
RPWPMLRKJIGGFAB08CC,27,26.59,防空避難室．樓梯間,鋼筋混凝土造,83年12月29日,十二層,
RPWPMLRKJIGGFAB08CC,27,3.64,共有部份,鋼筋混凝土造,83年12月29日,十二層,
RPRNMLRKJIGGFJB28CC,29,79.08,集合住宅,鋼筋混凝土造,81年8月12日,十二層,
RPRNMLRKJIGGFJB28CC,29,27.91,人行道、梯間、避難室、水箱、機械室、停車空間,鋼筋混凝土造,81年8月12日,十二層,
RPPRMLRKJIGGFBB67CC,16,31.88,共用部份,鋼筋混凝土造,94年12月8日,十八層,
RPOOMLRKJIGGFKB18CC,1,155.19,住宅、停車空間、樓梯間,鋼筋混凝土造,110年3月3日,三層,
RPPPMLRKJIGGFBB47CC,40,73.30,住家用,鋼筋混凝土造,71年2月25日,五層,
RPRPMLRKJIGGFAB57CC,25,46.74,集合住宅,鋼骨鋼筋混凝土造,85年5月20日,十九層,
RPRPMLRKJIGGFAB57CC,25,7.42,共同使用,鋼骨鋼筋混凝土造,85年5月20日,十九層,
RPRPMLRKJIGGFAB57CC,25,6.02,共同使用,鋼骨鋼筋混凝土造,85年5月20日,十九層,
RPURMLRKJIGGFBB18CC,8,42.49,住家用,鋼筋混凝土造,102年7月25日,二十二層,
RPURMLRKJIGGFBB18CC,8,11.38,本共有部分係依使用執照之建築概要表記載項目有：管委會使用公共設施，垃圾處理室，梯間，梯廳，梯間（排煙室，昇降機間）梯間（梯廳，排煙室，昇降機間），走廊，中繼機械室（中繼水箱），機械室，水箱等１０項,鋼筋混凝土造,102年7月25日,二十二層,
RPURMLRKJIGGFBB18CC,8,9.08,本共有部分係依使用執照之建築概要表記載項目有：停車空間，車道，污水機房，清水池，消防機房，機房，梯間（梯廳，排煙室，昇降機間），防空避難室兼停車空間，發電機室，電信室，台電配電室，防災中心，公共設施等１３項,鋼筋混凝土造,102年7月25日,二十二層,
RPVVMLRKJIGGFBB68CC,28,91.80,集合住宅,鋼筋混凝土造,82年11月23日,七層,
RPVVMLRKJIGGFBB68CC,28,16.69,共用部份,鋼筋混凝土造,82年11月23日,八層,
RPXRMLRKJIGGFBB48CC,8,63.45,住家用,鋼筋混凝土造,102年7月25日,二十二層,
RPXRMLRKJIGGFBB48CC,8,17.07,本共有部分係依使用執照之建築概要表記載項目有：管委會使用公共設施，垃圾處理室，梯間，梯廳，梯間（排煙室，昇降機間）梯間（梯廳，排煙室，昇降機間），走廊，中繼機械室（中繼水箱），機械室，水箱等１０項,鋼筋混凝土造,102年7月25日,二十二層,
RPXRMLRKJIGGFBB48CC,8,13.62,本共有部分係依使用執照之建築概要表記載項目有：停車空間，車道，污水機房，清水池，消防機房，機房，梯間（梯廳，排煙室，昇降機間），防空避難室兼停車空間，發電機室，電信室，台電配電室，防災中心，公共設施等１３項,鋼筋混凝土造,102年7月25日,二十二層,
RPVNMLRKJIGGFCB97CC,6,162.35,店舖、停車空間,鋼骨造,104年11月3日,一層,
RPOWMLRKJIGGFBB08CC,40,49.00,住家用,鋼筋混凝土造,70年12月9日,五層,
RPOWMLRKJIGGFBB08CC,40,1.09,共有部分,鋼筋混凝土造,70年12月9日,五層,
RPPOMLRKJIGGFCB47CC,12,35.91,共有,鋼筋混凝土造,98年8月13日,二十六層,
RPROMLRKJIGGFIB28CC,17,585.85,人行道．停車空間．店舖．住宅．辦公室,鋼筋混凝土造,94年1月12日,五層,
RPPONLRKJIGGFBB47CC,1,84.02,集合住宅,鋼筋混凝土造,109年8月20日,十五層,
RPPONLRKJIGGFBB47CC,1,65.21,本共有部分係依使用執照之建築概要表記載項目有：防空避難室兼停車空間，樓梯間，昇降機間，水箱，消防機房，排煙室，雨水機房，停車空間，梯廳，電信室，台電配電室，電錶室，車道，機械室，門廳，頂蓋型開放空間，走廊，水錶箱室，公共服務空間，資源回收中心，電梯機房，發電機房等２２項,鋼筋混凝土造,109年8月20日,十五層,
RPWNMLRKJIGGFCB08CC,12,59.09,住家用,鋼筋混凝土造,98年8月13日,十八層,
RPWNMLRKJIGGFCB08CC,12,4.83,共有,鋼筋混凝土造,98年8月13日,二十六層,
RPQOMLRKJIGGFCB57CC,12,37.80,共有,鋼筋混凝土造,98年8月13日,二十六層,
RPWNMLRKJIGGFCB08CC,12,20.94,共有,鋼筋混凝土造,98年8月13日,二十六層,
RPROMLRKJIGGFCB67CC,12,37.80,共有,鋼筋混凝土造,98年8月13日,二十六層,
RPTOMLRKJIGGFCB87CC,12,39.61,住家用,鋼筋混凝土造,98年8月13日,二十六層,
RPTOMLRKJIGGFCB87CC,12,3.28,共有,鋼筋混凝土造,98年8月13日,二十六層,
RPTOMLRKJIGGFCB87CC,12,15.60,共有,鋼筋混凝土造,98年8月13日,二十六層,
RPOOMLRKJIGGFCB37CC,12,37.80,共有,鋼筋混凝土造,98年8月13日,二十六層,
RPWQMLRKJIGGFCB38CC,28,86.47,商業用,鋼筋混凝土造,83年1月11日,十二層,
RPQRMLRKJIGGFCB87CC,25,119.72,住家用,鋼筋混凝土造,85年6月12日,十八層,
RPQRMLRKJIGGFCB87CC,25,43.69,共用部份,鋼筋混凝土造,85年6月12日,十八層,
RPSOMLRKJIGGFCB77CC,12,59.09,住家用,鋼筋混凝土造,98年8月13日,十八層,
RPSOMLRKJIGGFCB77CC,12,42.64,共有,鋼筋混凝土造,98年8月13日,二十六層,
RPSOMLRKJIGGFCB77CC,12,20.94,共有,鋼筋混凝土造,98年8月13日,二十六層,
RPQNMLSKJIGGFCB57CC,18,49.14,人行道，店舖，住宅，梯間,鋼筋混凝土造,92年8月29日,四層,
RPWNMLSKJIGGFCB18CC,27,78.88,住家用,鋼筋混凝土造,83年8月25日,十八層,
RPQOMLSKJIGGFCB67CC,10,96.66,住宅、停車空間、樓梯間,鋼筋混凝土造,101年1月19日,五層,
RPPPMLSKJIGGFBB57CC,28,90.78,住家用,鋼筋混凝土造,82年5月21日,十五層,
RPPPMLSKJIGGFBB57CC,28,15.14,共有部分,鋼筋混凝土造,82年5月21日,十五層,
RPXOMLSKJIGGFBB28CC,28,95.46,住家用,鋼筋混凝土造,83年3月30日,九層,
RPQQMLSKJIGGFCB87CC,30,133.77,住家用,鋼筋混凝土造,80年12月11日,十六層,
RPXOMLSKJIGGFBB28CC,28,27.73,共有部分,鋼筋混凝土造,83年3月30日,九層,
RPQQMLSKJIGGFCB87CC,30,21.22,共用部份,鋼筋混凝土造,80年12月11日,十六層,
RPXPMLSKJIGGFBB38CC,22,60.60,住家用,鋼筋混凝土造,89年2月18日,十四層,
RPXPMLSKJIGGFBB38CC,22,31.66,共用部份,鋼筋混凝土造,89年2月18日,十四層,
RPRPMLSKJIGGFIB48CC,28,32.78,住家用,鋼筋混凝土造,82年9月1日,三層,
RPPQMLSKJIGGFBB67CC,22,59.17,住家用,鋼筋混凝土造,89年2月18日,十四層,
RPPQMLSKJIGGFBB67CC,22,21.10,共用部份,鋼筋混凝土造,89年2月18日,十四層,
RPQSMLSKJIGGFBB97CC,26,91.24,住家用,鋼筋混凝土造,84年6月5日,八層,
RPQSMLSKJIGGFBB97CC,26,32.24,共用部份,鋼筋混凝土造,84年6月5日,八層,
RPVRMLSKJIGGFBB38CC,26,16.52,商業用,鋼筋混凝土造,84年5月2日,十二層,
RPVRMLSKJIGGFBB38CC,26,8.20,共用部份,鋼筋混凝土造,84年5月2日,十二層,
RPSOMLSKJIGGFCB87CC,38,21.75,住家用,鋼筋混凝土造,73年3月15日,五層,
RPRPMLSKJIGGFBB77CC,22,60.60,住家用,鋼筋混凝土造,89年2月18日,十四層,
RPRPMLSKJIGGFBB77CC,22,21.64,共有部分,鋼筋混凝土造,89年2月18日,十四層,
RPXNMLSKJIGGFJB98CC,24,156.62,住宅、梯間,鋼筋混凝土造,86年11月3日,四層,
RPTPMLSKJIGGFBB97CC,28,63.96,住家用,鋼筋混凝土造,82年10月18日,八層,
RPTPMLSKJIGGFBB97CC,28,21.32,共有部分,鋼筋混凝土造,82年10月18日,八層,
RPVNMLSKJIGGFKB88CC,33,14.41,住家用,鋼筋混凝土造,77年8月1日,五層,
RPVNMLSKJIGGFKB88CC,33,2.68,走廊,鋼筋混凝土造,77年8月1日,五層,
RPVNMLSKJIGGFKB88CC,33,2.45,突出物、梯間、人行道、避難室,鋼筋混凝土造,77年8月1日,五層,
RPWQMLSKJIGGFBB38CC,7,215.61,店舖、辦公室（廳）,鋼筋混凝土造,103年12月23日,十九層,
RPOOMLSKJIGGFJB18CC,26,76.89,集合住宅,鋼筋混凝土造,85年2月16日,八層,
RPOOMLSKJIGGFJB18CC,26,23.00,共有部分,鋼筋混凝土造,85年2月16日,八層,
RPUPMLSKJIGGFIB78CC,15,244.80,辦公室、防空避難室、儲藏室、機電室、停車空間、補習（訓練）班、空調機房、機電設備空間,鋼筋混凝土造,95年12月14日,五層,
RPORMLSKJIGGFIB38CC,31,84.85,集合住宅,鋼筋混凝土造,79年10月10日,五層,
RPORMLSKJIGGFIB38CC,31,23.04,共用部份,鋼筋混凝土造,79年10月10日,五層,
RPSNMLSKJIGGFAB57CC,46,78.72,住商用,見其他登記事項,64年8月20日,四層,
RPPPMLSKJIGGFAB47CC,26,23.89,集合住宅,鋼骨鋼筋混凝土造,85年1月19日,二十二層,
RPPPMLSKJIGGFAB47CC,26,2.24,樓梯間．機房．蓄水池,鋼骨鋼筋混凝土造,85年1月19日,二十二層,
RPPPMLSKJIGGFAB47CC,26,2.53,樓梯間,鋼骨鋼筋混凝土造,85年1月19日,二十二層,
RPPPMLSKJIGGFAB47CC,26,6.61,防空避難室兼停車空間．走道,鋼骨鋼筋混凝土造,85年1月19日,二十二層,
RPPPMLSKJIGGFAB47CC,26,8.28,走道,鋼筋混凝土造,85年1月19日,二十二層,
RPQPMLSKJIGGFAB57CC,25,23.28,集合住宅,鋼骨鋼筋混凝土造,85年5月20日,十九層,
RPQPMLSKJIGGFAB57CC,25,5.12,共同使用,鋼骨鋼筋混凝土造,85年5月20日,十九層,
RPQPMLSKJIGGFAB57CC,25,6.02,共同使用,鋼骨鋼筋混凝土造,85年5月20日,十九層,
RPSOMLSKJIGGFAB67CC,27,65.12,住家用,鋼筋混凝土造,83年12月16日,七層,
RPSOMLSKJIGGFAB67CC,27,17.13,機械室．水箱．梯間,鋼筋混凝土造,83年12月16日,七層,
RPSOMLSKJIGGFAB67CC,27,4.74,共有部分,鋼筋混凝土造,83年12月16日,七層,
RPTPMLSKJIGGFAB87CC,27,53.81,集合住宅,鋼筋混凝土造,83年5月26日,十三層,
RPTPMLSKJIGGFAB87CC,27,12.58,樓梯間．人行道．水箱．機械房．防空避難室．停車空間,鋼筋混凝土造,83年5月26日,十三層,
RPTNMLSKJIGGFJB58CC,26,84.94,集合住宅,鋼筋混凝土造,84年8月5日,八層,
RPTNMLSKJIGGFJB58CC,26,21.36,共有部分,鋼筋混凝土造,84年8月5日,八層,
RPRNMLTKJIGGFAB57CC,28,52.49,住家用,鋼筋混凝土造,83年4月20日,八層,
RPRNMLTKJIGGFAB57CC,28,19.30,共用部份,鋼筋混凝土造,83年4月20日,八層,
RPSNMLTKJIGGFAB67CC,25,22.84,集合住宅,鋼骨鋼筋混凝土造,85年5月20日,十九層,
RPSNMLTKJIGGFAB67CC,25,4.89,共同使用,鋼骨鋼筋混凝土造,85年5月20日,十九層,
RPSNMLTKJIGGFAB67CC,25,6.02,共同使用,鋼骨鋼筋混凝土造,85年5月20日,十九層,
RPOOMLTKJIGGFAB37CC,25,23.67,集合住宅,鋼骨鋼筋混凝土造,85年5月20日,十九層,
RPOOMLTKJIGGFAB37CC,25,4.39,共同使用,鋼骨鋼筋混凝土造,85年5月20日,十九層,
RPOOMLTKJIGGFAB37CC,25,6.02,共同使用,鋼骨鋼筋混凝土造,85年5月20日,十九層,
RPPOMLTKJIGGFAB47CC,25,22.44,集合住宅,鋼骨鋼筋混凝土造,85年5月20日,十九層,
RPPOMLTKJIGGFAB47CC,25,5.12,共同使用,鋼骨鋼筋混凝土造,85年5月20日,十九層,
RPPOMLTKJIGGFAB47CC,25,6.02,共同使用,鋼骨鋼筋混凝土造,85年5月20日,十九層,
RPXPMLTKJIGGFAB38CC,26,89.14,集合住宅,鋼筋混凝土造,84年7月6日,十二層,
RPXPMLTKJIGGFAB38CC,26,22.17,防空避難室、停車空間、人行道、梯間、機械房、水箱,鋼筋混凝土造,84年7月6日,十二層,
RPQOMLTKJIGGFHB28CC,48,37.80,住宅,木石磚造（磚石造）,,一層,
RPOOMLTKJIGGFJB28CC,42,78.80,住商用,加強磚造,68年11月20日,二層,
RPVPMLTKJIGGFAB18CC,15,154.56,店舖．停車空間．辦公室．住宅．梯間,鋼筋混凝土造,95年7月4日,三層,
RPQNMLTKJIGGFJB38CC,1,63.96,集合住宅,鋼筋混凝土造,110年5月5日,十二層,
RPQNMLTKJIGGFJB38CC,1,32.24,停車空間、車道、消防機房、水塔區、樓梯間、電梯間、緊急發電機室、電信機房、防空避難室兼停車空間、台電配電室、電錶室、管理委員會使用空間、機電設備空間、電梯機械室等１４項,鋼筋混凝土造,110年5月5日,十二層,
RPXNMLTKJIGGFJB09CC,4,110.28,集合住宅,鋼筋混凝土造,106年5月20日,十八層,
RPXNMLTKJIGGFJB09CC,4,21.20,梯廳、排煙室、緊急昇降機、行動不便者電梯、特別安全梯等五項,鋼筋混凝土造,106年5月20日,二十層,
RPXNMLTKJIGGFJB09CC,4,9.13,人行道、梯廳、垃圾集中室、車道、門廳、游泳池、公設、管委會使用空間、排煙室、緊急昇降機、行動不便者電梯、沿街步道式開放空間（頂蓋型）、防災中心、特別安全梯、水錶箱室、梯間、機房、水箱、電梯機房、消防中繼水箱等二十項,鋼筋混凝土造,106年5月20日,二十層,
RPXNMLTKJIGGFJB09CC,4,50.21,防空避難室兼停車空間、緊急發電機室、台電配電室、梯廳、機車停車區、電錶箱室、水景機房、排煙室、水箱、緊急昇降機、行動不便者電梯、停車空間、電信室、消防機房、污水機房、雨水機房等十六項,鋼筋混凝土造,106年5月20日,二十層,
RPPNMLTKJIGGFFB87CC,1,54.71,集合住宅,鋼筋混凝土造,109年7月24日,十五層,
RPPNMLTKJIGGFFB87CC,1,31.69,停車空間，汽車坡道，防空避難室兼停車空間等３項。,鋼筋混凝土造,109年7月24日,十五層,
RPPNMLTKJIGGFFB87CC,1,9.68,消防機房，水箱，梯間，污／雨水機房，進風機房，機械室，排風機房，公用水箱揚水機房，機械區，電信機房，公共水箱，台電配電室，發電機室，管委會使用空間，受電區，景觀機房，泳池機房，電表區，機車坡道，防空避難室兼停車空間，梯廳，警衛室，走廊，特別安全梯，游泳池，汽車坡道，大廳等２７項,鋼筋混凝土造,109年7月24日,十五層,
RPPNMLTKJIGGFFB87CC,1,15.74,排煙室，梯廳兼排煙室，特別安全梯，梯廳，走道，機房，噴灌機房，梯間，電梯機房，消防水箱，水表室，機械室，水箱等１３項,鋼筋混凝土造,109年7月24日,十五層,
RPWQMLTKJIGGFBB48CC,49,109.88,住家用,加強磚造,61年7月1日,二層,
RPVSMLTKJIGGFBB58CC,1,57.19,集合住宅,鋼筋混凝土造,109年8月20日,十五層,
RPVSMLTKJIGGFBB58CC,1,52.98,本共有部分係依使用執照之建築概要表記載項目有：防空避難室兼停車空間，樓梯間，昇降機間，水箱，消防機房，排煙室，雨水機房，停車空間，梯廳，電信室，台電配電室，電錶室，車道，機械室，門廳，頂蓋型開放空間，走廊，水錶箱室，公共服務空間，資源回收中心，電梯機房，發電機房等２２項,鋼筋混凝土造,109年8月20日,十五層,
RPSNMLTKJIGGFCB87CC,19,10.48,人行道、辦公室、住房、店舖、停車空間、樓梯間,鋼筋混凝土造,91年5月23日,五層,
RPVPMLTKJIGGFIB98CC,31,96.21,集合住宅,鋼筋混凝土造,79年10月15日,七層,
RPVPMLTKJIGGFIB98CC,31,40.42,共有部分,鋼筋混凝土造,79年10月15日,七層,
RPTPMLTKJIGGFIB78CC,48,85.80,住家用,加強磚造,62年12月20日,二層,
RPVOMLTKJIGGFBB18CC,37,13.17,住商用,鋼筋混凝土造,73年9月4日,十一層,
RPTNMLTKJIGGFCB97CC,19,24.16,人行道、辦公室、住房、店舖、停車空間、樓梯間,鋼筋混凝土造,91年5月23日,五層,
RPRSMLTKJIGGFBB18CC,25,21.67,住家用,鋼筋混凝土造,85年6月1日,十三層,
RPRSMLTKJIGGFBB18CC,25,8.76,共用部份,鋼筋混凝土造,85年6月1日,十三層,
RPURMLTKJIGGFBB38CC,26,17.83,住家用,鋼筋混凝土造,84年8月14日,十六層,
RPURMLTKJIGGFBB38CC,26,.20,共用部份,鋼筋混凝土造,84年8月14日,十六層,
RPURMLTKJIGGFBB38CC,26,3.81,共用部份,鋼筋混凝土造,84年8月14日,十六層,
RPURMLTKJIGGFBB38CC,26,3.12,共用部份,鋼筋混凝土造,84年8月14日,十六層,
RPPNMLTKJIGGFCB57CC,33,30.00,商業用,鋼筋混凝土造,77年7月27日,五層,
RPQQMLTKJIGGFBB87CC,7,99.47,住家用,鋼筋混凝土造,103年9月15日,十一層,
RPUOMLTKJIGGFCB18CC,30,87.83,住家用,鋼筋混凝土造,81年2月14日,十一層,
RPUOMLTKJIGGFCB18CC,30,20.88,共用部份,鋼筋混凝土造,81年2月14日,十一層,
RPSPMLMLJIGGFCB47CC,28,15.97,住家用,鋼筋混凝土造,83年3月28日,七層,
RPSPMLMLJIGGFCB47CC,28,8.56,共用部份,鋼筋混凝土造,83年3月28日,七層,
RPVPMLMLJIGGFCB77CC,2,48.00,集合住宅,鋼筋混凝土造,108年10月7日,五層,
RPQQMLTKJIGGFCB97CC,27,13.93,住家用,鋼筋混凝土造,83年9月8日,十三層,
RPQQMLTKJIGGFCB97CC,27,7.68,共用部份,鋼筋混凝土造,83年9月8日,十三層,
RPSOMLMLJIGGFBB27CC,43,79.43,集合住宅,鋼筋混凝土造,68年2月16日,五層,
RPUQMLMLJIGGFCB77CC,24,100.74,住家用,鋼筋混凝土造,86年10月20日,十四層,
RPUQMLMLJIGGFCB77CC,24,30.53,共用部份,鋼筋混凝土造,86年10月20日,十四層,
RPVRMLMLJIGGFBB87CC,1,72.73,集合住宅,鋼筋混凝土造,109年5月27日,十五層,
RPVRMLMLJIGGFBB87CC,1,74.96,本共有部份係依使用執照之建築概要表記載項目有：防空避難室兼停車空間，消防機房，機房，停車空間，水箱，發電機機房，台電配電室，電信室，管委會空間，安全梯，梯廳，電梯機房，組合式水箱等１３項。,鋼筋混凝土造,109年5月27日,十五層,
RPTRMLMLJIGGFCB77CC,24,31.98,辦公室,鋼筋混凝土造,86年12月16日,二十三層,
RPTRMLMLJIGGFCB77CC,24,5.31,共用部份,鋼筋混凝土造,86年12月16日,二十三層,
RPTRMLMLJIGGFCB77CC,24,4.58,共用部份,鋼筋混凝土造,86年12月16日,二十三層,
RPTRMLMLJIGGFCB77CC,24,5.36,共用部份,鋼筋混凝土造,86年12月16日,二十三層,
RPPVMLMLJIGGFBB67CC,26,18.37,住家用,鋼筋混凝土造,84年6月26日,二十四層,
RPPVMLMLJIGGFBB67CC,26,5.15,共用部份,鋼筋混凝土造,84年6月26日,二十四層,
RPPVMLMLJIGGFBB67CC,26,3.94,共用部份,鋼筋混凝土造,84年6月26日,二十四層,
RPPVMLMLJIGGFBB67CC,26,.00,共用部份,鋼筋混凝土造,84年6月26日,二十四層,
RPOQMLTKJIGGFCB77CC,23,25.74,住家用,鋼筋混凝土造,87年4月28日,十四層,
RPOQMLTKJIGGFCB77CC,23,15.20,共用部份,鋼筋混凝土造,87年4月28日,十四層,
RPXRMLMLJIGGFCB18CC,2,89.39,店鋪,鋼筋混凝土造,108年5月22日,七層,
RPRQMLTKJIGGFCB08CC,27,16.87,住家用,鋼筋混凝土造,83年4月27日,八層,
RPRQMLTKJIGGFCB08CC,27,7.67,共用部份,鋼筋混凝土造,83年4月27日,八層,
RPWRMLMLJIGGFCB08CC,29,87.72,住家用,鋼筋混凝土造,82年3月2日,七層,
RPWRMLMLJIGGFCB08CC,29,30.63,共用部份,鋼筋混凝土造,82年3月2日,七層,
RPROMLMLJIGGFBB17CC,49,56.00,商業用,加強磚造,62年3月20日,二層,
RPSRMLMLJIGGFBB57CC,26,20.52,住家用,鋼筋混凝土造,84年5月26日,十六層,
RPSRMLMLJIGGFBB57CC,26,6.22,共用部份,鋼筋混凝土造,84年5月26日,十六層,
RPSRMLMLJIGGFBB57CC,26,6.79,共用部份,鋼筋混凝土造,84年5月26日,十六層,
RPSRMLMLJIGGFBB57CC,26,.19,共用部份,鋼筋混凝土造,84年5月26日,十六層,
RPQWMLMLJIGGFBB87CC,22,32.11,住家用,鋼筋混凝土造,88年6月16日,二十層,
RPQWMLMLJIGGFBB87CC,22,4.21,共用部份,鋼筋混凝土造,88年6月16日,二十層,
RPQWMLMLJIGGFBB87CC,22,1.14,共用部份,鋼筋混凝土造,88年6月16日,二十層,
RPQWMLMLJIGGFBB87CC,22,10.20,共用部份,鋼筋混凝土造,88年6月16日,二十層,
RPWVMLMLJIGGFBB38CC,7,94.50,住家用,鋼筋混凝土造,103年11月11日,十二層,
RPWVMLMLJIGGFBB38CC,7,9.60,住家用,鋼筋混凝土造,103年11月11日,十二層,
RPWVMLMLJIGGFBB38CC,7,2.92,住家用,鋼筋混凝土造,103年11月11日,十二層,
RPWVMLMLJIGGFBB38CC,7,50.53,本共有部分係依使用執照之建築概要表記載項目有人行道、管理室、梯廳、排煙室、昇降機間、樓梯間、車道、垃圾集中處、社區大廳、社區健身中心、社區交誼中心、社區圖書中心、沿街步道式頂蓋型開放空間、廣場式頂蓋型開放空間、水箱、機械室、防空避難室兼停車空間、發電機房、台電配電室、停車空間、電信室、污水機房、消房機房等二十三項。,鋼筋混凝土造,103年11月11日,十二層,
RPPRMLMLJIGGFAB17CC,44,17.80,住家用,鋼筋混凝土造,66年12月28日,十一層,
RPTNMLMLJIGGFAB17CC,27,23.63,住家用,鋼筋混凝土造,84年1月13日,十九層,
RPTNMLMLJIGGFAB17CC,27,3.95,共用部份,鋼筋混凝土造,84年1月13日,十九層,
RPTNMLMLJIGGFAB17CC,27,10.27,梯間．水箱．機械室,鋼筋混凝土造,84年1月13日,十九層,
RPQNMLNLJIGGFAB96CC,27,60.99,防空避難室．水箱．樓梯間．機械室．停車空間,鋼筋混凝土造,84年1月23日,二十層,
RPXNMLNLJIGGFAB67CC,26,19.18,集合住宅,鋼筋混凝土造,85年5月6日,十八層,
RPXNMLNLJIGGFAB67CC,26,3.58,共同使用,鋼筋混凝土造,85年5月6日,十八層,
RPXNMLNLJIGGFAB67CC,26,4.03,共同使用,鋼筋混凝土造,85年5月6日,十八層,
RPXNMLNLJIGGFAB67CC,26,.96,共同使用,鋼筋混凝土造,85年5月6日,十八層,
RPXNMLNLJIGGFAB67CC,26,1.40,共同使用,鋼筋混凝土造,85年5月6日,十八層,
RPUNMLMLJIGGFAB27CC,25,.92,共同使用,鋼骨造,86年1月31日,二十八層,
RPUNMLMLJIGGFAB27CC,25,7.75,公共設施,鋼骨造,86年1月31日,二十八層,
RPUNMLMLJIGGFAB27CC,25,3.48,共有部份,鋼骨造,86年1月31日,二十八層,
RPUNMLMLJIGGFAB27CC,25,25.30,住家用,鋼骨造,86年1月31日,二十八層,
RPWOMLNLJIGGFAB67CC,30,209.91,商業用,鋼筋混凝土造,80年5月27日,二十七層,
RPWOMLNLJIGGFAB67CC,30,90.00,門廳，梯間，水箱，機房，瞭望台，排煙室，電梯間，避難室,鋼筋混凝土造,80年5月27日,二十七層,
RPVWMLMLJIGGFBB38CC,38,81.71,住商用,鋼筋混凝土造,73年3月19日,三層,
RPRPMLNLJIGGFAB27CC,25,37.39,住家用,鋼骨造,86年1月31日,二十八層,
RPTQMLMLJIGGFAB47CC,25,23.67,集合住宅,鋼骨鋼筋混凝土造,85年5月20日,十九層,
RPTQMLMLJIGGFAB47CC,25,4.39,共同使用,鋼骨鋼筋混凝土造,85年5月20日,十九層,
RPTQMLMLJIGGFAB47CC,25,6.02,共同使用,鋼骨鋼筋混凝土造,85年5月20日,十九層,
RPUQMLMLJIGGFAB57CC,25,47.52,集合住宅,鋼骨鋼筋混凝土造,85年5月20日,十九層,
RPUQMLMLJIGGFAB57CC,25,4.04,共同使用,鋼骨鋼筋混凝土造,85年5月20日,十九層,
RPUQMLMLJIGGFAB57CC,25,6.02,共同使用,鋼骨鋼筋混凝土造,85年5月20日,十九層,
RPSNMLNLJIGGFAB17CC,3,16.72,本共有部分之項目有：防空避難室兼停車空間、樓梯間、昇降機間、台電配電室、蓄水池室、消防機械室、電信室、管委會使用空間、梯廳、走廊、機房、人行道、戶外樓梯、蓄水池等１４項,鋼筋混凝土造,107年10月15日,十層,
RPSNMLNLJIGGFAB17CC,3,23.08,集合住宅,鋼筋混凝土造,107年10月15日,十層,
RPSOMLNLJIGGFAB27CC,30,191.11,商業用,鋼筋混凝土造,80年9月2日,十二層,
RPSOMLNLJIGGFAB27CC,30,110.59,共有部分,鋼筋混凝土造,80年9月2日,十二層,
RPVOMLNLJIGGFAB57CC,38,82.67,集合住宅,鋼筋混凝土造,73年4月23日,七層,
RPVPMLNLJIGGFAB67CC,44,63.59,住家用,加強磚造,67年4月11日,二層,
RPPUMLNLJIGGFAB57CC,1,89.26,集合住宅,鋼筋混凝土造,109年5月3日,十五層,
RPVPMLNLJIGGFAB67CC,1,57.24,本共有部份係依使用執照之建築概要表記載項目有：防空避難室兼停車空間、排煙室、樓梯間、一般昇降機、緊急昇降機、消防機房、水箱、車道、雨水機房、雨水回收池、消防水池、停車空間、緊急發電機室、台電配電室、電信室、機車區、無障礙廁所、門廳兼梯廳、資源回收室、管委會使用空間、公共服務空間、梯廳、梯間、水表箱室、電梯機房等共計２５項。,鋼筋混凝土造,109年10月6日,十五層,
RPPUMLNLJIGGFAB57CC,1,76.68,本共有部份係依使用執照之建築概要表記載項目有：停車空間、車道、水箱、消防機房、雨水機房、緊急發電機室、昇降機間、安全梯、排煙室、機房、防空避難室兼停車空間、景觀機房、電信室、台電配電場所、管委會空間、門廊、梯廳兼排煙室、公共服務空間、梯廳、水錶區、昇降機機械室等２１項。,鋼筋混凝土造,109年5月3日,十五層,
RPVTMLNLJIGGFAB08CC,31,200.52,商業用,鋼筋混凝土造,79年10月11日,十一層,
RPQUMLNLJIGGFAB67CC,29,69.85,住家用,鋼筋混凝土造,81年9月19日,六層,
RPQUMLNLJIGGFAB67CC,29,14.74,共用部份,鋼筋混凝土造,81年9月19日,六層,
RPQTMLNLJIGGFAB57CC,31,200.52,商業用,鋼筋混凝土造,79年10月11日,十一層,
RPRNMLNLJIGGFHB77CC,45,101.48,住商用,加強磚造,65年9月20日,二層,
RPTUMLNLJIGGFAB97CC,26,26.98,集合住宅,鋼筋混凝土造,84年6月7日,十四層,
RPTUMLNLJIGGFAB97CC,26,13.40,住家用,鋼筋混凝土造,84年6月7日,十四層,
RPWPMLNLJIGGFIB58CC,22,132.37,停車空間　住宅,鋼筋混凝土造,88年6月21日,四層,
RPTOMLNLJIGGFFB87CC,1,92.01,集合住宅,鋼筋混凝土造,109年7月24日,十五層,
RPTOMLNLJIGGFFB87CC,1,11.36,集合住宅,鋼筋混凝土造,109年7月24日,十五層,
RPTOMLNLJIGGFFB87CC,1,31.69,停車空間，汽車坡道，防空避難室兼停車空間等３項。,鋼筋混凝土造,109年7月24日,十五層,
RPTOMLNLJIGGFFB87CC,1,17.83,消防機房，水箱，梯間，污／雨水機房，進風機房，機械室，排風機房，公用水箱揚水機房，機械區，電信機房，公共水箱，台電配電室，發電機室，管委會使用空間，受電區，景觀機房，泳池機房，電表區，機車坡道，防空避難室兼停車空間，梯廳，警衛室，走廊，特別安全梯，游泳池，汽車坡道，大廳等２７項,鋼筋混凝土造,109年7月24日,十五層,
RPTOMLNLJIGGFFB87CC,1,27.68,排煙室，梯廳兼排煙室，特別安全梯，梯廳，走道，機房，噴灌機房，梯間，電梯機房，消防水箱，水表室，機械室，水箱等１３項,鋼筋混凝土造,109年7月24日,十五層,
RPXTMLNLJIGGFAB28CC,34,134.79,住商用,鋼筋混凝土造,76年12月15日,四層,
RPROMLNLJIGGFFB67CC,1,79.31,集合住宅,鋼筋混凝土造,109年7月24日,十五層,
RPROMLNLJIGGFFB67CC,1,7.99,集合住宅,鋼筋混凝土造,109年7月24日,十五層,
RPROMLNLJIGGFFB67CC,1,31.69,停車空間，汽車坡道，防空避難室兼停車空間等３項。,鋼筋混凝土造,109年7月24日,十五層,
RPROMLNLJIGGFFB67CC,1,15.37,消防機房，水箱，梯間，污／雨水機房，進風機房，機械室，排風機房，公用水箱揚水機房，機械區，電信機房，公共水箱，台電配電室，發電機室，管委會使用空間，受電區，景觀機房，泳池機房，電表區，機車坡道，防空避難室兼停車空間，梯廳，警衛室，走廊，特別安全梯，游泳池，汽車坡道，大廳等２７項,鋼筋混凝土造,109年7月24日,十五層,
RPROMLNLJIGGFFB67CC,1,28.30,排煙室，梯廳兼排煙室，特別安全梯，梯廳，走道，機房，噴灌機房，梯間，電梯機房，消防水箱，水表室，機械室，水箱等１３項,鋼筋混凝土造,109年7月24日,十五層,
RPQNMLNLJIGGFKB97CC,20,144.26,住宅、梯間,鋼筋混凝土造,90年8月9日,三層,
RPQOMLNLJIGGFFB57CC,1,78.41,集合住宅,鋼筋混凝土造,109年7月24日,十五層,
RPQOMLNLJIGGFFB57CC,1,8.78,集合住宅,鋼筋混凝土造,109年7月24日,十五層,
RPQOMLNLJIGGFFB57CC,1,31.69,停車空間，汽車坡道，防空避難室兼停車空間等３項。,鋼筋混凝土造,109年7月24日,十五層,
RPQOMLNLJIGGFFB57CC,1,15.18,消防機房，水箱，梯間，污／雨水機房，進風機房，機械室，排風機房，公用水箱揚水機房，機械區，電信機房，公共水箱，台電配電室，發電機室，管委會使用空間，受電區，景觀機房，泳池機房，電表區，機車坡道，防空避難室兼停車空間，梯廳，警衛室，走廊，特別安全梯，游泳池，汽車坡道，大廳等２７項,鋼筋混凝土造,109年7月24日,十五層,
RPQOMLNLJIGGFFB57CC,1,23.60,排煙室，梯廳兼排煙室，特別安全梯，梯廳，走道，機房，噴灌機房，梯間，電梯機房，消防水箱，水表室，機械室，水箱等１３項,鋼筋混凝土造,109年7月24日,十五層,
RPTPMLNLJIGGFBB57CC,49,46.40,住家用,磚造,62年1月9日,一層,
RPXPMLNLJIGGFBB97CC,30,117.11,住家用,鋼筋混凝土造,80年8月27日,七層,
RPXPMLNLJIGGFBB97CC,30,31.20,共用部份,鋼筋混凝土造,80年8月27日,七層,
RPPOMLNLJIGGFKB97CC,41,77.22,住家用,加強磚造,69年8月10日,四層,
RPRQMLNLJIGGFBB47CC,3,39.15,集合住宅,鋼筋混凝土造,107年11月30日,十五層,
RPRQMLNLJIGGFBB47CC,3,50.40,本共有部分係依使用執照之建築概要表記載項目有：停車空間，一般安全梯，排煙室，緊急用昇降機，消防機房，污水機房，昇降機，水箱，機房，電信機房，防空避難室兼停車空間，台電配電室，緊急發電機室，戶外安全梯，管理員室，管委會使用空間，環保資源室，梯廳，梯間，機械室，水錶室等２１項,鋼筋混凝土造,107年11月30日,十五層,
RPUQMLNLJIGGFBB77CC,41,112.01,住商用,加強磚造,69年12月17日,二層,
RPVQMLNLJIGGFBB87CC,29,25.42,住家用,鋼筋混凝土造,81年5月29日,十四層,
RPVQMLNLJIGGFBB87CC,29,6.72,共用部份,鋼筋混凝土造,81年5月29日,十四層,
RPXQMLNLJIGGFBB08CC,23,17.93,住家用,鋼筋混凝土造,87年7月4日,十二層,
RPXQMLNLJIGGFBB08CC,23,5.39,共有部分,鋼筋混凝土造,87年7月4日,十二層,
RPTQMLNLJIGGFBB67CC,1,70.74,店舖、住宅,鋼筋混凝土造,109年12月11日,十五層,
RPTQMLNLJIGGFBB67CC,1,.04,住宅,鋼筋混凝土造,109年12月11日,十五層,
RPTQMLNLJIGGFBB67CC,1,51.55,本共有部分係依使用執照之建築物概要表記載項目有：防空避難室兼停車空間、消防機房、雨污水機房、泳池機房、揚水機房、水箱、公共水箱、水景機房、梯廳、排煙室、梯間、門廳、緊急昇降機間、一般昇降機間、停車空間、台電配電室、發電機房、電信室、管委會使用空間、垃圾處理室、戶外安全梯間、水錶室、機械室、水箱室等２４項。,鋼筋混凝土造,109年12月11日,十五層,
RPURMLNLJIGGFBB87CC,33,16.20,住家用,鋼筋混凝土造,78年1月24日,五層,
RPURMLNLJIGGFBB87CC,28,8.89,共有部分,鋼筋混凝土造,82年12月14日,八層,
RPPTMLNLJIGGFBB57CC,31,254.06,商業用,鋼筋混凝土造,80年1月28日,十二層,
RPPTMLNLJIGGFBB57CC,31,8.82,共用部份,鋼筋混凝土造,80年1月28日,十二層,
RPPTMLNLJIGGFBB57CC,31,21.08,避難室，停車空間，昇降機,鋼筋混凝土造,80年1月28日,十二層,
RPSQMLNLJIGGFBB57CC,3,35.77,集合住宅,鋼筋混凝土造,107年11月30日,十五層,
RPSQMLNLJIGGFBB57CC,3,20.11,本共有部分係依使用執照之建築概要表記載項目有：停車空間，一般安全梯，排煙室，緊急用昇降機，消防機房，污水機房，昇降機，水箱，機房，電信機房，防空避難室兼停車空間，台電配電室，緊急發電機室，戶外安全梯，管理員室，管委會使用空間，環保資源室，梯廳，梯間，機械室，水錶室等２１項,鋼筋混凝土造,107年11月30日,十五層,
RPOVMLNLJIGGFBB67CC,6,58.73,集合住宅,鋼筋混凝土造,105年3月4日,十二層,
RPOVMLNLJIGGFBB67CC,6,48.44,本共有部分係依使用執照之建築概要表記載項目有：停車空間，安全梯，梯廳，昇降機間，消防機房兼污水機房，防空避難室兼停車空間，台電配電室，門廊，發電機室，電信室，水箱，分戶電錶室，機車停車空間，管委會使用空間（管理室，會客室，廁所，資源回收室），公共服務空間（交誼廳，健身室，社區教室），機械室等１６項,鋼筋混凝土造,105年3月4日,十二層,
RPRVMLNLJIGGFBB97CC,28,26.81,住家用,鋼筋混凝土造,83年2月7日,七層,
RPRVMLNLJIGGFBB97CC,28,12.56,共用部份,鋼筋混凝土造,83年2月7日,七層,
RPSPMLNLJIGGFCB57CC,29,84.84,住家用,鋼筋混凝土造,82年2月16日,七層,
RPSPMLNLJIGGFCB57CC,29,11.30,共用部份,鋼筋混凝土造,82年2月16日,七層,
RPORMLNLJIGGFCB37CC,27,96.40,住商用,鋼筋混凝土造,84年1月21日,十九層,
RPORMLNLJIGGFCB37CC,27,16.75,共用部份,鋼筋混凝土造,84年1月21日,十九層,
RPQSMLNLJIGGFBB57CC,31,115.77,住家用,鋼筋混凝土造,79年5月31日,七層,
RPORMLNLJIGGFCB37CC,27,17.17,共用部份,鋼筋混凝土造,84年1月21日,十九層,
RPQSMLNLJIGGFBB57CC,31,17.98,共用部份,鋼筋混凝土造,79年5月31日,七層,
RPOPMLNLJIGGFCB17CC,31,41.72,集合住宅,鋼筋混凝土造,79年7月5日,十二層,
RPOPMLNLJIGGFCB17CC,31,9.59,共用部份,鋼筋混凝土造,79年7月5日,十二層,
RPOPMLNLJIGGFCB17CC,31,10.65,共用部份,鋼筋混凝土造,79年7月5日,十二層,
RPPVMLNLJIGGFBB77CC,30,25.48,住家用,鋼筋混凝土造,80年9月30日,七層,
RPPVMLNLJIGGFBB77CC,30,9.14,共用部份,鋼筋混凝土造,80年9月30日,七層,
RPSSMLNLJIGGFCB87CC,1,139.20,集合住宅,鋼筋混凝土造,110年4月23日,十八層,
RPVRMLNLJIGGFCB08CC,28,134.71,商業用,鋼筋混凝土造,83年1月20日,十三層,
RPSSMLNLJIGGFCB87CC,1,126.48,本共有部份係依使用執照之建築概要表記載項目有：停車空間、發電機室兼消防機房、昇降機、排煙室、安全梯、水箱、機電設備空間、台電配電室、中繼水箱、電信室、防空避難室兼停車空間、車道、防災中心、消防中繼機房、機車停車空間、共同梯廳、排煙室兼梯廳、資源回收區、室內機車停車空間、水錶箱室、水箱間、樓梯間、昇降機房等二十三項。,鋼筋混凝土造,110年4月23日,十八層,
RPVRMLNLJIGGFCB08CC,28,78.94,共用部份,鋼筋混凝土造,83年1月20日,十三層,
RPQVMLNLJIGGFBB87CC,30,316.13,住商用,鋼筋混凝土造,80年12月7日,十六層,
RPQVMLNLJIGGFBB87CC,30,72.76,共用部份,鋼筋混凝土造,80年12月7日,十六層,
RPVSMLNLJIGGFCB18CC,29,93.62,住家用,鋼筋混凝土造,82年2月5日,七層,
RPVSMLNLJIGGFCB18CC,29,34.21,共用部份,鋼筋混凝土造,82年2月5日,七層,
RPUQMLNLJIGGFCB87CC,29,84.84,住家用,鋼筋混凝土造,82年2月16日,七層,
RPOTMLNLJIGGFCB57CC,34,201.21,住商用,鋼筋混凝土造,76年10月14日,三層,
RPUQMLNLJIGGFCB87CC,29,11.30,共用部份,鋼筋混凝土造,82年2月16日,七層,
RPOUMLNLJIGGFCB67CC,27,71.74,住家用,鋼筋混凝土造,83年10月21日,十五層,
RPOUMLNLJIGGFCB67CC,27,23.58,共用部份,鋼筋混凝土造,83年10月21日,十五層,
RPSRMLNLJIGGFCB77CC,25,34.62,住家用,鋼筋混凝土造,86年2月3日,十五層,
RPSRMLNLJIGGFCB77CC,25,19.53,共用部份,鋼筋混凝土造,86年2月3日,十五層,
RPRTMLNLJIGGFCB87CC,34,76.08,住商用,鋼筋混凝土造,76年5月27日,三層,
RPQOMLOLJIGGFCB37CC,4,126.10,辦公室〈辦公事務所及工商服務業〉,鋼骨鋼筋混凝土造,107年1月31日,三十五層,
RPQOMLOLJIGGFCB37CC,4,44.31,本共有部分係依使用執照之建築物概要表記載項目有：機械室、門廳、外廊、電梯、電扶梯間、梯廳、排煙室、樓梯間、緊急升降機電梯、行動不便電梯、防災中心、水箱、中繼機房、儲藏室、管委會使用空間、電梯機房、水錶室１７項。,鋼骨鋼筋混凝土造,107年1月31日,三十五層,
RPQOMLOLJIGGFCB37CC,4,39.22,本共有部分係依使用執照之建築物概要表記載項目有：停車空間、消房機房、水箱、車道、梯廳、排煙室、樓梯間、緊急升降電梯、行動不便電梯、電信室、機械室、防空避難室兼停車空間、台電配電室、發電機房、電錶區、消防中繼機房、消防中繼水箱、垃圾集中處、緊急升降機電梯等１９項。,鋼骨鋼筋混凝土造,107年1月31日,三十五層,
RPXPMLOLJIGGFCB18CC,28,103.19,住家用,鋼筋混凝土造,83年1月18日,十二層,
RPXPMLOLJIGGFCB18CC,28,20.41,共用部份,鋼筋混凝土造,83年1月18日,十二層,
RPWOMLOLJIGGFCB97CC,9,41.89,住家用,鋼筋混凝土造,101年11月21日,十四層,
RPPOMLOLJIGGFCB27CC,9,167.65,住家用,鋼筋混凝土造,101年8月6日,十五層,
RPWOMLOLJIGGFCB97CC,9,36.97,本共有部分係依使用執照之建築概要表記載項目有：防空避難室兼停車空間、停車空間、電信室、台電配電室、受電箱、梯間、車道、發電機室、消防機械室、水箱、公共服務空間、門廳、有頂蓋開放空間、門廊、中央管理室兼防災中心（守衛室）等１５項。,鋼筋混凝土造,101年11月21日,十四層,
RPPOMLOLJIGGFCB27CC,9,118.31,本共有部分係依使用執照之建築概要表記載項目有：防空避難空間兼停車空間、停車空間、電信室、台電配電室、消防機房、排煙室、機電設備空間、 緊急發電機、電表箱室、 緊急昇降機、水箱室、管委會空間、垃圾收集空間、門廳、門廊、樓梯間及機電設備空間、機械房、水錶室、水箱、樓梯間、梯廳、設備室、樓梯間及機械房等２３項。,鋼筋混凝土造,101年8月6日,十五層,
RPQQMLOLJIGGFCB57CC,5,125.94,辦公室辦公事務所及工商服務業,鋼筋混凝土造,106年3月21日,二十八層,
RPQQMLOLJIGGFCB57CC,5,89.33,本共有部份係依使用執照之建築概要表記載項目有：停車空間、車道、消防機房、雨水機房、安全梯、梯廳、昇降機、清水池、防空避難室兼停車空間、電信室、發電機室、機械室、昇降機坑、台電配電室、景觀噴灌機房、垃圾室、雨水回收池、緊急昇降機、排煙室、外廊、門廳、防災中心、特別安全梯、機電設備空間、管委會使用空間、廁所、中繼機械室、梯間、水箱等２９項,鋼筋混凝土造,106年3月21日,二十八層,
RPWOMLOLJIGGFCB97CC,9,17.47,本共有部分係依使用執照之建築概要表記載項目有：機械室、排煙室、梯廳、安全梯、走廊、水箱、樓梯間等７項。,鋼筋混凝土造,101年11月21日,十四層,
RPVPMLOLJIGGFCB97CC,32,16.37,辦公室,鋼筋混凝土造,79年4月30日,八層,
RPVPMLOLJIGGFCB97CC,32,4.41,共用部份,鋼筋混凝土造,79年4月30日,八層,
RPVPMLOLJIGGFCB97CC,32,2.26,本共有部份係依臺中市政府都市發展局中市都管變使字第００１９０號記載項目有：走廊等一項,鋼筋混凝土造,79年4月30日,八層,
RPTOMLOLJIGGFCB67CC,5,129.85,辦公室辦公事務所及工商服務業,鋼筋混凝土造,106年3月21日,二十八層,
RPTOMLOLJIGGFCB67CC,5,92.22,本共有部份係依使用執照之建築概要表記載項目有：停車空間、車道、消防機房、雨水機房、安全梯、梯廳、昇降機、清水池、防空避難室兼停車空間、電信室、發電機室、機械室、昇降機坑、台電配電室、景觀噴灌機房、垃圾室、雨水回收池、緊急昇降機、排煙室、外廊、門廳、防災中心、特別安全梯、機電設備空間、管委會使用空間、廁所、中繼機械室、梯間、水箱等２９項,鋼筋混凝土造,106年3月21日,二十八層,
RPWPMLOLJIGGFCB08CC,28,103.19,住家用,鋼筋混凝土造,83年1月18日,十二層,
RPWPMLOLJIGGFCB08CC,28,20.41,共用部份,鋼筋混凝土造,83年1月18日,十二層,
RPRQMLOLJIGGFBB57CC,13,19.12,住家用,鋼筋混凝土造,97年11月28日,十七層,
RPRQMLOLJIGGFBB57CC,13,3.97,共有部分,鋼筋混凝土造,97年11月28日,十七層,
RPRQMLOLJIGGFBB57CC,13,7.76,共有部分,鋼筋混凝土造,97年11月28日,十七層,
RPTRMLOLJIGGFBB87CC,32,30.01,住家用,鋼筋混凝土造,78年10月24日,十四層,
RPTRMLOLJIGGFBB87CC,32,9.00,共有部分,鋼筋混凝土造,78年10月24日,十四層,
RPQSMLOLJIGGFBB67CC,1,95.71,集合住宅,鋼筋混凝土造,109年11月17日,十九層,
RPQSMLOLJIGGFBB67CC,1,46.85,本共有部分係依使用執照之建築概要表記載項目有：停車空間，汙水機房，雨水機房，消防機房，安全梯，水箱，排煙室，機械室，梯廳，電梯間，電信室，消防中繼機房，防空避難室兼停車空間，台電配電室，緊急發電機室，消防中繼水箱室等１６項,鋼筋混凝土造,109年11月17日,十九層,
RPQSMLOLJIGGFBB67CC,1,36.95,本共有部分係依使用執照之建築概要表記載項目有：車道，梯廳，特別安全梯，安全梯，管委會使用空間，防災中心，污物處理室，排煙室，電梯間，梯間，機械室，水錶室，中繼機房，水箱等１４項,鋼筋混凝土造,109年11月17日,十九層,
RPXRMLOLJIGGFBB28CC,34,124.48,商業用,鋼筋混凝土造,77年1月16日,十二層,
RPXRMLOLJIGGFBB28CC,34,50.39,共用部份,鋼筋混凝土造,77年1月16日,十二層,
RPRSMLOLJIGGFBB77CC,29,873.65,商業用,鋼骨鋼筋混凝土造,81年12月22日,二十六層,
RPRSMLOLJIGGFBB77CC,29,219.43,共用部份,鋼骨鋼筋混凝土造,81年12月22日,二十六層,
RPRSMLOLJIGGFBB77CC,29,206.97,停車場，防空避難室,鋼骨鋼筋混凝土造,81年12月22日,二十六層,
RPPTMLOLJIGGFBB67CC,40,89.74,住家用,鋼筋混凝土造,70年10月16日,五層,
RPPTMLOLJIGGFBB67CC,40,8.59,共有部分,鋼筋混凝土造,70年10月16日,五層,
RPPOMLOLJIGGFAB07CC,23,68.18,集合住宅,鋼筋混凝土造,87年9月15日,十二層,
RPPOMLOLJIGGFAB07CC,23,7.65,共有部份,鋼筋混凝土造,87年9月15日,十二層,
RPPOMLOLJIGGFAB07CC,23,14.42,共有部份,鋼筋混凝土造,87年9月15日,十二層,
RPQOMLOLJIGGFAB17CC,26,93.84,辦公室,鋼筋混凝土造,84年6月28日,十三層,
RPQOMLOLJIGGFAB17CC,26,66.26,防空避難室兼停車空間．水箱．梯間．機械室．人行道．停車空間．走道,鋼筋混凝土造,84年6月28日,十三層,
RPROMLOLJIGGFJB18CC,27,59.00,住家用,鋼筋混凝土造,84年4月18日,五層,
RPROMLOLJIGGFJB18CC,27,35.33,共有部分,鋼筋混凝土造,84年4月18日,五層,
RPVOMLOLJIGGFAB67CC,26,7.09,停車空間,鋼筋混凝土造,84年8月17日,十五層,
RPVOMLOLJIGGFAB67CC,26,31.47,人行道．防空避難室．樓梯間．機械室．水箱,鋼筋混凝土造,84年8月17日,十五層,
RPVOMLOLJIGGFAB67CC,26,71.57,集合住宅,鋼筋混凝土造,84年8月17日,十五層,
RPXOMLOLJIGGFAB87CC,26,23.85,集合住宅,鋼骨鋼筋混凝土造,85年1月19日,二十二層,
RPXOMLOLJIGGFAB87CC,26,2.24,樓梯間．機房．蓄水池,鋼骨鋼筋混凝土造,85年1月19日,二十二層,
RPXOMLOLJIGGFAB87CC,26,2.53,樓梯間,鋼骨鋼筋混凝土造,85年1月19日,二十二層,
RPXOMLOLJIGGFAB87CC,26,6.52,防空避難室兼停車空間．走道,鋼骨鋼筋混凝土造,85年1月19日,二十二層,
RPXOMLOLJIGGFAB87CC,26,8.17,走道,鋼筋混凝土造,85年1月19日,二十二層,
RPOPMLOLJIGGFAB07CC,30,51.24,住家用,鋼筋混凝土造,80年12月31日,七層,
RPROMLOLJIGGFHB97CC,12,7722.30,工場、辦公室、守衛室、停車空間、儲藏室、樓梯間、機械室、水箱、停車場、工廠（工場棟）、儲藏室（工）、無障礙電梯（工）、無障礙廁所、電氣室（工）、辦公室（辦公室棟）、停車空間（工）,鋼筋混凝土造、鋼骨造,98年5月11日,四層,
RPTPMLOLJIGGFAB57CC,29,51.25,住家用,鋼筋混凝土造,81年11月26日,五層,
RPTPMLOLJIGGFAB57CC,29,17.23,防空避難室．水塔．梯間．機械室,鋼筋混凝土造,81年11月26日,五層,
RPSRMLOLJIGGFAB67CC,34,110.85,住家用,鋼筋混凝土造,76年11月10日,五層,
RPSRMLOLJIGGFAB67CC,34,12.18,共有部份,鋼筋混凝土造,76年11月10日,五層,
RPWNMLPLJIGGFAB77CC,25,27.31,住家用,鋼筋混凝土造,86年3月11日,九層,
RPWNMLPLJIGGFAB77CC,25,6.86,共同使用,鋼筋混凝土造,86年3月11日,九層,
RPWNMLPLJIGGFAB77CC,25,7.63,共同使用,鋼筋混凝土造,86年3月11日,九層,
RPRRMLOLJIGGFAB57CC,1,95.71,集合住宅,鋼筋混凝土造,109年9月9日,十五層,
RPRRMLOLJIGGFAB57CC,1,109.64,本共有部份係依使用執照之建築概要表記載項目有：防空避難室兼停車空間、昇降機間（排煙室）、水箱、無障礙安全梯間、揚水機房、污水機房、消防機房、車道、一般昇降機道、無障礙緊急昇降機道、停車空間、安全梯間、電信室、發電機室、台電配電室、機車區、電錶箱區、公共服務空間、管委會使用空間、戶外安全梯間、梯廳、垃圾室、外廊、無障礙浴廁、無障礙戶外安全梯間、男廁、女廁、走道、造型框架（牌樓）、梯間、水錶室、機械室等三十二項。,鋼筋混凝土造,109年9月9日,十五層,
RPTPMLPLJIGGFAB67CC,27,109.44,住家用,鋼筋混凝土造,83年12月13日,十五層,
RPTPMLPLJIGGFAB67CC,27,13.12,共有部分,鋼筋混凝土造,83年12月13日,十五層,
RPTPMLPLJIGGFAB67CC,27,22.85,水塔．機械室．梯間,鋼筋混凝土造,83年12月13日,十五層,
RPPQMLPLJIGGFAB37CC,34,108.74,住家用,鋼筋混凝土造,76年12月15日,五層,
RPRNMLPLJIGGFDB67DC,26,131.27,見使用執照,鋼筋混凝土造,85年2月2日,八層,
RPRNMLPLJIGGFDB67DC,26,28.82,共有部分,鋼筋混凝土造,85年2月2日,八層,
RPVNMLPLJIGGFKB68CC,33,418.78,住宅、倉庫、儲藏室,鋼筋混凝土造,78年3月22日,四層,
RPVNMLPLJIGGFKB68CC,33,1.48,住家用,鋼筋混凝土造,77年10月18日,四層,
RPROMLPLJIGGFIB18CC,28,181.37,集合住宅,鋼筋混凝土造,82年7月15日,六層,
RPROMLPLJIGGFIB18CC,28,40.27,共用部份,鋼筋混凝土造,82年7月15日,六層,
RPWNMLPLJIGGFCB97CC,28,91.03,住家用,鋼筋混凝土造,83年1月28日,六層,
RPWNMLPLJIGGFCB97CC,28,22.06,共用部份,鋼筋混凝土造,83年1月28日,六層,
RPWNMLPLJIGGFCB97CC,28,7.68,商業用,鋼筋混凝土造,83年1月28日,六層,
RPWNMLPLJIGGFCB97CC,28,1.24,共用部份,鋼筋混凝土造,83年1月28日,六層,
RPTNMLPLJIGGFIB28CC,6,93.76,集合住宅,鋼筋混凝土造,105年1月8日,十五層,
RPTNMLPLJIGGFIB28CC,6,43.06,本共有部分之項目有梯廳〈排煙室、安全梯〉、緊急昇降機道、機電設備管道、防空避難設備兼停車空間、車道、蓄水池、機械室、發電機室、消防機械室、汙水機房、雨水機房、停車空間、電信室、電表室、台電配電室、受電箱區及水池機房等１７項。,鋼筋混凝土造,105年1月8日,十五層,
RPTNMLPLJIGGFIB28CC,6,26.58,本共有部分之項目有安全梯間、排煙室、緊急昇降機道、梯廳、門廊、垃圾處理室、公共服務空間、車道、機電設備管道、頂蓋型開放空間、管委會使用空間、走廊、梯間、儲藏室、水錶室、機械室、水箱及電梯機房等１８項,鋼筋混凝土造,105年1月8日,十五層,
RPWPMLPLJIGGFIB78CC,9,64.23,集合住宅,鋼筋混凝土造,101年6月28日,十二層,
RPWPMLPLJIGGFIB78CC,9,12.38,本共有部分之項目有停車空間、台電配電室、發電機房、水箱、電信室、防空避難室兼停車空間、消防機房及污水機房等８項，停車位共計９４位,鋼筋混凝土造,101年6月28日,十二層,
RPWPMLPLJIGGFIB78CC,9,19.01,本共有部分之項目有人行道、管委會使用空間、梯廳、梯間、機械室、電梯機房及水箱等７項,鋼筋混凝土造,101年6月28日,十二層,
RPROMLPLJIGGFCB57CC,28,82.73,住家用,鋼筋混凝土造,82年12月24日,九層,
RPROMLPLJIGGFCB57CC,28,29.84,共用部份,鋼筋混凝土造,82年12月24日,九層,
RPXNMLPLJIGGFHB68DC,26,224.47,住宅　停車空間,鋼筋混凝土造,84年7月1日,四層,
RPSNMLPLJIGGFCB57CC,36,97.29,住家用,鋼筋混凝土造,74年11月11日,五層,
RPSNMLPLJIGGFCB57CC,36,9.02,共用部份,鋼筋混凝土造,74年11月11日,五層,
RPSOMLPLJIGGFCB67CC,15,79.73,住家用,鋼筋混凝土造,95年8月16日,二十二層,
RPSOMLPLJIGGFCB67CC,15,31.04,共用,鋼筋混凝土造,95年8月16日,二十二層,
RPUOMLPLJIGGFCB87CC,27,42.21,住家用,鋼筋混凝土造,83年12月9日,十四層,
RPUOMLPLJIGGFCB87CC,27,7.50,共用部份,鋼筋混凝土造,83年12月9日,十四層,
RPUOMLPLJIGGFCB87CC,27,7.06,共用部份,鋼筋混凝土造,83年12月9日,十四層,
RPWOMLPLJIGGFCB08CC,25,58.93,住家用,鋼筋混凝土造,86年3月27日,十三層,
RPWOMLPLJIGGFCB08CC,25,22.02,共用部份,鋼筋混凝土造,86年3月27日,十五層,
RPORMLPLJIGGFCB57CC,29,18.42,共用部份,鋼筋混凝土造,82年2月17日,六層,
RPVPMLPLJIGGFCB08CC,15,102.99,住宅、停車空間、梯間,鋼筋混凝土造,95年6月5日,四層,
RPORMLPLJIGGFCB57CC,29,58.29,住家用,鋼筋混凝土造,82年2月17日,六層,
RPWRMLQLJIGGFCB48CC,16,64.43,集合住宅,鋼筋混凝土造,95年1月13日,十四層,
RPWRMLQLJIGGFCB48CC,16,33.74,共用,鋼筋混凝土造,95年1月13日,十四層,
RPWRMLQLJIGGFCB48CC,16,11.26,共用,鋼筋混凝土造,95年1月13日,十四層,
RPSQMLQLJIGGFCB97CC,10,63.60,住家用,鋼筋混凝土造,101年4月27日,九層,
RPWRMLQLJIGGFCB48CC,16,13.17,共用,鋼筋混凝土造,95年1月13日,十四層,
RPSQMLQLJIGGFCB97CC,10,32.33,本共有部分之項目有停車空間、水箱、消防污水機房、車道、梯間、停車空間兼防空避難室、發電機室、台電配電室、電信室、機車停車區、管理室、門廳、公共服務空間（文康室）、公共服務空間（交誼廳）、資源回收室等十五項。,鋼筋混凝土造,101年4月27日,九層,
RPVRMLQLJIGGFCB38CC,25,17.83,住家用,鋼筋混凝土造,86年4月8日,十三層,
RPSQMLQLJIGGFCB97CC,10,14.04,本共有部分之項目有梯廳、梯間、樓梯間、機械室、水箱等五項。,鋼筋混凝土造,101年4月27日,九層,
RPVRMLQLJIGGFCB38CC,25,11.34,共用部份,鋼筋混凝土造,86年4月8日,十三層,
RPQSMLQLJIGGFCB97CC,29,89.24,住家用,鋼筋混凝土造,82年4月26日,八層,
RPQSMLQLJIGGFCB97CC,29,25.17,共用部份,鋼筋混凝土造,82年4月26日,八層,
RPRSMLQLJIGGFCB08CC,15,73.99,住家用,鋼筋混凝土造,96年3月27日,十二層,
RPRSMLQLJIGGFCB08CC,15,41.17,共用,鋼筋混凝土造,96年3月27日,十二層,
RPRNMLQLJIGGFBB47CC,28,20.20,住家用,鋼筋混凝土造,82年12月11日,十三層,
RPRNMLQLJIGGFBB47CC,28,13.15,共用部份,鋼筋混凝土造,82年12月11日,十三層,
RPVQMLQLJIGGFBB18CC,42,86.43,住家用,鋼筋混凝土造,69年1月21日,七層,
RPUNMLQLJIGGFBB77CC,15,47.25,住家用,鋼筋混凝土造,96年4月9日,八層,
RPUNMLQLJIGGFBB77CC,15,24.10,共有部分,鋼筋混凝土造,96年4月9日,八層,
RPWOMLQLJIGGFIB78CC,10,179.71,人行道．店舖．停車空間．住宅．樓梯間,鋼筋混凝土造,100年5月26日,三層,
RPUNMLQLJIGGFBB77CC,15,6.83,共有部分,鋼筋混凝土造,96年4月9日,八層,
RPPSMLQLJIGGFBB77CC,16,56.69,住家用,鋼筋混凝土造,94年10月21日,九層,
RPPSMLQLJIGGFBB77CC,16,23.89,共有部分,鋼筋混凝土造,94年10月21日,九層,
RPXNMLQLJIGGFDB28CC,2,80.77,集合住宅,鋼筋混凝土造,108年12月27日,十二層,
RPXNMLQLJIGGFDB28CC,2,79.55,本共有部分之項目有：消防機械室、發電機室、水箱、停車空間、防空避難室兼停車空間、電信室、台電配電室、公共服務空間、樓梯間、水錶室、機械室等１１項,鋼筋混凝土造,108年12月27日,十二層,
RPSQMLQLJIGGFHB48CC,5,1399.34,工廠、陽台、樓梯間,鋼骨鋼筋混凝土造,105年10月27日,一層,
RPSQMLQLJIGGFHB48CC,8,2379.30,停車空間、消防機房、台電配電室、工廠、工廠附屬辦公室、樓梯間、守衛室,鋼骨鋼筋混凝土造、鋼筋混凝土造,102年5月27日,二層,
RPSQMLQLJIGGFHB48CC,8,74.49,樓梯間,鋼骨鋼筋混凝土造、鋼筋混凝土造,102年5月27日,二層,
RPOPMLQLJIGGFIB08CC,2,59.26,集合住宅,鋼筋混凝土造,108年5月30日,十二層,
RPOPMLQLJIGGFIB08CC,2,62.80,防空避難室兼停車空間、梯廳、一般昇降機、緊急昇降機、污水機械室、水箱、排煙室、消防機械室、安全梯、停車空間、車道、電信室、發電機械室、台電配電室、公共服務空間、垃圾暫存室、機車停車空間、管委會使用空間、戶外安全梯、梯間、水錶室、走廊、機械室等２３項。,鋼筋混凝土造,108年5月30日,十二層,
RPPOMLQLJIGGFAB27CC,43,81.67,住家用,鋼筋混凝土造,67年6月28日,五層,
RPWNMLTLJIGGFAB18CC,27,92.43,住家用,鋼筋混凝土造,83年6月23日,七層,
RPWNMLTLJIGGFAB18CC,27,27.64,共有部分,鋼筋混凝土造,83年6月23日,七層,
RPRNMLTLJIGGFAB67CC,35,354.43,住商用,鋼筋混凝土造,75年10月4日,四層,
RPTPMLQLJIGGFAB77CC,23,58.32,辦公室,鋼骨鋼筋混凝土造,87年5月28日,三十二層,
RPTPMLQLJIGGFAB77CC,23,4.43,本共有部份係依使用執照之建築概要表記載項目有：樓梯間、梯間、機房、水箱等４項,鋼骨鋼筋混凝土造,87年5月28日,三十二層,
RPTPMLQLJIGGFAB77CC,23,25.89,共有部份,鋼骨鋼筋混凝土造,87年5月28日,三十二層,
RPTPMLQLJIGGFAB77CC,23,7.11,共有部份,鋼骨鋼筋混凝土造,87年5月28日,三十二層,
RPVNMLTLJIGGFHB78CC,8,73.97,集合住宅,鋼筋混凝土造,103年2月24日,十二層,
RPVNMLTLJIGGFHB78CC,8,14.28,梯廳、昇降機道、機電設備空間、梯間、機械室、水箱等６項,鋼筋混凝土造,103年2月24日,十二層,
RPVNMLTLJIGGFHB78CC,8,22.91,防空避難室兼停車空間、停車空間、水箱、機房、台電配電室、梯間、梯廳、昇降機道、門廊、車道、公共服務空間、資源回收室、陽台、雨遮等１４項,鋼筋混凝土造,103年2月24日,十二層,
RPSOMLTLJIGGFDB18CC,53,86.59,住家用,加強磚造,58年1月24日,二層,
RPVNMLTLJIGGFKB09CC,30,193.93,住商用,鋼筋混凝土造,80年8月21日,三層,
RPVNMLTLJIGGFKB09CC,30,5.72,停車場、避難室、梯間,鋼筋混凝土造,80年8月21日,九層,
RPVQMLTLJIGGFBB48CC,29,103.45,住商用,鋼筋混凝土造,82年3月11日,九層,
RPVQMLTLJIGGFBB48CC,29,6.69,共用部份,鋼筋混凝土造,82年3月11日,九層,
RPWOMLTLJIGGFCB48CC,23,396.79,辦公室、住宅、梯間、停車空間、自用倉庫、店舖,鋼筋混凝土造,88年1月14日,四層,
RPWOMLTLJIGGFCB48CC,23,396.82,辦公室、住宅、梯間、停車空間、自用倉庫、店舖,鋼筋混凝土造,88年1月14日,四層,
RPXPMLTLJIGGFCB68CC,33,155.41,住家用,鋼筋混凝土造,77年11月11日,二層,
RPVPMLTLJIGGFCB48CC,26,153.82,住家用,鋼筋混凝土造,84年7月25日,十四層,
RPUNMLKMJIGGFCB37CC,39,117.63,住家用,加強磚造,72年3月7日,二層,
RPVSMLTLJIGGFCB78CC,27,63.51,住家用,鋼筋混凝土造,84年1月12日,十四層,
RPVSMLTLJIGGFCB78CC,27,31.18,共用部份,鋼筋混凝土造,84年1月12日,十四層,
RPROMLKMJIGGFCB17CC,28,79.71,住家用,鋼筋混凝土造,83年3月3日,八層,
RPROMLKMJIGGFCB17CC,28,29.76,共用部份,鋼筋混凝土造,83年3月3日,八層,
RPSOMLKMJIGGFCB27CC,26,239.01,人行道、店舖、集合住宅、樓梯間,鋼筋混凝土造,84年11月3日,四層,
RPSOMLKMJIGGFCB27CC,26,59.00,共用部份,鋼筋混凝土造,84年11月3日,四層,
RPSOMLKMJIGGFCB27CC,26,1.68,共用部份,鋼筋混凝土造,84年11月3日,四層,
RPSOMLKMJIGGFCB27CC,26,.48,住家用,鋼筋混凝土造,84年11月3日,三層,
RPTQMLKMJIGGFCB57CC,12,47.76,住家用,鋼筋混凝土造,99年2月1日,十一層,
RPTQMLKMJIGGFCB57CC,12,17.58,本共有部份之項目有：人行道、門廳（Ａ）、外廊（Ａ）、外廊（Ｂ）、公共服務空間、電梯梯間Ａ、緊急昇降機、行動不便者昇降機、Ａ１梯、Ａ２梯、Ａ３梯、車道Ａ、陽台、門廊Ｂ、管理室（管委會使用空間）、廣場式頂蓋型開放空間、沿街步道式頂蓋型開放空間、垃圾處理場、梯廳Ｂ１、開放空間景觀水池、Ｂ１梯、Ｂ２梯、Ｂ３梯、車道Ｂ、緩衝空間、廊道Ａ、排煙室Ａ１電梯梯間、管道室、緊急昇降機、梯廳Ｂ、梯廳兼排煙室、排煙室Ｂ１、廊道Ｂ、電梯梯間排煙室Ａ１、梯間、Ａ１梯、Ａ２梯、Ｂ１梯、Ｂ２梯、機械室、水箱Ａ１、水箱Ａ２、水箱Ｂ１、水箱Ｂ２等四十四項。,鋼筋混凝土造,99年2月1日,十二層,
RPTQMLKMJIGGFCB57CC,12,6.50,本共有部份之項目有：電表室、台電配電室Ａ、防空避難室兼停車空間、發電機室、過濾機房、行動不便者昇降機、Ａ３梯、台電配電室Ｂ、Ｂ３梯、Ｂ４梯、停車空間、電信室、儲藏室、汙水機房、水箱Ａ、機械室、水箱Ｂ、消防機房等十八項。,鋼筋混凝土造,99年2月1日,十二層,
RPXRMLKMJIGGFBB97CC,28,118.03,住家用,鋼筋混凝土造,83年4月19日,十三層,
RPXRMLKMJIGGFBB97CC,28,37.90,共有部分,鋼筋混凝土造,83年4月19日,十三層,
RPSTMLKMJIGGFBB67CC,16,31.88,共有部分,鋼筋混凝土造,94年12月8日,十八層,
RPUTMLKMJIGGFBB87CC,16,48.07,住家用,鋼筋混凝土造,94年12月8日,十八層,
RPUTMLKMJIGGFBB87CC,16,19.26,共有部分,鋼筋混凝土造,94年12月8日,十八層,
RPOOMLKMJIGGFJB57CC,25,88.00,集合住宅,鋼筋混凝土造,86年4月26日,十五層,
RPOOMLKMJIGGFJB57CC,25,37.82,防空避難室、梯間、水箱、停車空間、機械室,鋼筋混凝土造,86年4月26日,十五層,
RPTTMLKMJIGGFBB77CC,16,31.88,共有部分,鋼筋混凝土造,94年12月8日,十八層,
RPWOMLKMJIGGFAB47CC,,123.61,商業用,見其他登記事項,,三十二層,
RPWOMLKMJIGGFAB47CC,31,43.03,人行道，樓梯間，停車空間，防空避難室，受電室，機械室，水塔，儲藏室，電梯,見其他登記事項,79年9月26日,三十二層,
RPQOMLKMJIGGFIB67CC,2,42.94,集合住宅,鋼筋混凝土造,108年12月16日,十二層,
RPQOMLKMJIGGFIB67CC,2,40.22,本共有部分之項目有防空避難室兼停車空間．消防機房．污雨水機房．機房．水箱．排煙室．安全梯．緊急昇降機．一般昇降機．停車空間．台電配電室．機車停車區．發電機室．電信室．車道．梯廳．走廊．管委會使用空間．機電設備空間．戶外安全梯．外廊．公共服務空間．垃圾暫存室．機械室（水錶室）．昇降機道．梯間．機械室等２７項。,鋼筋混凝土造,108年12月16日,十二層,
RPUNMLLJKIGGFAB07CC,25,22.08,集合住宅,鋼筋混凝土造,85年10月16日,十二層,
RPUNMLLJKIGGFAB07CC,25,10.78,本共有部分之項目有人行道、門廳、梯間、走道、機械室、水箱、停車空間、防空避難室、花台、平台等１０項。,鋼筋混凝土造,85年10月16日,十二層,
RPQQMLKMJIGGFIB87CC,42,85.45,住家用,加強磚造,68年12月1日,四層,
RPVOMLLJKIGGFAB27CC,4,121.30,集合住宅,鋼筋混凝土造,106年11月1日,二十二層,
RPVOMLLJKIGGFAB27CC,4,60.61,本共有部份係依使用執照之建築概要表記載項目有：防空避難室兼停車空間、昇降機間（排煙室）、安全梯、廣場式開放空間（有頂蓋）、公共服務空間、梯廳、水箱、車道、機械室、梯廳（排煙室）、消防機房、汙水機房、停車空間、排煙室、一般昇降機間、電錶箱區、梯間、水錶室、台電配電室、發電機室、電信室、防災中心、消防中繼機房、垃圾室、特別安全梯、陽台、走廊、管委會使用空間、無障礙廁所、機車區、無障礙緊急昇降機間等３１項。,鋼筋混凝土造,106年11月1日,二十二層,
RPSNMLLJKIGGFIB67CC,24,189.81,人行道．店舖．住房．梯間,鋼筋混凝土造,87年5月7日,三層,
RPXNMLLJKIGGFJB28CC,30,52.62,集合住宅,鋼筋混凝土造,81年2月29日,七層,
RPXNMLLJKIGGFJB28CC,30,12.59,共有部分,鋼筋混凝土造,81年2月29日,七層,
RPQPMLLJKIGGFAB86CC,28,29.61,住家用,鋼筋混凝土造,82年11月2日,十六層,
RPQPMLLJKIGGFAB86CC,28,15.49,管理員辦公室、防空避難室、廣告塔、人行道、停車空間、交誼廳、水塔、機械房、梯間,鋼筋混凝土造,82年11月2日,十六層,
RPSOMLLJKIGGFCB27DC,4,45.02,集合住宅,鋼筋混凝土造,107年5月3日,二十二層,
RPOSMLLJKIGGFBB07CC,27,104.34,住家用,鋼筋混凝土造,83年9月9日,七層,
RPOSMLLJKIGGFBB07CC,27,49.42,共有部分,鋼筋混凝土造,83年9月9日,七層,
RPVRMLLJKIGGFBB67CC,49,63.55,住家用,鋼筋混凝土加強磚造,62年1月28日,二層,
RPWOMLLJKIGGFIB18CC,1,68.61,集合住宅,鋼筋混凝土造,110年4月26日,十五層,
RPWOMLLJKIGGFIB18CC,1,33.33,本共有部分之項目有防空避難室兼停車空間．安全梯．消防機房．無障礙電梯．機房．梯廳．水箱．停車空間．電信機房．台電配電室．台電通道．發電機房．管委會使用空間．機車停車位．排煙室．垃圾暫存室．車道．梯間．門廊．機車停車空間等２０項。,鋼筋混凝土造,110年4月26日,十五層,
RPROMLLJKIGGFCB07CC,23,77.90,住家用,鋼筋混凝土造,88年5月6日,十四層,
RPROMLLJKIGGFCB07CC,23,50.56,共有部分,鋼筋混凝土造,88年5月6日,十四層,
RPRPMLLJKIGGFCB17CC,24,31.98,住家用,鋼筋混凝土造,86年12月16日,二十三層,
RPRPMLLJKIGGFCB17CC,24,5.31,共用部份,鋼筋混凝土造,86年12月16日,二十三層,
RPRPMLLJKIGGFCB17CC,24,4.58,共用部份,鋼筋混凝土造,86年12月16日,二十三層,
RPRPMLLJKIGGFCB17CC,24,5.36,共用部份,鋼筋混凝土造,86年12月16日,二十三層,
RPVPMLLJKIGGFCB57CC,27,86.81,住家用,鋼筋混凝土造,83年10月26日,十四層,
RPVPMLLJKIGGFCB57CC,27,21.73,共用部份,鋼筋混凝土造,83年10月26日,十四層,
RPVOMLLJKIGGFCB47CC,27,14.15,住家用,鋼筋混凝土造,84年4月26日,八層,
RPVOMLLJKIGGFCB47CC,27,6.57,共用部份,鋼筋混凝土造,84年4月26日,八層,
RPXRMLLJKIGGFCB97CC,15,77.30,住家用,鋼筋混凝土造,96年2月8日,十二層,
RPXRMLLJKIGGFCB97CC,15,17.89,共用,鋼筋混凝土造,96年2月8日,十二層,
RPXRMLLJKIGGFCB97CC,15,10.07,共用,鋼筋混凝土造,96年2月8日,十二層,
RPRTMLMJKIGGFCB67CC,41,37.27,住商用,鋼筋混凝土造,70年4月9日,四層,
RPRTMLMJKIGGFCB67CC,41,19.27,住商用,鋼筋混凝土造,70年4月9日,四層,
RPPTMLMJKIGGFCB47CC,27,97.83,住家用,鋼筋混凝土造,83年8月25日,十八層,
RPPTMLMJKIGGFCB47CC,27,24.37,共用部份,鋼筋混凝土造,83年8月25日,十八層,
RPPTMLMJKIGGFCB47CC,27,7.89,共用部份,鋼筋混凝土造,83年8月25日,二十九層,
RPPTMLMJKIGGFCB47CC,27,6.19,共用部份,鋼筋混凝土造,83年8月25日,二十九層,
RPOTMLMJKIGGFCB37CC,1,62.54,店舖、住宅、停車空間、樓梯間,鋼筋混凝土造,109年6月19日,三層,
RPOPMLLJKIGGFCB86CC,8,116.42,住家用,鋼筋混凝土造,102年12月18日,十二層,
RPOPMLLJKIGGFCB86CC,8,58.25,本共有部分之項目有：停車空間、緊急昇降機（道）、昇降機（道）、梯廳兼排煙室、管道間、安全梯、汙水機房、消防機房、車道、電信機房、水箱、防空避難室兼停車空間、發電機房、台電配電室等１４項。,鋼筋混凝土造,102年12月18日,十二層,
RPOPMLLJKIGGFCB86CC,8,25.96,本共有部分之項目有：辦公室（廳）、管委會使用空間、安全梯、緊急昇降機（道）、昇降機（道）、梯廳兼排煙室、管道間、樓梯間、機房、水箱室、戶外安全梯等１１項。,鋼筋混凝土造,102年12月18日,十二層,
RPVOMLMJKIGGFIB28DC,15,678.19,補習班〈教室、辦公室、梯間、停車空間、辦公室休息室〉,鋼筋混凝土造,96年4月3日,四層,
RPXTMLMJKIGGFBB18CC,44,61.03,住家用,鋼筋混凝土造,66年5月17日,四層,
RPPOMLMJKIGGFDB17DC,1,80.45,集合住宅,鋼筋混凝土造,109年10月19日,十一層,
RPPOMLMJKIGGFDB17DC,1,75.70,本共有部分之項目有停車空間兼防空避難室、消防機房、梯廳、水箱、昇降機道、安全梯、停車空間、電錶室、台電配電室、電信室、發電機室、管委會使用空間、車道、外廊、樓梯間、水錶室、電梯機房等１７項,鋼筋混凝土造,109年10月19日,十一層,
RPWPMLMJKIGGFAB57CC,13,76.07,集合住宅,鋼筋混凝土造,97年7月28日,十二層,
RPWPMLMJKIGGFAB57CC,13,37.40,共同使用,鋼筋混凝土造,97年7月28日,十二層,
RPTOMLMJKIGGFIB97CC,14,86.84,集合住宅,鋼筋混凝土造,97年2月19日,四層,
RPWNMLNJKIGGFDB77CC,1,16.52,人行道、店舖、停車空間、住宅,鋼筋混凝土造,109年11月9日,四層,
RPSNMLMJKIGGFAB96CC,51,114.03,住家用,見其他登記事項,60年4月28日,二層,
RPPPMLMJKIGGFAB86CC,,166.64,商業用,見其他登記事項,,三十二層,
RPXOMLNJKIGGFIB48CC,28,123.57,集合住宅,鋼筋混凝土造,82年10月28日,十二層,
RPXOMLNJKIGGFIB48CC,28,39.13,共用部份,鋼筋混凝土造,82年10月28日,十二層,
RPQOMLMJKIGGFHB57CC,1,41.04,集合住宅,鋼筋混凝土造,109年9月9日,十五層,
RPQOMLMJKIGGFHB57CC,1,4.58,本共有部分之項目有梯廳及排煙室等二項,鋼筋混凝土造,109年9月9日,十五層,
RPQOMLMJKIGGFHB57CC,1,7.93,本共有部分之項目有管委會使用空間、公共服務空間、梯廳、排煙室、昇降機道、安全梯、汽機車道、戶外安全梯、機房、設備空間、廁所、樓梯間、水箱及機械室等十四項,鋼筋混凝土造,109年9月9日,十五層,
RPQOMLMJKIGGFHB57CC,1,35.67,本共有部分之項目有停車空間、台電配電室、電錶室、電錶區、發電機房、垃圾處理室、排煙室、昇降機道、安全梯、電信室、機械室、防空避難室兼停車空間、消防機房、雨污水機房及蓄水池等十五項,鋼筋混凝土造,109年9月9日,十五層,
RPXNMLNJKIGGFCB77CC,19,24.16,人行道、辦公室、住房、店舖、停車空間、樓梯間,鋼筋混凝土造,91年5月23日,五層,
RPOPMLNJKIGGFAB86CC,25,23.67,集合住宅,鋼骨鋼筋混凝土造,85年5月20日,十九層,
RPOPMLNJKIGGFAB86CC,25,4.39,共同使用,鋼骨鋼筋混凝土造,85年5月20日,十九層,
RPOPMLNJKIGGFAB86CC,25,6.02,共同使用,鋼骨鋼筋混凝土造,85年5月20日,十九層,
RPPPMLNJKIGGFAB96CC,25,31.37,集合住宅,鋼骨鋼筋混凝土造,85年5月20日,十九層,
RPPPMLNJKIGGFAB96CC,25,1.35,共同使用,鋼骨鋼筋混凝土造,85年5月20日,十九層,
RPPPMLNJKIGGFAB96CC,25,6.02,共同使用,鋼骨鋼筋混凝土造,85年5月20日,十九層,
RPQOMLNJKIGGFCB17CC,19,24.16,人行道、辦公室、住房、店舖、停車空間、樓梯間,鋼筋混凝土造,91年5月23日,五層,
RPQPMLNJKIGGFCB27CC,28,111.71,住家用、集合住宅,鋼筋混凝土造,83年5月23日,十二層,
RPSOMLNJKIGGFCB37CC,19,34.64,人行道、辦公室、住房、店舖、停車空間、樓梯間,鋼筋混凝土造,91年5月23日,五層,
RPXPMLNJKIGGFCB97CC,20,24.95,人行道、辦公室、住房、店舖、停車空間、樓梯間,鋼筋混凝土造,91年5月23日,五層,
RPSQMLNJKIGGFCB57CC,4,158.37,店舖，辦公室，集合住宅,鋼筋混凝土造,105年11月24日,二十二層,
RPSPMLNJKIGGFCB47CC,28,118.87,住家用,鋼筋混凝土造,83年5月21日,十二層,
RPROMLNJKIGGFCB27CC,20,24.95,人行道、辦公室、住房、店舖、停車空間、樓梯間,鋼筋混凝土造,91年5月23日,五層,
RPVNMLOJKIGGFAB47CC,25,23.67,集合住宅,鋼骨鋼筋混凝土造,85年5月20日,十九層,
RPVNMLOJKIGGFAB47CC,25,4.39,共同使用,鋼骨鋼筋混凝土造,85年5月20日,十九層,
RPVNMLOJKIGGFAB47CC,25,6.02,共同使用,鋼骨鋼筋混凝土造,85年5月20日,十九層,
RPTOMLNJKIGGFCB47CC,6,89.73,人行道、店舖、停車空間、住宅、樓梯間,鋼筋混凝土造,105年5月12日,五層,
RPWNMLOJKIGGFAB57CC,25,23.67,集合住宅,鋼骨鋼筋混凝土造,85年5月20日,十九層,
RPWNMLOJKIGGFAB57CC,25,4.39,共同使用,鋼骨鋼筋混凝土造,85年5月20日,十九層,
RPWNMLOJKIGGFAB57CC,25,6.02,共同使用,鋼骨鋼筋混凝土造,85年5月20日,十九層,
RPUNMLOJKIGGFAB37CC,26,23.41,集合住宅,鋼骨鋼筋混凝土造,85年5月20日,十九層,
RPUNMLOJKIGGFAB37CC,26,4.64,共同使用,鋼骨鋼筋混凝土造,85年5月20日,十九層,
RPUNMLOJKIGGFAB37CC,26,6.02,共同使用,鋼骨鋼筋混凝土造,85年5月20日,十九層,
RPWQMLQJKIGGFAB08CC,40,88.61,集合住宅,鋼筋混凝土造,70年7月25日,五層,
RPOOMLQJKIGGFFB57CC,1,62.00,集合住宅,鋼筋混凝土造,109年10月23日,七層,
RPSOMLQJKIGGFIB28CC,43,105.00,住家用,加強磚造,68年1月7日,二層,
RPPNMLQJKIGGFJB97CC,26,65.78,國民住宅,鋼筋混凝土造,84年7月28日,十二層,
RPPNMLQJKIGGFJB97CC,26,26.23,避難室、人行道、梯間、機房、水箱,鋼筋混凝土造,84年7月28日,十二層,
RPPNMLQJKIGGFJB97CC,26,68.08,集合住宅,鋼筋混凝土造,84年7月28日,十二層,
RPWNMLQJKIGGFFB28CC,3,17.42,人行道、停車空間、店舖、住宅、樓梯間,鋼筋混凝土造,107年11月30日,五層,
RPQNMLQJKIGGFJB08CC,2,144.98,集合住宅,鋼筋混凝土造,109年4月7日,十八層,
RPSPMLQJKIGGFCB77CC,1,27.09,店舖、住宅、停車空間、樓梯間,鋼筋混凝土造,109年6月19日,三層,
RPROMLQJKIGGFCB57CC,25,175.60,辦公室,鋼筋混凝土造,86年4月16日,十四層,
RPROMLQJKIGGFCB57CC,25,128.54,辦公室,鋼筋混凝土造,86年4月16日,十四層,
RPROMLQJKIGGFCB57CC,25,191.67,共有部分,鋼筋混凝土造,86年4月16日,十四層,
RPVQMLQJKIGGFCB18CC,26,60.57,住家用,鋼筋混凝土造,84年6月1日,十六層,
RPVQMLQJKIGGFCB18CC,26,26.50,共用部份,鋼筋混凝土造,84年6月1日,十六層,
RPPPMLRJKIGGFBB47CC,7,99.36,店舖,鋼筋混凝土造,103年10月22日,十二層,
RPXRMLQJKIGGFBB38CC,30,168.11,商業用,鋼筋混凝土造,80年12月24日,十二層,
RPRQMLRJKIGGFBB77CC,43,78.85,住家用,鋼筋混凝土造,68年5月11日,五層,
RPTRMLQJKIGGFBB97CC,2,50.69,集合住宅,鋼筋混凝土造,108年5月13日,二十一層,
RPTRMLQJKIGGFBB97CC,2,36.66,本共有部份係依使用執照之建築概要表記載項目有：防空避難室兼停車空間，消防機械室，雨污水機房，安全梯，機械室，停車空間，泳池水箱，消防中繼機房，電信室，景觀機房，發電機室，防災中心，垃圾儲藏室，台電配電室，門廳，管委會使用空間等１６項。,鋼筋混凝土造,108年5月13日,二十二層,
RPTRMLQJKIGGFBB97CC,2,17.48,本共有部份係依使用執照之建築概要表記載項目有：水箱，緊急昇降機間排煙室，揚水機房，特別安全梯，排煙室，梯廳，安全梯，電梯間，噴灌機房，消防中繼機房，自來水水箱，消防水箱，機械室等１３項。,鋼筋混凝土造,108年5月13日,二十一層,
RPTQMLRJKIGGFBB97CC,27,26.67,商業用,鋼筋混凝土造,84年5月19日,十二層,
RPTQMLRJKIGGFBB97CC,27,.00,共有部份,鋼筋混凝土造,84年5月19日,十二層,
RPTQMLRJKIGGFBB97CC,27,14.09,共有部份,鋼筋混凝土造,84年5月19日,十二層,
RPPRMLRJKIGGFBB67CC,3,82.47,集合住宅,鋼筋混凝土造,107年9月7日,十五層,
RPPRMLRJKIGGFBB67CC,3,15.49,本共有部份係依使用執照之建築概要表記載項目有：防空避難室兼停車空間，台電配電室，車道，發電機室，樓梯間，昇降機間，梯廳兼排煙室，停車空間，電信室，水箱，消防機房，污水機房，門廳，管委會使用空間，垃圾貯藏空間等１５項,鋼筋混凝土造,107年9月7日,十五層,
RPPRMLRJKIGGFBB67CC,3,21.19,本共有部份係依使用執照之建築概要表記載項目有：樓梯間，昇降機間，梯廳兼排煙室，梯廳，水箱，機械室等６項,鋼筋混凝土造,107年9月7日,十五層,
RPSOMLRJKIGGFCB77CC,23,41.74,住家用,鋼筋混凝土造,88年3月9日,七層,
RPSOMLRJKIGGFCB77CC,23,16.37,共用部份,鋼筋混凝土造,88年3月9日,七層,
RPOTMLRJKIGGFBB77CC,28,124.07,住家用,鋼筋混凝土造,82年7月16日,五層,
RPOTMLRJKIGGFBB77CC,28,6.17,共有部份,鋼筋混凝土造,82年7月16日,五層,
RPQNMLRJKIGGFJB18CC,27,18.09,集合住宅,鋼筋混凝土造,84年3月24日,五層,
RPQNMLRJKIGGFJB18CC,27,5.16,共有部分,鋼筋混凝土造,84年3月24日,五層,
RPRQMLRJKIGGFIB48CC,27,78.67,辦公室,鋼筋混凝土造,83年10月11日,八層,
RPRQMLRJKIGGFIB48CC,27,39.51,共有部份,鋼筋混凝土造,83年10月11日,八層,
RPVQMLRJKIGGFCB28CC,28,115.67,住家用,鋼筋混凝土造,82年8月10日,十三層,
RPVQMLRJKIGGFCB28CC,28,23.97,共用部份,鋼筋混凝土造,82年8月10日,十三層,
RPPRMLRJKIGGFCB77CC,30,31.23,商業用,鋼筋混凝土造,80年12月18日,八層,
RPPRMLRJKIGGFCB77CC,30,8.00,共用部份,鋼筋混凝土造,80年12月18日,八層,
RPRNMLRJKIGGFJB28CC,42,106.68,店舖、住宅,加強磚造,68年7月2日,二層,
RPSQMLRJKIGGFCB97CC,12,300.71,住家用,鋼筋混凝土造,98年6月19日,二十五層,
RPXRMLRJKIGGFBB58DC,44,242.64,住商用,鋼筋混凝土造,67年6月5日,十二層,
RPXRMLRJKIGGFBB58DC,44,156.56,住商用,鋼筋混凝土造,67年6月5日,十二層,
RPXRMLRJKIGGFBB58DC,44,236.36,住商用,鋼筋混凝土造,67年6月5日,十二層,
RPWRMLRJKIGGFIB09CC,3,57.62,集合住宅,鋼筋混凝土造,108年3月5日,十一層,
RPWRMLRJKIGGFIB09CC,3,66.46,本共有部分之項目有防空避難室兼停車空間．車道．水箱．消防機械室．雨汙水機房．梯廳．排煙室．安全梯．一般昇降機間．無障礙緊急昇降機間．停車空間．發電機室．機械室．電信室．台電配電室．電錶箱區．管委會使用空間．垃圾暫存室．外廊．戶外安全梯．無障礙廁所．陽台．走廊．機電設備空間．水錶室．昇降機道．梯間等２７項,鋼筋混凝土造,108年3月5日,十一層,
RPRNMLRJKIGGFDB67CC,22,384.00,住商用,鋼骨造,89年3月9日,二層,
RPQNMLRJKIGGFDB57CC,34,197.94,店舖、住宅、避難室、人行道,鋼筋混凝土造,77年3月7日,三層,
RPUNMLSJKIGGFDB08CC,6,2108.00,廠房、外廊、消防機房、機房,鋼骨造,104年8月7日,一層,
RPPPMLSJKIGGFAB47CC,44,122.86,避難室、人行道、店房、住房,鋼筋混凝土造,66年11月9日,四層,
RPVNMLSJKIGGFHB58CC,29,93.50,住家用,鋼筋混凝土造,81年11月14日,七層,
RPVNMLSJKIGGFHB58CC,29,19.50,共有部份,鋼筋混凝土造,81年11月14日,七層,
RPUNMLSJKIGGFHB48CC,24,552.59,住家用,鋼骨造,87年1月22日,二層,
RPUNMLSJKIGGFHB48CC,24,557.91,住家用,鋼骨造,87年1月22日,二層,
RPTNMLSJKIGGFDB08DC,26,86.95,住商用,鋼筋混凝土造,85年2月2日,八層,
RPRPMLSJKIGGFAB67CC,28,91.88,住家用,鋼筋混凝土造,83年2月8日,八層,
RPRPMLSJKIGGFAB67CC,28,31.81,停車空間．機械房．水箱．集合住宅．防空避難室．人行道．梯間,鋼筋混凝土造,83年2月8日,八層,
RPVTMLSJKIGGFIB66CC,16,78.74,集合住宅,鋼筋混凝土造,95年1月11日,十三層,
RPVTMLSJKIGGFIB66CC,16,7.02,共有部份,鋼筋混凝土造,95年1月11日,十三層,
RPVTMLSJKIGGFIB66CC,16,24.96,共有部份,鋼筋混凝土造,95年1月11日,十三層,
RPOOMLSJKIGGFCB47CC,39,113.01,住家用,鋼筋混凝土造,71年12月17日,五層,
RPVQMLSJKIGGFCB38CC,7,62.55,住家用,鋼筋混凝土造,103年11月19日,二十一層,
RPVQMLSJKIGGFCB38CC,7,72.41,本共有部份係依使用執照之建築概要表記載項目有：停車空間、污水處理機房、消防機械室、排煙室、水箱、樓梯間、昇降機、緊急昇降機、防空避難室兼停車空間、台電配電室、景觀水池機房、防災中心、緊急發電機室、電信室、門廳、公共服務空間、外廊、環保資源室、頂蓋型廣場式開放空間、頂蓋型沿街步道式開放空間、梯廳、游泳池、交誼廳、中繼水箱機房及機械室等２５項。,鋼筋混凝土造,103年11月19日,二十一層,
RPROMLSJKIGGFCB77CC,28,12.97,住家用,鋼筋混凝土造,82年9月20日,十二層,
RPROMLSJKIGGFCB77CC,28,7.04,共用部份,鋼筋混凝土造,82年9月20日,十二層,
RPXRMLSJKIGGFCB68CC,24,82.57,住家用,鋼筋混凝土造,86年10月20日,十四層,
RPXRMLSJKIGGFCB68CC,24,33.58,共用部份,鋼筋混凝土造,86年10月20日,十四層,
RPRQMLSJKIGGFCB97CC,14,182.68,住家用,鋼筋混凝土造,96年7月26日,十八層,
RPRQMLSJKIGGFCB97CC,14,132.18,共用,鋼筋混凝土造,96年7月26日,十八層,
RPOSMLSJKIGGFCB87CC,24,100.74,住家用,鋼筋混凝土造,86年10月20日,十四層,
RPOSMLSJKIGGFCB87CC,24,42.30,共用部份,鋼筋混凝土造,86年10月20日,十四層,
RPTQMLSJKIGGFCB18CC,25,52.94,辦公室,鋼筋混凝土造,85年9月3日,十五層,
RPQSMLSJKIGGFCB08CC,4,46.86,集合住宅,鋼筋混凝土造,107年1月29日,十二層,
RPQSMLSJKIGGFCB08CC,4,15.09,本共有部份係依使用執照之建築概要表記載項目有：管委會使用空間、行動不便電梯、電梯、樓梯間、排煙室、梯廳、門廳、緊急升降電梯、外廊、管道間、水錶室、機械室、子母水箱等１３項。,鋼筋混凝土造,107年1月29日,十二層,
RPQSMLSJKIGGFCB08CC,4,39.86,本共有部份係依使用執照之建築概要表記載項目有：梯廳、停車空間、消防機房、樓梯間、行動不便電梯、電梯、雨水汙水機械室、水箱、車道、陸上型揚水泵、泳池水箱、機械室、電信室、機房、防空避難室兼停車空間、機車停車空間、垃圾集中室、台電配電室、電錶室、受電室、發電機室等２１項。,鋼筋混凝土造,107年1月29日,十二層,
RPQTMLSJKIGGFCB18CC,12,39.66,住家用,鋼筋混凝土造,98年8月13日,二十六層,
RPQTMLSJKIGGFCB18CC,28,3.28,住家用,鋼筋混凝土造,82年8月30日,六層,
RPQTMLSJKIGGFCB18CC,12,15.60,共有,鋼筋混凝土造,98年8月13日,二十六層,
RPOUMLSJKIGGFBB97CC,35,117.47,住商用,鋼筋混凝土造,75年9月30日,四層,
RPRVMLSJKIGGFBB38CC,16,48.54,住家用,鋼筋混凝土造,94年12月8日,十八層,
RPRVMLSJKIGGFBB38CC,16,19.53,共用部份,鋼筋混凝土造,94年12月8日,十八層,
RPVVMLSJKIGGFBB78CC,3,39.15,集合住宅,鋼筋混凝土造,107年11月30日,十五層,
RPVVMLSJKIGGFBB78CC,3,22.04,本共有部分係依使用執照之建築概要表記載項目有：停車空間，一般安全梯，排煙室，緊急用昇降機，消防機房，污水機房，昇降機，水箱，機房，電信機房，防空避難室兼停車空間，台電配電室，緊急發電機室，戶外安全梯，管理員室，管委會使用空間，環保資源室，梯廳，梯間，機械室，水錶室等２１項,鋼筋混凝土造,107年11月30日,十五層,
RPPVMLSJKIGGFBB18CC,16,48.22,住家用,鋼筋混凝土造,94年12月8日,十八層,
RPPVMLSJKIGGFBB18CC,16,19.39,共用部份,鋼筋混凝土造,94年12月8日,十八層,
RPRTMLSJKIGGFCB28CC,12,41.83,住家用,鋼筋混凝土造,98年8月13日,二十六層,
RPRTMLSJKIGGFCB28CC,12,3.45,共有,鋼筋混凝土造,98年8月13日,二十六層,
RPRTMLSJKIGGFCB28CC,12,16.44,共有,鋼筋混凝土造,98年8月13日,二十六層,
RPSRNLTJKIGGFBB28CC,32,80.98,住家用,鋼筋混凝土造,78年5月24日,五層,
RPSRNLTJKIGGFBB28CC,32,6.69,共用部份,鋼筋混凝土造,78年5月24日,五層,
RPOVMLSJKIGGFBB08CC,16,47.39,住家用,鋼筋混凝土造,94年12月8日,十八層,
RPOVMLSJKIGGFBB08CC,16,19.00,共用部份,鋼筋混凝土造,94年12月8日,十八層,
RPWVMLSJKIGGFBB88CC,3,39.19,集合住宅,鋼筋混凝土造,107年11月30日,十五層,
RPWVMLSJKIGGFBB88CC,3,22.04,本共有部分係依使用執照之建築概要表記載項目有：停車空間，一般安全梯，排煙室，緊急用昇降機，消防機房，污水機房，昇降機，水箱，機房，電信機房，防空避難室兼停車空間，台電配電室，緊急發電機室，戶外安全梯，管理員室，管委會使用空間，環保資源室，梯廳，梯間，機械室，水錶室等２１項,鋼筋混凝土造,107年11月30日,十五層,
RPQQMLTJKIGGFCB97CC,22,187.31,住家用,鋼筋混凝土造,88年9月6日,四層,
RPQQMLTJKIGGFCB97CC,22,43.84,共用部份,鋼筋混凝土造,88年9月6日,五層,
RPOQMLTJKIGGFCB77CC,40,58.32,住家用,鋼筋混凝土造,71年3月9日,五層,
RPOQMLTJKIGGFCB77CC,40,17.49,共用部份,鋼筋混凝土造,71年3月9日,五層,
RPORMLTJKIGGFCB87CC,20,24.95,人行道、辦公室、住房、店舖、停車空間、樓梯間,鋼筋混凝土造,91年5月23日,五層,
RPXQMLTJKIGGFCB68CC,27,51.63,住家用,鋼筋混凝土造,83年9月30日,四層,
RPOSNLTJKIGGFBB97CC,14,49.44,辦公室,鋼筋混凝土造,97年1月30日,十四層,
RPOSNLTJKIGGFBB97CC,14,37.23,共用部份,鋼筋混凝土造,97年1月30日,十四層,
RPSRMLTJKIGGFCB28CC,2,123.39,店鋪、樓梯間、停車空間、住宅、機電設備空間,鋼筋混凝土造,108年10月23日,五層,
RPRRMLTJKIGGFCB18CC,2,123.39,店鋪、樓梯間、停車空間、住宅、機電設備空間,鋼筋混凝土造,108年10月23日,五層,
RPPRMLTJKIGGFCB97CC,8,89.73,住家用,鋼筋混凝土造,103年3月13日,十五層,
RPURMLTJKIGGFCB48CC,28,79.59,集合住宅,鋼筋混凝土造,83年4月25日,十層,
RPURMLTJKIGGFCB48CC,28,13.64,共用部份,鋼筋混凝土造,83年4月25日,十一層,
RPTSMLTJKIGGFCB48CC,1,54.83,集合住宅,鋼筋混凝土造,110年1月22日,十二層,
RPTSMLTJKIGGFCB48CC,1,18.09,本共有部分係依使用執照之建築概要表記載項目有：停車空間、樓梯間、昇降機間、汽車車道、污水機房、消防機房、清水池、電信室、機械室、防空避難室兼停車空間、發電機室、台電配電室、管委會空間、梯廳、水箱等１５項。,鋼筋混凝土造,110年1月22日,十二層,
RPTSMLTJKIGGFCB48CC,1,11.47,本共有部分係依使用執照之建築概要表記載項目有：梯廳、樓梯間、昇降機間等３項。,鋼筋混凝土造,110年1月22日,十二層,
RPXRMLTJKIGGFCB78CC,27,74.04,住家用,鋼筋混凝土造,84年1月12日,十四層,
RPXRMLTJKIGGFCB78CC,27,34.87,共用部份,鋼筋混凝土造,84年1月12日,十四層,
RPWSMLTJKIGGFCB78CC,26,57.94,住家用,鋼筋混凝土造,85年4月26日,七層,
RPWSMLTJKIGGFCB78CC,26,12.37,共用部份,鋼筋混凝土造,85年4月26日,七層,
RPWSMLTJKIGGFCB78CC,26,8.65,共用部份,鋼筋混凝土造,85年4月26日,七層,
RPWSMLTJKIGGFCB78CC,26,3.91,共用部份,鋼筋混凝土造,85年4月26日,七層,
RPOQMLTJKIGGFIB38CC,43,83.20,住商用,加強磚造,68年3月30日,二層,
RPQOMLTJKIGGFIB38CC,27,70.90,集合住宅,鋼筋混凝土造,84年3月31日,九層,
RPQOMLTJKIGGFIB38CC,27,3.03,共有部分,鋼筋混凝土造,84年3月31日,九層,
RPQPMLTJKIGGFIB48CC,4,24.80,集合住宅,鋼筋混凝土造,107年1月19日,五層,
RPQPMLTJKIGGFIB48CC,4,8.26,本共有部分之項目有防空避難室兼停車空間、電信室、水箱、台電配電室、安全梯、昇降機間、消防機房及發電機室、管道間、樓梯間、水箱間等１０項,鋼筋混凝土造,107年1月19日,五層,
RPQPMLTJKIGGFIB48CC,4,6.97,本共有部分之項目有防空避難室兼停車空間、昇降機間、安全梯、陽台、汽車昇降機道、管理委員會使用空間、共用梯廳等７項。,鋼筋混凝土造,107年1月19日,五層,
RPVOMLTJKIGGFJB98CC,22,96.49,住家用,鋼筋混凝土造,88年6月11日,九層,
RPVOMLTJKIGGFJB98CC,22,37.63,水塔、人行道、防空避難室、機械室、梯間,鋼筋混凝土造,88年6月11日,九層,
RPVOMLTJKIGGFJB98CC,22,15.01,停車空間,鋼筋混凝土造,88年6月11日,九層,
RPTOMLTJKIGGFAB87CC,44,108.35,避難室、人行道、店房、住房,鋼筋混凝土造,66年11月9日,四層,
RPQNMLTJKIGGFEB87CC,1,2916.40,工廠、發電機房兼消防機房,鋼骨造,109年8月11日,二層,
RPOPMLTJKIGGFDB77CC,27,70.83,住家用,鋼筋混凝土造,83年7月25日,十二層,
RPOPMLTJKIGGFDB77CC,27,24.29,共用部份,鋼筋混凝土造,83年7月25日,十二層,
RPSOMLTJKIGGFFB28CC,,94.93,集合住宅,鋼筋混凝土造,110年7月17日,十五層,
RPUOMLTJKIGGFDB28CC,46,58.10,住家用,加強磚造,64年7月10日,一層,
RPSOMLTJKIGGFFB28CC,,74.58,本共有部分之項目有：防空避難室兼停車空間、梯廳、水箱、消防機械室、污水機械室、揚水泵機械室、安全梯、昇降機道、停車空間、台電配電室、發電機械室、電信室、機械室、排煙室、門廳、垃圾資源回收室、管委會使用空間、車道、機車停車空間、戶外安全梯、梯間、水錶室等２２項,鋼筋混凝土造,110年7月17日,十五層,
RPTPMLTJKIGGFDB28CC,25,92.38,住家用,鋼筋混凝土造,86年6月2日,十三層,
RPTPMLTJKIGGFDB28CC,25,44.94,共用部份,鋼筋混凝土造,86年6月2日,十三層,
RPVNMLKKKIGGFHB87CC,30,130.62,住家用,鋼筋混凝土造,80年6月27日,七層,
RPVNMLKKKIGGFHB87CC,30,24.79,梯間　機械間　水塔等,鋼筋混凝土造,80年6月27日,七層,
RPUNMLKKKIGGFHB77CC,27,103.63,住家用,鋼筋混凝土造,83年12月15日,十一層,
RPUNMLKKKIGGFHB77CC,27,42.43,共有部分,鋼筋混凝土造,83年12月15日,十一層,
RPWNMLKKKIGGFIB08CC,17,89.84,店舖．住宅．停車空間．辦公室．人行道,鋼筋混凝土造,94年2月17日,四層,
RPWNMLKKKIGGFIB08CC,17,26.39,機械室．停車空間．台電受電室,鋼筋混凝土造,94年2月17日,四層,
RPRNMLKKKIGGFIB57CC,27,258.75,人行道、店舖、梯間、住房,鋼筋混凝土造,84年1月27日,四層,
RPXNMLKKKIGGFIB18CC,17,122.23,店舖．住宅．停車空間．辦公室．人行道,鋼筋混凝土造,94年2月17日,四層,
RPWNMLKKKIGGFHB97CC,26,82.01,住家用,鋼筋混凝土造,84年5月24日,十四層,
RPWNMLKKKIGGFHB97CC,26,6.87,共有部分,鋼筋混凝土造,84年5月24日,十四層,
RPWNMLKKKIGGFHB97CC,26,23.92,共有部分,鋼筋混凝土造,84年5月24日,十四層,
RPPOMLKKKIGGFIB47CC,6,129.83,人行道、店舖、辦公室,鋼筋混凝土造,104年9月25日,十四層,
RPPOMLKKKIGGFIB47CC,6,77.68,本共有部分之項目有停車空間、排煙室、揚水機房、昇降機間、消防機房、污水機房、水箱、防空避難室兼停車空間、電信機房、台電配電室、緊急發電機室、管理委員會使用空間、車道、門廳、緊急昇降機間、基地內通路、汽車坡道、設備管道、安全梯、機房、人行道、電梯機房、水表室及進排氣機房等２４項。,鋼筋混凝土造,104年9月25日,十四層,
RPROMLKKKIGGFIB67CC,2,58.02,集合住宅,鋼筋混凝土造,109年3月31日,十五層,
RPROMLKKKIGGFIB67CC,2,55.54,本共有部分之項目有梯間、樓梯間、機電空間、水箱、停車空間、管委會空間、防空避難室、門廳、梯廳等９項。,鋼筋混凝土造,109年3月31日,十五層,
RPXOMLKKKIGGFIB28CC,27,98.52,集合住宅,鋼筋混凝土造,83年7月8日,十六層,
RPXOMLKKKIGGFIB28CC,27,35.39,共有部份,鋼筋混凝土造,83年7月8日,十六層,
RPQOMLKKKIGGFIB57CC,28,84.29,集合住宅,鋼筋混凝土造,83年4月15日,十二層,
RPQOMLKKKIGGFIB57CC,28,22.10,共有部分,鋼筋混凝土造,83年4月15日,十二層,
RPTOMLKKKIGGFIB87CC,2,58.02,集合住宅,鋼筋混凝土造,109年3月31日,十五層,
RPTOMLKKKIGGFIB87CC,2,51.99,本共有部分之項目有梯間、樓梯間、機電空間、水箱、停車空間、管委會空間、防空避難室、門廳、梯廳等９項。,鋼筋混凝土造,109年3月31日,十五層,
RPQOMLKKKIGGFCB96CC,31,23.96,住家用,鋼筋混凝土造,79年9月8日,八層,
RPQOMLKKKIGGFCB96CC,31,8.39,共用部份,鋼筋混凝土造,79年9月8日,八層,
RPPPMLKKKIGGFCB96CC,26,297.53,銀行營業廳、辦公室,鋼筋混凝土造,85年5月28日,十六層,
RPTPMLKKKIGGFIB97CC,2,58.02,集合住宅,鋼筋混凝土造,109年3月31日,十五層,
RPTPMLKKKIGGFIB97CC,2,51.99,本共有部分之項目有梯間、樓梯間、機電空間、水箱、停車空間、管委會空間、防空避難室、門廳、梯廳等９項。,鋼筋混凝土造,109年3月31日,十五層,
RPWQMLKKKIGGFCB77CC,14,42.39,住家用,鋼筋混凝土造,96年9月27日,十三層,
RPWQMLKKKIGGFCB77CC,14,29.24,共用,鋼筋混凝土造,96年9月27日,十三層,
RPUPMLKKKIGGFBB37CC,30,94.11,住商用,鋼筋混凝土造,81年1月15日,五層,
RPUPMLKKKIGGFBB37CC,30,39.70,共有部份,鋼筋混凝土造,81年1月15日,五層,
RPVRMLKKKIGGFBB67CC,27,126.20,住家用,鋼筋混凝土造,83年11月8日,十七層,
RPVRMLKKKIGGFBB67CC,27,17.55,共用部份,鋼筋混凝土造,83年11月8日,十七層,
RPVRMLKKKIGGFBB67CC,27,19.94,共用部份,鋼筋混凝土造,83年11月8日,十七層,
RPSRMLMKKIGGFCB67CC,1,41.21,集合住宅,鋼筋混凝土造,109年7月31日,十二層,
RPSRMLMKKIGGFCB67CC,1,25.21,本共有部分係依使用執照之建築概要表記載項目有：停車空間，車道，樓梯間，排煙室，機械室，梯廳，發電機室，水箱，緊急昇降機，行動不便電梯，消防機械室，防空避難室兼停車空間，機車停車區，電信室，台電配電室，垃圾集中室，管理室，電梯，管理委員會使用空間，門廳，水錶室等２１項,鋼筋混凝土造,109年7月31日,十二層,
RPSRMLMKKIGGFCB67CC,1,10.54,本共有部分係依使用執照之建築概要表記載項目有：電梯，樓梯間，梯廳，排煙室，緊急昇降機，行動不便電梯，緊急昇降機電梯等７項,鋼筋混凝土造,109年7月31日,十二層,
RPQNMLMKKIGGFIB67CC,2,44.25,集合住宅,鋼筋混凝土造,108年5月30日,十二層,
RPQNMLMKKIGGFIB67CC,2,54.47,防空避難室兼停車空間、梯廳、一般昇降機、緊急昇降機、污水機械室、水箱、排煙室、消防機械室、安全梯、停車空間、車道、電信室、發電機械室、台電配電室、公共服務空間、垃圾暫存室、機車停車空間、管委會使用空間、戶外安全梯、梯間、水錶室、走廊、機械室等２３項。,鋼筋混凝土造,108年5月30日,十二層,
RPOPMLNKKIGGFIB77CC,26,54.86,集合住宅,鋼筋混凝土造,85年1月19日,十四層,
RPOPMLNKKIGGFIB77CC,26,19.07,共有部份,鋼筋混凝土造,85年1月19日,十四層,
RPVNMLNKKIGGFIB28CC,2,54.61,集合住宅,鋼筋混凝土造,109年1月2日,十一層,
RPVNMLNKKIGGFIB28CC,2,41.81,本共有部分之項目有防空避難室兼停車空間．機械室．污／雨水機房．排煙室．昇降機間．安全梯．消防機械室．水箱．停車空間．台電配電室．發電機室．電信室等１２項。,鋼筋混凝土造,109年1月2日,十一層,
RPVNMLNKKIGGFIB28CC,2,22.82,本共有部分之項目有緊急昇降機．一般昇降機．排煙室．戶外安全梯．梯廳．車道．走廊．管委會使用空間．公共服務空間．垃圾處理室．梯間．昇降機間．水錶室．機械室．水箱．樓梯間等１６項。,鋼筋混凝土造,109年1月2日,十一層,
RPTPMLNKKIGGFIB28CC,31,143.61,集合住宅,鋼筋混凝土造,80年1月20日,七層,
RPTPMLNKKIGGFIB28CC,31,25.31,共用部份,鋼筋混凝土造,80年1月20日,七層,
RPUPMLNKKIGGFIB38CC,42,79.10,集合住宅,鋼筋混凝土造,68年10月12日,五層,
RPRNMLNKKIGGFKB08CC,3,15.00,工廠,鋼筋混凝土造,108年1月23日,一層,
RPWNMLNKKIGGFHB28CC,27,157.07,住家用,鋼筋混凝土造,83年5月16日,四層,
RPWNMLNKKIGGFHB28CC,27,44.16,共有部分,鋼筋混凝土造,83年5月16日,四層,
RPPOMLNKKIGGFHB67CC,,20.52,集合住宅,鋼筋混凝土造,110年6月16日,五層,
RPPOMLNKKIGGFHB67CC,,7.51,本共有部分之項目有停車空間及樓梯間等２項,鋼筋混凝土造,110年6月16日,五層,
RPRNMLNKKIGGFFB57CC,15,22.05,住家用,鋼筋混凝土造,96年1月9日,五層,
RPRNMLNKKIGGFFB57CC,15,.72,水箱、梯間,鋼筋混凝土造,96年1月9日,五層,
RPRNMLNKKIGGFFB57CC,15,5.41,住家用,鋼筋混凝土造,96年1月9日,五層,
RPSNMLNKKIGGFFB67CC,,62.48,,,,,
RPSNMLNKKIGGFFB67CC,,64.35,,,,,
RPPPMLNKKIGGFFB57CC,15,15.75,住家用,鋼筋混凝土造,96年1月9日,五層,
RPPPMLNKKIGGFFB57CC,15,.42,梯間、水箱,鋼筋混凝土造,96年1月9日,五層,
RPPPMLNKKIGGFFB57CC,15,3.84,住家用,鋼筋混凝土造,96年1月9日,五層,
RPQOMLNKKIGGFFB57CC,15,22.05,住家用,鋼筋混凝土造,96年1月9日,五層,
RPQOMLNKKIGGFFB57CC,15,.88,梯間、水箱,鋼筋混凝土造,96年1月9日,五層,
RPQOMLNKKIGGFFB57CC,15,5.81,住家用,鋼筋混凝土造,96年1月9日,五層,
RPUSMLKKKIGGFBB67CC,28,72.75,住家用,鋼筋混凝土造,83年4月30日,九層,
RPUSMLKKKIGGFBB67CC,28,40.36,見其他登記事項,鋼筋混凝土造,83年4月30日,九層,
RPRPMLNKKIGGFFB77CC,15,15.75,住家用,鋼筋混凝土造,96年1月9日,五層,
RPRPMLNKKIGGFFB77CC,15,.57,梯間、水箱,鋼筋混凝土造,96年1月9日,五層,
RPRPMLNKKIGGFFB77CC,15,4.47,住家用,鋼筋混凝土造,96年1月9日,五層,
RPTQMLKKKIGGFBB37CC,11,42.11,住家用,鋼筋混凝土造,99年9月9日,十七層,
RPTQMLKKKIGGFBB37CC,11,24.34,本共有部份係依使用執照之建築概要表記載項目有，停車空間，樓梯間，昇降機間，消防機房兼污水機房，排煙室，水箱，機車停車區，防空避難室兼停車空間，車道，台電配電室，緊急發電機室，機房，電信室等１３項。,鋼筋混凝土造,99年9月9日,十七層,
RPTQMLKKKIGGFBB37CC,11,14.79,本共有部份係依使用執照之建築概要表記載項目有，人行道，管委會管理室，門廳，樓梯間，昇降機間，排煙室，梯廳，公設，透空遮牆，水箱，電梯機房，走廊，車道，外廊等１４項。,鋼筋混凝土造,99年9月9日,十七層,
RPTQMLKKKIGGFBB37CC,11,.00,本共有部份係依使用執照之建築概要表記載項目有，停車空間，樓梯間，昇降機間，消防機房兼污水機房，排煙室，水箱，機車停車區，防空避難室兼停車空間，台電配電室，緊急發電機室，車道，電信室等１２項,鋼筋混凝土造,99年9月9日,十八層,
RPTQMLKKKIGGFBB37CC,11,.00,本共有部份係依使用執照之建築概要表記載項目有，人行道，管委會管理室，門廳，樓梯間，昇降機間，排煙室，透空遮牆，水箱，電梯機房，車道，機房，管委會使用空間，開放空間，外廊，管委會休憩室，管委會交誼廳，管委會閱覽室，垃圾集中處等１８項。,鋼筋混凝土造,99年9月9日,十八層,
RPXPMLNKKIGGFFB38CC,15,15.75,住家用,鋼筋混凝土造,96年1月9日,五層,
RPXPMLNKKIGGFFB38CC,15,.48,梯間、水箱,鋼筋混凝土造,96年1月9日,五層,
RPXPMLNKKIGGFFB38CC,15,4.11,住家用,鋼筋混凝土造,96年1月9日,五層,
RPSPMLNKKIGGFFB87CC,3,71.91,集合住宅,鋼筋混凝土造,107年9月26日,十五層,
RPSPMLNKKIGGFFB87CC,3,10.33,梯廳、門廳〈風除室〉、門廊、管委會使用空間〈游泳池〉、電信機房、排風機房、泳池機房、進風機房、消防機房、緊急發電機房、機房、垃圾暫存室、泳池水箱、雨水及汙水機房、防空避難室兼停車空間、車道、機車停車空間。,鋼筋混凝土造,107年9月26日,十五層,
RPSPMLNKKIGGFFB87CC,3,32.26,防空避難室兼停車空間、停車空間、車道,鋼筋混凝土造,107年9月26日,十五層,
RPSPMLNKKIGGFFB87CC,3,.75,特別安全梯、台電配電室,鋼筋混凝土造,107年9月26日,十五層,
RPSPMLNKKIGGFFB87CC,3,21.86,特別安全梯、排煙室、梯廳、水箱、電錶、水錶室、消防水箱、電梯機房、樓梯間,鋼筋混凝土造,107年9月26日,十五層,
RPOQMLNKKIGGFFB57CC,15,313.56,住家用,鋼筋混凝土造,96年1月9日,五層,
RPRQMLNKKIGGFFB87CC,3,93.62,集合住宅,鋼筋混凝土造,107年9月26日,十五層,
RPRQMLNKKIGGFFB87CC,3,13.40,梯廳、門廳〈風除室〉、門廊、管委會使用空間〈游泳池〉、電信機房、排風機房、泳池機房、進風機房、消防機房、緊急發電機房、機房、垃圾暫存室、泳池水箱、雨水及汙水機房、防空避難室兼停車空間、車道、機車停車空間。,鋼筋混凝土造,107年9月26日,十五層,
RPRQMLNKKIGGFFB87CC,3,32.25,防空避難室兼停車空間、停車空間、車道,鋼筋混凝土造,107年9月26日,十五層,
RPRQMLNKKIGGFFB87CC,3,.98,特別安全梯、台電配電室,鋼筋混凝土造,107年9月26日,十五層,
RPRQMLNKKIGGFFB87CC,3,28.35,特別安全梯、排煙室、梯廳、水箱、電錶、水錶室、消防水箱、電梯機房、樓梯間,鋼筋混凝土造,107年9月26日,十五層,
RPQPMLNKKIGGFCB37CC,20,111.42,住家用,鋼筋混凝土造,91年1月28日,十四層,
RPTOMLNKKIGGFCB57CC,32,17.70,辦公室,鋼筋混凝土造,79年4月30日,八層,
RPTOMLNKKIGGFCB57CC,32,4.74,共用部份,鋼筋混凝土造,79年4月30日,八層,
RPTOMLNKKIGGFCB57CC,32,2.43,本共有部份係依臺中市政府都市發展局中市都管變使字第００１９０號記載項目有：走廊等一項,鋼筋混凝土造,79年4月30日,八層,
RPVPMLNKKIGGFCB87CC,29,32.48,住家用,鋼筋混凝土造,82年2月12日,七層,
RPVPMLNKKIGGFCB87CC,29,7.16,共用部份,鋼筋混凝土造,82年2月12日,七層,
RPRQMLNKKIGGFCB57CC,51,52.81,住家用,木石磚造（磚石造）,60年2月8日,一層,
RPTRMLNKKIGGFCB87CC,24,30.81,住家用,鋼筋混凝土造,87年4月21日,五層,
RPTRMLNKKIGGFCB87CC,24,20.29,共用部份,鋼筋混凝土造,87年4月21日,五層,
RPQSMLNKKIGGFCB67CC,6,156.13,辦公事務所及工商服務業,鋼骨鋼筋混凝土造,104年9月24日,三十四層,
RPQSMLNKKIGGFCB67CC,6,39.91,本共有部分係依使用執照之建築物概要表記載項目有：樓梯間、車道、門廳、梯廳、管委會使用空間、排煙室、防災中心、雨水回收水箱、電梯機房、中繼機房、機械室、水錶室等１２項,鋼骨鋼筋混凝土造,104年9月24日,三十四層,
RPQSMLNKKIGGFCB67CC,6,48.47,本共有部分係依使用執照之建築物概要表記載項目有：停車空間、梯廳、水箱、排煙室、消防機房、污水機房、車道、樓梯間、機車停車空間、中繼機房、電信室、防空避難室兼（機車、汽車）停車空間、發電機室、垃圾回收區、台電配電室、電錶室等１６項,鋼骨鋼筋混凝土造,104年9月24日,三十四層,
RPQQMLKKKIGGFBB07CC,36,28.55,避難室、人行道、梯間,鋼筋混凝土造,74年12月24日,十二層,
RPQQMLKKKIGGFBB07CC,36,139.84,住家用,鋼筋混凝土造,74年12月24日,十二層,
RPVSMLNKKIGGFCB18CC,24,25.32,住家用,鋼筋混凝土造,87年4月21日,五層,
RPVSMLNKKIGGFCB18CC,24,17.62,共有部分,鋼筋混凝土造,87年4月21日,五層,
RPTPMLNKKIGGFBB57CC,28,73.96,住家用,鋼筋混凝土造,83年3月30日,九層,
RPTPMLNKKIGGFBB57CC,28,21.31,共有部份,鋼筋混凝土造,83年3月30日,九層,
RPWQMLNKKIGGFBB97CC,29,69.81,住家用,鋼筋混凝土造,81年12月15日,七層,
RPRUNLOKKIGGFBB08CC,22,33.47,店舖，辦公室，住房，人行道,鋼筋混凝土造,88年9月15日,五層,
RPVPMLNKKIGGFIB48CC,6,109.06,集合住宅,鋼筋混凝土造,104年12月7日,十五層,
RPVPMLNKKIGGFIB48CC,6,51.33,本共有部分之項目有停車空間．污水機房．消防機械室．蓄水池．樓梯間．電梯間．梯廳．排煙室．防空避難室兼停車空間．台電配電室．發電機室．電錶室．機房及電信室等１４項。,鋼筋混凝土造,104年12月7日,十五層,
RPVPMLNKKIGGFIB48CC,6,32.20,本共有部分之項目有公共服務空間．樓梯間．電梯間．梯廳．排煙室．環保室．管委會使用空間．水錶室．機械室及蓄水池等１０項。,鋼筋混凝土造,104年12月7日,十五層,
RPPOOLOKKIGGFBB37CC,27,49.17,商業用,鋼筋混凝土造,84年4月1日,十三層,
RPPOOLOKKIGGFBB37CC,27,44.61,共用部份,鋼筋混凝土造,84年4月1日,十三層,
RPPOOLOKKIGGFBB37CC,27,2.08,共用部份,鋼筋混凝土造,84年4月1日,十三層,
RPXNMLNKKIGGFHB38CC,6,69.57,集合住宅,鋼筋混凝土造,104年12月9日,十二層,
RPTSMLNKKIGGFCB97CC,25,70.10,住家用,鋼筋混凝土造,85年6月12日,十八層,
RPXNMLNKKIGGFHB38CC,6,36.84,停車空間、消防機械室、污水機房兼雨水回收機房、機械室、梯間、梯廳、發電機室、法定防空避難室兼停車空間、電信室、機車停車空間、台電配電室、水箱、管委會使用空間〈社區管理室、廁所、社區垃圾集中處〉、車道、水錶室、門廊、走廊、樓梯間、公共服務空間等１９項,鋼筋混凝土造,104年12月9日,十二層,
RPTSMLNKKIGGFCB97CC,25,23.03,共用部份,鋼筋混凝土造,85年6月12日,十八層,
RPQNMLNKKIGGFHB67CC,8,74.63,集合住宅,鋼筋混凝土造,103年2月24日,十二層,
RPQNMLNKKIGGFHB67CC,8,19.20,梯廳、昇降機道、機電設備空間、梯間、機械室、水箱等６項,鋼筋混凝土造,103年2月24日,十二層,
RPQNMLNKKIGGFHB67CC,8,40.23,防空避難室兼停車空間、停車空間、水箱、機房、台電配電室、梯間、梯廳、昇降機道、門廊、車道、公共服務空間、資源回收室、陽台、雨遮等１４項,鋼筋混凝土造,103年2月24日,十二層,
RPXWNLOKKIGGFBB88CC,30,55.46,住家用,鋼筋混凝土造,81年4月1日,十六層,
RPXWNLOKKIGGFBB88CC,30,21.58,共用部份,鋼筋混凝土造,81年4月1日,十六層,
RPOSMLNKKIGGFCB47CC,19,78.43,住家用,鋼筋混凝土造,92年5月13日,十四層,
RPOSMLNKKIGGFCB47CC,19,28.84,共用,鋼筋混凝土造,92年5月13日,十四層,
RPROOLOKKIGGFBB57CC,39,29.45,住家用,鋼筋混凝土造,72年3月21日,七層,
RPROOLOKKIGGFBB57CC,39,6.10,共用部份,鋼筋混凝土造,72年3月21日,七層,
RPTNMLOKKIGGFCB57CC,23,91.43,住家用,鋼筋混凝土造,87年9月3日,十四層,
RPVNMLOKKIGGFFB08CC,,56.11,集合住宅,鋼筋混凝土造,110年7月17日,十五層,
RPTNMLOKKIGGFCB57CC,23,34.20,共用部份,鋼筋混凝土造,87年9月3日,十四層,
RPVNMLOKKIGGFFB08CC,,8.92,集合住宅,鋼筋混凝土造,110年7月17日,十五層,
RPVNMLOKKIGGFFB08CC,,1.37,集合住宅,鋼筋混凝土造,110年7月17日,十五層,
RPOOMLOKKIGGFCB17CC,12,39.66,住家用,鋼筋混凝土造,98年8月13日,二十六層,
RPVNMLOKKIGGFFB08CC,,32.71,本共有部分之項目有：防空避難室兼停車空間、梯廳、水箱、消防機械室、污水機械室、揚水泵機械室、安全梯、昇降機道、停車空間、台電配電室、發電機械室、電信室、機械室、排煙室、門廳、垃圾資源回收室、管委會使用空間、車道、機車停車空間、戶外安全梯、梯間、水錶室等２２項,鋼筋混凝土造,110年7月17日,十五層,
RPUQMLOKKIGGFCB97CC,25,101.23,集合住宅,鋼筋混凝土造,86年1月18日,二十一層,
RPUQMLOKKIGGFCB97CC,25,46.53,共有部分,鋼筋混凝土造,86年1月18日,二十一層,
RPOOMLOKKIGGFCB17CC,12,3.28,共有,鋼筋混凝土造,98年8月13日,二十六層,
RPOOMLOKKIGGFCB17CC,12,15.60,共有,鋼筋混凝土造,98年8月13日,二十六層,
RPRNMLOKKIGGFHB87CC,27,185.64,住宅　梯間　水塔　儲藏室,鋼筋混凝土造,83年7月12日,三層,
RPWQMLOKKIGGFCB18CC,49,38.96,店舖,筋加強磚造,62年2月26日,二層,
RPRRMLOKKIGGFCB77CC,37,135.68,住家用,加強磚造,73年12月4日,二層,
RPOOMLOKKIGGFHB67CC,1,59.53,集合住宅,鋼筋混凝土造,109年12月8日,十四層,
RPOOMLOKKIGGFHB67CC,1,64.82,本共有部分之項目有防空避難室兼停車空間、樓梯間、昇降機間、車道、污水機房、消防機房、景觀機房、水箱、機房、梯間、排煙室、停車空間、緊急發電機室、電信機房、台電配電室、機車停車區、梯廳、公共服務空間、垃圾集中室、門廳、水錶箱室、電梯機房及公設等２３項,鋼筋混凝土造,109年12月8日,十四層,
RPQQMLOKKIGGFIB18CC,12,91.92,住家用,鋼筋混凝土造,99年3月25日,十四層,
RPQQMLOKKIGGFIB18CC,12,64.24,防空避難室兼停車空間、梯廳、一般安全梯、台電配電室、受電箱、發電機室、儲藏室、電信機房、消防機房、水箱、消防水池、戶外安全梯、廢水池、污水池、污水機房、人行道、門廳、中央管理室、走廊、車道、排煙室、機械室及梯間等２３項,鋼筋混凝土造,99年3月25日,十四層,
RPPOMLOKKIGGFJB97CC,43,92.96,住家用,加強磚造,68年4月30日,二層,
RPWOMLOKKIGGFJB68CC,48,48.52,住家用,磚造,62年12月23日,一層,
RPPQMLPKKIGGFIB18CC,8,82.39,集合住宅,鋼筋混凝土造,102年5月27日,十二層,
RPPQMLPKKIGGFIB18CC,8,64.64,本共有部分之項目有防空避難室兼停車空間、停車空間、樓梯間、昇降機間、梯廳、車道、污水機房、水箱、消防機房、排煙室、機房、台電受電室、電信室、緊急發電機室、梯間、門廳、廣場式開放空間（頂蓋型）、頂蓋型廣場式開放空間兒童遊憩區、外廊、管理室、垃圾集中處、公共服務空間、電梯機房等２３項。,鋼筋混凝土造,102年5月27日,十二層,
RPUOMLPKKIGGFFB18CC,1,86.98,集合住宅,鋼筋混凝土造,109年7月24日,十五層,
RPUOMLPKKIGGFFB18CC,1,31.69,停車空間，汽車坡道，防空避難室兼停車空間等３項。,鋼筋混凝土造,109年7月24日,十五層,
RPUOMLPKKIGGFFB18CC,1,15.18,消防機房，水箱，梯間，污／雨水機房，進風機房，機械室，排風機房，公用水箱揚水機房，機械區，電信機房，公共水箱，台電配電室，發電機室，管委會使用空間，受電區，景觀機房，泳池機房，電表區，機車坡道，防空避難室兼停車空間，梯廳，警衛室，走廊，特別安全梯，游泳池，汽車坡道，大廳等２７項,鋼筋混凝土造,109年7月24日,十五層,
RPOOMLQKKIGGFCB37CC,25,86.63,住家用,鋼筋混凝土造,85年12月9日,十七層,
RPUOMLPKKIGGFFB18CC,1,23.53,排煙室，梯廳兼排煙室，特別安全梯，梯廳，走道，機房，噴灌機房，梯間，電梯機房，消防水箱，水表室，機械室，水箱等１３項,鋼筋混凝土造,109年7月24日,十五層,
RPOOMLQKKIGGFCB37CC,25,72.81,共用部份,鋼筋混凝土造,85年12月9日,十七層,
RPPNMLPKKIGGFHB77CC,29,333.28,農舍,鋼架造,81年8月13日,一層,
RPXPMLPKKIGGFCB28CC,25,89.39,集合住宅,鋼筋混凝土造,85年9月23日,十二層,
RPXPMLPKKIGGFCB28CC,25,48.90,共用部份,鋼筋混凝土造,85年9月23日,十二層,
RPTOMLPKKIGGFFB08CC,15,15.75,住家用,鋼筋混凝土造,96年1月9日,五層,
RPTOMLPKKIGGFFB08CC,15,.48,梯間、水箱,鋼筋混凝土造,96年1月9日,五層,
RPSNMLQKKIGGFCB67CC,26,38.36,住家用,鋼筋混凝土造,84年11月10日,六層,
RPTOMLPKKIGGFFB08CC,15,4.11,住家用,鋼筋混凝土造,96年1月9日,五層,
RPSNMLQKKIGGFCB67CC,26,11.72,共有部分,鋼筋混凝土造,84年11月10日,六層,
RPSNMLQKKIGGFCB67CC,26,2.25,共有部分,鋼筋混凝土造,84年11月10日,六層,
RPSNMLQKKIGGFCB67CC,26,4.47,共有部分,鋼筋混凝土造,84年11月10日,六層,
RPQOMLQKKIGGFCB57CC,29,37.32,住家用,鋼筋混凝土造,82年2月12日,七層,
RPQOMLQKKIGGFCB57CC,29,6.49,共用部份,鋼筋混凝土造,82年2月12日,七層,
RPUOMLQKKIGGFCB97CC,6,364.08,辦公事務所及工商服務業,鋼骨鋼筋混凝土造,104年9月24日,三十四層,
RPUOMLQKKIGGFCB97CC,6,93.03,本共有部分係依使用執照之建築物概要表記載項目有：樓梯間、車道、門廳、梯廳、管委會使用空間、排煙室、防災中心、雨水回收水箱、電梯機房、中繼機房、機械室、水錶室等１２項,鋼骨鋼筋混凝土造,104年9月24日,三十四層,
RPUOMLQKKIGGFCB97CC,6,44.65,本共有部分係依使用執照之建築物概要表記載項目有：停車空間、梯廳、水箱、排煙室、消防機房、污水機房、車道、樓梯間、機車停車空間、中繼機房、電信室、防空避難室兼（機車、汽車）停車空間、發電機室、垃圾回收區、台電配電室、電錶室等１６項,鋼骨鋼筋混凝土造,104年9月24日,三十四層,
RPPQMLQKKIGGFCB67CC,4,144.91,辦公室〈辦公事務所及工商服務業〉,鋼骨鋼筋混凝土造,107年1月31日,三十五層,
RPPQMLQKKIGGFCB67CC,4,50.98,本共有部分係依使用執照之建築物概要表記載項目有：機械室、門廳、外廊、電梯、電扶梯間、梯廳、排煙室、樓梯間、緊急升降機電梯、行動不便電梯、防災中心、水箱、中繼機房、儲藏室、管委會使用空間、電梯機房、水錶室１７項。,鋼骨鋼筋混凝土造,107年1月31日,三十五層,
RPXRMLQKKIGGFCB58CC,17,82.16,住家用,ＲＣ造,94年1月17日,十四層,
RPXRMLQKKIGGFCB58CC,17,55.33,共用,ＲＣ造,94年1月17日,十四層,
RPURMLQKKIGGFCB28CC,24,23.14,住家用,鋼筋混凝土造,87年4月21日,五層,
RPURMLQKKIGGFCB28CC,24,14.41,共有部分,鋼筋混凝土造,87年4月21日,五層,
RPPQMLQKKIGGFCB67CC,4,45.08,本共有部分係依使用執照之建築物概要表記載項目有：停車空間、消房機房、水箱、車道、梯廳、排煙室、樓梯間、緊急升降電梯、行動不便電梯、電信室、機械室、防空避難室兼停車空間、台電配電室、發電機房、電錶區、消防中繼機房、消防中繼水箱、垃圾集中處、緊急升降機電梯等１９項。,鋼骨鋼筋混凝土造,107年1月31日,三十五層,
RPRRMLQKKIGGFCB97CC,26,95.52,住家用,鋼筋混凝土造,84年10月24日,二十五層,
RPRRMLQKKIGGFCB97CC,26,26.47,共有部分,鋼筋混凝土造,84年10月24日,二十五層,
RPRRMLQKKIGGFCB97CC,26,5.56,共有部分,鋼筋混凝土造,84年10月24日,二十五層,
RPRRMLQKKIGGFCB97CC,26,1.41,共有部分,鋼筋混凝土造,84年10月24日,二十五層,
RPRRMLQKKIGGFCB97CC,26,15.07,共有部分,鋼筋混凝土造,84年10月24日,二十五層,
RPQQMLQKKIGGFCB77CC,4,167.03,辦公室〈辦公事務所及工商服務業〉,鋼骨鋼筋混凝土造,107年1月31日,三十五層,
RPQQMLQKKIGGFCB77CC,4,58.69,本共有部分係依使用執照之建築物概要表記載項目有：機械室、門廳、外廊、電梯、電扶梯間、梯廳、排煙室、樓梯間、緊急升降機電梯、行動不便電梯、防災中心、水箱、中繼機房、儲藏室、管委會使用空間、電梯機房、水錶室１７項。,鋼骨鋼筋混凝土造,107年1月31日,三十五層,
RPQQMLQKKIGGFCB77CC,4,51.71,本共有部分係依使用執照之建築物概要表記載項目有：停車空間、消房機房、水箱、車道、梯廳、排煙室、樓梯間、緊急升降電梯、行動不便電梯、電信室、機械室、防空避難室兼停車空間、台電配電室、發電機房、電錶區、消防中繼機房、消防中繼水箱、垃圾集中處、緊急升降機電梯等１９項。,鋼骨鋼筋混凝土造,107年1月31日,三十五層,
RPXQMLQKKIGGFCB48CC,11,190.47,辦公室,鋼骨造,99年6月4日,三十八層,
RPXQMLQKKIGGFCB48CC,11,78.44,本共有部分之項目有排煙室、特別安全梯、垃圾儲藏室、台電配電室專用通道、台電配電室管道間、梯廳、安全梯、中繼自來水箱、消防中繼連結泵浦室、機械室、機械房、電梯機房、蓄水池、水表室、水箱、陽台、廁所、男廁、女廁、挑高大廳、消防泵浦室、台電配電室、管理辦公室、排煙室兼梯廳等二十四項。,鋼骨造,99年6月4日,三十八層,
RPXQMLQKKIGGFCB48CC,11,16.49,本共有部分之項目有地下室排氣機房、地下室進氣管道、汽車車道、機車車道、排煙室、特別安全梯、網路ＵＰＳ機房、電梯機坑、安全梯、貨梯梯間、中庭水池機房、防空避難室兼地下停車空間、蓄水池、防災中心、電梯梯廳、緊急發電機室、台電配電室、電信機房、地下停車空間、汙廢水機房、消防機械室等二十一項。,鋼骨造,99年6月4日,三十八層,
RPXQMLQKKIGGFCB48CC,11,30.39,本共有部分之項目有梯廳等１項。,鋼骨造,99年6月4日,三十八層,
RPSRMLQKKIGGFCB08CC,25,82.49,集合住宅,鋼筋混凝土造,85年6月15日,十二層,
RPSRMLQKKIGGFCB08CC,25,48.84,共同使用,鋼筋混凝土造,85年6月15日,十二層,
RPSNMLQKKIGGFFB97CC,,58.04,集合住宅,鋼筋混凝土造,110年6月17日,十一層,
RPSNMLQKKIGGFFB97CC,,38.24,發電機房、消防機房、電信室、台電配電場所、梯廳、安全梯間、昇降機道、防空避難室兼停車空間、管理委員會使用空間、守衛室、門廊、樓梯間、電梯間、機房、水箱,鋼筋混凝土造,110年6月17日,十一層,
RPRNMLQKKIGGFHB08CC,,17.37,集合住宅,鋼筋混凝土造,110年6月16日,五層,
RPRNMLQKKIGGFHB08CC,,10.10,本共有部分之項目有人行道、停車空間及樓梯間等３項,鋼筋混凝土造,110年6月16日,五層,
RPWNMLQKKIGGFFB38CC,15,15.75,住家用,鋼筋混凝土造,96年1月9日,五層,
RPRNMLQKKIGGFKB38CC,28,85.48,住家用,鋼筋混凝土造,82年8月2日,六層,
RPWNMLQKKIGGFFB38CC,15,.62,梯間、水箱,鋼筋混凝土造,96年1月9日,五層,
RPRNMLQKKIGGFKB38CC,28,34.43,水箱、蓄水池、防空避難室、機械室、管理員室、梯間、停車空間,鋼筋混凝土造,82年8月2日,六層,
RPWNMLQKKIGGFFB38CC,15,4.63,住家用,鋼筋混凝土造,96年1月9日,五層,
RPPOMLQKKIGGFFB77CC,1,50.35,集合住宅,鋼筋混凝土造,110年3月2日,九層,
RPPOMLQKKIGGFFB77CC,1,33.31,防空避難兼停車空間、台電受電室、電信室、發電機房、消防機械室、汙水機房、水箱、昇降機梯間、公共服務空間、門廳、垃圾集中處、管理委員會使用空間、樓梯間、水錶間、機械室、水箱間,鋼筋混凝土造,110年3月2日,九層,
RPXNMLQKKIGGFKB98CC,5,148.28,集合住宅,鋼筋混凝土造,105年6月28日,九層,
RPWNMLQKKIGGFKB88CC,29,87.21,住家用,鋼筋混凝土造,81年8月10日,九層,
RPQOMLQKKIGGFIB18CC,33,153.58,店住宅、梯間、水箱,加強磚造,78年1月20日,二層,
RPQOMLQKKIGGFJB28CC,16,48.07,人行道、店舖、住宅、停車空間,鋼筋混凝土造,94年10月14日,四層,
RPWNMLQKKIGGFCB18DC,6,208.47,集合住宅,鋼骨鋼筋混凝土造,105年1月27日,三十五層,
RPTNMLQKKIGGFJB58DC,28,22.06,集合住宅,鋼筋混凝土造,82年12月31日,十二層,
RPTNMLQKKIGGFJB58DC,28,9.65,共有部分,鋼筋混凝土造,82年12月31日,十二層,
RPUNMLQKKIGGFJB68DC,29,40.57,集合住宅,鋼筋混凝土造,82年4月15日,七層,
RPUNMLQKKIGGFJB68DC,29,18.68,共有部分,鋼筋混凝土造,82年4月15日,七層,
RPTOMLRKKIGGFAB77CC,28,24.58,住家用,鋼筋混凝土造,82年7月10日,七層,
RPTOMLRKKIGGFAB77CC,28,7.84,共有部份,鋼筋混凝土造,82年7月10日,七層,
RPXOMLRKKIGGFIB98CC,27,62.13,集合住宅,鋼筋混凝土造,83年7月9日,八層,
RPTNMLRKKIGGFJB58CC,8,66.80,集合住宅,鋼筋混凝土造,102年7月18日,十四層,
RPXOMLRKKIGGFIB98CC,27,10.76,共有部分,鋼筋混凝土造,83年7月9日,八層,
RPTNMLRKKIGGFJB58CC,8,65.81,共有部分（停車空間、樓梯間、昇降機間、污水機房、消防機房、梯廳、車道、電信室、水箱、防空避難室兼停車空間、緊急發電機室、台電配電室、垃圾集中處、受電箱室、機房、門廳、門廊、基地內通路、開放空間、公共服務空間、環保室、機車停車區、游泳池、電梯機房）,鋼筋混凝土造,102年7月18日,十四層,
RPTPMLRKKIGGFAB87CC,4,42.59,集合住宅,鋼筋混凝土造,106年5月25日,十二層,
RPTPMLRKKIGGFAB87CC,4,58.91,本共有部分係依使用執照之建築概要表記載項目有：停車空間、排煙室、昇降機間、樓梯間、車道、污水機房、消防機房、水箱、電信室、防空避難室兼停車空間、緊急發電機室、機房、台電配電室、機車停車區、梯廳、門廳、外廊、資源回收室、頂蓋型開放空間、梯間、公共服務空間、水錶箱室、電梯機房等共２３項,鋼筋混凝土造,106年5月25日,十二層,
RPRNMLRKKIGGFIB28CC,28,80.64,人行道、店舖,鋼筋混凝土造,82年8月13日,七層,
RPRNMLRKKIGGFIB28CC,28,20.12,共有部份,鋼筋混凝土造,82年8月13日,七層,
RPUOMLRKKIGGFAB87CC,39,48.20,商業用,鋼筋混凝土造,72年5月9日,八層,
RPUPMLRKKIGGFAB97CC,16,74.19,集合住宅,鋼筋混凝土造,94年8月8日,十二層,
RPUPMLRKKIGGFAB97CC,16,23.58,共用,鋼筋混凝土造,94年8月8日,十二層,
RPUPMLRKKIGGFAB97CC,16,14.13,共用,鋼筋混凝土造,94年8月8日,十二層,
RPUPMLRKKIGGFCB18CC,31,155.85,商業用,鋼筋混凝土造,79年10月22日,六層,
RPUPMLRKKIGGFCB18CC,31,34.91,共有部份,鋼筋混凝土造,79年10月22日,六層,
RPWNMLRKKIGGFCB18CC,6,178.59,辦公事務所及工商服務業,鋼骨鋼筋混凝土造,104年9月24日,三十四層,
RPWNMLRKKIGGFCB18CC,6,45.63,本共有部分係依使用執照之建築物概要表記載項目有：樓梯間、車道、門廳、梯廳、管委會使用空間、排煙室、防災中心、雨水回收水箱、電梯機房、中繼機房、機械室、水錶室等１２項,鋼骨鋼筋混凝土造,104年9月24日,三十四層,
RPWNMLRKKIGGFCB18CC,6,55.43,本共有部分係依使用執照之建築物概要表記載項目有：停車空間、梯廳、水箱、排煙室、消防機房、污水機房、車道、樓梯間、機車停車空間、中繼機房、電信室、防空避難室兼（機車、汽車）停車空間、發電機室、垃圾回收區、台電配電室、電錶室等１６項,鋼骨鋼筋混凝土造,104年9月24日,三十四層,
RPVPMLRKKIGGFAB08CC,9,64.28,集合住宅,鋼筋混凝土造,102年2月5日,十層,
RPVPMLRKKIGGFAB08CC,9,27.75,本共有部份係依使用執照之建築概要表記載項目有：台電受電室、防空避難室兼停車空間、管委會使用空間、公共遊憩設施空間、開放空間、門廳、梯間、水錶箱、機房、機械室及水箱、管委會健身室、頂蓋型廣場式開放空間、管理員室等１４項,鋼筋混凝土造,102年2月5日,十層,
RPPOMLRKKIGGFCB57CC,9,102.77,辦公室〈第１２組〉、機械室,鋼骨鋼筋混凝土造,101年12月19日,二十九層,
RPVPMLRKKIGGFAB08CC,9,12.03,本共有部份係依使用執照之建築概要表記載項目有：梯廳及梯間等２項,鋼筋混凝土造,102年2月5日,十層,
RPPOMLRKKIGGFCB57CC,9,67.87,本共有部分係依使用執照之建築概要表記載項目有：防空避難室兼停車空間、停車空間、電信室、台電配電室、雨水回收池、門廳、排煙室、機械室、水箱、污水機械室、消防機械室、梯廳、緊急發電機室、垃圾處理場、台電配電室專用管道間、梯間、管道間、車道、防災中心、機車停車空間、台電受電箱機房、中繼水箱、管委會使用、電梯機房、管委會、門廊、男廁、女廁、頂蓋型開放空間、造型牆等３０項。,鋼骨鋼筋混凝土造,101年12月19日,二十九層,
RPQOMLRKKIGGFCB67CC,5,129.85,辦公室辦公事務所及工商服務業,鋼筋混凝土造,106年3月21日,二十八層,
RPQOMLRKKIGGFCB67CC,5,92.22,本共有部份係依使用執照之建築概要表記載項目有：停車空間、車道、消防機房、雨水機房、安全梯、梯廳、昇降機、清水池、防空避難室兼停車空間、電信室、發電機室、機械室、昇降機坑、台電配電室、景觀噴灌機房、垃圾室、雨水回收池、緊急昇降機、排煙室、外廊、門廳、防災中心、特別安全梯、機電設備空間、管委會使用空間、廁所、中繼機械室、梯間、水箱等２９項,鋼筋混凝土造,106年3月21日,二十八層,
RPOOMLRKKIGGFCB47CC,8,168.37,辦公事務所及工商服務業,鋼骨鋼筋混凝土造,103年4月3日,三十六層,
RPOOMLRKKIGGFCB47CC,8,50.19,本共有部分之項目有：梯廳、排煙室、樓梯間、門廳、防災中心、管委會使用空間、汽車車道、發電機室、中繼機房、電梯機房、水錶室、機械室、子母水箱等１３項,鋼骨鋼筋混凝土造,103年4月3日,三十六層,
RPOOMLRKKIGGFCB47CC,8,53.60,本共有部分之項目有：梯廳、停車空間、水箱、消防機房、污水機房、排煙室、樓梯間、汽車車道、車道、防空避難室兼機車停車空間、儲藏室、電錶室、機車停車空間、台電配電室、電信室、中繼機房、雨水回收水箱等１７項。,鋼骨鋼筋混凝土造,103年4月3日,三十六層,
RPPRMLRKKIGGFCB87CC,27,20.35,住家用,鋼筋混凝土造,83年8月19日,十二層,
RPPRMLRKKIGGFCB87CC,27,7.70,共有部分,鋼筋混凝土造,83年8月19日,十二層,
RPOQMLRKKIGGFCB67CC,24,29.64,住家用,鋼筋混凝土造,87年4月21日,五層,
RPOQMLRKKIGGFCB67CC,24,19.75,共有部分,鋼筋混凝土造,87年4月21日,五層,
RPVNMLRKKIGGFBB97CC,28,90.84,住家用,鋼筋混凝土造,83年4月15日,十六層,
RPVNMLRKKIGGFBB97CC,28,21.04,共有部份,鋼筋混凝土造,83年4月15日,十六層,
RPWNMLRKKIGGFBB08CC,14,59.91,住家用,鋼筋混凝土造,96年8月29日,十五層,
RPWNMLRKKIGGFBB08CC,14,25.73,共有部份,鋼筋混凝土造,96年8月29日,十五層,
RPUQMLRKKIGGFCB28CC,29,116.11,辦公室,鋼骨造,81年7月1日,二十八層,
RPQPMLRKKIGGFBB67CC,23,20.77,住家用,鋼筋混凝土造,87年7月4日,十二層,
RPUQMLRKKIGGFCB28CC,29,54.19,共有部份,鋼骨造,81年7月1日,二十八層,
RPQPMLRKKIGGFBB67CC,23,6.32,共用部份,鋼筋混凝土造,87年7月4日,十二層,
RPOOMLKLKIGGFFB17CC,1,100.89,集合住宅,鋼筋混凝土造,109年10月14日,十五層,
RPOOMLKLKIGGFFB17CC,1,78.81,停車空間、樓梯間、昇降機間、排煙室、消防機房、污水處理機房、水箱、機車停車區、防空避難室兼停車空間、機房、台電配電室、緊急發電機室、電信室、水錶箱室、垃圾集中室、門廳、梯廳、梯間、電梯機房、車道、管委會空間（儲藏室）、管委會空間（會議室）等２２項,鋼筋混凝土造,109年10月14日,十五層,
RPPNMLSKKIGGFKB38CC,26,115.52,住家用,鋼筋混凝土造,84年12月21日,四層,
RPVNMLKLKIGGFCB47CC,33,11.00,商業用,鋼筋混凝土造,77年7月27日,五層,
RPSQMLKLKIGGFCB47CC,41,116.54,住商用,加強磚造,69年7月30日,二層,
RPPSMLLLKIGGFCB47CC,12,45.25,住家用,鋼筋混凝土造,98年8月13日,二十六層,
RPPSMLLLKIGGFCB47CC,12,3.80,共有,鋼筋混凝土造,98年8月13日,二十六層,
RPPSMLLLKIGGFCB47CC,12,17.80,共有,鋼筋混凝土造,98年8月13日,二十六層,
RPUSMLLLKIGGFCB97CC,12,62.88,住家用,鋼筋混凝土造,98年8月13日,十八層,
RPUSMLLLKIGGFCB97CC,12,5.50,共有,鋼筋混凝土造,98年8月13日,二十六層,
RPUSMLLLKIGGFCB97CC,12,23.70,共有,鋼筋混凝土造,98年8月13日,二十六層,
RPVTMLLLKIGGFCB18CC,28,109.39,住家用,鋼筋混凝土造,82年11月18日,十四層,
RPVTMLLLKIGGFCB18CC,28,33.69,共有部份,鋼筋混凝土造,82年11月18日,十四層,
RPUPNLLLKIGGFCB77CC,26,31.14,住家用,鋼筋混凝土造,84年11月7日,八層,
RPUPNLLLKIGGFCB77CC,26,11.86,共有部份,鋼筋混凝土造,84年11月7日,八層,
RPPNNLLLKIGGFCB07CC,11,67.05,住家用,鋼筋混凝土造,99年11月19日,二十四層,
RPPNNLLLKIGGFCB07CC,11,52.68,本共有部分之項目有停車空間、消防機房、污水機房、揚水機房、水箱、排煙室、梯廳、樓梯間、昇降機間、防空避難室兼停車空間、防災中心、台電配電室、電信室、緊急發電機房、電錶箱室、門廳、管委會空間、中繼機房、屋頂平台、電梯機房、機房等二十一項,鋼筋混凝土造,99年11月19日,二十四層,
RPPONLLLKIGGFCB17CC,25,89.39,集合住宅,鋼筋混凝土造,85年6月15日,十二層,
RPPONLLLKIGGFCB17CC,25,48.84,共有部份,鋼筋混凝土造,85年6月15日,十二層,
RPRTNLLLKIGGFCB87CC,31,164.86,住家用,鋼筋混凝土造,79年11月20日,十五層,
RPRTNLLLKIGGFCB87CC,31,23.03,共用部份,鋼筋混凝土造,79年11月20日,十五層,
RPXOMLLLKIGGFBB77CC,8,177.99,停車空間、住宅、樓梯間,鋼筋混凝土造,102年10月16日,四層,
RPTTNLLLKIGGFCB08CC,27,63.64,住家用,鋼筋混凝土造,83年9月23日,十七層,
RPTTNLLLKIGGFCB08CC,27,17.06,共用部份,鋼筋混凝土造,83年9月23日,十七層,
RPORMLLLKIGGFBB17CC,27,53.47,商業用,鋼筋混凝土造,84年5月2日,十二層,
RPORMLLLKIGGFBB17CC,27,10.48,共有部份,鋼筋混凝土造,84年5月2日,十二層,
RPQOMLLLKIGGFKB97CC,41,61.75,住家用,加強磚造,69年12月29日,一層,
RPRNMLMLKIGGFKB18DC,6,39.12,工廠,鋼骨鋼筋混凝土造,105年3月23日,一層,
RPRNMLMLKIGGFKB18DC,6,12.93,工廠,鋼骨鋼筋混凝土造,105年3月23日,一層,
RPRNMLMLKIGGFKB18DC,6,952.88,工廠,鋼骨鋼筋混凝土造,105年3月23日,一層,
RPRNMLMLKIGGFKB18DC,6,13.65,工廠,鋼骨鋼筋混凝土造,105年3月23日,一層,
RPRNMLMLKIGGFKB18DC,6,175.97,工廠,鋼骨鋼筋混凝土造,105年3月23日,一層,
RPQNMLMLKIGGFFB47CC,15,15.75,住家用,鋼筋混凝土造,96年1月9日,五層,
RPQNMLMLKIGGFFB47CC,15,.57,梯間、水箱,鋼筋混凝土造,96年1月9日,五層,
RPQNMLMLKIGGFFB47CC,15,4.47,住家用,鋼筋混凝土造,96年1月9日,五層,
RPRNMLMLKIGGFFB57CC,15,15.75,住家用,鋼筋混凝土造,96年1月9日,五層,
RPRNMLMLKIGGFFB57CC,15,.48,梯間、水箱,鋼筋混凝土造,96年1月9日,五層,
RPRNMLMLKIGGFFB57CC,15,4.11,住家用,鋼筋混凝土造,96年1月9日,五層,
RPTNMLMLKIGGFFB77CC,2,89.71,集合住宅,鋼筋混凝土造,109年1月10日,十五層,
RPTNMLMLKIGGFFB77CC,2,75.97,停車空間、樓梯間、昇降機間、排煙室、水箱、污水機房、消防機房、車道、機房、電信室、緊急發電機室、防空避難室兼停車空間、台電配電室、機車停車區、梯廳、垃圾集中室、管委會使用空間、門廳、外廊、電梯機房、梯間。,鋼筋混凝土造,109年1月10日,十五層,
RPVNMLLLKIGGFJB28CC,28,76.88,集合住宅,鋼筋混凝土造,82年10月26日,九層,
RPVNMLLLKIGGFJB28CC,28,50.25,避難室、停車空間、人行道、集合住宅、店舖、梯間、機械室、水箱,鋼筋混凝土造,82年10月26日,九層,
RPVOMLMLKIGGFFB08CC,7,254.27,住宅、停車空間、儲藏室、樓梯間,鋼筋混凝土造,103年8月14日,四層,
RPUNMLMLKIGGFHB08CC,,17.76,集合住宅,鋼筋混凝土造,110年6月16日,五層,
RPUNMLMLKIGGFHB08CC,,10.33,本共有部分之項目有人行道、停車空間及樓梯間等３項,鋼筋混凝土造,110年6月16日,五層,
RPOPMLMLKIGGFFB47CC,1,88.64,集合住宅,鋼筋混凝土造,109年10月14日,十五層,
RPOPMLMLKIGGFFB47CC,1,73.29,停車空間、樓梯間、昇降機間、排煙室、消防機房、污水處理機房、水箱、機車停車區、防空避難室兼停車空間、機房、台電配電室、緊急發電機室、電信室、水錶箱室、垃圾集中室、門廳、梯廳、梯間、電梯機房、車道、管委會空間（儲藏室）、管委會空間（會議室）等２２項,鋼筋混凝土造,109年10月14日,十五層,
RPPPMLMLKIGGFCB27CC,26,30.31,住家用,鋼筋混凝土造,84年6月21日,八層,
RPPPMLMLKIGGFCB27CC,26,9.27,共有部份,鋼筋混凝土造,84年6月21日,八層,
RPSQMLMLKIGGFAB47CC,38,54.61,住家用,鋼筋混凝土造,72年8月19日,十五層,
RPSQMLMLKIGGFAB47CC,38,26.48,共有部份,鋼筋混凝土造,72年8月19日,十五層,
RPQOMLMLKIGGFBB17CC,6,68.06,店鋪、辦公室,鋼筋混凝土造,104年12月28日,十四層,
RPQOMLMLKIGGFBB17CC,6,17.82,本共有部份係依使用執照之建築概要表記載項目有停車空間，一般安全梯，緊急昇降機，消防機房，機械室，太陽能設備室，防空避難室兼停車空間，台電配電室，緊急發電機室，電信機房，頂蓋型開放空間，門廳，公共服務空間，車道，景觀機房，管委會使用空間，梯廳，排煙室，水箱，泳池設備機房，電錶室，坡道，雨水回收機房，資源回收室，公共管道間：等２５項。,鋼筋混凝土造,104年12月28日,十四層,
RPQOMLMLKIGGFBB17CC,6,2.57,本共有部份係依使用執照之建築概要表記載項目有：緊急昇降機，排煙室，梯廳，水箱，電梯機房，水錶室，太陽能設備室，一般安全梯等８項。,鋼筋混凝土造,104年12月28日,十四層,
RPVRMLMLKIGGFCB08CC,25,82.49,集合住宅,鋼筋混凝土造,85年9月23日,十二層,
RPVRMLMLKIGGFCB08CC,25,48.90,共用部份,鋼筋混凝土造,85年9月23日,十二層,
RPVOMLMLKIGGFCB77CC,24,16.15,住家用,鋼筋混凝土造,87年4月28日,十四層,
RPVOMLMLKIGGFCB77CC,24,9.58,共用部份,鋼筋混凝土造,87年4月28日,十四層,
RPOSMLMLKIGGFCB47CC,4,51.00,集合住宅,鋼筋混凝土造,107年1月29日,十二層,
RPOSMLMLKIGGFCB47CC,4,16.41,本共有部份係依使用執照之建築概要表記載項目有：管委會使用空間、行動不便電梯、電梯、樓梯間、排煙室、梯廳、門廳、緊急升降電梯、外廊、管道間、水錶室、機械室、子母水箱等１３項。,鋼筋混凝土造,107年1月29日,十二層,
RPOSMLMLKIGGFCB47CC,4,40.62,本共有部份係依使用執照之建築概要表記載項目有：梯廳、停車空間、消防機房、樓梯間、行動不便電梯、電梯、雨水汙水機械室、水箱、車道、陸上型揚水泵、泳池水箱、機械室、電信室、機房、防空避難室兼停車空間、機車停車空間、垃圾集中室、台電配電室、電錶室、受電室、發電機室等２１項。,鋼筋混凝土造,107年1月29日,十二層,
RPQSMLMLKIGGFCB67CC,27,16.56,住家用,鋼筋混凝土造,83年6月4日,七層,
RPQSMLMLKIGGFCB67CC,27,8.07,共用部份,鋼筋混凝土造,83年6月4日,七層,
RPSOMLNLKIGGFCB57CC,26,82.49,集合住宅,鋼筋混凝土造,85年6月15日,十二層,
RPSOMLNLKIGGFCB57CC,26,48.84,共同使用,鋼筋混凝土造,85年6月15日,十二層,
RPPRMLNLKIGGFCB57CC,28,42.97,住家用,鋼筋混凝土造,82年10月19日,五層,
RPRRMLNLKIGGFCB77CC,30,20.93,住家用,鋼筋混凝土造,80年9月11日,十二層,
RPPQMLNLKIGGFCB47CC,26,68.61,住家用,鋼筋混凝土造,84年7月14日,十層,
RPRRMLNLKIGGFCB77CC,30,9.71,共有部份,鋼筋混凝土造,80年9月11日,十二層,
RPPQMLNLKIGGFCB47CC,26,21.90,共有部份,鋼筋混凝土造,84年7月14日,十層,
RPVRMLNLKIGGFCB18CC,24,25.32,住家用,鋼筋混凝土造,87年4月21日,五層,
RPVRMLNLKIGGFCB18CC,24,17.62,共用部份,鋼筋混凝土造,87年4月21日,五層,
RPWRMLNLKIGGFCB28CC,27,87.49,住家用,鋼筋混凝土造,83年12月5日,十四層,
RPWRMLNLKIGGFCB28CC,27,29.25,共用部份,鋼筋混凝土造,83年12月5日,十四層,
RPPSMLNLKIGGFCB67CC,29,73.81,住家用,鋼筋混凝土造,81年7月28日,六層,
RPPSMLNLKIGGFCB67CC,29,6.52,共用部份,鋼筋混凝土造,81年7月28日,六層,
RPPSMLNLKIGGFCB67CC,29,9.57,共用部份,鋼筋混凝土造,81年7月28日,六層,
RPTOMLNLKIGGFBB57CC,27,90.74,住家用,鋼筋混凝土造,83年8月24日,十七層,
RPTOMLNLKIGGFBB57CC,27,42.64,共有部分,鋼筋混凝土造,83年8月24日,十七層,
RPOSMLNLKIGGFCB57CC,28,67.61,住家用,鋼筋混凝土造,83年4月26日,十二層,
RPOSMLNLKIGGFCB57CC,28,18.57,共用部份,鋼筋混凝土造,83年4月26日,十二層,
RPSPMLNLKIGGFBB57CC,30,168.11,商業用,鋼筋混凝土造,80年12月24日,十二層,
RPVNMLNLKIGGFHB28CC,22,60.12,住家用,鋼筋混凝土造,88年9月15日,十三層,
RPWOMLNLKIGGFBB87CC,14,85.27,住家用,鋼筋混凝土造,97年1月22日,十五層,
RPVNMLNLKIGGFHB28CC,22,23.21,共用部份,鋼筋混凝土造,88年9月15日,十三層,
RPWOMLNLKIGGFBB87CC,14,17.79,共有部份,鋼筋混凝土造,97年1月22日,十五層,
RPVNMLNLKIGGFHB28CC,22,13.04,共用部份,鋼筋混凝土造,88年9月15日,十三層,
RPWOMLNLKIGGFBB87CC,14,42.29,共有部份,鋼筋混凝土造,97年1月22日,十五層,
RPSOMLNLKIGGFFB87CC,32,155.16,住商用,鋼筋混凝土造,79年3月10日,三層,
RPPOMLNLKIGGFFB57CC,15,15.75,住家用,鋼筋混凝土造,96年1月9日,五層,
RPPOMLNLKIGGFFB57CC,15,.42,梯間、水箱,鋼筋混凝土造,96年1月9日,五層,
RPPOMLNLKIGGFFB57CC,15,3.84,住家用,鋼筋混凝土造,96年1月9日,五層,
RPTQMLNLKIGGFCB97DC,27,26.65,住商用,鋼筋混凝土造,83年11月11日,八層,
RPSQMLNLKIGGFCB87DC,27,24.79,店舖、人行道、集合住宅,鋼筋混凝土造,83年11月11日,八層,
RPWPMLNLKIGGFIB68CC,28,74.45,集合住宅,鋼筋混凝土造,82年9月15日,十四層,
RPWPMLNLKIGGFIB68CC,28,21.00,共有部份,鋼筋混凝土造,82年9月15日,十四層,
RPPOMLOLKIGGFIB97CC,41,102.88,住商用,加強磚造,70年4月30日,二層,
RPQNMLNLKIGGFKB08CC,5,64.25,集合住宅,鋼筋混凝土造,105年6月28日,九層,
RPQNMLNLKIGGFKB08CC,5,22.63,本共有部分之項目有停車空間、梯廳、排煙室、甲梯乙梯﹝戶外安全梯﹞、門廳、行動不便樓梯、緊急昇降機、一般昇降機﹝行動不便﹞、管委會空間、甲梯、乙梯、樓梯間、丙梯、水錶室、機械室、水箱等１６項。,鋼筋混凝土造,105年6月28日,九層,
RPQNMLNLKIGGFKB08CC,5,4.73,本共有部分之項目有防空避難室兼停車空間、梯間、發電機室、消防機房、污水機房、電信室、台電配電室、污水設備、車道、水箱、乙梯﹝行動不便樓梯﹞、一般昇降機﹝行動不便﹞、廢水池等１３項。,鋼筋混凝土造,105年6月28日,九層,
RPRNMLOLKIGGFKB28CC,42,126.42,住商用,加強磚造,69年1月15日,二層,
RPVPMLOLKIGGFIB68CC,1,71.16,集合住宅,鋼筋混凝土造,110年4月26日,十五層,
RPVPMLOLKIGGFIB68CC,1,45.94,本共有部分之項目有防空避難室兼停車空間．安全梯．消防機房．無障礙電梯．機房．梯廳．水箱．停車空間．電信機房．台電配電室．台電通道．發電機房．管委會使用空間．機車停車位．排煙室．垃圾暫存室．車道．梯間．門廊．機車停車空間等２０項。,鋼筋混凝土造,110年4月26日,十五層,
RPOPMLOLKIGGFIB97CC,41,80.90,集合住宅,鋼筋混凝土造,69年11月6日,四層,
RPTQMLOLKIGGFFB28CC,7,74.39,集合住宅,鋼筋混凝土造,104年1月12日,七層,
RPTQMLOLKIGGFFB28CC,7,66.04,防空避難室兼停車空間、消防機械室、清水池、停車空間、發電機室、電信室、台電配電室、管委會使用空間、社區管理室、門廳、梯廳、游泳池、樓梯間、機械室、水箱,鋼筋混凝土造,104年1月12日,七層,
RPQPMLOLKIGGFIB18CC,29,92.30,集合住宅,鋼筋混凝土造,82年6月7日,十二層,
RPQPMLOLKIGGFIB18CC,29,11.05,集合住宅,鋼筋混凝土造,82年6月7日,十二層,
RPVNMLOLKIGGFHB38CC,28,46.43,住家用,鋼筋混凝土造,82年7月30日,十三層,
RPWNMLOLKIGGFKB78CC,42,126.42,住商用,加強磚造,69年1月15日,二層,
RPVNMLOLKIGGFHB38CC,28,19.34,共有部份,鋼筋混凝土造,82年7月30日,十三層,
RPOOMLOLKIGGFHB77CC,27,101.72,住家用,鋼筋混凝土造,83年10月18日,十四層,
RPOOMLOLKIGGFHB77CC,27,38.80,共有部份,鋼筋混凝土造,83年10月18日,十四層,
RPQQMLOLKIGGFFB97CC,43,54.60,住家用,鋼筋混凝土造,68年4月2日,四層,
RPQQMLOLKIGGFFB97CC,43,2.64,公寓梯間,鋼筋混凝土造,68年4月2日,見使用執照,
RPQQMLOLKIGGFFB97CC,43,2.64,公寓梯間,鋼筋混凝土造,68年4月2日,,
RPQQMLOLKIGGFFB97CC,43,4.16,梯間,鋼筋混凝土造,68年4月2日,,
RPQQMLOLKIGGFFB97CC,43,5.29,公寓梯間,鋼筋混凝土造,68年4月2日,四層,
RPQQMLOLKIGGFFB97CC,43,2.64,公寓梯間,鋼筋混凝土造,68年4月2日,見使用執照,
RPPNMLOLKIGGFDB37CC,61,36.14,住家用,加強磚造,49年8月19日,二層,
RPQNMLOLKIGGFDB47CC,44,94.34,住家用,加強磚造,66年11月18日,二層,
RPPNMLOLKIGGFDB37CC,50,54.42,住家用,加強磚造,60年9月29日,二層,
RPRNMLOLKIGGFDB57CC,40,81.44,住家用,鋼筋混凝土造,70年12月15日,八層,
RPRNMLOLKIGGFDB57CC,40,15.38,共用部份,鋼筋混凝土造,70年12月15日,八層,
RPTNMLOLKIGGFDB77CC,22,51.63,住家用,鋼筋混凝土造,88年9月17日,九層,
RPTNMLOLKIGGFDB77CC,22,17.34,共用部份,鋼筋混凝土造,88年9月17日,九層,
RPVNMLOLKIGGFAB67CC,25,24.38,住家用,鋼骨造,86年1月31日,二十八層,
RPVNMLOLKIGGFAB67CC,25,1.17,共同使用,鋼骨造,86年1月31日,二十八層,
RPVNMLOLKIGGFAB67CC,25,7.45,公共設施,鋼骨造,86年1月31日,二十八層,
RPVNMLOLKIGGFAB67CC,25,4.55,共有部份,鋼骨造,86年1月31日,二十八層,
RPOOMLOLKIGGFAB07CC,33,30.60,住家用,鋼筋混凝土造,78年5月15日,十二層,
RPOOMLOLKIGGFAB07CC,33,8.23,人行道，梯間，電梯，走道，避雷針，水箱,鋼筋混凝土造,78年5月15日,十二層,
RPTNMLOLKIGGFAB47CC,27,28.11,住家用,鋼筋混凝土造,83年12月16日,七層,
RPTNMLOLKIGGFAB47CC,27,5.57,機械室．水箱．梯間,鋼筋混凝土造,83年12月16日,七層,
RPTNMLOLKIGGFAB47CC,27,1.58,共有部份,鋼筋混凝土造,83年12月16日,七層,
RPQOMLOLKIGGFAB27CC,35,28.31,住家用,鋼筋混凝土造,76年5月21日,五層,
RPQOMLOLKIGGFAB27CC,35,2.99,樓梯．電梯．走廊．蓄水池,鋼筋混凝土造,76年5月21日,五層,
RPTOMLOLKIGGFAB57CC,37,310.67,住商用,鋼筋混凝土造,74年4月30日,四層,
RPXOMLOLKIGGFAB97CC,52,58.93,住家用,見其他登記事項,58年10月13日,四層,
RPUOMLOLKIGGFAB67CC,36,80.13,住家用,鋼筋混凝土造,74年8月15日,五層,
RPUOMLOLKIGGFAB67CC,36,10.43,避難室，樓梯間,鋼筋混凝土造,74年8月15日,五層,
RPWOMLOLKIGGFAB87CC,33,34.13,住商用,鋼筋混凝土造,78年4月12日,三層,
RPUPMLOLKIGGFAB77CC,25,94.77,集合住宅,鋼筋混凝土造,85年8月29日,十四層,
RPUPMLOLKIGGFAB77CC,25,45.47,共同使用,鋼筋混凝土造,85年8月29日,十四層,
RPUPMLOLKIGGFAB77CC,25,25.93,共同使用,鋼筋混凝土造,85年8月29日,十四層,
RPSPMLOLKIGGFAB57CC,38,83.59,住家用,鋼筋混凝土造,72年6月23日,五層,
RPRPMLOLKIGGFAB47CC,26,31.37,集合住宅,鋼骨鋼筋混凝土造,85年5月20日,十九層,
RPRPMLOLKIGGFAB47CC,26,1.35,共同使用,鋼骨鋼筋混凝土造,85年5月20日,十九層,
RPRPMLOLKIGGFAB47CC,26,6.02,共同使用,鋼骨鋼筋混凝土造,85年5月20日,十九層,
RPUNMLOLKIGGFBB67CC,25,21.12,住家用,鋼筋混凝土造,85年6月27日,二十四層,
RPUNMLOLKIGGFBB67CC,25,1.85,共有部份,鋼筋混凝土造,85年6月27日,二十四層,
RPUNMLOLKIGGFBB67CC,25,.41,共有部份,鋼筋混凝土造,85年6月27日,二十四層,
RPUNMLOLKIGGFBB67CC,25,.00,共有部份,鋼筋混凝土造,85年6月27日,二十四層,
RPUNMLOLKIGGFBB67CC,25,7.31,共有部份,鋼筋混凝土造,85年6月27日,二十四層,
RPUNMLOLKIGGFBB67CC,25,.00,共有部份,鋼筋混凝土造,85年6月27日,二十四層,
RPUNMLOLKIGGFBB67CC,25,1.23,共有部份,鋼筋混凝土造,85年6月27日,二十四層,
RPTPMLOLKIGGFAB67CC,38,83.59,住家用,鋼筋混凝土造,72年6月23日,五層,
RPSOMLOLKIGGFBB57CC,25,40.35,住家用,鋼筋混凝土造,85年6月27日,二十四層,
RPSOMLOLKIGGFBB57CC,25,3.48,共有部份,鋼筋混凝土造,85年6月27日,二十四層,
RPSOMLOLKIGGFBB57CC,25,.78,共有部份,鋼筋混凝土造,85年6月27日,二十四層,
RPSOMLOLKIGGFBB57CC,25,.00,共有部份,鋼筋混凝土造,85年6月27日,二十四層,
RPSOMLOLKIGGFBB57CC,25,14.14,共有部份,鋼筋混凝土造,85年6月27日,二十四層,
RPSOMLOLKIGGFBB57CC,25,.00,共有部份,鋼筋混凝土造,85年6月27日,二十四層,
RPSOMLOLKIGGFBB57CC,25,2.15,共有部份,鋼筋混凝土造,85年6月27日,二十四層,
RPOQMLOLKIGGFBB37CC,2,63.43,集合住宅,鋼筋混凝土造,108年11月22日,十五層,
RPOQMLOLKIGGFBB37CC,2,63.18,本共有部分係依使用執照之建築概要表記載項目有：防空避難室兼停車空間、消防機械室、機械室、水箱、排煙室、安全梯、停車空間、台電配電室、景觀機房、發電機室、電錶區、管委會使用空間、走廊、管理室、公共服務空間、頂蓋型開放空間、梯廳、昇降機間、垃圾室、機電設備空間、戶外安全梯、梯間、一般安全梯、水錶室等２４項。,鋼筋混凝土造,108年11月22日,十五層,
RPPSMLOLKIGGFBB67CC,30,103.80,住家用,鋼筋混凝土造,80年12月13日,十二層,
RPPSMLOLKIGGFBB67CC,30,4.57,共有部分,鋼筋混凝土造,80年12月13日,十二層,
RPWSMLOLKIGGFBB38CC,50,28.28,住家用,鋼筋混凝土加強磚造,60年12月30日,五層,
RPSNMLOLKIGGFCB57CC,26,93.21,集合住宅,鋼筋混凝土造,85年6月15日,十二層,
RPSNMLOLKIGGFCB57CC,26,49.80,共有部份,鋼筋混凝土造,85年6月15日,十二層,
RPOOMLOLKIGGFCB27CC,25,89.97,住家用,鋼筋混凝土造,85年12月14日,十四層,
RPOOMLOLKIGGFCB27CC,25,29.49,共用部份,鋼筋混凝土造,85年12月14日,十四層,
RPPOMLOLKIGGFCB37CC,37,122.65,住家用,鋼筋混凝土造,73年7月5日,五層,
RPPOMLOLKIGGFCB37CC,37,15.19,共有部份,鋼筋混凝土造,73年7月5日,五層,
RPOPMLOLKIGGFCB37CC,15,31.66,住家用,鋼筋混凝土造,95年11月24日,十四層,
RPOPMLOLKIGGFCB37CC,15,25.96,共用,鋼筋混凝土造,95年11月24日,十四層,
RPTNMLOLKIGGFCB67CC,27,23.71,住家用,鋼筋混凝土造,83年10月3日,七層,
RPTNMLOLKIGGFCB67CC,27,13.24,共有部份,鋼筋混凝土造,83年10月3日,七層,
RPPQMLRLKIGGFCB87CC,27,14.02,住家用,鋼筋混凝土造,83年9月8日,十三層,
RPPQMLRLKIGGFCB87CC,27,7.68,共有部份,鋼筋混凝土造,83年9月8日,十三層,
RPRNMLRLKIGGFCB77CC,15,37.35,住家用,鋼筋混凝土造,95年11月24日,十四層,
RPRNMLRLKIGGFCB77CC,15,16.85,共用,鋼筋混凝土造,95年11月24日,十四層,
RPTNMLRLKIGGFCB97CC,18,63.00,住家用,鋼筋混凝土造,92年7月31日,十三層,
RPTNMLRLKIGGFCB97CC,18,58.89,共有部份,鋼筋混凝土造,92年7月31日,十三層,
RPSPMLOLKIGGFCB77CC,27,75.61,店舖、辦公室,鋼筋混凝土造,83年8月26日,十五層,
RPSSMLRLKIGGFCB38CC,1,58.79,集合住宅,鋼筋混凝土造,109年8月31日,十九層,
RPSSMLRLKIGGFCB38CC,1,36.77,本共有部份係依使用執照之建築概要表記載項目有：停車空間、梯廳、一般安全梯、排煙室、自來水箱、消防機械室、污水機房、機械室、一般升降機、緊急升降機、電信室、消防中繼機房、防空避難室兼停車空間、發電機室、消防中繼水箱、台電配電室、電表室、辦公室、管委會使用空間（辦公室）及（會議室）、垃圾集中處、出入口緩衝空間、外廊、防災中心、安全梯、特別安全梯、車道、管委會使用空間、走廊、機房、水表室、消防水箱等三十一項。,鋼筋混凝土造,109年8月31日,十九層,
RPTSMLRLKIGGFCB48CC,25,54.42,辦公室,鋼筋混凝土造,85年9月3日,十五層,
RPTSMLRLKIGGFCB48CC,25,40.81,共用部份,鋼筋混凝土造,85年9月3日,十五層,
RPWNMLRLKIGGFBB18CC,30,168.11,商業用,鋼筋混凝土造,80年12月24日,十二層,
RPTPMLOLKIGGFCB87CC,3,58.30,集合住宅,鋼筋混凝土造,108年6月11日,十一層,
RPTPMLOLKIGGFCB87CC,3,30.04,本共有部分係依使用執照之建築概要表記仔項目有：停車空間、樓電梯間、梯廳、消防機房、水箱、防空避難室兼停車空間、台電配電室、發電機室、電信室、管委會空間、梯廳兼走廊、儲藏室、機械室、戶外安全梯等１４項。,鋼筋混凝土造,108年6月11日,十一層,
RPSPMLRLKIGGFBB97CC,38,94.60,住家用,鋼筋混凝土造,72年6月22日,五層,
RPSPMLRLKIGGFBB97CC,38,8.58,共有部份,鋼筋混凝土造,72年6月22日,五層,
RPVPMLRLKIGGFBB28CC,29,66.11,住家用,鋼筋混凝土造,82年5月13日,八層,
RPVPMLRLKIGGFBB28CC,29,41.59,共有部份,鋼筋混凝土造,82年5月13日,八層,
RPRQMLRLKIGGFBB97CC,27,189.71,住商用,鋼筋混凝土造,84年6月8日,四層,
RPPQMLRLKIGGFBB77CC,25,56.51,住家用,鋼筋混凝土造,85年7月5日,二十二層,
RPPQMLRLKIGGFBB77CC,25,25.24,共有部份,鋼筋混凝土造,85年7月5日,二十二層,
RPPQMLRLKIGGFBB77CC,25,2.16,共有部份,鋼筋混凝土造,85年7月5日,二十二層,
RPUPMLRLKIGGFBB18CC,11,88.64,住家用,鋼筋混凝土造,99年10月26日,十二層,
RPPQMLRLKIGGFBB77CC,25,.00,共有部份,鋼筋混凝土造,85年7月5日,二十二層,
RPUPMLRLKIGGFBB18CC,11,42.53,本共有部分係依使用執照之建築概要表記載項目有：停車空間．水箱．消防機械室及發電機室．樓梯間．電梯間．防空避難室．台電配電室．電信室．廣場式開放空間．管理員室．垃圾集中場．門廳．梯廳．機械室等１４項。,鋼筋混凝土造,99年10月26日,十二層,
RPPQMLRLKIGGFBB77CC,25,.00,共有部份,鋼筋混凝土造,85年7月5日,二十二層,
RPPQMLRLKIGGFBB77CC,25,9.94,共有部份,鋼筋混凝土造,85年7月5日,二十二層,
RPSQMLRLKIGGFBB08CC,27,59.88,住家用,鋼筋混凝土造,84年2月16日,七層,
RPSQMLRLKIGGFBB08CC,27,33.86,共有部分,鋼筋混凝土造,84年2月16日,七層,
RPQNMLRLKIGGFAB47CC,49,102.06,住家用,見其他登記事項,61年9月21日,二層,
RPXQMLRLKIGGFBB58CC,40,82.15,住家用,鋼筋混凝土造,70年12月30日,五層,
RPPNMLRLKIGGFAB37CC,26,33.75,集合住宅,鋼筋混凝土造,85年5月6日,十八層,
RPPNMLRLKIGGFAB37CC,26,6.85,共同使用,鋼筋混凝土造,85年5月6日,十八層,
RPPNMLRLKIGGFAB37CC,26,7.70,共同使用,鋼筋混凝土造,85年5月6日,十八層,
RPPNMLRLKIGGFAB37CC,26,1.85,共同使用,鋼筋混凝土造,85年5月6日,十八層,
RPPNMLRLKIGGFAB37CC,26,2.73,共同使用,鋼筋混凝土造,85年5月6日,十八層,
RPVNMLRLKIGGFHB68CC,47,54.27,住家用,加強磚造,64年1月7日,一層,
RPTNMLRLKIGGFHB48CC,24,24.37,共有部份,鋼筋混凝土造,86年10月8日,,
RPTNMLRLKIGGFHB48CC,24,209.46,梯間　住宅　停車空間,鋼筋混凝土造,86年10月8日,三層,
RPVQMLRLKIGGFFB78CC,3,59.58,集合住宅,鋼筋混凝土造,108年1月11日,七層,
RPVQMLRLKIGGFFB78CC,3,27.72,停車空間兼防空避難室、台電受電室、消防機械室兼發電機室、電信室、水箱、資源回收室、管委會使用空間、樓梯間,鋼筋混凝土造,108年1月11日,七層,
RPWQMLRLKIGGFFB88CC,4,64.98,集合住宅,鋼筋混凝土造,106年10月27日,十五層,
RPWQMLRLKIGGFFB88CC,4,11.28,梯廳〔風除室，門廳〕，車道，進風機，管委會使用空間，電信機房，排風機房，機房，機車停車位，電表區，台電配電室，發電機室，外廊，汙水機房，消防機房，管委會使用空間〔垃圾暫存空間〕,鋼筋混凝土造,106年10月27日,十五層,
RPWQMLRLKIGGFFB88CC,4,38.64,防空避難室兼停車空間、車道、停車空間、台電通道,鋼筋混凝土造,106年10月27日,十五層,
RPWQMLRLKIGGFFB88CC,4,20.61,樓梯間、水錶室、梯廳兼排煙室、特別安全梯、排煙機房、消防水箱、水箱、機房、電梯機房,鋼筋混凝土造,106年10月27日,十五層,
RPXPMLRLKIGGFFB88CC,29,75.29,住家用,鋼筋混凝土造,81年9月9日,五層,
RPXPMLRLKIGGFFB88CC,29,12.75,公共設施、水箱、梯間、停車場,鋼筋混凝土造,81年9月9日,五層,
RPXQMLRLKIGGFFB98CC,3,93.30,集合住宅,鋼筋混凝土造,107年7月25日,十五層,
RPXQMLRLKIGGFFB98CC,3,66.31,停車空間，排煙室，樓梯間，一般昇降機，緊急昇降機，水箱，車道，污水處理機房，防空避難室兼停車空間，緊急發電機室，台電配電室，電信室，機房，門廳，梯廳，管理室，管委會空間，垃圾集中室，外廊，機車停車區，水錶箱室，電梯機房，消防機房，梯間,鋼筋混凝土造,107年7月25日,十五層,
RPQPMLRLKIGGFIB48CC,40,82.48,住家用,加強磚造,70年12月10日,二層,
RPRPMLSLKIGGFIB68CC,5,64.98,集合住宅,鋼筋混凝土造,105年7月22日,十二層,
RPRPMLSLKIGGFIB68CC,5,45.64,本共有部分之項目有防空避難室暨停車空間．汽車車道．污水機房．消防機房．昇降機間．安全梯．水箱．停車空間．台電配電室．發電機室．電信室．管理委員會使用空間．外廊．車道．戶外安全梯．梯廳．梯間．水塔．機房等１９項。,鋼筋混凝土造,105年7月22日,十二層,
RPXNMLSLKIGGFIB09CC,30,8.69,市場攤位,鋼筋混凝土造,81年1月19日,三層,
RPXNMLSLKIGGFIB09CC,30,7.09,共有部分,鋼筋混凝土造,81年1月19日,三層,
RPUOMLSLKIGGFHB78CC,28,83.49,住家用,鋼筋混凝土造,83年1月18日,六層,
RPUOMLSLKIGGFHB78CC,28,14.21,共用部份,鋼筋混凝土造,83年1月18日,六層,
RPPOMLSLKIGGFHB28CC,1,61.80,店舖,鋼筋混凝土造,109年9月9日,十五層,
RPPOMLSLKIGGFHB28CC,1,11.94,本共有部分之項目有管委會使用空間、公共服務空間、梯廳、排煙室、昇降機道、安全梯、汽機車道、戶外安全梯、機房、設備空間、廁所、樓梯間、水箱及機械室等十四項,鋼筋混凝土造,109年9月9日,十五層,
RPPOMLSLKIGGFHB28CC,1,39.88,本共有部分之項目有停車空間、台電配電室、電錶室、電錶區、發電機房、垃圾處理室、排煙室、昇降機道、安全梯、電信室、機械室、防空避難室兼停車空間、消防機房、雨污水機房及蓄水池等十五項,鋼筋混凝土造,109年9月9日,十五層,
RPROMLSLKIGGFHB48CC,1,40.60,店舖,鋼筋混凝土造,109年9月9日,十五層,
RPROMLSLKIGGFHB48CC,1,7.85,本共有部分之項目有管委會使用空間、公共服務空間、梯廳、排煙室、昇降機道、安全梯、汽機車道、戶外安全梯、機房、設備空間、廁所、樓梯間、水箱及機械室等十四項,鋼筋混凝土造,109年9月9日,十五層,
RPROMLSLKIGGFHB48CC,1,8.25,本共有部分之項目有停車空間、台電配電室、電錶室、電錶區、發電機房、垃圾處理室、排煙室、昇降機道、安全梯、電信室、機械室、防空避難室兼停車空間、消防機房、雨污水機房及蓄水池等十五項,鋼筋混凝土造,109年9月9日,十五層,
RPXNMLSLKIGGFAB28CC,26,20.28,集合住宅,鋼骨鋼筋混凝土造,85年1月19日,二十二層,
RPXNMLSLKIGGFAB28CC,26,2.28,樓梯間．機房．蓄水池,鋼骨鋼筋混凝土造,85年1月19日,二十二層,
RPXNMLSLKIGGFAB28CC,26,2.53,樓梯間,鋼骨鋼筋混凝土造,85年1月19日,二十二層,
RPXNMLSLKIGGFAB28CC,26,6.70,防空避難室兼停車空間．走道,鋼骨鋼筋混凝土造,85年1月19日,二十二層,
RPXNMLSLKIGGFAB28CC,26,8.30,走道,鋼筋混凝土造,85年1月19日,二十二層,
RPQOMLSLKIGGFHB38CC,1,41.26,店舖,鋼筋混凝土造,109年9月9日,十五層,
RPQOMLSLKIGGFHB38CC,1,7.97,本共有部分之項目有管委會使用空間、公共服務空間、梯廳、排煙室、昇降機道、安全梯、汽機車道、戶外安全梯、機房、設備空間、廁所、樓梯間、水箱及機械室等十四項,鋼筋混凝土造,109年9月9日,十五層,
RPQOMLSLKIGGFHB38CC,1,35.71,本共有部分之項目有停車空間、台電配電室、電錶室、電錶區、發電機房、垃圾處理室、排煙室、昇降機道、安全梯、電信室、機械室、防空避難室兼停車空間、消防機房、雨污水機房及蓄水池等十五項,鋼筋混凝土造,109年9月9日,十五層,
RPQOMLSLKIGGFAB67CC,22,53.93,住家用,鋼筋混凝土造,88年7月2日,十四層,
RPQOMLSLKIGGFAB67CC,22,15.31,共同使用,鋼筋混凝土造,88年7月2日,十四層,
RPXOMLSLKIGGFAB38CC,27,95.21,住家用,鋼筋混凝土造,83年7月2日,十三層,
RPXOMLSLKIGGFAB38CC,27,21.26,防空避難室．停車空間．機械室．水塔．梯間．受電室,鋼筋混凝土造,83年7月2日,十三層,
RPTPMLSLKIGGFAB08CC,30,89.76,住商用,鋼筋混凝土造,80年10月24日,五層,
RPQVMLSLKIGGFBB48CC,29,128.42,商業用,鋼骨混凝土造,82年1月12日,二十六層,
RPQVMLSLKIGGFBB48CC,29,5.58,共有部份,鋼筋混凝土造,81年11月27日,十四層,
RPROMLSLKIGGFAB77CC,40,47.47,住家用,鋼筋混凝土造,70年12月26日,五層,
RPQVMLSLKIGGFBB48CC,29,43.09,共有部份,鋼骨混凝土造,82年1月12日,二十六層,
RPROMLSLKIGGFAB77CC,40,.00,共有部份,鋼筋混凝土造,70年12月26日,五層,
RPUPMLSLKIGGFAB18CC,25,25.27,集合住宅,鋼筋混凝土造,85年8月29日,十四層,
RPUPMLSLKIGGFAB18CC,25,25.13,共同使用,鋼筋混凝土造,85年8月29日,十四層,
RPVVMLSLKIGGFBB98CC,16,15.94,共有部份,鋼筋混凝土造,94年12月8日,十八層,
RPXVMLSLKIGGFBB56CC,16,48.07,住家用,鋼筋混凝土造,94年12月8日,十八層,
RPXVMLSLKIGGFBB56CC,16,19.26,共有部份,鋼筋混凝土造,94年12月8日,十八層,
RPWVMLSLKIGGFBB09CC,16,31.88,共有部份,鋼筋混凝土造,94年12月8日,十八層,
RPPWMLSLKIGGFBB48CC,8,42.95,住家用,鋼筋混凝土造,102年7月25日,二十二層,
RPPWMLSLKIGGFBB48CC,8,11.52,本共有部分係依使用執照之建築概要表記載項目有：管委會使用公共設施，垃圾處理室，梯間，梯廳，梯間（排煙室，昇降機間）梯間（梯廳，排煙室，昇降機間），走廊，中繼機械室（中繼水箱），機械室，水箱等１０項,鋼筋混凝土造,102年7月25日,二十二層,
RPPWMLSLKIGGFBB48CC,8,9.21,本共有部分係依使用執照之建築概要表記載項目有：停車空間，車道，污水機房，清水池，消防機房，機房，梯間（梯廳，排煙室，昇降機間），防空避難室兼停車空間，發電機室，電信室，台電配電室，防災中心，公共設施等１３項,鋼筋混凝土造,102年7月25日,二十二層,
RPOWMLSLKIGGFBB38CC,16,47.70,住家用,鋼筋混凝土造,94年12月8日,十八層,
RPOWMLSLKIGGFBB38CC,16,19.13,共有部份,鋼筋混凝土造,94年12月8日,十八層,
RPQWMLSLKIGGFBB58CC,8,42.49,住家用,鋼筋混凝土造,102年7月25日,二十二層,
RPQWMLSLKIGGFBB58CC,8,11.38,本共有部分係依使用執照之建築概要表記載項目有：管委會使用公共設施，垃圾處理室，梯間，梯廳，梯間（排煙室，昇降機間）梯間（梯廳，排煙室，昇降機間），走廊，中繼機械室（中繼水箱），機械室，水箱等１０項,鋼筋混凝土造,102年7月25日,二十二層,
RPQWMLSLKIGGFBB58CC,8,9.08,本共有部分係依使用執照之建築概要表記載項目有：停車空間，車道，污水機房，清水池，消防機房，機房，梯間（梯廳，排煙室，昇降機間），防空避難室兼停車空間，發電機室，電信室，台電配電室，防災中心，公共設施等１３項,鋼筋混凝土造,102年7月25日,二十二層,
RPRWMLSLKIGGFBB68CC,8,13.62,本共有部分係依使用執照之建築概要表記載項目有：停車空間，車道，污水機房，清水池，消防機房，機房，梯間（梯廳，排煙室，昇降機間），防空避難室兼停車空間，發電機室，電信室，台電配電室，防災中心，公共設施等１３項,鋼筋混凝土造,102年7月25日,二十二層,
RPSWMLSLKIGGFBB78CC,8,67.28,住家用,鋼筋混凝土造,102年7月25日,二十二層,
RPSWMLSLKIGGFBB78CC,8,17.86,本共有部分係依使用執照之建築概要表記載項目有：管委會使用公共設施，垃圾處理室，梯間，梯廳，梯間（排煙室，昇降機間）梯間（梯廳，排煙室，昇降機間），走廊，中繼機械室（中繼水箱），機械室，水箱等１０項,鋼筋混凝土造,102年7月25日,二十二層,
RPSWMLSLKIGGFBB78CC,8,41.65,本共有部分係依使用執照之建築概要表記載項目有：停車空間，車道，污水機房，清水池，消防機房，機房，梯間（梯廳，排煙室，昇降機間），防空避難室兼停車空間，發電機室，電信室，台電配電室，防災中心，公共設施等１３項,鋼筋混凝土造,102年7月25日,二十二層,
RPUWMLSLKIGGFBB98CC,3,39.42,集合住宅,鋼筋混凝土造,107年11月30日,十五層,
RPUWMLSLKIGGFBB98CC,3,22.17,本共有部分係依使用執照之建築概要表記載項目有：停車空間，一般安全梯，排煙室，緊急用昇降機，消防機房，污水機房，昇降機，水箱，機房，電信機房，防空避難室兼停車空間，台電配電室，緊急發電機室，戶外安全梯，管理員室，管委會使用空間，環保資源室，梯廳，梯間，機械室，水錶室等２１項,鋼筋混凝土造,107年11月30日,十五層,
RPWWMLSLKIGGFBB56CC,3,28.35,本共有部分係依使用執照之建築概要表記載項目有：停車空間，一般安全梯，排煙室，緊急用昇降機，消防機房，污水機房，昇降機，水箱，機房，電信機房，防空避難室兼停車空間，台電配電室，緊急發電機室，戶外安全梯，管理員室，管委會使用空間，環保資源室，梯廳，梯間，機械室，水錶室等２１項,鋼筋混凝土造,107年11月30日,十五層,
RPVWMLSLKIGGFBB09CC,3,28.35,本共有部分係依使用執照之建築概要表記載項目有：停車空間，一般安全梯，排煙室，緊急用昇降機，消防機房，污水機房，昇降機，水箱，機房，電信機房，防空避難室兼停車空間，台電配電室，緊急發電機室，戶外安全梯，管理員室，管委會使用空間，環保資源室，梯廳，梯間，機械室，水錶室等２１項,鋼筋混凝土造,107年11月30日,十五層,
RPPNNLSLKIGGFBB67CC,3,39.42,集合住宅,鋼筋混凝土造,107年11月30日,十五層,
RPPNNLSLKIGGFBB67CC,3,20.53,本共有部分係依使用執照之建築概要表記載項目有：停車空間，一般安全梯，排煙室，緊急用昇降機，消防機房，污水機房，昇降機，水箱，機房，電信機房，防空避難室兼停車空間，台電配電室，緊急發電機室，戶外安全梯，管理員室，管委會使用空間，環保資源室，梯廳，梯間，機械室，水錶室等２１項,鋼筋混凝土造,107年11月30日,十五層,
RPOQNLSLKIGGFBB87CC,32,36.53,住家用,鋼筋混凝土造,78年6月13日,八層,
RPOQNLSLKIGGFBB87CC,32,12.77,共有部份,鋼筋混凝土造,78年6月13日,八層,
RPSNMLSLKIGGFCB97CC,28,1410.11,工業用,鋼造,82年10月8日,二層,
RPXOMLSLKIGGFCB58CC,3,50.24,集合住宅,鋼筋混凝土造,107年11月26日,十五層,
RPXOMLSLKIGGFCB58CC,3,13.86,本共有部分係依使用執照之建築概要表記載項目有：停車空間、車道、梯廳、一般安全梯、昇降機、進氣管道、排氣管道、消防機房、雨水機房、Ａ＋Ｂ梯水箱、電信機房、防空避難室兼停車空間、台電配電室、發電機室、洗衣間、管委會使用空間、門廳、排煙室、機車停車區、走廊等２０項。,鋼筋混凝土造,107年11月26日,十五層,
RPXOMLSLKIGGFCB58CC,3,11.52,本共有部分係依使用執照之建築概要表記載項目有：排煙室、梯廳、特別安全梯、昇降機、緊急升降機、走廊、戶外安全梯、樓梯間、機械室、水箱等１０項。,鋼筋混凝土造,107年11月26日,十五層,
RPWTNLSLKIGGFBB98CC,38,84.98,集合住宅,鋼筋混凝土造,72年11月25日,十二層,
RPSPMLSLKIGGFCB18CC,12,41.66,住家用,鋼筋混凝土造,98年8月13日,二十六層,
RPSPMLSLKIGGFCB18CC,12,3.45,共有,鋼筋混凝土造,98年8月13日,二十六層,
RPSPMLSLKIGGFCB18CC,12,16.44,共有,鋼筋混凝土造,98年8月13日,二十六層,
RPVTNLSLKIGGFBB88CC,22,114.12,辦公室,鋼骨鋼筋混凝土造,89年6月3日,二十八層,
RPVTNLSLKIGGFBB88CC,22,36.53,本共有部份係依使用執照之建築概要表記載項目有：停車空間，梯廳，排煙室，樓梯間，消防機房，水箱，車道，行動不便電梯，緊急升降機電梯，電梯，停車空間兼防空避難室，台電配電室，電錶室，機車停車空間，電信室，垃圾集中處，儲藏室等１７項。,鋼骨鋼筋混凝土造,89年6月3日,二十八層,
RPVTNLSLKIGGFBB88CC,22,31.36,本共有部份係依使用執照之建築概要表記載項目有：門廳，門廊，排煙室，樓梯間，儲藏室，行動不便電梯，緊急升降機電梯，電梯，防災中心，發電機房，梯廳，消防中繼機房，管委會使用空間，電梯機房，水錶室，水箱等１６項。,鋼骨鋼筋混凝土造,89年6月3日,二十八層,
RPUPMLSLKIGGFCB38CC,16,278.58,住家用,鋼骨鋼筋混凝土造,94年9月29日,二十三層,
RPUPMLSLKIGGFCB38CC,16,141.78,共用,鋼骨鋼筋混凝土造,94年9月29日,二十三層,
RPPQMLSLKIGGFCB97CC,29,46.91,住家用,鋼筋混凝土造,82年5月27日,四層,
RPWPMLSLKIGGFCB58CC,12,22.20,共有,鋼筋混凝土造,98年8月13日,二十六層,
RPWPMLSLKIGGFCB58CC,12,15.70,共有,鋼筋混凝土造,98年8月13日,二十六層,
RPUQMLSLKIGGFCB48CC,27,167.94,住家用,鋼筋混凝土造,83年7月7日,十三層,
RPUQMLSLKIGGFCB48CC,27,.08,辦公室,鋼筋混凝土造,83年7月7日,十三層,
RPUQMLSLKIGGFCB48CC,27,6.30,共有部份,鋼筋混凝土造,83年7月7日,十三層,
RPUQMLSLKIGGFCB48CC,27,45.21,共有部份,鋼筋混凝土造,83年7月7日,十三層,
RPPRMLSLKIGGFCB08CC,15,367.66,店舖、辦公室、住宅、人行道,鋼筋混凝土造,96年1月23日,二十層,
RPPRMLSLKIGGFCB08CC,15,35.21,共用,鋼筋混凝土造,96年1月23日,二十層,
RPPRMLSLKIGGFCB08CC,15,103.12,共用,鋼筋混凝土造,96年1月23日,二十層,
RPVRMLSLKIGGFCB68CC,14,125.88,住家用,鋼筋混凝土造,96年12月26日,十四層,
RPVRMLSLKIGGFCB68CC,14,86.46,共用,鋼筋混凝土造,96年12月26日,十四層,
RPQSMLSLKIGGFCB28CC,24,59.94,集合住宅、國民住宅,鋼筋混凝土造,87年5月27日,九層,
RPQSMLSLKIGGFCB28CC,24,18.19,共有部分,鋼筋混凝土造,87年5月27日,九層,
RPPNMLTLKIGGFCB77CC,9,138.90,住家用,鋼筋混凝土造,102年1月25日,二十六層,
RPPNMLTLKIGGFCB77CC,9,36.70,本共有部分係依使用執照之建築概要表記載項目有機械室、水箱、梯廳、梯間、排煙室、防災中心、門廳、電梯間、安全梯、特別安全梯等十項。,鋼筋混凝土造,102年1月25日,二十六層,
RPPNMLTLKIGGFCB77CC,9,52.66,本共有部分係依使用執照之建築概要表記載項目有停車空間、消防機房、機械室、梯廳、安全梯、水箱、排煙室、電信室、台電配電室、發電機室、鼓風機室、停車空間兼防空避難室、儲藏室、電錶室等十四項。,鋼筋混凝土造,102年1月25日,二十六層,
RPXRMLSLKIGGFCB88CC,23,13.89,住家用,鋼筋混凝土造,88年5月29日,八層,
RPXRMLSLKIGGFCB88CC,23,4.04,共有部份,鋼筋混凝土造,88年5月29日,八層,
RPXRMLSLKIGGFCB88CC,23,4.95,共有部份,鋼筋混凝土造,88年5月29日,八層,
RPPSMLSLKIGGFCB18CC,1,50.29,集合住宅,鋼筋混凝土造,109年7月31日,十二層,
RPVNMLTLKIGGFCB38CC,25,93.21,集合住宅,鋼筋混凝土造,85年6月15日,十二層,
RPPSMLSLKIGGFCB18CC,1,15.40,本共有部分係依使用執照之建築概要表記載項目有：停車空間，車道，樓梯間，排煙室，機械室，梯廳，發電機室，水箱，緊急昇降機，行動不便電梯，消防機械室，防空避難室兼停車空間，機車停車區，電信室，台電配電室，垃圾集中室，管理室，電梯，管理委員會使用空間，門廳，水錶室等２１項,鋼筋混凝土造,109年7月31日,十二層,
RPVNMLTLKIGGFCB38CC,25,48.84,集合住宅,鋼筋混凝土造,85年6月15日,十二層,
RPPSMLSLKIGGFCB18CC,1,12.85,本共有部分係依使用執照之建築概要表記載項目有：電梯，樓梯間，梯廳，排煙室，緊急昇降機，行動不便電梯，緊急昇降機電梯等７項,鋼筋混凝土造,109年7月31日,十二層,
RPUOMLTLKIGGFCB38CC,20,24.95,人行道、辦公室、住房、店舖、停車空間、樓梯間,鋼筋混凝土造,91年5月23日,五層,
RPSOMLTLKIGGFCB18CC,2,123.39,店鋪、樓梯間、停車空間、住宅、機電設備空間,鋼筋混凝土造,108年10月23日,五層,
RPXOMLTLKIGGFCB68CC,6,89.73,人行道、店舖、停車空間、住宅、樓梯間,鋼筋混凝土造,105年5月12日,五層,
RPVOMLTLKIGGFCB48CC,2,123.39,店鋪、樓梯間、停車空間、住宅、機電設備空間,鋼筋混凝土造,108年10月23日,五層,
RPTRMLTLKIGGFCB58CC,4,386.51,辦公室〈辦公事務所及工商服務業〉,鋼骨鋼筋混凝土造,107年1月31日,三十五層,
RPPPMLTLKIGGFCB97CC,6,89.73,人行道、店舖、停車空間、住宅、樓梯間,鋼筋混凝土造,105年5月12日,五層,
RPXSMLTLKIGGFCB09CC,30,116.50,集合住宅,鋼筋混凝土造,80年11月25日,五層,
RPXOMLTLKIGGFBB58CC,33,16.80,住家用,鋼筋混凝土造,77年11月14日,五層,
RPXOMLTLKIGGFBB58CC,33,5.73,共有部分,鋼筋混凝土造,77年11月14日,五層,
RPWPMLTLKIGGFBB58CC,29,99.74,住家用,鋼筋混凝土造,82年3月6日,十六層,
RPWPMLTLKIGGFBB58CC,29,4.14,共有部份,鋼筋混凝土造,82年3月6日,十六層,
RPWPMLTLKIGGFBB58CC,29,12.90,本共有部份之項目依使用執照之建築概要表（變更使用附表）記載項目有走廊、梯間等２項。,鋼筋混凝土造,82年3月6日,十六層,
RPWRMLTLKIGGFBB78CC,28,18.18,住家用,鋼筋混凝土造,82年11月9日,七層,
RPWRMLTLKIGGFBB78CC,28,7.99,共有部分,鋼筋混凝土造,82年11月9日,七層,
RPOTMLTLKIGGFBB18CC,26,16.41,住家用,鋼筋混凝土造,84年6月26日,二十四層,
RPOTMLTLKIGGFBB18CC,26,4.48,共有部份,鋼筋混凝土造,84年6月26日,二十四層,
RPOTMLTLKIGGFBB18CC,26,3.41,共有部份,鋼筋混凝土造,84年6月26日,二十四層,
RPPTMLTLKIGGFBB28CC,27,104.10,住家用,鋼筋混凝土造,83年9月30日,六層,
RPPTMLTLKIGGFBB28CC,27,26.64,共有部份,鋼筋混凝土造,83年9月30日,六層,
RPXSMLTLKIGGFBB98CC,36,105.74,住家用,鋼筋混凝土造,74年10月24日,十層,
RPXSMLTLKIGGFBB98CC,36,11.54,人行道，避難室，樓梯間，受電室,鋼筋混凝土造,74年10月24日,十層,
RPUNMLTLKIGGFAB08CC,27,126.76,集合住宅,鋼筋混凝土造,84年3月23日,十七層,
RPUNMLTLKIGGFAB08CC,27,50.40,防空避難室．台電受電室．停車空間．機械室．梯間．樓梯間．水塔,鋼筋混凝土造,84年3月23日,十七層,
RPWNMLTLKIGGFAB28CC,33,89.23,集合住宅,鋼筋混凝土造,77年6月27日,五層,
RPSOMLTLKIGGFAB97CC,25,17.90,住家用,鋼骨造,86年1月31日,二十八層,
RPSOMLTLKIGGFAB97CC,25,.80,共同使用,鋼骨造,86年1月31日,二十八層,
RPSOMLTLKIGGFAB97CC,25,5.47,公共設施,鋼骨造,86年1月31日,二十八層,
RPSOMLTLKIGGFAB97CC,25,2.94,共有部份,鋼骨造,86年1月31日,二十八層,
RPXNMLTLKIGGFAB38CC,26,23.85,集合住宅,鋼骨鋼筋混凝土造,85年1月19日,二十二層,
RPXNMLTLKIGGFAB38CC,26,2.24,樓梯間．機房．蓄水池,鋼骨鋼筋混凝土造,85年1月19日,二十二層,
RPXNMLTLKIGGFAB38CC,26,2.53,樓梯間,鋼骨鋼筋混凝土造,85年1月19日,二十二層,
RPXNMLTLKIGGFAB38CC,26,6.52,防空避難室兼停車空間．走道,鋼骨鋼筋混凝土造,85年1月19日,二十二層,
RPXNMLTLKIGGFAB38CC,26,8.17,走道,鋼筋混凝土造,85年1月19日,二十二層,
RPQOMLTLKIGGFAB77CC,16,74.28,集合住宅,鋼筋混凝土造,95年6月22日,三十二層,
RPQOMLTLKIGGFAB77CC,16,12.02,共用,鋼筋混凝土造,95年6月22日,三十二層,
RPQOMLTLKIGGFAB77CC,16,27.11,共用,鋼筋混凝土造,95年6月22日,三十二層,
RPVPMLTLKIGGFAB38CC,47,87.36,住家用,見其他登記事項,63年7月26日,二層,
RPOOMLTLKIGGFAB57CC,15,66.04,集合住宅,鋼筋混凝土造,95年12月22日,十五層,
RPOOMLTLKIGGFAB57CC,15,13.93,共用部分,鋼筋混凝土造,95年12月22日,十五層,
RPRQMLTLKIGGFAB08CC,27,45.61,住家用,鋼筋混凝土造,83年12月7日,十五層,
RPOOMLTLKIGGFAB57CC,15,9.88,共用部分,鋼筋混凝土造,95年12月22日,十五層,
RPRQMLTLKIGGFAB08CC,27,16.11,共有部份,鋼筋混凝土造,83年12月7日,十五層,
RPUNMLTLKIGGFHB78CC,35,110.23,住家用,鋼筋混凝土造,76年2月20日,三層,
RPVNMLTLKIGGFHB88CC,43,25.11,住房,加強磚造,67年8月4日,一層,
RPXNMLTLKIGGFHB09CC,1,18.23,集合住宅,鋼筋混凝土造,110年6月16日,五層,
RPXNMLTLKIGGFHB09CC,1,6.66,本共有部分之項目有停車空間及樓梯間等２項,鋼筋混凝土造,110年6月16日,五層,
RPSNMLTLKIGGFDB18CC,1,19.65,人行道、店舖、停車空間、住宅,鋼筋混凝土造,109年11月9日,四層,
RPSRMLTLKIGGFHB98CC,29,107.71,集合住宅　人行道　店舖,鋼筋混凝土造,81年7月28日,六層,
RPSRMLTLKIGGFHB98CC,29,22.24,共有部份,鋼筋混凝土造,81年7月28日,六層,
RPVNMLTLKIGGFDB48CC,1,16.52,人行道、店舖、停車空間、住宅,鋼筋混凝土造,109年11月9日,四層,
RPROMLTLKIGGFDB18CC,12,219.18,店舖、住宅、停車空間,鋼筋混凝土造,98年10月2日,四層,
RPWNMLTLKIGGFDB58CC,1,19.56,人行道、店舖、停車空間、住宅,鋼筋混凝土造,109年11月9日,四層,
RPWNMLTLKIGGFFB78CC,1,88.64,集合住宅,鋼筋混凝土造,109年10月14日,十五層,
RPWNMLTLKIGGFFB78CC,1,73.29,停車空間、樓梯間、昇降機間、排煙室、消防機房、污水處理機房、水箱、機車停車區、防空避難室兼停車空間、機房、台電配電室、緊急發電機室、電信室、水錶箱室、垃圾集中室、門廳、梯廳、梯間、電梯機房、車道、管委會空間（儲藏室）、管委會空間（會議室）等２２項,鋼筋混凝土造,109年10月14日,十五層,
RPQQMLTLKIGGFFB48CC,3,64.69,集合住宅,鋼筋混凝土造,107年7月25日,十五層,
RPQQMLTLKIGGFFB48CC,3,56.08,停車空間，排煙室，樓梯間，一般昇降機，緊急昇降機，水箱，車道，污水處理機房，防空避難室兼停車空間，緊急發電機室，台電配電室，電信室，機房，門廳，梯廳，管理室，管委會空間，垃圾集中室，外廊，機車停車區，水錶箱室，電梯機房，消防機房，梯間,鋼筋混凝土造,107年7月25日,十五層,
RPQNMLTLKIGGFIB48CC,1,89.78,集合住宅,鋼筋混凝土造,110年4月26日,十五層,
RPQNMLTLKIGGFIB48CC,1,67.55,本共有部分之項目有防空避難室兼停車空間．安全梯．消防機房．無障礙電梯．機房．梯廳．水箱．停車空間．電信機房．台電配電室．台電通道．發電機房．管委會使用空間．機車停車位．排煙室．垃圾暫存室．車道．梯間．門廊．機車停車空間等２０項。,鋼筋混凝土造,110年4月26日,十五層,
RPXOMLTLKIGGFFB98CC,42,54.63,住家用,鋼筋混凝土造,68年12月28日,五層,
RPXOMLTLKIGGFFB98CC,40,46.64,住商用,加強磚造,70年12月8日,二層,
RPTNMLTLKIGGFIB78CC,4,24.80,集合住宅,鋼筋混凝土造,107年1月19日,五層,
RPTNMLTLKIGGFIB78CC,4,8.26,本共有部分之項目有防空避難室兼停車空間、電信室、水箱、台電配電室、安全梯、昇降機間、消防機房及發電機室、管道間、樓梯間、水箱間等１０項,鋼筋混凝土造,107年1月19日,五層,
RPTNMLTLKIGGFIB78CC,4,6.97,本共有部分之項目有防空避難室兼停車空間、昇降機間、安全梯、陽台、汽車昇降機道、管理委員會使用空間、共用梯廳等７項。,鋼筋混凝土造,107年1月19日,五層,
RPVOMLTLKIGGFIB09CC,38,127.07,集合住宅,鋼筋混凝土造,73年2月5日,四層,
RPSNMLTLKIGGFIB68CC,3,85.41,集合住宅,鋼筋混凝土造,107年11月6日,二十三層,
RPSNMLTLKIGGFIB68CC,3,74.83,本共有部分之項目有：停車空間、車道、梯廳、排煙室、安全梯、揚水幫浦機械室、機械室、污水機房、消防機械室、水箱、揚水機房、防空避難室兼停車空間、電信室、消防中繼機械室、台電配電室、發電機室、頂蓋型開放空間（外廊））、特別安全梯、社區游泳池、梯間、消防中繼機房、管委會使用空間、防災中心、緩衝空間、垃圾處理室、無遮簷人行道、升降機間等２７項。,鋼筋混凝土造,107年11月6日,二十三層,
RPPNMLKMKIGGFJB67CC,30,92.52,集合住宅,鋼筋混凝土造,80年12月5日,五層,
RPPNMLKMKIGGFJB67CC,30,11.42,共有部分,鋼筋混凝土造,80年12月5日,五層,
RPPNMLTLKIGGFKB58CC,13,168.54,住宅、樓梯間,鋼筋混凝土造,97年11月20日,三層,
RPPNMLTLKIGGFJB48CC,46,63.68,住家用,加強磚造,64年10月29日,一層,
RPWNMLKMKIGGFIB28CC,44,66.23,住家用,加強磚造,66年12月1日,一層,
RPTPMLKMKIGGFIB18CC,28,85.84,集合住宅,鋼筋混凝土造,82年8月26日,七層,
RPTPMLKMKIGGFIB18CC,28,32.74,共有部分,鋼筋混凝土造,82年8月26日,七層,
RPRNMLTLKIGGFKB78CC,41,77.22,住家用,加強磚造,69年8月10日,四層,
RPQNMLKMKIGGFHB67DC,2,100.82,集合住宅,鋼筋混凝土造,108年11月28日,五層,
RPPQMLKMKIGGFIB87CC,43,53.63,住家用,鋼筋混凝土造,68年3月30日,四層,
RPSPMLKMKIGGFFB77CC,1,78.37,集合住宅,鋼筋混凝土造,109年7月24日,十五層,
RPSPMLKMKIGGFFB77CC,1,8.78,集合住宅,鋼筋混凝土造,109年7月24日,十五層,
RPSPMLKMKIGGFFB77CC,1,31.69,停車空間，汽車坡道，防空避難室兼停車空間等３項。,鋼筋混凝土造,109年7月24日,十五層,
RPSPMLKMKIGGFFB77CC,1,15.18,消防機房，水箱，梯間，污／雨水機房，進風機房，機械室，排風機房，公用水箱揚水機房，機械區，電信機房，公共水箱，台電配電室，發電機室，管委會使用空間，受電區，景觀機房，泳池機房，電表區，機車坡道，防空避難室兼停車空間，梯廳，警衛室，走廊，特別安全梯，游泳池，汽車坡道，大廳等２７項,鋼筋混凝土造,109年7月24日,十五層,
RPSPMLKMKIGGFFB77CC,1,24.85,排煙室，梯廳兼排煙室，特別安全梯，梯廳，走道，機房，噴灌機房，梯間，電梯機房，消防水箱，水表室，機械室，水箱等１３項,鋼筋混凝土造,109年7月24日,十五層,
RPORMLKMKIGGFAB07CC,25,511.11,人行道、店舖、辦公室、住房,鋼筋混凝土造,85年8月29日,十四層,
RPQRMLKMKIGGFFB77CC,24,90.02,集合住宅,鋼筋混凝土造,86年10月8日,五層,
RPXNMLKMKIGGFDB87CC,29,126.74,住家用,鋼筋混凝土造,82年4月24日,三層,
RPQRMLKMKIGGFFB77CC,24,8.45,梯間,鋼筋混凝土造,86年10月8日,五層,
RPQRMLKMKIGGFFB77CC,24,33.55,避難室、停車空間　,鋼筋混凝土造,86年10月8日,五層,
RPSNMLKMKIGGFAB07CC,43,51.29,集合住宅,ＲＣ造,67年8月12日,四層,
RPXQMLKMKIGGFAB87CC,7,87.84,集合住宅,鋼筋混凝土造,103年8月22日,十五層,
RPXQMLKMKIGGFAB87CC,7,50.10,本共有部分係依使用執照之建築概要表記載項目有：停車空間、（梯廳）排煙室、梯間、汙水機房、水箱、電信室、防空避難室兼停車空間、發電機機械室、消防機械室、人行道、垃圾處理室、管委會使用空間、梯廳、車道、機車停車區、戶外安全梯、安全梯、昇降機間、機械室、水錶室、台電配電室、梯間（排煙室）等共２２項,鋼筋混凝土造,103年8月22日,十五層,
RPTRMLKMKIGGFAB57CC,53,56.54,員工宿舍,加強磚造,57年12月10日,二層,
RPTPMLKMKIGGFFB87CC,1,65.18,集合住宅,鋼筋混凝土造,109年7月24日,十五層,
RPTPMLKMKIGGFFB87CC,1,7.76,集合住宅,鋼筋混凝土造,109年7月24日,十五層,
RPTPMLKMKIGGFFB87CC,1,31.69,停車空間，汽車坡道，防空避難室兼停車空間等３項。,鋼筋混凝土造,109年7月24日,十五層,
RPTPMLKMKIGGFFB87CC,1,12.62,消防機房，水箱，梯間，污／雨水機房，進風機房，機械室，排風機房，公用水箱揚水機房，機械區，電信機房，公共水箱，台電配電室，發電機室，管委會使用空間，受電區，景觀機房，泳池機房，電表區，機車坡道，防空避難室兼停車空間，梯廳，警衛室，走廊，特別安全梯，游泳池，汽車坡道，大廳等２７項,鋼筋混凝土造,109年7月24日,十五層,
RPTPMLKMKIGGFFB87CC,1,20.91,排煙室，梯廳兼排煙室，特別安全梯，梯廳，走道，機房，噴灌機房，梯間，電梯機房，消防水箱，水表室，機械室，水箱等１３項,鋼筋混凝土造,109年7月24日,十五層,
RPXPMLKMKIGGFBB87CC,40,74.02,住家用,鋼筋混凝土造,70年7月31日,五層,
RPOSMLKMKIGGFAB17CC,25,31.26,集合住宅,鋼筋混凝土造,85年8月29日,十四層,
RPOSMLKMKIGGFAB17CC,25,8.10,共同使用,鋼筋混凝土造,85年8月29日,十四層,
RPOSMLKMKIGGFAB17CC,25,8.56,共同使用,鋼筋混凝土造,85年8月29日,十四層,
RPQRMLKMKIGGFBB37CC,22,203.76,辦公室,鋼骨鋼筋混凝土造,89年6月3日,二十八層,
RPQRMLKMKIGGFBB37CC,22,75.94,本共有部份係依使用執照之建築概要表記載項目有：停車空間，梯廳，排煙室，樓梯間，消防機房，水箱，車道，行動不便電梯，緊急升降機電梯，電梯，停車空間兼防空避難室，台電配電室，電錶室，機車停車空間，電信室，垃圾集中處，儲藏室等１７項。,鋼骨鋼筋混凝土造,89年6月3日,二十八層,
RPQRMLKMKIGGFBB37CC,22,56.22,本共有部份係依使用執照之建築概要表記載項目有：門廳，門廊，排煙室，樓梯間，儲藏室，行動不便電梯，緊急升降機電梯，電梯，防災中心，發電機房，梯廳，消防中繼機房，管委會使用空間，電梯機房，水錶室，水箱等１６項。,鋼骨鋼筋混凝土造,89年6月3日,二十八層,
RPOUMLKMKIGGFBB47CC,27,95.45,住家用,鋼筋混凝土造,83年8月24日,十七層,
RPOUMLKMKIGGFBB47CC,27,41.94,共有部分,鋼筋混凝土造,83年8月24日,十七層,
RPURMLKMKIGGFAB67CC,20,136.30,集合住宅,鋼筋混凝土造,90年9月25日,十三層,
RPURMLKMKIGGFAB67CC,20,61.53,共有部份,鋼筋混凝土造,90年9月25日,十三層,
RPXTMLKMKIGGFBB28CC,24,108.37,住家用,鋼筋混凝土造,87年4月13日,九層,
RPXTMLKMKIGGFBB28CC,24,72.75,共有部分,鋼筋混凝土造,87年4月13日,九層,
RPOTMLKMKIGGFCB47CC,27,71.74,住家用,鋼筋混凝土造,83年10月21日,十五層,
RPOTMLKMKIGGFCB47CC,27,23.58,共用部份,鋼筋混凝土造,83年10月21日,十五層,
RPPSMLKMKIGGFCB47CC,23,86.15,住家用,鋼筋混凝土造,88年2月6日,十三層,
RPPSMLKMKIGGFCB47CC,23,19.75,共有部份,鋼筋混凝土造,88年2月6日,十三層,
RPPSMLKMKIGGFCB47CC,23,7.77,共有部份,鋼筋混凝土造,88年2月6日,十三層,
RPOQMLKMKIGGFBB07CC,31,105.08,商業用,鋼筋混凝土造,79年11月28日,二十層,
RPXSMLKMKIGGFCB28CC,27,78.82,住家用,鋼筋混凝土造,83年10月26日,十四層,
RPXSMLKMKIGGFCB28CC,27,20.41,共用部份,鋼筋混凝土造,83年10月26日,十四層,
RPQNMLLJJHHGFBB66CC,28,121.62,住家用,鋼筋混凝土造,83年6月2日,八層,
RPQNMLLJJHHGFBB66CC,28,30.64,共有部份,鋼筋混凝土造,83年6月2日,八層,
RPPNMLLMKIGGFAB86CC,10,108.23,集合住宅,鋼筋混凝土造,100年11月30日,十五層,
RPWPMLNJJHHGFBB67CC,29,87.12,商業用,鋼筋混凝土造,82年3月17日,七層,
RPWPMLNJJHHGFBB67CC,29,28.05,共有部份,鋼筋混凝土造,82年3月17日,七層,
RPWPMLNJJHHGFBB67CC,29,42.90,共有部份,鋼筋混凝土造,82年3月17日,七層,
RPQNMLLMKIGGFHB67CC,28,91.53,住家用,鋼筋混凝土造,83年5月3日,五層,
RPQNMLLMKIGGFHB67CC,28,10.65,梯間　突出物,鋼筋混凝土造,83年5月3日,五層,
RPSNMLNJJHHGFCB17CC,16,159.27,住家用,鋼筋混凝土造,94年7月4日,十四層,
RPQNMLLMKIGGFIB77CC,27,88.03,集合住宅、梯間,鋼筋混凝土造,84年1月27日,十層,
RPQNMLLMKIGGFIB77CC,27,21.61,共有部份,鋼筋混凝土造,84年1月27日,十層,
RPVQMLNJJHHGFBB67CC,39,186.71,住家用,鋼筋混凝土造,72年5月8日,三層,
RPSTMLNJJHHGFBB67CC,30,15.21,住家用,鋼筋混凝土造,81年5月14日,四層,
RPSRMLNJJHHGFCB57CC,24,30.77,住家用,鋼筋混凝土造,86年12月16日,二十三層,
RPSRMLNJJHHGFCB57CC,24,5.31,共用部份,鋼筋混凝土造,86年12月16日,二十三層,
RPSRMLNJJHHGFCB57CC,24,4.36,共用部份,鋼筋混凝土造,86年12月16日,二十三層,
RPSRMLNJJHHGFCB57CC,24,5.36,共用部份,鋼筋混凝土造,86年12月16日,二十三層,
RPTOMLNJJHHGFCB37CC,39,73.47,集合住宅,鋼筋混凝土造,72年3月3日,七層,
RPSNMLLMKIGGFCB37CC,30,28.18,住家用,鋼筋混凝土造,80年9月2日,六層,
RPSNMLLMKIGGFCB37CC,30,14.87,共有部份,鋼筋混凝土造,80年9月2日,六層,
RPRQMLNJJHHGFBB27CC,25,20.86,住家用,鋼筋混凝土造,85年8月29日,七層,
RPRQMLNJJHHGFBB27CC,25,9.27,共有部份,鋼筋混凝土造,85年8月29日,七層,
RPRPMLNJJHHGFCB27CC,25,81.43,集合住宅,鋼筋混凝土造,85年6月15日,十二層,
RPRPMLNJJHHGFCB27CC,25,48.84,共有部份,鋼筋混凝土造,85年6月15日,十二層,
RPWSMLNJJHHGFBB97CC,6,61.19,集合住宅,鋼筋混凝土造,104年12月28日,十三層,
RPWSMLNJJHHGFBB97CC,6,15.67,本共有部份係依使用執照之建築概要表記載項目有停車空間，一般安全梯，緊急昇降機，消防機房，機械室，太陽能設備室，防空避難室兼停車空間，台電配電室，緊急發電機室，電信機房，頂蓋型開放空間，門廳，公共服務空間，車道，景觀機房，管委會使用空間，梯廳，排煙室，水箱，泳池設備機房，電錶室，坡道，雨水回收機房，資源回收室，公共管道間：等２５項。,鋼筋混凝土造,104年12月28日,十四層,
RPWSMLNJJHHGFBB97CC,6,11.32,本共有部份係依使用執照之建築概要表記載項目有：緊急昇降機，排煙室，梯廳，水箱，電梯機房，水錶室，太陽能設備室，一般安全梯等８項。,鋼筋混凝土造,104年12月28日,十四層,
RPRSMLNJJHHGFCB57CC,27,87.42,住家用,鋼筋混凝土造,84年1月13日,十三層,
RPRSMLNJJHHGFCB57CC,27,31.29,共有部份,鋼筋混凝土造,84年1月13日,十三層,
RPVRMLNJJHHGFCB87CC,37,174.10,住家用,加強磚造,73年10月9日,二層,
RPXOMLNJJHHGFCB77CC,3,2477.53,防空避難室兼停車空間、台電配電室、電信室、停車空間、消防機房、發電機房、旅館、汽車昇降機、外廊、門廳、旅客接待處、梯廳、電梯機房,鋼筋混凝土造,107年12月13日,七層,
RPVNMLNJJHHGFHB97CC,47,95.40,住家用,加強磚造,63年11月25日,二層,
RPTNMLNJJHHGFIB87CC,41,114.66,住商用,加強磚造,69年8月15日,二層,
RPTOMLNJJHHGFFB67CC,5,108.02,集合住宅,鋼筋混凝土造,105年11月30日,十二層,
RPTOMLNJJHHGFFB67CC,5,42.26,防空避難室、停車空間、機房、消防機房、台電配電室、台電管道間、集合住宅管理室、辦公室、集合住宅管理管委會辦公室、集合住宅,鋼筋混凝土造,105年11月30日,十二層,
RPTOMLNJJHHGFFB67CC,5,20.76,梯間、機房、水塔,鋼筋混凝土造,105年11月30日,十二層,
RPSNMLNJJHHGFHB67CC,4,193.61,廠房、廁所,鋼骨造,107年1月19日,一層,
RPPNMLOJJHHGFDB07CC,2,61.60,集合住宅,鋼筋混凝土造,108年8月18日,十五層,
RPPNMLOJJHHGFDB07CC,2,67.85,本共有部分之項目有防空避難室兼停車空間、台電配電室、排煙室、昇降機間、樓梯間、梯廳、消防機房、污水機房、水箱、車道、停車空間、景觀機房、電信機房、緊急發電機室、機車停車區、公共服務空間、門廳、垃圾集中室、無障礙廁所、頂蓋型開放空間、水箱錶室、電梯機房、梯間等２３項,鋼筋混凝土造,108年8月18日,十五層,
RPPRMLNJJHHGFCB27CC,14,46.12,住家用,鋼筋混凝土造,96年9月27日,十三層,
RPPRMLNJJHHGFCB27CC,14,17.45,共用,鋼筋混凝土造,96年9月27日,十三層,
RPPQMLOJJHHGFAB07CC,24,13.38,住家用,鋼筋混凝土造,87年5月20日,七層,
RPPQMLOJJHHGFAB07CC,24,8.07,共有部份,鋼筋混凝土造,87年5月20日,七層,
RPXPMLOJJHHGFIB58CC,3,81.77,店鋪、外廊,鋼筋混凝土造,107年10月29日,十五層,
RPOQMLOJJHHGFAB96CC,27,28.39,住家用,鋼筋混凝土造,83年6月15日,十二層,
RPOQMLOJJHHGFAB96CC,27,6.54,共有部份,鋼筋混凝土造,83年6月15日,十二層,
RPOPMLNJJHHGFAB76CC,25,20.13,住家用,鋼筋混凝土造,86年4月15日,七層,
RPOPMLNJJHHGFAB76CC,25,10.30,共有部份,鋼筋混凝土造,86年4月15日,七層,
RPSRMLOJJHHGFIB28CC,40,155.14,店住宅、人行道、梯間,鋼筋混凝土造,70年10月25日,三層,
RPURMLOJJHHGFAB67CC,24,15.08,住家用,鋼筋混凝土造,87年5月20日,七層,
RPURMLOJJHHGFAB67CC,24,9.22,共有部份,鋼筋混凝土造,87年5月20日,七層,
RPRQMLOJJHHGFAB27CC,24,8.95,共有部份,鋼筋混凝土造,87年5月20日,七層,
RPRQMLOJJHHGFAB27CC,24,19.15,住家用,鋼筋混凝土造,87年5月20日,七層,
RPQRMLOJJHHGFFB77CC,1,54.92,集合住宅,鋼筋混凝土造,109年7月24日,十五層,
RPQRMLOJJHHGFFB77CC,1,31.69,停車空間，汽車坡道，防空避難室兼停車空間等３項。,鋼筋混凝土造,109年7月24日,十五層,
RPQRMLOJJHHGFFB77CC,1,9.58,消防機房，水箱，梯間，污／雨水機房，進風機房，機械室，排風機房，公用水箱揚水機房，機械區，電信機房，公共水箱，台電配電室，發電機室，管委會使用空間，受電區，景觀機房，泳池機房，電表區，機車坡道，防空避難室兼停車空間，梯廳，警衛室，走廊，特別安全梯，游泳池，汽車坡道，大廳等２７項,鋼筋混凝土造,109年7月24日,十五層,
RPQRMLOJJHHGFFB77CC,1,14.95,排煙室，梯廳兼排煙室，特別安全梯，梯廳，走道，機房，噴灌機房，梯間，電梯機房，消防水箱，水表室，機械室，水箱等１３項,鋼筋混凝土造,109年7月24日,十五層,
RPUNMLOJJHHGFJB18CC,8,84.27,集合住宅,鋼筋混凝土造,103年1月6日,十四層,
RPUNMLOJJHHGFJB18CC,8,71.17,停車空間、排煙室、樓梯間、昇降機間、消防機房、污水機房、梯廳、車道、電梯機房、水箱、防空避難室兼停車空間、台電配電室、電錶箱室、機房、公共服務空間、梯間、垃圾集中處、門廊、電信室、機車停車區、開放空間（頂蓋型）、陽台、緊急發電機室,鋼筋混凝土造,103年1月6日,十四層,
RPVPMLOJJHHGFIB38CC,41,169.34,住家用,鋼筋混凝土造,70年4月15日,三層,
RPTRMLOJJHHGFCB77CC,46,105.14,住家用,加強磚造,64年8月6日,二層,
RPRRMLOJJHHGFCB57CC,1,54.83,集合住宅,鋼筋混凝土造,110年1月22日,十二層,
RPRRMLOJJHHGFCB57CC,1,51.52,本共有部分係依使用執照之建築概要表記載項目有：停車空間、樓梯間、昇降機間、汽車車道、污水機房、消防機房、清水池、電信室、機械室、防空避難室兼停車空間、發電機室、台電配電室、管委會空間、梯廳、水箱等１５項。,鋼筋混凝土造,110年1月22日,十二層,
RPRRMLOJJHHGFCB57CC,1,11.47,本共有部分係依使用執照之建築概要表記載項目有：梯廳、樓梯間、昇降機間等３項。,鋼筋混凝土造,110年1月22日,十二層,
RPOQMLOJJHHGFIB77CC,3,81.77,店鋪、外廊,鋼筋混凝土造,107年10月29日,十五層,
RPWPMLOJJHHGFIB48CC,28,109.32,集合住宅,鋼筋混凝土造,82年12月24日,七層,
RPWPMLOJJHHGFIB48CC,28,21.56,共有部分,鋼筋混凝土造,82年12月24日,,
RPWPMLOJJHHGFIB48CC,28,5.59,共有部分,鋼筋混凝土造,82年12月24日,七層,
RPUNMLOJJHHGFEB67CC,32,132.08,住商用,鋼筋混凝土造,79年3月14日,三層,
RPPTMLOJJHHGFCB57CC,15,14.21,住家用,鋼筋混凝土造,95年7月11日,七層,
RPPTMLOJJHHGFCB57CC,15,16.41,共用,鋼筋混凝土造,95年7月11日,七層,
RPPQMLOJJHHGFIB87CC,26,76.87,集合住宅,鋼筋混凝土造,84年12月1日,九層,
RPPQMLOJJHHGFIB87CC,26,6.59,停車空間,鋼筋混凝土造,84年12月1日,九層,
RPPQMLOJJHHGFIB87CC,26,12.08,共有部份,鋼筋混凝土造,84年12月1日,九層,
RPQPMLOJJHHGFCB27CC,12,45.25,住家用,鋼筋混凝土造,98年8月13日,二十六層,
RPQPMLOJJHHGFCB27CC,12,3.80,共有,鋼筋混凝土造,98年8月13日,二十六層,
RPQPMLOJJHHGFCB27CC,12,17.80,共有,鋼筋混凝土造,98年8月13日,二十六層,
RPURMLOJJHHGFCB87CC,11,48.77,住家用,鋼筋混凝土造,99年11月19日,二十四層,
RPURMLOJJHHGFCB87CC,11,35.90,本共有部分之項目有停車空間、消防機房、污水機房、揚水機房、水箱、排煙室、梯廳、樓梯間、昇降機間、防空避難室兼停車空間、防災中心、台電配電室、電信室、緊急發電機房、電錶箱室、門廳、管委會空間、中繼機房、屋頂平台、電梯機房、機房等二十一項,鋼筋混凝土造,99年11月19日,二十四層,
RPOPMLPJJHHGFBB07CC,42,71.48,住家用,鋼筋混凝土造,68年9月26日,五層,
RPQSMLOJJHHGFBB47CC,29,80.72,住家用,鋼筋混凝土造,82年2月12日,十一層,
RPQSMLOJJHHGFBB47CC,29,9.99,共有部分,鋼筋混凝土造,82年2月12日,十一層,
RPTOMLOJJHHGFCB47CC,3,389.75,店鋪,鋼骨鋼筋混凝土造,107年9月11日,一層,
RPQPMLPJJHHGFBB27CC,43,59.75,住家用,鋼筋混凝土造,68年3月26日,五層,
RPSPMLOJJHHGFCB47CC,12,18.99,共有,鋼筋混凝土造,98年8月13日,二十六層,
RPXRMLPJJHHGFBB18CC,42,13.49,住家用,鋼筋混凝土造,68年11月8日,五層,
RPXSMLOJJHHGFCB28CC,29,128.89,住家用,鋼筋混凝土造,81年9月1日,七層,
RPXSMLOJJHHGFCB28CC,29,34.11,共用部份,鋼筋混凝土造,81年9月1日,七層,
RPUSMLPJJHHGFBB97CC,27,69.11,住家用,鋼筋混凝土造,83年11月22日,十七層,
RPUSMLPJJHHGFBB97CC,27,.00,共用部份,鋼筋混凝土造,83年11月22日,十七層,
RPUSMLPJJHHGFBB97CC,27,15.54,共用部份,鋼筋混凝土造,83年11月22日,十七層,
RPTQMLPJJHHGFCB77CC,41,112.14,住商用,加強磚造,70年3月16日,二層,
RPUQMLPJJHHGFCB87CC,27,16.53,住家用,鋼筋混凝土造,83年8月19日,十二層,
RPUQMLPJJHHGFCB87CC,27,4.28,共用部份,鋼筋混凝土造,83年8月19日,十二層,
RPVRMLPJJHHGFBB97CC,38,17.62,住家用,鋼筋混凝土造,73年4月17日,五層,
RPUNMLPJJHHGFAB37CC,34,86.57,住家用,鋼筋混凝土造,76年11月30日,七層,
RPUNMLPJJHHGFAB37CC,34,10.65,共有部份,鋼筋混凝土造,76年11月30日,七層,
RPUNMLPJJHHGFAB37CC,34,13.10,共有部份,鋼筋混凝土造,76年11月30日,七層,
RPPRMLPJJHHGFCB47CC,7,159.67,人行道、店舖、辦公室,鋼筋混凝土造,104年5月13日,十二層,
RPROMLPJJHHGFGB77CC,45,112.62,住家用,加強磚造,66年1月25日,二層,
RPSOMLPJJHHGFFB77CC,15,15.75,住家用,鋼筋混凝土造,96年1月9日,五層,
RPSOMLPJJHHGFFB77CC,15,.57,梯間、水箱,鋼筋混凝土造,96年1月9日,五層,
RPSOMLPJJHHGFFB77CC,15,4.74,住家用,鋼筋混凝土造,96年1月9日,五層,
RPOPMLPJJHHGFCB17CC,26,82.49,集合住宅,鋼筋混凝土造,85年6月15日,十二層,
RPOPMLPJJHHGFCB17CC,26,49.80,共用部份,鋼筋混凝土造,85年6月15日,十二層,
RPXRMLPJJHHGFCB28CC,29,91.94,住家用,鋼筋混凝土造,81年7月21日,十二層,
RPXRMLPJJHHGFCB28CC,29,21.03,共有部份,鋼筋混凝土造,81年7月21日,十二層,
RPXQMLPJJHHGFAB97CC,34,90.49,住家用,鋼筋混凝土造,76年7月1日,五層,
RPWPMLPJJHHGFAB77CC,21,115.83,集合住宅,鋼筋混凝土造,89年8月15日,十六層,
RPWPMLPJJHHGFAB77CC,21,23.76,共同使用,鋼筋混凝土造,89年8月15日,十六層,
RPWPMLPJJHHGFAB77CC,21,20.61,共同使用,鋼筋混凝土造,89年8月15日,十六層,
RPPSMLPJJHHGFAB37CC,1,61.64,集合住宅,鋼筋混凝土造,109年11月25日,十五層,
RPPSMLPJJHHGFAB37CC,1,40.74,本共有部分係依使用執照之建築概要表記載項目有：停車空間、緊急發電機室、消防機房、防空避難室兼停車空間、台電配電室、電錶區、受電箱區、備品室、管委會空間（商場附屬空間）管理、臨停車位區、交誼大廳等共１１項,鋼筋混凝土造,109年11月25日,十五層,
RPPSMLPJJHHGFAB37CC,1,20.26,本共有部分係依使用執照之建築概要表記載項目有：排煙室、一般昇降機、緊急昇降機、污水機房、水箱、一般安全梯、電信室、景觀機房、特別安全梯、戶外安全梯、梯廳、排煙機房、消防水箱、升降機械室等共１４項。,鋼筋混凝土造,109年11月25日,十五層,
RPVOMLQJJHHGFAB67CC,47,87.51,商業用,見其他登記事項,64年5月23日,四層,
RPSNMLQJJHHGFAB27CC,27,70.80,住家用,鋼筋混凝土造,83年7月28日,十六層,
RPSNMLQJJHHGFAB27CC,27,32.00,梯間、人行道、機械室、防空避難室、水箱,鋼筋混凝土造,83年7月28日,十六層,
RPVNMLPJJHHGFAB47CC,1,90.71,集合住宅,鋼筋混凝土造,110年3月9日,十三層,
RPVNMLPJJHHGFAB47CC,1,49.15,本共有部份係依使用執照之建築概要表記載項目有：防空避難室兼停車空間、車道、安全梯、一般昇降機、梯廳、排煙室、污水機房、發電機室、消防機械室、景觀機房、機械室、水箱、排煙室兼緊急昇降機間、台電配電室、機車車道、電信室、泳池機房、人行道、公共服務空間、門廳、外廊、垃圾貯存空間、游泳池等２３項。,鋼筋混凝土造,110年3月9日,十三層,
RPVNMLPJJHHGFAB47CC,1,21.72,本共有部份係依使用執照之建築概要表記載項目有：一般昇降機、梯廳、安全梯、排煙室兼緊急昇降機間、戶外安全梯、樓梯間、水箱、水錶室、消防水箱、機械室等１０項。,鋼筋混凝土造,110年3月9日,十三層,
RPPRMLPJJHHGFAB27CC,41,46.94,住商用,鋼筋混凝土造,70年6月19日,五層,
RPRRMLPJJHHGFAB47CC,34,90.49,住家用,鋼筋混凝土造,76年7月1日,五層,
RPWOMLQJJHHGFAB77CC,24,19.15,住家用,鋼筋混凝土造,87年5月20日,七層,
RPWOMLQJJHHGFAB77CC,24,8.95,共有部份,鋼筋混凝土造,87年5月20日,七層,
RPVPMLQJJHHGFAB77CC,27,55.47,住家用,鋼筋混凝土造,83年8月25日,十六層,
RPVPMLQJJHHGFAB77CC,27,23.86,共有部份,鋼筋混凝土造,83年8月25日,十六層,
RPTNMLQJJHHGFHB08CC,27,58.49,住家用,鋼筋混凝土造,83年8月24日,十七層,
RPTNMLQJJHHGFHB08CC,27,14.15,共有部份,鋼筋混凝土造,83年8月24日,十七層,
RPTPMLQJJHHGFAB57CC,24,16.92,住家用,鋼筋混凝土造,87年5月20日,七層,
RPTPMLQJJHHGFAB57CC,24,11.38,共有部份,鋼筋混凝土造,87年5月20日,七層,
RPPOMLQJJHHGFIB87CC,29,181.48,人行道、店舖、住宅,鋼筋混凝土造,82年3月9日,四層,
RPUNMLQJJHHGFCB67CC,27,95.47,住商用,鋼筋混凝土造,83年9月26日,十六層,
RPXOMLQJJHHGFIB68CC,24,97.84,集合住宅,鋼筋混凝土造,86年7月5日,十二層,
RPXOMLQJJHHGFIB68CC,24,31.44,防空避難室兼停車空間．梯間．機械房．水塔,鋼筋混凝土造,86年7月5日,十二層,
RPXPMLQJJHHGFAB97CC,28,52.14,住家用,鋼筋混凝土造,83年4月20日,八層,
RPXPMLQJJHHGFAB97CC,28,15.52,共有部份,鋼筋混凝土造,83年4月20日,八層,
RPPQMLQJJHHGFCB47CC,28,68.22,住家用,鋼筋混凝土造,82年11月25日,六層,
RPPQMLQJJHHGFCB47CC,28,35.89,共有部份,鋼筋混凝土造,82年11月25日,六層,
RPUQMLQJJHHGFCB97CC,29,103.64,住商用,鋼筋混凝土造,82年3月5日,五層,
RPOOMLQJJHHGFCB17CC,10,105.99,店舖、住宅,鋼筋混凝土造,101年1月13日,十四層,
RPOOMLQJJHHGFCB17CC,10,62.77,本共有部分係依使用執照之建築概要表記載項目有：停車空間、梯廳、排煙室、安全梯、緊急昇降機、水箱、消防機房、污水機房、水景機房、電信室、發電機室、防空避難室兼停車空間、台電配電室、人行道、公共服務空間、車道、環保室、走廊、機械室、樓梯間、水錶室、電梯機械室等二十二項,鋼筋混凝土造,101年1月13日,十四層,
RPOPMLQJJHHGFIB87CC,33,136.76,住家用,鋼筋混凝土造,77年9月9日,三層,
RPPPMLQJJHHGFIB97CC,23,86.00,集合住宅，機電設備空間,鋼筋混凝土造,88年5月21日,十層,
RPPPMLQJJHHGFIB97CC,23,28.15,共有部份,鋼筋混凝土造,88年5月21日,十層,
RPXQMLQJJHHGFCB28CC,3,58.05,店舖、住宅、停車空間、樓梯間、機械室,鋼筋混凝土造,107年10月25日,五層,
RPSPMLQJJHHGFBB57CC,39,20.01,住家用,鋼筋混凝土造,72年2月10日,五層,
RPSPMLQJJHHGFBB57CC,39,4.60,共有部分,鋼筋混凝土造,72年2月10日,五層,
RPORMLQJJHHGFCB47CC,30,58.87,商業用,鋼筋混凝土造,81年3月16日,七層,
RPORMLQJJHHGFCB47CC,30,27.98,共有部份,鋼筋混凝土造,81年3月16日,七層,
RPSQMLQJJHHGFBB67CC,28,179.43,住家用,鋼筋混凝土造,83年4月30日,九層,
RPSQMLQJJHHGFBB67CC,28,7.86,見其他登記事項,鋼筋混凝土造,83年4月30日,九層,
RPTQMLQJJHHGFBB77CC,37,85.43,住家用,鋼筋混凝土造,74年5月28日,五層,
RPTQMLQJJHHGFBB77CC,37,3.52,共用部份,鋼筋混凝土造,74年5月28日,五層,
RPWRMLQJJHHGFBB18CC,32,39.70,住家用,鋼筋混凝土造,79年3月17日,七層,
RPWRMLQJJHHGFBB18CC,32,8.44,共有部分,鋼筋混凝土造,79年3月17日,七層,
RPXNMLQJJHHGFBB87CC,1,36.29,集合住宅,鋼筋混凝土造,109年10月22日,十四層,
RPXNMLQJJHHGFBB87CC,1,4.11,集合住宅,鋼筋混凝土造,109年10月22日,十四層,
RPXNMLQJJHHGFBB87CC,1,1.27,集合住宅,鋼筋混凝土造,109年10月22日,十四層,
RPXNMLQJJHHGFBB87CC,1,25.22,本共有部分係依使用執照之建築概要表記載項目有：防空避難室兼停車空間，水箱，安全梯，排煙室，消防機房，雨污水機房，昇降機間，管道間，車道，停車空間，台電配電室，緊急發電機室，電信室，管委會使用空間，公共服務空間，資源回收室，戶外安全梯，機車停車空間，梯廳，機房，樓梯間，梯間，水錶機房，電梯機房等２４項,鋼筋混凝土造,109年10月22日,十四層,
RPQTMLRJJHHGFBB87CC,7,63.01,住家用,鋼筋混凝土造,103年9月15日,十一層,
RPQTMLRJJHHGFBB87CC,7,20.62,本共有部分係依使用執照之建築概要表記載項目有：防空避難室兼停車空間，水箱，梯廳，梯間，台電配電室，電信室，發電機室，消防機房，污水機房等９項,鋼筋混凝土造,103年9月15日,十一層,
RPQTMLRJJHHGFBB87CC,7,24.44,本共有部分係依使用執照之建築概要表記載項目有：公共服務空間，梯廳，梯間，資源回收區，外廊，電梯，樓梯間，電梯機房，水箱等９項,鋼筋混凝土造,103年9月15日,十一層,
RPPSMLQJJHHGFBB57CC,41,33.06,住家用,鋼筋混凝土造,70年4月21日,五層,
RPQVMLRJJHHGFBB08CC,26,.28,共有部份,鋼筋混凝土造,84年8月14日,十六層,
RPQVMLRJJHHGFBB08CC,26,5.41,共有部份,鋼筋混凝土造,84年8月14日,十六層,
RPQVMLRJJHHGFBB08CC,26,4.50,共有部份,鋼筋混凝土造,84年8月14日,十六層,
RPQVMLRJJHHGFBB08CC,26,24.29,住家用,鋼筋混凝土造,84年8月14日,十六層,
RPVOMLQJJHHGFBB77CC,8,42.95,住家用,鋼筋混凝土造,102年7月25日,二十二層,
RPVOMLQJJHHGFBB77CC,8,11.52,本共有部分係依使用執照之建築概要表記載項目有：管委會使用公共設施，垃圾處理室，梯間，梯廳，梯間（排煙室，昇降機間）梯間（梯廳，排煙室，昇降機間），走廊，中繼機械室（中繼水箱），機械室，水箱等１０項,鋼筋混凝土造,102年7月25日,二十二層,
RPVOMLQJJHHGFBB77CC,8,36.44,本共有部分係依使用執照之建築概要表記載項目有：停車空間，車道，污水機房，清水池，消防機房，機房，梯間（梯廳，排煙室，昇降機間），防空避難室兼停車空間，發電機室，電信室，台電配電室，防災中心，公共設施等１３項,鋼筋混凝土造,102年7月25日,二十二層,
RPSRMLQJJHHGFBB77CC,33,94.73,住家用,鋼筋混凝土造,78年5月24日,五層,
RPSRMLQJJHHGFBB77CC,33,8.02,共有部份,鋼筋混凝土造,78年5月24日,五層,
RPQNMLRJJHHGFCB37CC,16,67.89,住家用,鋼筋混凝土造,94年11月10日,二十三層,
RPQNMLRJJHHGFCB37CC,16,46.27,共用,鋼筋混凝土造,94年11月10日,二十三層,
RPQPMLRJJHHGFCB57CC,51,134.10,店舖,鐵筋加強磚造,59年10月1日,二層,
RPTNMLRJJHHGFIB28CC,40,86.10,住家用,鋼筋混凝土造,71年2月20日,五層,
RPTNMLRJJHHGFJB38CC,31,106.30,集合住宅,鋼筋混凝土造,79年7月18日,六層,
RPTNMLRJJHHGFIB28CC,40,10.68,共有部分,鋼筋混凝土造,71年2月20日,五層,
RPTNMLRJJHHGFJB38CC,31,27.95,避難室、人行道、梯間、機械房．水塔,鋼筋混凝土造,79年7月18日,六層,
RPTNMLRJJHHGFIB28CC,40,10.97,共有部分,鋼筋混凝土造,71年2月20日,五層,
RPWNMLRJJHHGFKB78CC,41,44.00,住家用,鋼筋混凝土造,70年5月20日,四層,
RPWUMLRJJHHGFBB58CC,28,252.52,住商用,鋼筋混凝土造,83年6月17日,五層,
RPRTMLRJJHHGFBB08DC,18,82.75,停車空間，人行道，住宅,鋼筋混凝土造,92年9月3日,五層,
RPSPMLRJJHHGFCB77CC,29,49.82,住家用,鋼筋混凝土造,82年6月29日,六層,
RPSPMLRJJHHGFCB77CC,29,10.49,共用部份,鋼筋混凝土造,82年6月29日,六層,
RPSPMLRJJHHGFCB77CC,29,8.00,共用部份,鋼筋混凝土造,82年6月29日,六層,
RPTNMLRJJHHGFKB48CC,41,42.04,住家用,鋼筋混凝土造,70年5月20日,四層,
RPTPMLRJJHHGFCB87CC,27,61.59,住家用,鋼筋混凝土造,84年1月12日,十四層,
RPTPMLRJJHHGFCB87CC,27,26.05,共用部份,鋼筋混凝土造,84年1月12日,十四層,
RPTTMLRJJHHGFBB28DC,37,483.78,住商用,鋼筋混凝土造,74年6月26日,四層,
RPQNMLRJJHHGFFB67CC,3,93.62,集合住宅,鋼筋混凝土造,107年9月26日,十五層,
RPQNMLRJJHHGFFB67CC,3,13.41,梯廳、門廳〈風除室〉、門廊、管委會使用空間〈游泳池〉、電信機房、排風機房、泳池機房、進風機房、消防機房、緊急發電機房、機房、垃圾暫存室、泳池水箱、雨水及汙水機房、防空避難室兼停車空間、車道、機車停車空間。,鋼筋混凝土造,107年9月26日,十五層,
RPQNMLRJJHHGFFB67CC,3,32.26,防空避難室兼停車空間、停車空間、車道,鋼筋混凝土造,107年9月26日,十五層,
RPQNMLRJJHHGFFB67CC,3,.98,特別安全梯、台電配電室,鋼筋混凝土造,107年9月26日,十五層,
RPQNMLRJJHHGFFB67CC,3,28.35,特別安全梯、排煙室、梯廳、水箱、電錶、水錶室、消防水箱、電梯機房、樓梯間,鋼筋混凝土造,107年9月26日,十五層,
RPQQMLRJJHHGFCB67CC,12,47.65,住家用,鋼筋混凝土造,98年8月13日,二十六層,
RPQQMLRJJHHGFCB67CC,12,22.96,共有,鋼筋混凝土造,98年8月13日,二十六層,
RPQQMLRJJHHGFCB67CC,12,18.85,共有,鋼筋混凝土造,98年8月13日,二十六層,
RPPNMLRJJHHGFAB07CC,20,269.55,店舖．停車空間．辦公室．住宅．梯間．水箱．機械室．人行道,鋼筋混凝土造,90年7月4日,五層,
RPVNMLRJJHHGFIB48CC,19,172.45,停車空間、住宅,鋼筋混凝土造,92年1月20日,四層,
RPQNMLRJJHHGFHB87CC,29,78.20,住家用,鋼筋混凝土造,82年5月25日,十二層,
RPQNMLRJJHHGFHB87CC,29,20.85,共有部份,鋼筋混凝土造,82年5月25日,十二層,
RPTOMLRJJHHGFFB08CC,39,65.05,集合住宅,鋼筋混凝土造,72年2月3日,五層,
RPTOMLRJJHHGFFB08CC,39,1.40,梯間、國民住宅,鋼筋混凝土造,72年2月3日,五層,
RPUOMLRJJHHGFDB97CC,6,1384.92,作業廠房,鋼骨造,105年4月25日,一層,
RPUOMLRJJHHGFFB18CC,41,108.57,住商用,加強磚造,69年12月12日,二層,
RPPPMLRJJHHGFAB27CC,43,178.88,住商用,鋼筋混凝土造,67年10月3日,三層,
RPVOMLRJJHHGFDB08CC,1,181.40,Ｃ２工場（廠）,鋼骨造,110年6月28日,二層,
RPPPMLRJJHHGFDB57CC,23,111.43,住家用,鋼筋混凝土造,87年9月29日,九層,
RPPPMLRJJHHGFDB57CC,23,54.85,共有部分,鋼筋混凝土造,87年9月29日,九層,
RPPPMLRJJHHGFDB57CC,23,15.09,共有部分,鋼筋混凝土造,87年9月29日,九層,
RPTNMLRJJHHGFAB47CC,24,95.42,住家用,鋼筋混凝土造,87年5月20日,七層,
RPTNMLRJJHHGFAB47CC,24,64.18,共有部份,鋼筋混凝土造,87年5月20日,七層,
RPUNMLKKJHHGFBB07CC,52,103.08,商業用,鋼筋混凝土加強磚造,59年6月27日,二層,
RPWNMLRJJHHGFAB77CC,25,24.38,住家用,鋼骨造,86年1月31日,二十八層,
RPWNMLRJJHHGFAB77CC,25,1.17,共同使用,鋼骨造,86年1月31日,二十八層,
RPWNMLRJJHHGFAB77CC,25,7.45,公共設施,鋼骨造,86年1月31日,二十八層,
RPWNMLRJJHHGFAB77CC,25,4.55,共有部份,鋼骨造,86年1月31日,二十八層,
RPQNMLSJJHHGFBB37CC,29,114.46,住家用,鋼筋混凝土造,81年10月15日,十二層,
RPQNMLSJJHHGFBB37CC,29,23.31,共有部份,鋼筋混凝土造,81年10月15日,十二層,
RPPQMLKKJHHGFBB86CC,25,71.60,住家用,鋼筋混凝土造,86年1月27日,十二層,
RPPQMLKKJHHGFBB86CC,25,.00,共用部份,鋼筋混凝土造,86年1月27日,十二層,
RPPQMLKKJHHGFBB86CC,25,.00,共用部份,鋼筋混凝土造,86年1月27日,十二層,
RPPQMLKKJHHGFBB86CC,25,.00,共用部份,鋼筋混凝土造,86年1月27日,十二層,
RPPQMLKKJHHGFBB86CC,25,7.78,共用部份,鋼筋混凝土造,86年1月27日,十二層,
RPPQMLKKJHHGFBB86CC,25,.00,共用部份,鋼筋混凝土造,86年1月27日,十二層,
RPPQMLKKJHHGFBB86CC,25,.00,共用部份,鋼筋混凝土造,86年1月27日,十二層,
RPPQMLKKJHHGFBB86CC,25,.00,共用部份,鋼筋混凝土造,86年1月27日,十二層,
RPPQMLKKJHHGFBB86CC,25,.00,共用部份,鋼筋混凝土造,86年1月27日,十二層,
RPPQMLKKJHHGFBB86CC,25,.00,共用部份,鋼筋混凝土造,86年1月27日,十二層,
RPPQMLKKJHHGFBB86CC,25,6.98,共用部份,鋼筋混凝土造,86年1月27日,十二層,
RPPQMLKKJHHGFBB86CC,25,15.40,共用部份,鋼筋混凝土造,86年1月27日,十二層,
RPSPMLKKJHHGFBB07CC,56,120.14,住家用,鋼筋混凝土加強磚造,55年4月14日,二層,
RPPOMLKKJHHGFCB76CC,1,41.21,集合住宅,鋼筋混凝土造,109年7月31日,十二層,
RPPOMLKKJHHGFCB76CC,1,25.11,本共有部分係依使用執照之建築概要表記載項目有：停車空間，車道，樓梯間，排煙室，機械室，梯廳，發電機室，水箱，緊急昇降機，行動不便電梯，消防機械室，防空避難室兼停車空間，機車停車區，電信室，台電配電室，垃圾集中室，管理室，電梯，管理委員會使用空間，門廳，水錶室等２１項,鋼筋混凝土造,109年7月31日,十二層,
RPPOMLKKJHHGFCB76CC,1,10.57,本共有部分係依使用執照之建築概要表記載項目有：電梯，樓梯間，梯廳，排煙室，緊急昇降機，行動不便電梯，緊急昇降機電梯等７項,鋼筋混凝土造,109年7月31日,十二層,
RPXNMLRJJHHGFAB87CC,24,15.08,住家用,鋼筋混凝土造,87年5月20日,七層,
RPXNMLRJJHHGFAB87CC,24,9.22,共有部份,鋼筋混凝土造,87年5月20日,七層,
RPROMLKKJHHGFCB96CC,1,40.15,集合住宅,鋼筋混凝土造,109年7月31日,十二層,
RPROMLKKJHHGFCB96CC,1,24.81,本共有部分係依使用執照之建築概要表記載項目有：停車空間，車道，樓梯間，排煙室，機械室，梯廳，發電機室，水箱，緊急昇降機，行動不便電梯，消防機械室，防空避難室兼停車空間，機車停車區，電信室，台電配電室，垃圾集中室，管理室，電梯，管理委員會使用空間，門廳，水錶室等２１項,鋼筋混凝土造,109年7月31日,十二層,
RPROMLKKJHHGFCB96CC,1,10.25,本共有部分係依使用執照之建築概要表記載項目有：電梯，樓梯間，梯廳，排煙室，緊急昇降機，行動不便電梯，緊急昇降機電梯等７項,鋼筋混凝土造,109年7月31日,十二層,
RPVPMLRJJHHGFAB87CC,44,27.45,住家用,鋼筋混凝土造,66年12月28日,十一層,
RPQNMLKKJHHGFBB66CC,23,167.60,店舖，停車空間，住宅，樓梯間,鋼筋混凝土造,88年4月2日,三層,
RPSQMLKKJHHGFCB27CC,25,81.63,住家用,鋼筋混凝土造,85年7月9日,八層,
RPSQMLKKJHHGFCB27CC,25,39.76,共有部份,鋼筋混凝土造,85年7月9日,八層,
RPPOMLKKJHHGFBB66CC,43,74.95,住家用,鋼筋混凝土造,68年6月14日,五層,
RPRPMLKKJHHGFAB86CC,24,13.38,住家用,鋼筋混凝土造,87年5月20日,七層,
RPRPMLKKJHHGFAB86CC,24,8.07,共有部份,鋼筋混凝土造,87年5月20日,七層,
RPXNMLKKJHHGFJB18CC,30,79.35,集合住宅,鋼筋混凝土造,80年10月20日,十二層,
RPXNMLKKJHHGFJB18CC,30,21.84,避難室、機械室、梯間、水箱、頂蓋型開放空間、陽台、平台,鋼筋混凝土造,80年10月20日,十二層,
RPRSMLKKJHHGFBB27CC,25,20.71,住家用,鋼筋混凝土造,85年8月19日,十二層,
RPRSMLKKJHHGFBB27CC,25,11.68,共有部份,鋼筋混凝土造,85年8月19日,十二層,
RPOOMLKKJHHGFCB66CC,39,245.49,住商用,鋼筋混凝土造,71年12月24日,三層,
RPVNMLKKJHHGFIB87CC,29,79.42,集合住宅,鋼筋混凝土造,81年10月1日,七層,
RPVNMLKKJHHGFIB87CC,29,26.39,共有部分,鋼筋混凝土造,81年10月1日,七層,
RPUNMLLKJHHGFIB87CC,2,37.99,集合住宅,鋼筋混凝土造,108年8月31日,九層,
RPUNMLLKJHHGFIB87CC,2,24.33,防空避難室兼停車空間．消防機械室．雨污水機房．水箱．台電配電室．電信室．發電機室．管委會使用空間．梯廳．梯間．車道．樓梯間．水表區．電梯機房等１４項。,鋼筋混凝土造,108年8月31日,九層,
RPXPMLKKJHHGFAB47CC,33,18.91,住家用,鋼筋混凝土造,78年5月11日,五層,
RPXPMLKKJHHGFAB47CC,33,8.59,共有部份,鋼筋混凝土造,78年5月11日,五層,
RPTNMLKKJHHGFHB57CC,47,81.90,住家用,加強磚造,63年10月5日,二層,
RPXNMLLKJHHGFIB18CC,45,109.48,住商用,加強磚造,66年4月10日,二層,
RPRNMLKKJHHGFKB67CC,6,60.81,集合住宅,鋼筋混凝土造,104年11月9日,九層,
RPRNMLKKJHHGFKB67CC,6,26.93,管委會使用空間、停車空間、電梯機械室、樓梯間、機械室、水箱,鋼筋混凝土造,104年11月9日,九層,
RPVNMLLKJHHGFGB77CC,4,190.85,集合住宅‧停車空間‧門廊‧外廊,鋼筋混凝土造,107年3月27日,四層,
RPTQMLKKJHHGFCB37CC,32,12.87,住家用,鋼筋混凝土造,78年12月6日,六層,
RPTQMLKKJHHGFCB37CC,32,6.76,避難室、人行道、配電室、電樓梯間,鋼筋混凝土造,78年12月6日,六層,
RPTPMLKKJHHGFAB07CC,24,18.25,住家用,鋼筋混凝土造,87年5月20日,七層,
RPTPMLKKJHHGFAB07CC,24,12.26,共有部份,鋼筋混凝土造,87年5月20日,七層,
RPVPMLKKJHHGFAB27CC,23,62.81,住家用,鋼筋混凝土造,87年9月30日,十二層,
RPVPMLKKJHHGFAB27CC,23,17.22,共有部份,鋼筋混凝土造,87年9月30日,十三層,
RPUOMLLKJHHGFFB67CC,29,155.49,住家用,鋼筋混凝土造,81年11月5日,三層,
RPTNMLLKJHHGFDB37DC,53,30.04,商業用,磚造,57年11月25日,一層,
RPTNMLLKJHHGFDB37DC,53,305.10,工業用,鋼造,57年11月25日,一層,
RPTNMLLKJHHGFDB37DC,53,197.46,工商用,加強磚造,57年11月25日,一層,
RPVOMLLKJHHGFFB77CC,15,187.00,住宅、停車空間、水塔間,鋼筋混凝土造,96年6月12日,四層,
RPOQMLLKJHHGFCB96CC,28,28.66,住家用,鋼筋混凝土造,83年4月19日,十二層,
RPOQMLLKJHHGFCB96CC,28,16.70,共用部份,鋼筋混凝土造,83年4月19日,十二層,
RPVNMLLKJHHGFCB37CC,27,98.43,住家用,鋼筋混凝土造,83年10月21日,十五層,
RPVNMLLKJHHGFCB37CC,27,16.68,辦公室、停車空間,鋼筋混凝土造,83年10月21日,十五層,
RPVNMLLKJHHGFCB37CC,27,38.20,共有部份,鋼筋混凝土造,83年10月21日,十五層,
RPRQMLLKJHHGFAB07CC,8,106.33,集合住宅,鋼筋混凝土造,102年8月18日,十五層,
RPRQMLLKJHHGFAB07CC,8,50.93,本共有部分係依使用執照之建築概要表記載項目有：停車空間、消防機房、污水機房、水箱、排煙室、樓梯間、昇降機間、機房、台電配電室、防空避難室兼停車空間、電信室、緊急發電機室等１２項,鋼筋混凝土造,102年8月18日,十五層,
RPPTMLLKJHHGFCB37CC,31,206.84,商業用,鋼筋混凝土造,80年6月13日,十三層,
RPRQMLLKJHHGFAB07CC,8,10.49,本共有部分係依使用執照之建築概要表記載項目有：公共服務空間、開放空間、門廳、垃圾集中處、廁所、管理室、梯廳、排煙室、樓梯間、昇降機間、梯間、水錶箱室、水箱、電梯機房、人行道等１５項,鋼筋混凝土造,102年8月18日,十五層,
RPPTMLLKJHHGFCB37CC,31,120.89,共有部份,鋼筋混凝土造,80年6月13日,十三層,
RPRQMLLKJHHGFAB07CC,8,18.77,本共有部分係依使用執照之建築概要表記載項目有：梯廳、排煙室、樓梯間、昇降機間等４項,鋼筋混凝土造,102年8月18日,十五層,
RPSSMLLKJHHGFCB57CC,15,77.99,住家用,鋼筋混凝土造,95年11月13日,二十八層,
RPSSMLLKJHHGFCB57CC,15,66.78,共用,鋼筋混凝土造,95年11月13日,二十八層,
RPOPMLLKJHHGFIB47CC,6,83.50,店舖、住宅,鋼筋混凝土造,104年8月10日,九層,
RPOPMLLKJHHGFIB47CC,6,60.12,本共有部份之項目有：防空避難室兼停車空間、車道、消防機械室、蓄水池、梯間（梯廳、昇降機間）、停車空間、電信室、台電配電室、發電機室、公共服務空間、管委會使用空間、垃圾處理室、梯間（昇降機間）、水錶區、機械室及水箱等１６項,鋼筋混凝土造,104年8月10日,九層,
RPOUMLLKJHHGFCB37CC,44,60.16,店舖、住宅、避難室、人行道,鋼筋混凝土造,67年2月15日,四層,
RPPUMLLKJHHGFCB47CC,31,20.86,住家用,鋼筋混凝土造,79年7月5日,十二層,
RPPUMLLKJHHGFCB47CC,31,4.79,共有部份,鋼筋混凝土造,79年7月5日,十二層,
RPPUMLLKJHHGFCB47CC,31,5.32,共有部份,鋼筋混凝土造,79年7月5日,十二層,
RPTQMLLKJHHGFCB47CC,27,57.76,住家用,鋼筋混凝土造,84年1月21日,十九層,
RPTQMLLKJHHGFCB47CC,27,10.66,共用部份,鋼筋混凝土造,84年1月21日,十九層,
RPTQMLLKJHHGFCB47CC,27,10.81,共用部份,鋼筋混凝土造,84年1月21日,十九層,
RPUOMLLKJHHGFAB17CC,28,23.72,住家用,鋼筋混凝土造,83年5月4日,十二層,
RPUOMLLKJHHGFAB17CC,28,8.05,防空避難室．停車空間．樓梯間．機械室．水塔,鋼筋混凝土造,83年5月4日,十二層,
RPRNMLLKJHHGFCB96CC,12,39.61,住家用,鋼筋混凝土造,98年8月13日,二十六層,
RPRNMLLKJHHGFCB96CC,12,22.27,共有,鋼筋混凝土造,98年8月13日,二十六層,
RPRNMLLKJHHGFCB96CC,12,15.60,共有,鋼筋混凝土造,98年8月13日,二十六層,
RPXNMLLKJHHGFBB47CC,10,62.57,本共有部分係依使用執照之建築概要表記載項目有：水箱，污水機房，消防機械室，停車空間，停車空間兼防空避難室，台電配電室，緊急發電機室，電信室，管委會門廳，管委會使用空間，車道，外廊，梯廳，安全梯間，昇降機間，機械室，水錶室，梯間等１８項。,鋼筋混凝土造,101年2月22日,十一層,
RPXNMLLKJHHGFBB47CC,10,15.68,本共有部分係依使用執照之建築概要表記載項目有：梯廳、安全梯間、昇降機間,鋼筋混凝土造,101年2月22日,十一層,
RPXNMLLKJHHGFBB47CC,10,98.79,住家用,鋼筋混凝土造,101年2月22日,十一層,
RPVRMLLKJHHGFBB67CC,16,31.88,共有部分,鋼筋混凝土造,94年12月8日,十八層,
RPVQMLLKJHHGFBB57CC,43,57.00,住家用,鋼筋混凝土造,68年3月27日,五層,
RPOOMLLKJHHGFCB76CC,25,56.08,住家用,鋼筋混凝土造,85年7月1日,九層,
RPOOMLLKJHHGFCB76CC,25,27.46,共有部份,鋼筋混凝土造,85年7月1日,九層,
RPQRMLLKJHHGFBB17CC,16,15.94,共有部份,鋼筋混凝土造,94年12月8日,十八層,
RPWRMLLKJHHGFBB77CC,16,48.07,住家用,鋼筋混凝土造,94年12月8日,十八層,
RPWRMLLKJHHGFBB77CC,16,19.26,共有部分,鋼筋混凝土造,94年12月8日,十八層,
RPXTMLLKJHHGFBB08CC,8,11.45,本共有部分係依使用執照之建築概要表記載項目有：管委會使用公共設施，垃圾處理室，梯間，梯廳，梯間（排煙室，昇降機間）梯間（梯廳，排煙室，昇降機間），走廊，中繼機械室（中繼水箱），機械室，水箱等１０項,鋼筋混凝土造,102年7月25日,二十二層,
RPXTMLLKJHHGFBB08CC,8,9.21,本共有部分係依使用執照之建築概要表記載項目有：停車空間，車道，污水機房，清水池，消防機房，機房，梯間（梯廳，排煙室，昇降機間），防空避難室兼停車空間，發電機室，電信室，台電配電室，防災中心，公共設施等１３項,鋼筋混凝土造,102年7月25日,二十二層,
RPWTMLLKJHHGFBB97CC,16,47.70,住家用,鋼筋混凝土造,94年12月8日,十八層,
RPWTMLLKJHHGFBB97CC,16,19.13,共有部份,鋼筋混凝土造,94年12月8日,十八層,
RPOTMLLKJHHGFBB17CC,1,82.82,集合住宅,鋼筋混凝土造,109年12月11日,十五層,
RPVNMLMKJHHGFBB37CC,41,104.82,住家用,鋼筋混凝土造,69年10月16日,五層,
RPOTMLLKJHHGFBB17CC,1,.04,住宅,鋼筋混凝土造,109年12月11日,十五層,
RPOTMLLKJHHGFBB17CC,1,70.78,本共有部分係依使用執照之建築物概要表記載項目有：防空避難室兼停車空間、消防機房、雨污水機房、泳池機房、揚水機房、水箱、公共水箱、水景機房、梯廳、排煙室、梯間、門廳、緊急昇降機間、一般昇降機間、停車空間、台電配電室、發電機房、電信室、管委會使用空間、垃圾處理室、戶外安全梯間、水錶室、機械室、水箱室等２４項。,鋼筋混凝土造,109年12月11日,十五層,
RPOPMLMKJHHGFBB86CC,26,25.48,住家用,鋼筋混凝土造,84年12月5日,七層,
RPOPMLMKJHHGFBB86CC,26,13.45,共有部分,鋼筋混凝土造,84年12月5日,七層,
RPQTMLLKJHHGFCB47CC,32,183.80,商業用,鋼筋混凝土造,79年4月21日,十二層,
RPQTMLLKJHHGFCB47CC,32,34.47,共有部份,鋼筋混凝土造,79年4月21日,十二層,
RPSSMLLKJHHGFBB47CC,33,67.01,住家用,鋼筋混凝土造,78年5月1日,五層,
RPSSMLLKJHHGFBB47CC,33,19.48,共有部分,鋼筋混凝土造,78年5月1日,五層,
RPRPMLLKJHHGFBB07CC,39,20.01,住家用,鋼筋混凝土造,72年2月10日,五層,
RPTTMLLKJHHGFCB77CC,23,87.64,辦公室,鋼筋混凝土造,87年7月17日,十四層,
RPRPMLLKJHHGFBB07CC,39,4.60,共用部份,鋼筋混凝土造,72年2月10日,五層,
RPTTMLLKJHHGFCB77CC,23,48.18,共有部份,鋼筋混凝土造,87年7月17日,十四層,
RPTTMLLKJHHGFCB77CC,23,6.60,共有部份,鋼筋混凝土造,87年7月17日,十四層,
RPPPMLMKJHHGFBB96CC,28,144.14,住家用,鋼筋混凝土造,82年12月30日,十二層,
RPPPMLMKJHHGFBB96CC,28,42.21,管理員辦公室、停車空間,鋼筋混凝土造,82年12月30日,十三層,
RPPPMLMKJHHGFBB96CC,28,13.91,共有部份,鋼筋混凝土造,82年12月30日,十三層,
RPSSMLMKJHHGFBB57CC,28,50.21,住家用,鋼筋混凝土造,82年12月14日,八層,
RPSSMLMKJHHGFBB57CC,28,25.33,共有部份,鋼筋混凝土造,82年12月14日,八層,
RPTPMLMKJHHGFBB37CC,22,96.13,住家用,鋼筋混凝土造,89年1月11日,十三層,
RPXNMLMKJHHGFBB57CC,29,53.48,住家用,鋼筋混凝土造,82年3月6日,十六層,
RPXOMLMKJHHGFBB67CC,43,12.50,住家用,鋼筋混凝土造,67年8月2日,五層,
RPWPMLMKJHHGFCB77CC,13,86.04,住家用,鋼筋混凝土造,97年9月26日,七層,
RPWPMLMKJHHGFCB77CC,12,5.38,店舖,鋼骨造,98年8月19日,一層,
RPUPMLMKJHHGFCB57CC,13,42.03,住家用,鋼筋混凝土造,97年11月27日,二十二層,
RPUPMLMKJHHGFCB57CC,13,18.17,共用,鋼筋混凝土造,97年11月27日,二十二層,
RPXQMLMKJHHGFCB97CC,13,79.33,住家用,鋼筋混凝土造,97年7月11日,十二層,
RPXQMLMKJHHGFCB97CC,13,32.54,共用,鋼筋混凝土造,97年7月11日,十二層,
RPOQMLMKJHHGFCB07CC,41,1248.00,工業用,鋼筋混凝土造,70年5月29日,二層,
RPOQMLMKJHHGFCB07CC,39,302.75,工業用,鋼造,72年1月12日,一層,
RPOQMLMKJHHGFCB07CC,41,1024.26,工業用,鋼筋混凝土造,70年5月29日,二層,
RPRTMLMKJHHGFAB47CC,47,192.98,住商用,鋼筋混凝土造,64年5月1日,四層,
RPSNMLMKJHHGFAB96CC,28,233.86,商業用,鋼筋混凝土造,82年11月23日,五層,
RPRNMLMKJHHGFAB86CC,8,145.66,集合住宅,鋼筋混凝土造,102年6月25日,十五層,
RPVNMLMKJHHGFAB27CC,15,99.93,集合住宅,鋼筋混凝土造,95年12月22日,十五層,
RPVNMLMKJHHGFAB27CC,15,21.07,共用部分,鋼筋混凝土造,95年12月22日,十五層,
RPVNMLMKJHHGFAB27CC,15,40.24,共用部分,鋼筋混凝土造,95年12月22日,十五層,
RPVNMLMKJHHGFHB97CC,41,43.28,住家用,鋼筋混凝土造,70年4月25日,五層,
RPXOMLMKJHHGFIB38CC,40,246.97,住商用,鋼筋混凝土造,70年12月10日,四層,
RPTTMLMKJHHGFAB67CC,27,95.34,住家用,鋼筋混凝土造,83年12月28日,十五層,
RPTTMLMKJHHGFAB67CC,27,38.21,共有部份,鋼筋混凝土造,83年12月28日,十五層,
RPTTMLMKJHHGFAB67CC,27,8.26,共有部份,鋼筋混凝土造,83年12月28日,十五層,
RPQOMLNKJHHGFIB77CC,26,101.06,集合住宅,鋼筋混凝土造,85年4月5日,十二層,
RPQOMLNKJHHGFIB77CC,26,32.90,共有部分,鋼筋混凝土造,85年4月5日,十二層,
RPSPMLNKJHHGFIB08CC,28,92.86,集合住宅,鋼筋混凝土造,82年8月6日,十二層,
RPSPMLNKJHHGFIB08CC,28,8.50,共有部份,鋼筋混凝土造,82年8月6日,十二層,
RPTOMLNKJHHGFFB77CC,,52.33,集合住宅,鋼筋混凝土造,110年7月29日,七層,
RPTOMLNKJHHGFFB77CC,,27.08,法定防空避難室兼停車空間，梯間，梯廳，一般昇降機，一般安全梯，車道，台電配電室，電信室，發電機室兼消防機械室，電錶室，汙水機房，水箱，管委會使用空間，戶外安全梯，外廊，水錶室，機械室等１７項。,鋼筋混凝土造,110年7月29日,七層,
RPRNMLNKJHHGFAB96CC,26,60.47,集合住宅,鋼筋混凝土造,85年5月6日,十八層,
RPRNMLNKJHHGFAB96CC,26,11.25,共同使用,鋼筋混凝土造,85年5月6日,十八層,
RPRNMLNKJHHGFAB96CC,26,12.69,共同使用,鋼筋混凝土造,85年5月6日,十八層,
RPRNMLNKJHHGFAB96CC,26,3.03,共同使用,鋼筋混凝土造,85年5月6日,十八層,
RPRNMLNKJHHGFAB96CC,26,4.48,共同使用,鋼筋混凝土造,85年5月6日,十八層,
RPVOMLNKJHHGFIB28CC,28,58.31,人行道、店舖、住房、梯間,鋼筋混凝土造,83年6月2日,三層,
RPOOMLNKJHHGFCB07DC,26,240.00,人行道、店舖、住房、樓梯間,鋼筋混凝土造,84年9月15日,四層,
RPWNMLNKJHHGFKB48CC,41,47.93,住家用,鋼筋混凝土造,70年5月20日,四層,
RPOPMLNKJHHGFAB86CC,28,143.39,商業用,見其他登記事項,82年12月18日,四十二層,
RPOPMLNKJHHGFAB86CC,28,68.19,人行道．避難室．瞭望台．梯間．機械房,鋼骨造,82年12月18日,四十二層,
RPQPMLNKJHHGFAB07CC,27,74.93,住家用,鋼筋混凝土造,84年2月18日,十二層,
RPQPMLNKJHHGFAB07CC,27,23.37,停車空間，人行道，防空避難室兼停車空間，樓梯間，機械室，水塔,鋼筋混凝土造,84年2月18日,十二層,
RPUPMLNKJHHGFAB47CC,24,18.25,住家用,鋼筋混凝土造,87年5月20日,七層,
RPUPMLNKJHHGFAB47CC,24,12.26,共有部份,鋼筋混凝土造,87年5月20日,七層,
RPUOMLNKJHHGFDB67CC,2,65.92,集合住宅,鋼筋混凝土造,109年6月20日,七層,
RPUOMLNKJHHGFDB67CC,2,35.45,本共有部份之項目有防空避難室兼停車空間、台電配電室、消防發電機室、水箱、汙水機房、電信室、人行道、管理委員會使用空間、梯廳、梯間、電梯機室等１１項,鋼筋混凝土造,109年6月20日,七層,
RPXOMLNKJHHGFAB67CC,26,25.45,集合住宅,鋼骨鋼筋混凝土造,85年1月19日,二十二層,
RPXOMLNKJHHGFAB67CC,26,2.42,樓梯間．機房．蓄水池,鋼骨鋼筋混凝土造,85年1月19日,二十二層,
RPXOMLNKJHHGFAB67CC,26,2.70,樓梯間,鋼骨鋼筋混凝土造,85年1月19日,二十二層,
RPXOMLNKJHHGFAB67CC,26,7.14,防空避難室兼停車空間．走道,鋼骨鋼筋混凝土造,85年1月19日,二十二層,
RPXOMLNKJHHGFAB67CC,26,8.94,走道,鋼骨鋼筋混凝土造,85年1月19日,二十二層,
RPXPMLNKJHHGFAB77CC,33,17.47,住家用,鋼筋混凝土造,78年5月11日,五層,
RPXPMLNKJHHGFAB77CC,33,8.59,共有部份,鋼筋混凝土造,78年5月11日,五層,
RPTOMLNKJHHGFAB27CC,25,131.70,辦公室,鋼骨造,86年4月29日,四十二層,
RPTOMLNKJHHGFAB27CC,25,17.04,共同使用,鋼骨造,86年4月29日,四十二層,
RPPPMLNKJHHGFAB96CC,15,112.94,集合住宅,鋼筋混凝土造,95年12月22日,十五層,
RPPPMLNKJHHGFAB96CC,15,23.82,共用部分,鋼筋混凝土造,95年12月22日,十五層,
RPPPMLNKJHHGFAB96CC,15,16.92,共用部分,鋼筋混凝土造,95年12月22日,十五層,
RPXPMLNKJHHGFCB97CC,11,48.77,住家用,鋼筋混凝土造,99年11月19日,二十四層,
RPXPMLNKJHHGFCB97CC,11,35.90,本共有部分之項目有停車空間、消防機房、污水機房、揚水機房、水箱、排煙室、梯廳、樓梯間、昇降機間、防空避難室兼停車空間、防災中心、台電配電室、電信室、緊急發電機房、電錶箱室、門廳、管委會空間、中繼機房、屋頂平台、電梯機房、機房等二十一項,鋼筋混凝土造,99年11月19日,二十四層,
RPSOMLNKJHHGFCB37CC,38,105.25,住商用,鋼筋混凝土造,72年12月12日,五層,
RPSQMLNKJHHGFAB37CC,28,38.29,集合住宅,鋼筋混凝土造,83年5月26日,十三層,
RPSQMLNKJHHGFAB37CC,28,7.38,樓梯間．人行道．水箱．機械房．防空避難室．停車空間,鋼筋混凝土造,83年5月26日,十三層,
RPSPMLNKJHHGFCB47CC,8,156.85,辦公事務所及工商服務業,鋼骨鋼筋混凝土造,103年4月3日,三十六層,
RPSPMLNKJHHGFCB47CC,8,46.71,本共有部分之項目有：梯廳、排煙室、樓梯間、門廳、防災中心、管委會使用空間、汽車車道、發電機室、中繼機房、電梯機房、水錶室、機械室、子母水箱等１３項,鋼骨鋼筋混凝土造,103年4月3日,三十六層,
RPSPMLNKJHHGFCB47CC,8,50.08,本共有部分之項目有：梯廳、停車空間、水箱、消防機房、污水機房、排煙室、樓梯間、汽車車道、車道、防空避難室兼機車停車空間、儲藏室、電錶室、機車停車空間、台電配電室、電信室、中繼機房、雨水回收水箱等１７項。,鋼骨鋼筋混凝土造,103年4月3日,三十六層,
RPVQMLNKJHHGFCB87CC,12,177.14,辦公室,鋼骨造,99年6月4日,三十八層,
RPVQMLNKJHHGFCB87CC,12,143.37,本共有部分之項目有排煙室、特別安全梯、垃圾儲藏室、台電配電室專用通道、台電配電室管道間、梯廳、安全梯、中繼自來水箱、消防中繼連結泵浦室、機械室、機械房、電梯機房、蓄水池、水表室、水箱、陽台、廁所、男廁、女廁、挑高大廳、消防泵浦室、台電配電室、管理辦公室、排煙室兼梯廳等二十四項。,鋼骨造,99年6月4日,三十八層,
RPVQMLNKJHHGFCB87CC,12,30.15,本共有部分之項目有地下室排氣機房、地下室進氣管道、汽車車道、機車車道、排煙室、特別安全梯、網路ＵＰＳ機房、電梯機坑、安全梯、貨梯梯間、中庭水池機房、防空避難室兼地下停車空間、蓄水池、防災中心、電梯梯廳、緊急發電機室、台電配電室、電信機房、地下停車空間、汙廢水機房、消防機械室等二十一項。,鋼骨造,99年6月4日,三十八層,
RPVQMLNKJHHGFCB87CC,12,55.58,本共有部分之項目有梯廳等１項。,鋼骨造,99年6月4日,三十八層,
RPVQMLNKJHHGFCB87CC,12,171.12,辦公室,鋼骨造,99年6月4日,三十八層,
RPXQMLNKJHHGFCB08CC,30,168.87,住家用,鋼筋混凝土造,81年6月16日,十層,
RPXQMLNKJHHGFCB08CC,30,19.95,共有部分,鋼筋混凝土造,81年6月16日,十層,
RPORMLNKJHHGFCB27CC,9,151.19,辦公室〈第１２組〉,鋼骨鋼筋混凝土造,101年12月19日,二十九層,
RPORMLNKJHHGFCB27CC,9,117.89,本共有部分係依使用執照之建築概要表記載項目有：防空避難室兼停車空間、停車空間、電信室、台電配電室、雨水回收池、門廳、排煙室、機械室、水箱、污水機械室、消防機械室、梯廳、緊急發電機室、垃圾處理場、台電配電室專用管道間、梯間、管道間、車道、防災中心、機車停車空間、台電受電箱機房、中繼水箱、管委會使用、電梯機房、管委會、門廊、男廁、女廁、頂蓋型開放空間、造型牆等３０項。,鋼骨鋼筋混凝土造,101年12月19日,二十九層,
RPRPMLNKJHHGFCB37CC,23,109.37,辦公室,鋼筋混凝土造,87年7月17日,十四層,
RPRPMLNKJHHGFCB37CC,23,59.66,共有部份,鋼筋混凝土造,87年7月17日,十四層,
RPRPMLNKJHHGFCB37CC,23,6.60,共有部份,鋼筋混凝土造,87年7月17日,十四層,
RPPRMLNKJHHGFCB37CC,5,134.40,辦公室辦公事務所及工商服務業,鋼筋混凝土造,106年3月21日,二十八層,
RPPRMLNKJHHGFCB37CC,5,95.10,本共有部份係依使用執照之建築概要表記載項目有：停車空間、車道、消防機房、雨水機房、安全梯、梯廳、昇降機、清水池、防空避難室兼停車空間、電信室、發電機室、機械室、昇降機坑、台電配電室、景觀噴灌機房、垃圾室、雨水回收池、緊急昇降機、排煙室、外廊、門廳、防災中心、特別安全梯、機電設備空間、管委會使用空間、廁所、中繼機械室、梯間、水箱等２９項,鋼筋混凝土造,106年3月21日,二十八層,
RPPSMLNKJHHGFCB47CC,34,120.32,住家用,鋼筋混凝土造,77年1月17日,二層,
RPQSMLNKJHHGFCB57CC,27,16.99,住家用,鋼筋混凝土造,84年4月24日,七層,
RPQSMLNKJHHGFCB57CC,27,8.78,共用部份,鋼筋混凝土造,84年4月24日,七層,
RPSSMLNKJHHGFCB77CC,18,115.37,住家用,ＲＣ造,92年11月4日,十四層,
RPSSMLNKJHHGFCB77CC,18,70.20,共用,ＲＣ造,92年11月4日,十四層,
RPOPMLNKJHHGFBB96CC,30,59.29,住家用,鋼筋混凝土造,80年10月18日,五層,
RPSOMLNKJHHGFBB27CC,28,59.87,住家用,鋼筋混凝土造,83年4月19日,十三層,
RPSOMLNKJHHGFBB27CC,28,19.73,共用部份,鋼筋混凝土造,83年4月19日,十三層,
RPXPMLNKJHHGFBB87CC,8,88.87,住家用,鋼筋混凝土造,103年4月23日,十二層,
RPXPMLNKJHHGFBB87CC,8,64.23,本共有部分係依使用執照之建築概要表記載項目有：防空避難室兼停車空間，梯間，梯廳，消防機房，水箱，停車空間，發電機房，台電配電室，電信機房，門廳，公共服務空間，開放空間，機房等１３項,鋼筋混凝土造,103年4月23日,十二層,
RPOQMLNKJHHGFBB07CC,34,157.87,住商用,鋼筋混凝土造,77年3月3日,四層,
RPQQMLNKJHHGFBB27CC,40,92.01,住家用,鋼筋混凝土造,70年12月4日,五層,
RPWRMLNKJHHGFBB97CC,30,116.02,住家用,鋼筋混凝土造,80年10月28日,十三層,
RPWRMLNKJHHGFBB97CC,30,4.61,共有部份,鋼筋混凝土造,80年10月28日,十三層,
RPTOMLOKJHHGFBB47CC,27,24.78,住家用,鋼筋混凝土造,84年6月14日,八層,
RPTOMLOKJHHGFBB47CC,27,9.29,共有部份,鋼筋混凝土造,84年6月14日,八層,
RPRRMLOKJHHGFBB57CC,38,188.76,商業用,鋼筋混凝土造,73年1月9日,五層,
RPXRMLNKJHHGFBB08CC,30,116.02,住家用,鋼筋混凝土造,80年10月28日,十三層,
RPXRMLOKJHHGFBB18CC,8,62.93,住家用,鋼筋混凝土造,102年7月25日,二十二層,
RPXRMLNKJHHGFBB08CC,30,4.61,共有部份,鋼筋混凝土造,80年10月28日,十三層,
RPXRMLOKJHHGFBB18CC,8,16.92,本共有部分係依使用執照之建築概要表記載項目有：管委會使用公共設施，垃圾處理室，梯間，梯廳，梯間（排煙室，昇降機間）梯間（梯廳，排煙室，昇降機間），走廊，中繼機械室（中繼水箱），機械室，水箱等１０項,鋼筋混凝土造,102年7月25日,二十二層,
RPXRMLOKJHHGFBB18CC,8,40.71,本共有部分係依使用執照之建築概要表記載項目有：停車空間，車道，污水機房，清水池，消防機房，機房，梯間（梯廳，排煙室，昇降機間），防空避難室兼停車空間，發電機室，電信室，台電配電室，防災中心，公共設施等１３項,鋼筋混凝土造,102年7月25日,二十二層,
RPWPMLOKJHHGFCB97CC,26,118.33,人行道、店舖、集合住宅,鋼筋混凝土造,85年6月13日,九層,
RPWPMLOKJHHGFCB97CC,26,26.61,共用部份,鋼筋混凝土造,85年6月13日,九層,
RPWPMLOKJHHGFCB97CC,26,13.27,共用部份,鋼筋混凝土造,85年6月13日,九層,
RPOSMLNKJHHGFBB27CC,8,90.19,住家用,鋼筋混凝土造,103年4月23日,十二層,
RPOSMLNKJHHGFBB27CC,8,25.23,本共有部份係依使用執照之建築概要表記載項目有：管理委員會使用空間、梯廳、昇降機間、室內安全梯、門廳、門廊、車道、梯間、機械室、水箱等１０項。,鋼筋混凝土造,103年4月23日,十二層,
RPOSMLNKJHHGFBB27CC,8,18.28,本共有部份係依使用執照之建築概要表記載項目有：停車空間、消防機械室兼污水機房、水箱、安全梯、梯廳、昇降機間、緊急發電機室、停車空間兼防空避難室、台電配電室、電信室等１０項。,鋼筋混凝土造,103年4月23日,十二層,
RPRPMLOKJHHGFBB37CC,26,51.02,住家用,鋼筋混凝土造,84年12月18日,十二層,
RPRPMLOKJHHGFBB37CC,26,90.19,樓梯間，機械室，水箱，停車場，防空避難室兼停車空間,鋼筋混凝土造,84年12月18日,十二層,
RPOSMLOKJHHGFBB37CC,6,75.12,集合住宅,鋼筋混凝土造、鋼骨造,104年12月24日,十二層,
RPOSMLOKJHHGFBB37CC,6,51.80,本共有部分係依使用執照之建築概要表記載項目有：停車空間兼防空避難室．安全梯．台電配電室．車道．無障礙昇降機機道．昇降機間．雨污水機房．水箱．消防機房．電錶室．梯廳．發電機室．停車空間．管委會使用空間．電信室．戶外安全梯．水錶室．機械室等十八項。,鋼筋混凝土造，鋼骨造,104年12月24日,十二層,
RPVQMLOKJHHGFCB97CC,29,83.06,住家用,鋼筋混凝土造,82年3月24日,六層,
RPVQMLOKJHHGFCB97CC,29,16.34,共用部份,鋼筋混凝土造,82年3月24日,六層,
RPWQMLOKJHHGFCB08CC,25,34.30,住家用,鋼筋混凝土造,86年2月3日,十五層,
RPWQMLOKJHHGFCB08CC,25,34.35,共有部份,鋼筋混凝土造,86年2月3日,十五層,
RPTRMLOKJHHGFCB87CC,27,84.05,住家用,鋼筋混凝土造,83年8月25日,十五層,
RPTRMLOKJHHGFCB87CC,27,23.64,共有部份,鋼筋混凝土造,83年8月25日,十五層,
RPSOMLOKJHHGFAB27CC,7,26.55,人行道、店舖、住宅,鋼筋混凝土造,103年8月21日,十五層,
RPUOMLOKJHHGFAB47CC,30,27.38,住家用,鋼筋混凝土造,80年11月18日,十二層,
RPUOMLOKJHHGFAB47CC,30,5.91,共有部份,鋼筋混凝土造,80年11月18日,十二層,
RPPSMLOKJHHGFCB57CC,33,71.80,住商用,鋼筋混凝土造,77年7月28日,五層,
RPTOMLOKJHHGFAB37CC,7,56.08,人行道、店舖、住宅,鋼筋混凝土造,103年8月21日,十五層,
RPXOMLOKJHHGFAB77CC,,181.46,商業用,見其他登記事項,,三層,
RPVOMLOKJHHGFAB57CC,54,206.40,住家用,見其他登記事項,56年10月1日,三層,
RPQSMLOKJHHGFCB67CC,6,80.49,店舖、住宅、樓梯間、停車空間、人行道,鋼筋混凝土造,105年2月5日,四層,
RPTPMLOKJHHGFAB47CC,31,145.22,住家用,鋼筋混凝土造,79年11月17日,七層,
RPTNMLOKJHHGFAB27CC,26,26.45,集合住宅,鋼筋混凝土造,85年6月27日,二十一層,
RPXPMLOKJHHGFFB38CC,23,160.27,住商用,鋼筋混凝土造,87年7月4日,三層,
RPUPMLOKJHHGFAB57CC,23,164.65,集合住宅,鋼筋混凝土造,87年8月24日,七層,
RPVPMLOKJHHGFAB67CC,22,49.30,住家用,鋼筋混凝土造,89年5月5日,十四層,
RPOQMLOKJHHGFFB57CC,23,160.27,住商用,鋼筋混凝土造,87年7月4日,三層,
RPXQMLOKJHHGFCB28DC,19,213.85,機械室、停車空間、樓梯間、集合住宅,鋼筋混凝土造,92年2月6日,三層,
RPXQMLOKJHHGFCB28DC,19,27.07,共用,鋼筋混凝土造,92年2月6日,四層,
RPVOMLRKJHHGFIB68CC,27,81.73,集合住宅,鋼筋混凝土造,83年11月8日,十二層,
RPVOMLRKJHHGFIB68CC,27,23.02,共有部分,鋼筋混凝土造,83年11月8日,十二層,
RPOWMLOKJHHGFIB48CC,29,84.61,集合住宅,鋼筋混凝土造,81年11月20日,十三層,
RPOWMLOKJHHGFIB48CC,29,18.21,共有部分,鋼筋混凝土造,81年11月20日,十三層,
RPOPMLOKJHHGFAB96CC,24,15.08,住家用,鋼筋混凝土造,87年5月20日,七層,
RPOPMLOKJHHGFAB96CC,24,9.22,共有部份,鋼筋混凝土造,87年5月20日,七層,
RPTPMLRKJHHGFIB58CC,27,107.62,集合住宅,鋼筋混凝土造,83年11月8日,十二層,
RPTPMLRKJHHGFIB58CC,27,25.20,共有部分,鋼筋混凝土造,83年11月8日,十二層,
RPTPMLRKJHHGFIB58CC,27,15.04,共有部分,鋼筋混凝土造,83年11月8日,十二層,
RPRPMLOKJHHGFAB27CC,24,22.53,住家用,鋼筋混凝土造,87年5月20日,七層,
RPRPMLOKJHHGFAB27CC,24,15.13,共有部份,鋼筋混凝土造,87年5月20日,七層,
RPRNMLOKJHHGFHB77CC,34,126.00,住家用,加強磚造,76年11月4日,二層,
RPROMLRKJHHGFHB18CC,15,225.79,住宅、樓梯間、停車空間,鋼筋混凝土造,96年4月2日,三層,
RPROMLRKJHHGFHB18CC,15,22.64,消防機械室、停車空間、電信室、發電機室,鋼筋混凝土造,96年4月2日,地下一層,
RPRQMLNKJHHGFAB27CC,,115.07,住家用,見其他登記事項,,二層,
RPVNMLOKJHHGFJB38CC,3,98.50,騎樓、店舖、停車空間、住宅,鋼筋混凝土造,107年12月26日,五層,
RPOSMLNKJHHGFCB37CC,27,13.86,住家用,鋼筋混凝土造,84年4月24日,七層,
RPOSMLNKJHHGFCB37CC,27,6.63,共用部份,鋼筋混凝土造,84年4月24日,七層,
RPWOMLRKJHHGFDB28CC,4,84.83,集合住宅,鋼筋混凝土造,106年12月21日,十五層,
RPWOMLRKJHHGFDB28CC,4,70.11,本共有部分之項目有：停車空間、排煙室、樓梯間、昇降機間、消防機房、電錶區、機房、水箱、車道、緊急發電機室、電信室、防空避難室兼停車空間、台電配電室、機車停車區、梯間、門廳、梯廳、頂蓋型開放空間、公共服務空間、垃圾集中室、電梯機房、污水機房等共２２項,鋼筋混凝土造,106年12月21日,十五層,
RPSNMLRKJHHGFAB47CC,17,80.60,集合住宅,鋼筋混凝土造,94年6月2日,十四層,
RPSNMLRKJHHGFAB47CC,17,32.15,共用,鋼筋混凝土造,94年6月2日,十四層,
RPXOMLRKJHHGFAB08CC,27,84.83,住家用,鋼筋混凝土造,84年1月13日,十九層,
RPXOMLRKJHHGFAB08CC,27,10.81,共有部份,鋼筋混凝土造,84年1月13日,十九層,
RPXOMLRKJHHGFAB08CC,27,15.26,梯間．水箱．機械室,鋼筋混凝土造,84年1月13日,十九層,
RPXOMLRKJHHGFAB08CC,27,9.15,共有部份,鋼筋混凝土造,84年1月13日,十九層,
RPPSMLRKJHHGFBB77CC,30,79.25,住家用,鋼筋混凝土造,80年12月14日,十三層,
RPPSMLRKJHHGFBB77CC,30,43.33,共有部分,鋼筋混凝土造,80年12月14日,十三層,
RPRNMLRKJHHGFAB37CC,26,19.33,集合住宅,鋼筋混凝土造,85年5月6日,十八層,
RPRNMLRKJHHGFAB37CC,26,3.30,共同使用,鋼筋混凝土造,85年5月6日,十八層,
RPRNMLRKJHHGFAB37CC,26,3.72,共同使用,鋼筋混凝土造,85年5月6日,十八層,
RPRNMLRKJHHGFAB37CC,26,.89,共同使用,鋼筋混凝土造,85年5月6日,十八層,
RPWNMLRKJHHGFJB78CC,,66.26,集合住宅,鋼筋混凝土造,110年9月1日,十四層,
RPRNMLRKJHHGFAB37CC,26,1.31,共同使用,鋼筋混凝土造,85年5月6日,十八層,
RPWNMLRKJHHGFJB78CC,,58.86,防空避難室兼停車空間、排煙室、樓梯間、昇降機間、消防機房、汙水處理機房、水箱、車道、梯間、停車空間、緊急發電機室、台電配電室、電信室、機車停車區、無障礙廁所、垃圾集中室、廁所、梯廳、門廳、公共服務空間、儲藏室、管委會空間、水錶箱室、電梯機房,鋼筋混凝土造,110年9月1日,十四層,
RPWOMLRKJHHGFCB18CC,27,15.45,住家用,鋼筋混凝土造,84年4月20日,十五層,
RPWOMLRKJHHGFCB18CC,27,7.05,共有部分,鋼筋混凝土造,84年4月20日,十五層,
RPTQMLRKJHHGFCB08CC,27,17.78,住家用,鋼筋混凝土造,83年9月30日,十二層,
RPTQMLRKJHHGFCB08CC,27,8.48,共有部份,鋼筋混凝土造,83年9月30日,十二層,
RPXQMLRKJHHGFCB48CC,27,17.61,住家用,鋼筋混凝土造,84年2月20日,十三層,
RPXQMLRKJHHGFCB48CC,27,3.98,住家用,鋼筋混凝土造,84年2月20日,十三層,
RPXQMLRKJHHGFCB48CC,27,2.30,共同使用,鋼筋混凝土造,84年2月20日,十三層,
RPRPMLRKJHHGFBB67CC,32,111.03,住家用,鋼筋混凝土造,78年10月12日,十層,
RPRPMLRKJHHGFBB67CC,32,21.05,共用部份,鋼筋混凝土造,78年10月12日,十層,
RPTOMLRKJHHGFBB77CC,27,31.72,商業用,鋼筋混凝土造,83年12月22日,十七層,
RPTOMLRKJHHGFBB77CC,27,14.64,防空避難室、樓梯間、機械室、水塔、地下庭園、管理員辦公室,鋼筋混凝土造,83年12月22日,十七層,
RPSSMLRKJHHGFBB08CC,2,52.29,集合住宅,鋼筋混凝土造,108年11月19日,十二層,
RPSSMLRKJHHGFBB08CC,2,57.58,本共有部分係依使用執照之建築概要表記載項目有：防空避難室兼停車空間，樓梯間，昇降機間，排煙室，消防機房，汙水機房，水箱，停車空間，電信室，緊急發電機室，台電配電室，機車停車區，門廳，梯廳，管委會空間，垃圾集中室，梯間，機房，電梯機房等１９項。,鋼筋混凝土造,108年11月19日,十二層,
RPUSMLRKJHHGFBB28CC,29,63.12,住家用,鋼筋混凝土造,81年10月20日,十六層,
RPUSMLRKJHHGFBB28CC,29,24.81,共有部分,鋼筋混凝土造,81年10月20日,十六層,
RPVOMLSKJHHGFBB08CC,1,79.52,集合住宅,鋼筋混凝土造,109年10月30日,十二層,
RPXSMLSKJHHGFBB68CC,1,47.67,店舖、住宅、樓梯間、停車空間,鋼筋混凝土造,109年7月24日,四層,
RPVSMLRKJHHGFBB38CC,11,80.66,住家用,鋼筋混凝土造,99年12月24日,十二層,
RPVSMLRKJHHGFBB38CC,11,27.54,本共有部分係依使用執照之建築概要表記載項目有：公共服務空間、管委會管理室、戶外安全梯、門廳、梯廳、昇降機間、頂蓋型開放空間、梯間、機械室、水箱等１０項,鋼筋混凝土造,99年12月24日,十二層,
RPVSMLRKJHHGFBB38CC,11,27.59,本共有部分係依使用執照之建築概要表記載項目有：停車空間兼防空避難室、台電配電室、電信室、機車停車區、安全梯、梯間、昇降機間、停車空間、水箱、污水機房、消防機械室、緊急發電機室等１２項,鋼筋混凝土造,99年12月24日,十二層,
RPQTMLSKJHHGFBB08CC,3,52.19,集合住宅,鋼筋混凝土造,108年5月13日,二十二層,
RPQTMLSKJHHGFBB08CC,3,40.67,本共有部份係依使用執照之建築概要表記載項目有：防空避難室兼停車空間，消防機械室，雨污水機房，安全梯，機械室，停車空間，泳池水箱，消防中繼機房，電信室，景觀機房，發電機室，防災中心，垃圾儲藏室，台電配電室，門廳，管委會使用空間等１６項。,鋼筋混凝土造,108年5月13日,二十二層,
RPTUMLSKJHHGFBB48CC,25,103.15,住家用,鋼筋混凝土造,85年8月27日,七層,
RPTUMLSKJHHGFBB48CC,25,4.23,共用部份,鋼筋混凝土造,85年8月27日,七層,
RPTUMLSKJHHGFBB48CC,25,44.57,共用部份,鋼筋混凝土造,85年8月27日,七層,
RPVVMLSKJHHGFBB78CC,17,59.71,住家用,ＲＣ造,94年2月1日,十五層,
RPVVMLSKJHHGFBB78CC,17,49.59,共有部分,ＲＣ造,94年2月1日,十五層,
RPWVMLSKJHHGFBB88CC,16,50.55,住家用,鋼筋混凝土造,94年12月8日,十八層,
RPWVMLSKJHHGFBB88CC,16,20.86,共有部分,鋼筋混凝土造,94年12月8日,十八層,
RPRVMLSKJHHGFBB38CC,8,42.49,住家用,鋼筋混凝土造,102年7月25日,二十二層,
RPRVMLSKJHHGFBB38CC,8,11.38,本共有部分係依使用執照之建築概要表記載項目有：管委會使用公共設施，垃圾處理室，梯間，梯廳，梯間（排煙室，昇降機間）梯間（梯廳，排煙室，昇降機間），走廊，中繼機械室（中繼水箱），機械室，水箱等１０項,鋼筋混凝土造,102年7月25日,二十二層,
RPRVMLSKJHHGFBB38CC,8,9.07,本共有部分係依使用執照之建築概要表記載項目有：停車空間，車道，污水機房，清水池，消防機房，機房，梯間（梯廳，排煙室，昇降機間），防空避難室兼停車空間，發電機室，電信室，台電配電室，防災中心，公共設施等１３項,鋼筋混凝土造,102年7月25日,二十二層,
RPUOMLSKJHHGFCB08CC,27,38.77,商業用,鋼筋混凝土造,83年8月25日,二十九層,
RPUOMLSKJHHGFCB08CC,27,11.44,共有部份,鋼筋混凝土造,83年8月25日,二十九層,
RPUOMLSKJHHGFCB08CC,27,3.24,共有部份,鋼筋混凝土造,83年8月25日,二十九層,
RPUOMLSKJHHGFCB08CC,27,2.47,共有部份,鋼筋混凝土造,83年8月25日,二十九層,
RPQRMLSKJHHGFCB97CC,10,141.99,住家用,鋼筋混凝土造,101年4月10日,十四層,
RPQRMLSKJHHGFCB97CC,10,119.73,本共有部份係依使用執照之建築概要表記載項目有：停車空間、梯廳兼排煙室、安全梯、緊急昇降機、污水機房兼消防機房、水箱、電信機房、防空避難室兼停車空間、台電配電室、發電機房、水景機房、人行道、公共服務空間、走廊、外廊、車道、梯廳、水錶室、樓梯間、電梯機械室等二十項,鋼筋混凝土造,101年4月10日,十四層,
RPURMLSKJHHGFCB38CC,12,39.66,住家用,鋼筋混凝土造,98年8月13日,二十六層,
RPURMLSKJHHGFCB38CC,12,3.28,共有,鋼筋混凝土造,98年8月13日,二十六層,
RPURMLSKJHHGFCB38CC,12,15.60,共有,鋼筋混凝土造,98年8月13日,二十六層,
RPTVMLSKJHHGFBB58CC,8,27.23,本共有部分係依使用執照之建築概要表記載項目有：停車空間，車道，污水機房，清水池，消防機房，機房，梯間（梯廳，排煙室，昇降機間），防空避難室兼停車空間，發電機室，電信室，台電配電室，防災中心，公共設施等１３項,鋼筋混凝土造,102年7月25日,二十二層,
RPTRMLSKJHHGFCB28CC,4,15.41,本共有部分係依使用執照之建築物概要表記載項目有：停車空間、安全梯間、梯廳、排煙室、消防機房、雨水回收機房、緊急升降機、升降機、車道、水箱、機房、防空避難室兼停車空間、台電配電室、機車停車空間、發電機室、電信室等１６項。,鋼筋混凝土造,106年7月31日,二十二層,
RPSPMLSKJHHGFAB77CC,24,105.48,住家用,鋼筋混凝土造,87年5月7日,十四層,
RPXRMLSKJHHGFCB68CC,30,30.48,商業用,鋼筋混凝土造,80年7月3日,七層,
RPXRMLSKJHHGFCB68CC,30,13.48,共有部份,鋼筋混凝土造,80年7月3日,七層,
RPVRMLSKJHHGFCB48CC,12,39.61,住家用,鋼筋混凝土造,98年8月13日,二十六層,
RPVRMLSKJHHGFCB48CC,12,3.28,共有,鋼筋混凝土造,98年8月13日,二十六層,
RPVRMLSKJHHGFCB48CC,12,15.60,共有,鋼筋混凝土造,98年8月13日,二十六層,
RPROMLSKJHHGFAB57CC,14,82.45,店舖，人行道,鋼筋混凝土造,96年7月23日,十五層,
RPROMLSKJHHGFAB57CC,14,19.18,共用,鋼筋混凝土造,96年7月23日,十五層,
RPTPMLSKJHHGFAB87CC,27,21.12,住家用,鋼筋混凝土造,83年7月14日,十三層,
RPTPMLSKJHHGFAB87CC,27,5.89,梯間,鋼筋混凝土造,83年7月14日,十三層,
RPTPMLSKJHHGFAB87CC,27,5.09,防空避難室兼停車空間．水箱．梯間．機房．停車場,鋼筋混凝土造,83年7月14日,十三層,
RPWRMLSKJHHGFCB58CC,4,57.43,集合住宅,鋼筋混凝土造,106年7月31日,二十二層,
RPWRMLSKJHHGFCB58CC,4,12.83,本共有部分係依使用執照之建築物概要表記載項目有：停車空間、安全梯間、梯廳、排煙室、消防機房、雨水回收機房、緊急升降機、升降機、車道、水箱、機房、防空避難室兼停車空間、台電配電室、機車停車空間、發電機室、電信室等１６項。,鋼筋混凝土造,106年7月31日,二十二層,
RPWRMLSKJHHGFCB58CC,4,18.09,本共有部分係依使用執照之建築物概要表記載項目有：排煙室、梯廳、安全梯間、緊急升降機、升降機、門廳、外廊、管委會使用空間、垃圾集中室、管道間、防災中心、樓梯間、機械室、消防中繼機房、電梯機房、水箱等１６項。,鋼筋混凝土造,106年7月31日,二十二層,
RPQOMLSKJHHGFJB38CC,42,110.48,住家用,加強磚造,68年8月20日,二層,
RPUPMLSKJHHGFAB97CC,1,98.85,集合住宅,鋼筋混凝土造,109年9月9日,十五層,
RPUPMLSKJHHGFAB97CC,1,111.20,本共有部份係依使用執照之建築概要表記載項目有：防空避難室兼停車空間、昇降機間（排煙室）、水箱、無障礙安全梯間、揚水機房、污水機房、消防機房、車道、一般昇降機道、無障礙緊急昇降機道、停車空間、安全梯間、電信室、發電機室、台電配電室、機車區、電錶箱區、公共服務空間、管委會使用空間、戶外安全梯間、梯廳、垃圾室、外廊、無障礙浴廁、無障礙戶外安全梯間、男廁、女廁、走道、造型框架（牌樓）、梯間、水錶室、機械室等三十二項。,鋼筋混凝土造,109年9月9日,十五層,
RPVPMLSKJHHGFAB08CC,24,64.08,住家用,鋼筋混凝土造,86年8月15日,十四層,
RPVPMLSKJHHGFAB08CC,24,24.76,共有部份,鋼筋混凝土造,86年8月15日,十四層,
RPSPMLSKJHHGFJB68CC,30,93.18,集合住宅,鋼筋混凝土造,80年12月5日,五層,
RPSPMLSKJHHGFJB68CC,30,10.74,共用部份,鋼筋混凝土造,80年12月5日,五層,
RPQPMLSKJHHGFJB48CC,32,34.52,住家用,鋼筋混凝土造,78年11月26日,四層,
RPQPMLSKJHHGFJB48CC,32,1.10,共用部份,鋼筋混凝土造,78年11月26日,四層,
RPVOMLSKJHHGFDB28CC,18,77.59,住家用,鋼筋混凝土造,92年10月17日,九層,
RPVOMLSKJHHGFDB28CC,18,44.07,共有部分,鋼筋混凝土造,92年10月17日,九層,
RPTNMLSKJHHGFKB68CC,29,17.14,住家用,鋼筋混凝土造,82年4月25日,六層,
RPTNMLSKJHHGFKB68CC,29,4.40,住家用,鋼筋混凝土造,82年4月25日,六層,
RPTNMLSKJHHGFKB68CC,29,3.47,住家用,鋼筋混凝土造,82年4月25日,六層,
RPWNMLTKJHHGFIB88CC,6,132.46,集合住宅,鋼筋混凝土造,105年1月8日,十五層,
RPPOMLSKJHHGFKB38CC,41,72.89,住家用,鋼筋混凝土造,69年12月1日,四層,
RPUNMLSKJHHGFKB78CC,29,17.14,住家用,鋼筋混凝土造,82年4月25日,六層,
RPUNMLSKJHHGFKB78CC,29,4.40,住家用,鋼筋混凝土造,82年4月25日,六層,
RPUNMLSKJHHGFKB78CC,29,3.47,住家用,鋼筋混凝土造,82年4月25日,六層,
RPRNMLTKJHHGFKB58CC,26,152.46,住家用,鋼筋混凝土造,84年8月19日,四層,
RPRQMLSKJHHGFIB58CC,44,86.52,住家用,加強磚造,67年5月18日,二層,
RPSNMLTKJHHGFIB48CC,31,102.71,集合住宅,鋼筋混凝土造,80年2月10日,十二層,
RPSNMLTKJHHGFIB48CC,31,49.03,共有部份,鋼筋混凝土造,80年2月10日,十二層,
RPRNMLTKJHHGFDB87CC,,49.59,集合住宅,鋼筋混凝土造,110年10月4日,五層,
RPRNMLTKJHHGFDB87CC,,26.81,本共有部分之項目有停車空間、樓梯間、電梯廳、機械室、電梯機房等５項,鋼筋混凝土造,110年10月4日,五層,
RPUNMLTKJHHGFFB38CC,1,65.85,集合住宅,鋼筋混凝土造,109年8月5日,十二層,
RPUNMLTKJHHGFFB38CC,1,51.89,防空避難室兼停車空間，車道，消防機械室，安全梯，污雨水機械室，梯廳（排煙室），水箱，機械室，緊急昇降機道，一般昇降機道，機電設備，停車空間，台電配電室，電信室，緊急發電機室，梯廳，戶外安全梯，走廊，入口雨遮，管委會使用空間，公共服務空間，資源回收室，梯間，水錶室,鋼筋混凝土造,109年8月5日,十二層,
RPSQMLTKJHHGFAB97CC,25,24.38,住家用,鋼骨造,86年1月31日,二十八層,
RPSQMLTKJHHGFAB97CC,25,1.17,共同使用,鋼骨造,86年1月31日,二十八層,
RPSQMLTKJHHGFAB97CC,25,7.45,公共設施,鋼骨造,86年1月31日,二十八層,
RPSQMLTKJHHGFAB97CC,25,4.55,共有部份,鋼骨造,86年1月31日,二十八層,
RPWOMLTKJHHGFAB18CC,15,82.44,集合住宅,鋼筋混凝土造,95年12月22日,十五層,
RPWOMLTKJHHGFAB18CC,15,17.39,共用部分,鋼筋混凝土造,95年12月22日,十五層,
RPWOMLTKJHHGFAB18CC,15,12.36,共用部分,鋼筋混凝土造,95年12月22日,十五層,
RPOPMLTKJHHGFCB67CC,41,108.06,住家用,加強磚造,70年1月22日,二層,
RPTOMLTKJHHGFAB87CC,25,25.75,住家用,鋼骨造,86年1月31日,二十八層,
RPTOMLTKJHHGFAB87CC,25,1.26,共同使用,鋼骨造,86年1月31日,二十八層,
RPTOMLTKJHHGFAB87CC,25,7.87,公共設施,鋼骨造,86年1月31日,二十八層,
RPTOMLTKJHHGFAB87CC,25,4.73,共有部份,鋼骨造,86年1月31日,二十八層,
RPUNMLTKJHHGFAB87CC,33,146.22,商業用,鋼筋混凝土造,78年2月3日,十二層,
RPUNMLTKJHHGFAB87CC,33,52.22,梯間，停車空間，走道，避難室，電梯,鋼筋混凝土造,78年2月3日,十二層,
RPVOMLTKJHHGFCB28CC,28,35.90,住家用,鋼筋混凝土造,83年4月30日,七層,
RPVOMLTKJHHGFCB28CC,28,18.15,共有部分,鋼筋混凝土造,83年4月30日,七層,
RPQPMLTKJHHGFBB77CC,12,73.53,店舖,鋼筋混凝土造,98年9月2日,十二層,
RPQPMLTKJHHGFBB77CC,12,17.65,共有部份,鋼筋混凝土造,98年9月2日,十二層,
RPQPMLTKJHHGFBB77CC,12,3.83,共有部份,鋼筋混凝土造,98年9月2日,十二層,
RPRQMLTKJHHGFBB97CC,22,100.06,住家用,鋼筋混凝土造,88年11月18日,十二層,
RPRPMLTKJHHGFCB97CC,42,94.14,住家用,鋼筋混凝土造,69年2月26日,五層,
RPQRMLSKJHHGFBB87CC,34,245.71,住商用,鋼筋混凝土造,77年3月3日,四層,
RPTPMLTKJHHGFBB08CC,26,103.31,住家用,鋼筋混凝土造,85年5月24日,十六層,
RPWPMLTKJHHGFBB38CC,29,87.65,商業用,鋼骨造,81年8月29日,二十六層,
RPWPMLTKJHHGFBB38CC,29,54.62,共有部分,鋼骨造,81年8月29日,二十六層,
RPXQMLTKJHHGFBB58CC,25,35.35,住家用,鋼筋混凝土造,85年8月29日,七層,
RPXUMLTKJHHGFBB98CC,23,102.41,住家用,鋼筋混凝土造,88年5月3日,五層,
RPXUMLTKJHHGFBB98CC,23,44.01,共有部分,鋼筋混凝土造,88年5月3日,五層,
RPPPMLTKJHHGFCB77CC,15,93.82,住家用,鋼筋混凝土造,95年12月5日,十五層,
RPPPMLTKJHHGFCB77CC,15,19.67,共用,鋼筋混凝土造,95年12月5日,十五層,
RPPPMLTKJHHGFCB77CC,15,14.59,共用,鋼筋混凝土造,95年12月5日,十五層,
RPSSMLTKJHHGFBB28CC,26,60.76,住家用,鋼筋混凝土造,85年6月10日,十四層,
RPXNMLTKJHHGFBB28CC,31,97.72,商業用,鋼筋混凝土造,80年6月27日,二十二層,
RPPVMLTKJHHGFBB28CC,27,90.80,住家用,鋼筋混凝土造,83年12月7日,十一層,
RPPVMLTKJHHGFBB28CC,27,18.23,防空避難室兼停車空間、樓梯間、機房、水箱,鋼筋混凝土造,83年12月7日,十一層,
RPWSMLTKJHHGFBB68CC,27,20.41,住家用,鋼筋混凝土造,84年6月26日,二十四層,
RPWSMLTKJHHGFBB68CC,27,5.41,共有部份,鋼筋混凝土造,84年6月26日,二十四層,
RPWSMLTKJHHGFBB68CC,27,4.13,共有部份,鋼筋混凝土造,84年6月26日,二十四層,
RPVVMLTKJHHGFBB88CC,25,71.18,住家用,鋼筋混凝土造,86年4月16日,二十四層,
RPVVMLTKJHHGFBB88CC,25,.00,共有部分,鋼筋混凝土造,86年4月16日,二十四層,
RPVVMLTKJHHGFBB88CC,25,20.08,共有部分,鋼筋混凝土造,86年4月16日,二十四層,
RPVVMLTKJHHGFBB88CC,25,.00,共有部分,鋼筋混凝土造,86年4月16日,二十四層,
RPVVMLTKJHHGFBB88CC,25,.00,共有部分,鋼筋混凝土造,86年4月16日,二十四層,
RPXOMLTKJHHGFBB38CC,28,35.75,住家用,鋼筋混凝土造,83年2月7日,十八層,
RPWVMLTKJHHGFBB98CC,26,139.93,住家用,鋼筋混凝土造,84年12月5日,八層,
RPWVMLTKJHHGFBB98CC,26,61.83,共有部分,鋼筋混凝土造,84年12月5日,八層,
RPPWMLTKJHHGFBB38CC,23,40.93,住家用,鋼筋混凝土造,88年6月24日,十二層,
RPPWMLTKJHHGFBB38CC,23,10.89,共有部分,鋼筋混凝土造,88年6月24日,十二層,
RPPWMLTKJHHGFBB38CC,23,4.36,共有部分,鋼筋混凝土造,88年6月24日,十二層,
RPPWMLTKJHHGFBB38CC,23,.00,共有部分,鋼筋混凝土造,88年6月24日,十二層,
RPQWMLTKJHHGFBB48CC,30,25.48,住家用,鋼筋混凝土造,80年9月30日,七層,
RPQWMLTKJHHGFBB48CC,30,9.14,共有部分,鋼筋混凝土造,80年9月30日,七層,
RPXNMLKLJHHGFBB47CC,6,60.86,集合住宅,鋼筋混凝土造,104年12月16日,十二層,
RPXNMLKLJHHGFBB47CC,6,54.33,本共有部分係依使用執照之建築概要表記載項目有：停車空間．消防機房．緊急發電機室．清水池．梯廳．樓梯間．昇降機間．防空避難室兼停車空間．台電配電室．電信室．門廳．管理委員會使用空間．車道投影．機械室．水箱等１５項。,鋼筋混凝土造,104年12月16日,十二層,
RPTNMLKLJHHGFBB07CC,7,47.15,住家用,鋼筋混凝土造,103年9月15日,十一層,
RPTNMLKLJHHGFBB07CC,7,4.21,本共有部分係依使用執照之建築概要表記載項目有：防空避難室兼停車空間，水箱，梯廳，梯間，台電配電室，電信室，發電機室，消防機房，污水機房等９項,鋼筋混凝土造,103年9月15日,十一層,
RPTNMLKLJHHGFBB07CC,7,18.31,本共有部分係依使用執照之建築概要表記載項目有：公共服務空間，梯廳，梯間，資源回收區，外廊，電梯，樓梯間，電梯機房，水箱等９項,鋼筋混凝土造,103年9月15日,十一層,
RPSSMLKLJHHGFBB47CC,2,81.70,本共有部分係依使用執照之建築概要表記載項目有：停車空間、水箱、排煙室、樓梯間、昇降機間、消防機房、污水機房、車道、發電機室、防空避難室兼停車空間、台電配電室、電信室、雨水機房、梯廳、門廳、管委會使用空間、公共服務空間、資源回收室、梯間、走廊、外廊、機械室等２２項,鋼筋混凝土造,108年7月17日,十五層,
RPSSMLKLJHHGFBB47CC,2,85.21,集合住宅,鋼筋混凝土造,108年7月17日,十五層,
RPRPMLKLJHHGFCB17CC,37,61.81,住家用,鋼筋混凝土造,73年10月3日,五層,
RPOWMLTKJHHGFBB28CC,26,25.18,住家用,鋼筋混凝土造,84年11月24日,二十四層,
RPOWMLTKJHHGFBB28CC,26,14.36,防空避難室，停車空間，門廳，樓梯間，機械室，水箱,鋼筋混凝土造,84年11月24日,二十四層,
RPRQMLKLJHHGFCB27CC,2,123.39,店鋪、樓梯間、停車空間、住宅、機電設備空間,鋼筋混凝土造,108年10月23日,五層,
RPWPMLKLJHHGFCB67CC,2,123.39,店鋪、樓梯間、停車空間、住宅、機電設備空間,鋼筋混凝土造,108年10月23日,五層,
RPPQMLKLJHHGFCB07CC,20,34.64,人行道、辦公室、住房、店舖、停車空間、樓梯間,鋼筋混凝土造,91年5月23日,五層,
RPSQMLKLJHHGFCB37CC,2,123.39,店鋪、樓梯間、停車空間、住宅、機電設備空間,鋼筋混凝土造,108年10月23日,五層,
RPWQMLKLJHHGFCB77CC,30,121.08,商業用,鋼筋混凝土造,81年3月31日,十三層,
RPWQMLKLJHHGFCB77CC,30,70.07,共用部份,鋼筋混凝土造,81年3月31日,十三層,
RPVPMLKLJHHGFCB57CC,2,123.39,店鋪、樓梯間、停車空間、住宅、機電設備空間,鋼筋混凝土造,108年10月23日,五層,
RPOQMLKLJHHGFCB96CC,6,89.73,人行道、店舖、停車空間、住宅、樓梯間,鋼筋混凝土造,105年5月12日,五層,
RPRRMLKLJHHGFCB37CC,27,21.95,住家用,鋼筋混凝土造,83年9月8日,十三層,
RPRRMLKLJHHGFCB37CC,27,12.81,共有部份,鋼筋混凝土造,83年9月8日,十三層,
RPXNMLKLJHHGFDB67CC,1,16.52,人行道、店舖、停車空間、住宅,鋼筋混凝土造,109年11月9日,四層,
RPOOMLKLJHHGFDB86CC,1,23.14,人行道、店舖、停車空間、住宅,鋼筋混凝土造,109年11月9日,四層,
RPQRMLKLJHHGFCB27CC,25,100.56,店舖、住宅,鋼筋混凝土造,86年4月8日,十三層,
RPQRMLKLJHHGFCB27CC,25,46.38,共用部份,鋼筋混凝土造,86年4月8日,十三層,
RPWNMLKLJHHGFDB57CC,1,16.52,人行道、店舖、停車空間、住宅,鋼筋混凝土造,109年11月9日,四層,
RPSPMLKLJHHGFAB07CC,35,86.38,住家用,鋼筋混凝土造,76年7月1日,五層,
RPUNMLKLJHHGFDB37CC,28,75.92,住家用,鋼筋混凝土造,82年9月20日,六層,
RPUNMLKLJHHGFDB37CC,28,66.78,共有部分,鋼筋混凝土造,82年9月20日,六層,
RPQOMLKLJHHGFDB07CC,1,19.65,人行道、店舖、停車空間、住宅,鋼筋混凝土造,109年11月9日,四層,
RPTNMLKLJHHGFHB67CC,6,52.90,人行道、店舖、住房、停車空間、儲藏室,鋼筋混凝土造,104年7月31日,七層,
RPUNMLKLJHHGFHB77CC,27,62.86,住家用,鋼筋混凝土造,83年12月5日,十七層,
RPUNMLKLJHHGFHB77CC,27,18.39,共有部分,鋼筋混凝土造,83年12月5日,二十五層,
RPSNMLKLJHHGFIB67CC,1,40.35,集合住宅,鋼筋混凝土造,110年6月21日,十四層,
RPSPMLLLJHHGFIB97CC,26,85.72,集合住宅,鋼筋混凝土造,85年2月8日,九層,
RPSPMLLLJHHGFIB97CC,26,12.74,共有部份,鋼筋混凝土造,85年2月8日,九層,
RPSPMLLLJHHGFIB97CC,26,15.85,共有部份,鋼筋混凝土造,85年2月8日,九層,
RPVOMLLLJHHGFKB38CC,27,81.30,集合住宅,鋼筋混凝土造,84年3月10日,八層,
RPVOMLLLJHHGFKB38CC,27,10.07,避難室、管理室,鋼筋混凝土造,84年3月10日,八層,
RPVOMLLLJHHGFKB38CC,27,13.74,梯間、走道、機械房、水塔,鋼筋混凝土造,84年3月10日,八層,
RPWOMLLLJHHGFIB28CC,38,95.41,集合住宅、梯間,鋼筋混凝土造,72年12月9日,五層,
RPSOMLKLJHHGFIB77CC,41,169.05,住商用,鋼筋混凝土造,70年3月5日,三層,
RPWOMLLLJHHGFIB28CC,38,1.33,共有部分,鋼筋混凝土造,72年12月9日,五層,
RPXPMLLLJHHGFIB48CC,14,129.29,人行道．停車空間．店舖．住宅．樓梯間,鋼筋混凝土造,97年3月17日,四層,
RPTNMLLLJHHGFJB97CC,27,64.31,集合住宅,鋼筋混凝土造,83年8月30日,十層,
RPTNMLLLJHHGFJB97CC,27,24.09,共用部份,鋼筋混凝土造,83年8月30日,十層,
RPPPMLLLJHHGFIB67CC,42,86.22,商業用,鋼筋混凝土造,69年1月5日,五層,
RPUNMLLLJHHGFJB08CC,32,80.09,集合住宅,鋼筋混凝土造,79年5月30日,五層,
RPUNMLLLJHHGFJB08CC,32,23.05,共有部分,鋼筋混凝土造,79年5月30日,五層,
RPXNMLLLJHHGFJB38CC,30,54.93,集合住宅,鋼筋混凝土造,80年10月15日,六層,
RPXNMLLLJHHGFJB38CC,30,21.79,共有部分,鋼筋混凝土造,80年10月15日,六層,
RPWNMLLLJHHGFHB08CC,29,229.53,廠房  倉庫  辦公室單身員工宿舍,鋼筋混凝土造,82年2月24日,四層,
RPQRMLLLJHHGFDB47CC,44,92.38,住家用,加強磚造,67年1月5日,二層,
RPWNMLLLJHHGFDB67CC,33,489.04,住商用,鋼筋混凝土造,77年9月20日,四層,
RPVOMLLLJHHGFFB87CC,3,78.08,集合住宅,鋼筋混凝土造,107年9月26日,十五層,
RPVOMLLLJHHGFFB87CC,3,11.10,梯廳、門廳〈風除室〉、門廊、管委會使用空間〈游泳池〉、電信機房、排風機房、泳池機房、進風機房、消防機房、緊急發電機房、機房、垃圾暫存室、泳池水箱、雨水及汙水機房、防空避難室兼停車空間、車道、機車停車空間。,鋼筋混凝土造,107年9月26日,十五層,
RPVOMLLLJHHGFFB87CC,3,.69,特別安全梯、台電配電室,鋼筋混凝土造,107年9月26日,十五層,
RPVOMLLLJHHGFFB87CC,3,21.58,特別安全梯、排煙室、梯廳、水箱、電錶、消防水箱、電梯機房、樓梯間,鋼筋混凝土造,107年9月26日,十五層,
RPXOMLLLJHHGFFB08CC,1,62.48,集合住宅,鋼筋混凝土造,109年8月5日,十二層,
RPXOMLLLJHHGFFB08CC,1,50.32,防空避難室兼停車空間，車道，消防機械室，安全梯，污雨水機械室，梯廳（排煙室），水箱，機械室，緊急昇降機道，一般昇降機道，機電設備，停車空間，台電配電室，電信室，緊急發電機室，梯廳，戶外安全梯，走廊，入口雨遮，管委會使用空間，公共服務空間，資源回收室，梯間，水錶室,鋼筋混凝土造,109年8月5日,十二層,
RPPPMLLLJHHGFFB37CC,15,15.75,住家用,鋼筋混凝土造,96年1月9日,五層,
RPPPMLLLJHHGFFB37CC,15,.42,梯間、水箱,鋼筋混凝土造,96年1月9日,五層,
RPPPMLLLJHHGFFB37CC,15,3.84,住家用,鋼筋混凝土造,96年1月9日,五層,
RPSNMLLLJHHGFAB96CC,42,58.38,住家用,鋼筋混凝土造,68年8月10日,五層,
RPSNMLLLJHHGFAB96CC,42,5.37,共有部份,鋼筋混凝土造,68年8月10日,(空白),
RPTPMLLLJHHGFAB27CC,53,89.06,店舖,鐵筋加強磚造,58年4月28日,三層,
RPQQMLLLJHHGFAB07CC,31,82.49,商業用,鋼筋混凝土造,79年11月28日,十二層,
RPQQMLLLJHHGFAB07CC,31,24.12,避難室，梯間，人行道，配電室，水塔，機械房,鋼筋混凝土造,79年11月28日,十二層,
RPROMLLLJHHGFCB17CC,28,172.92,住商用,鋼筋混凝土造,83年1月19日,四層,
RPRQMLLLJHHGFBB27CC,26,27.00,住家用,鋼筋混凝土造,85年3月22日,七層,
RPRQMLLLJHHGFBB27CC,26,10.60,共有部分,鋼筋混凝土造,85年3月22日,七層,
RPPOMLLLJHHGFCB96CC,26,89.39,集合住宅,鋼筋混凝土造,85年6月15日,十二層,
RPRQMLLLJHHGFBB27CC,26,.00,共有部分,鋼筋混凝土造,85年3月22日,七層,
RPPOMLLLJHHGFCB96CC,26,48.84,共同使用,鋼筋混凝土造,85年6月15日,十二層,
RPRRMLLLJHHGFBB37CC,33,19.70,住家用,鋼筋混凝土造,77年12月31日,八層,
RPRRMLLLJHHGFBB37CC,33,6.46,共有部分,鋼筋混凝土造,77年12月31日,八層,
RPOOMLKLJHHGFBB66CC,7,64.36,住家用,鋼筋混凝土造,103年10月22日,十二層,
RPOOMLKLJHHGFBB66CC,7,14.55,本共有部分係依使用執照之建築概要表記載項目有：停車空間，樓梯間，昇降機間，消防機房，污水機房，水箱，梯廳，防空避難室兼停車空間，台電配電室，緊急發電機室，垃圾集中室，電信室，公共服務空間，車道，門廳，頂蓋型開放空間，機車停車區，外廊等１８項。,鋼筋混凝土造,103年10月22日,十二層,
RPOOMLKLJHHGFBB66CC,7,19.54,本共有部分係依使用執照之建築概要表記載項目有，昇降機間，梯廳，水箱，電梯機房，樓梯間，梯間等６項,鋼筋混凝土造,103年10月22日,十二層,
RPVRMLLLJHHGFBB77CC,26,21.12,住家用,鋼筋混凝土造,85年6月27日,二十四層,
RPVRMLLLJHHGFBB77CC,26,1.85,共用部份,鋼筋混凝土造,85年6月27日,二十四層,
RPVRMLLLJHHGFBB77CC,26,.43,共用部份,鋼筋混凝土造,85年6月27日,二十四層,
RPVRMLLLJHHGFBB77CC,26,.00,共用部份,鋼筋混凝土造,85年6月27日,二十四層,
RPVRMLLLJHHGFBB77CC,26,7.31,共用部份,鋼筋混凝土造,85年6月27日,二十四層,
RPVRMLLLJHHGFBB77CC,26,.00,共用部份,鋼筋混凝土造,85年6月27日,二十四層,
RPVRMLLLJHHGFBB77CC,26,1.23,共用部份,鋼筋混凝土造,85年6月27日,二十四層,
RPWRMLLLJHHGFBB87CC,19,98.12,店舖,鋼筋混凝土造,91年9月4日,三層,
RPSOMLLLJHHGFBB17CC,53,116.83,住家用,鋼筋混凝土加強磚造,57年9月12日,二層,
RPSOMLLLJHHGFCB27CC,13,87.31,住家用,鋼筋混凝土造,97年11月27日,二十二層,
RPSOMLLLJHHGFCB27CC,13,51.44,共用,鋼筋混凝土造,97年11月27日,二十二層,
RPQQMLLLJHHGFCB27CC,2,48.00,集合住宅,鋼筋混凝土造,108年10月7日,五層,
RPVOMLMLJHHGFBB57CC,,70.11,集合住宅,鋼筋混凝土造,110年7月27日,十八層,
RPVOMLMLJHHGFBB57CC,,49.19,本共有部分係依使用執照之建築概要表記載項目有：停車空間，排煙室，緊急昇降機，昇降機，特別安全梯，消防機械室兼消防中繼機械室，雨污水機械室，水箱，機械室，電信室，防空避難室兼停車空間，發電機室，台電配電室，受電箱區，電錶區，設備區等１６項。,鋼筋混凝土造,110年7月27日,十八層,
RPVOMLMLJHHGFBB57CC,,30.13,本共有部分係依使用執照之建築概要表記載項目有：管委會使用空間，門廳，梯廳，排煙室，緊急昇降機，特別安全梯，宅配室，外廊，走廊，防災中心，環保資源室，昇降機，儲藏室，梯間，直通樓梯，中繼消防機械室，中繼消防水箱，水箱，機械室等１９項。,鋼筋混凝土造,110年7月27日,十八層,
RPTRMLLLJHHGFBB57CC,22,90.51,集合住宅,鋼筋混凝土造,89年7月5日,十四層,
RPTRMLLLJHHGFBB57CC,22,21.12,共用部份,鋼筋混凝土造,89年7月5日,十四層,
RPTRMLLLJHHGFBB57CC,22,38.89,共用部份,鋼筋混凝土造,89年7月5日,十四層,
RPXNMLMLJHHGFCB77CC,17,118.15,住家用,鋼筋混凝土造,94年7月4日,十四層,
RPXNMLMLJHHGFCB77CC,17,71.45,共用,鋼筋混凝土造,94年7月4日,十七層,
RPWOMLMLJHHGFBB67CC,,64.36,集合住宅,鋼筋混凝土造,110年10月8日,十五層,
RPWOMLMLJHHGFBB67CC,,30.63,本共有部分係依使用執照之建築概要表記載項目有：停車空間、車道、消防機房、污水機房、機房、水箱、緊急昇降機、排煙室、行動不便電梯、安全梯、防空避難室兼停車空間、發電機房、台電配電室、電信機房、梯廳、管委會使用空間、戶外安全梯、垃圾貯集空間、走廊、梯間、電梯機房等２１項,鋼筋混凝土造,110年10月8日,十五層,
RPSQMLMLJHHGFCB57CC,29,92.50,住家用,鋼筋混凝土造,81年7月13日,七層,
RPSQMLMLJHHGFCB57CC,29,38.61,共有部分,鋼筋混凝土造,81年7月13日,七層,
RPXOMLMLJHHGFBB77CC,41,68.49,住家用,鋼筋混凝土造,70年4月23日,五層,
RPTQMLMLJHHGFCB67CC,27,95.93,住家用,鋼筋混凝土造,83年12月17日,八層,
RPTQMLMLJHHGFCB67CC,27,7.69,共有部分,鋼筋混凝土造,83年12月17日,八層,
RPUPMLMLJHHGFCB67CC,13,70.28,住家用,鋼筋混凝土造,98年1月21日,十層,
RPTQMLMLJHHGFCB67CC,27,20.44,共有部分,鋼筋混凝土造,83年12月17日,八層,
RPUPMLMLJHHGFCB67CC,13,28.54,共用,鋼筋混凝土造,98年1月21日,十層,
RPSNMLMLJHHGFAB07CC,7,147.74,集合住宅,鋼筋混凝土造,103年9月25日,十五層,
RPSNMLMLJHHGFAB07CC,7,62.13,本共有部分項目有：防空避難室兼停車空間、樓梯間、機械室、梯廳兼排煙室、行動不便者昇降機、緊急昇降機、停車空間、消防機械室、緊急發電機房、電信室、中控室、台電配電室、受電箱室、進風管道間、台電管道間、緊急發電機管道間、人行道、門廳、梯廳、儲藏室、車道、管委會使用空間、圖書室、辦公室會客區、住宅會客區、資源回收室、水錶室等二十七項,鋼筋混凝土造,103年9月25日,十五層,
RPSNMLMLJHHGFJB97CC,30,81.34,集合住宅,鋼筋混凝土造,81年5月26日,十二層,
RPSNMLMLJHHGFJB97CC,30,10.01,共有部分,鋼筋混凝土造,81年5月26日,十二層,
RPUNMLMLJHHGFCB47CC,14,43.36,住家用,鋼筋混凝土造,96年11月22日,十二層,
RPUNMLMLJHHGFCB47CC,14,21.31,共用,鋼筋混凝土造,96年11月22日,十二層,
RPUNMLMLJHHGFAB27CC,26,23.11,集合住宅,鋼骨鋼筋混凝土造,85年5月20日,十九層,
RPUNMLMLJHHGFAB27CC,26,3.64,共同使用,鋼骨鋼筋混凝土造,85年5月20日,十九層,
RPUNMLMLJHHGFAB27CC,26,6.02,共同使用,鋼骨鋼筋混凝土造,85年5月20日,十九層,
RPPPMLMLJHHGFAB96CC,21,116.27,集合住宅,鋼筋混凝土造,89年8月15日,十六層,
RPPPMLMLJHHGFAB96CC,21,23.89,共同使用,鋼筋混凝土造,89年8月15日,十六層,
RPPPMLMLJHHGFAB96CC,21,20.44,共同使用,鋼筋混凝土造,89年8月15日,十六層,
RPVNMLMLJHHGFIB18CC,1,80.45,集合住宅,鋼筋混凝土造,110年6月21日,十四層,
RPVNMLMLJHHGFIB18CC,1,77.54,停車空間、雨水機房、消防機房、水箱、梯廳、排煙室、緊急昇降機、無障礙昇降機、樓梯間、電信機房、發電機房、防空避難室兼停車空間、台電配電場所、垃圾儲存空間、水景／噴灌機房、管委會使用空間、過廊、污水機房、電梯機房及一般昇降機等２０項。,鋼筋混凝土造,110年6月21日,十四層,
RPPPMLOLJHHGFIB97CC,14,129.30,集合住宅,鋼筋混凝土造,97年7月17日,七層,
RPPPMLOLJHHGFIB97CC,14,31.04,共有部分,鋼筋混凝土造,97年7月17日,七層,
RPPOMLMLJHHGFKB87CC,26,84.36,住家用,鋼筋混凝土造,84年8月30日,十層,
RPPOMLMLJHHGFKB87CC,26,24.44,防空避難室、停車空間、梯間、機械室、水箱,鋼筋混凝土造,84年8月30日,十層,
RPPOMLOLJHHGFKB08CC,29,17.14,住家用,鋼筋混凝土造,82年4月25日,六層,
RPPOMLOLJHHGFKB08CC,29,4.79,住家用,鋼筋混凝土造,82年4月25日,六層,
RPPOMLOLJHHGFKB08CC,29,6.25,住家用,鋼筋混凝土造,82年4月25日,六層,
RPOOMLOLJHHGFKB97CC,29,17.41,住家用,鋼筋混凝土造,82年4月25日,六層,
RPOOMLOLJHHGFKB97CC,29,4.40,住家用,鋼筋混凝土造,82年4月25日,六層,
RPOOMLOLJHHGFKB97CC,29,3.47,住家用,鋼筋混凝土造,82年4月25日,六層,
RPWNMLOLJHHGFJB58CC,9,174.32,人行道、店舖、住宅,鋼筋混凝土造,102年1月24日,四層,
RPOOMLMLJHHGFIB57CC,5,81.79,集合住宅,鋼筋混凝土造,106年2月10日,十五層,
RPOOMLMLJHHGFIB57CC,5,46.39,本共有部分之項目有防空避難空間兼停車空間、車道、排煙室（昇降機間）、安全梯、梯廳、消防機械室、污水機械室、水箱、停車空間、發電機室、台電配電室、電信室等１２項,鋼筋混凝土造,106年2月10日,十五層,
RPOOMLMLJHHGFIB57CC,5,7.46,本共有部分之項目有公共服務空間（交誼、休閒）、梯廳、排煙室（昇降機間）、管委會使用空間、戶外安全梯、垃圾暫存室、車道等７項,鋼筋混凝土造,106年2月10日,十五層,
RPOOMLMLJHHGFIB57CC,5,19.04,本共有部分之項目有梯廳、排煙室（昇降機間）、戶外安全梯、走廊、梯間、機械室、水錶室、水箱等８項,鋼筋混凝土造,106年2月10日,十五層,
RPQPMLOLJHHGFBB47DC,16,98.76,人行道，店舖，辦公室,鋼筋混凝土造,95年4月13日,十四層,
RPQPMLOLJHHGFBB47DC,16,48.28,共有部分,鋼筋混凝土造,95年4月13日,十四層,
RPSOMLOLJHHGFJB28CC,33,123.47,瞭望台、住宅、梯間,鋼筋混凝土造,77年3月9日,二層,
RPXNMLOLJHHGFAB77CC,45,205.92,住商用,鋼筋混凝土造,66年1月31日,三層,
RPTOMLOLJHHGFIB38DC,19,155.95,人行道、店舖、停車空間,鋼筋混凝土造,92年5月6日,四層,
RPTOMLOLJHHGFIB38DC,19,15.12,梯間、机械房,鋼筋混凝土造,92年5月6日,四層,
RPVQMLOLJHHGFAB87CC,43,44.55,集合住宅,ＲＣ造,67年8月12日,四層,
RPTTMLOLJHHGFAB97CC,4,118.98,店舖　住宅,鋼筋混凝土造,106年11月1日,二十二層,
RPTTMLOLJHHGFAB97CC,4,69.77,本共有部份係依使用執照之建築概要表記載項目有：防空避難室兼停車空間、昇降機間（排煙室）、安全梯、廣場式開放空間（有頂蓋）、公共服務空間、梯廳、水箱、車道、機械室、梯廳（排煙室）、消防機房、汙水機房、停車空間、排煙室、一般昇降機間、電錶箱區、梯間、水錶室、台電配電室、發電機室、電信室、防災中心、消防中繼機房、垃圾室、特別安全梯、陽台、走廊、管委會使用空間、無障礙廁所、機車區、無障礙緊急昇降機間等３１項。,鋼筋混凝土造,106年11月1日,二十二層,
RPVSMLOLJHHGFAB08CC,40,90.36,住家用,鋼筋混凝土造,71年1月23日,五層,
RPVSMLOLJHHGFAB08CC,40,6.85,共有部份,鋼筋混凝土造,71年1月23日,五層,
RPUUMLOLJHHGFAB18CC,35,90.49,住家用,鋼筋混凝土造,76年7月1日,五層,
RPUNMLOLJHHGFAB47CC,28,282.40,辦公室,鋼骨造,82年12月18日,四十二層,
RPUNMLOLJHHGFAB47CC,28,128.16,人行道．避難室．瞭望台．梯間．機械房,鋼骨造,82年12月18日,四十二層,
RPUNMLOLJHHGFAB47CC,28,16.63,停車空間,鋼骨造,82年12月18日,四十二層,
RPWUMLOLJHHGFAB38CC,29,93.09,國民住宅,鋼筋混凝土造,82年2月26日,五層,
RPVNMLOLJHHGFHB28CC,29,84.05,住家用,鋼筋混凝土造,82年5月25日,十二層,
RPVNMLOLJHHGFHB28CC,29,23.66,共有部份,鋼筋混凝土造,82年5月25日,十二層,
RPRNMLOLJHHGFFB67CC,4,83.38,集合住宅,鋼筋混凝土造,107年6月22日,十五層,
RPRNMLOLJHHGFFB67CC,4,40.90,防空避難室兼停車空間、消防機房、發電機機房、台電配電室、管委會空間、昇降機間、電梯機房、水箱,鋼筋混凝土造,107年6月22日,十五層,
RPWNMLOLJHHGFHB38CC,23,52.91,住家用,鋼筋混凝土造,88年7月2日,八層,
RPWNMLOLJHHGFHB38CC,23,18.23,共有部分,鋼筋混凝土造,88年7月2日,八層,
RPWNMLOLJHHGFHB38CC,23,.00,共有部分,鋼筋混凝土造,88年7月2日,八層,
RPROMLOLJHHGFCB47CC,42,175.12,住商用,鋼筋混凝土造,69年5月26日,三層,
RPWOMLOLJHHGFCB97CC,9,106.14,辦公室〈第１２組〉、機械室,鋼骨鋼筋混凝土造,101年12月19日,二十九層,
RPWOMLOLJHHGFCB97CC,9,90.04,本共有部分係依使用執照之建築概要表記載項目有：防空避難室兼停車空間、停車空間、電信室、台電配電室、雨水回收池、門廳、排煙室、機械室、水箱、污水機械室、消防機械室、梯廳、緊急發電機室、垃圾處理場、台電配電室專用管道間、梯間、管道間、車道、防災中心、機車停車空間、台電受電箱機房、中繼水箱、管委會使用、電梯機房、管委會、門廊、男廁、女廁、頂蓋型開放空間、造型牆等３０項。,鋼骨鋼筋混凝土造,101年12月19日,二十九層,
RPUQMLOLJHHGFCB97CC,28,12.82,住家用,鋼筋混凝土造,82年9月20日,十二層,
RPVOMLOLJHHGFBB77CC,29,154.51,商業用,鋼骨造,81年8月29日,二十六層,
RPUQMLOLJHHGFCB97CC,28,6.89,共有部分,鋼筋混凝土造,82年9月20日,十二層,
RPVOMLOLJHHGFBB77CC,29,78.03,共有部分,鋼骨造,81年8月29日,二十六層,
RPVSMLOLJHHGFCB28CC,27,14.85,住家用,鋼筋混凝土造,84年4月24日,七層,
RPTOMLOLJHHGFBB57CC,7,81.59,集合住宅,鋼筋混凝土造,104年4月23日,二十二層,
RPVSMLOLJHHGFCB28CC,27,8.06,共有部分,鋼筋混凝土造,84年4月24日,七層,
RPTOMLOLJHHGFBB57CC,7,18.84,本共有部分係依使用執照之建築概要表記載項目有：停車空間，消防機房，污水處理機房，水箱，排煙室，梯廳，昇降機間，樓梯間，電信室，緊急發電機室，防空避難室兼停車空間，台電配電室，機車停車區等１３項,鋼筋混凝土造,104年4月23日,二十二層,
RPTOMLOLJHHGFBB57CC,7,19.35,本共有部分係依使用執照之建築概要表記載項目有：人行道，門廳，公共服務空間，排煙室，梯廳，外廊，樓梯間，昇降機間，垃圾集中室，走廊，中繼機房，梯間，電梯機房，水錶箱室，水箱等１５項,鋼筋混凝土造,104年4月23日,二十二層,
RPQNMLOLJHHGFBB17CC,41,68.05,住家用,鋼筋混凝土造,70年5月1日,五層,
RPQNMLOLJHHGFBB17CC,41,5.32,共有部分,鋼筋混凝土造,70年5月1日,五層,
RPPOMLOLJHHGFBB17CC,27,21.79,住家用,鋼筋混凝土造,84年4月12日,十二層,
RPPOMLOLJHHGFBB17CC,27,8.46,共有部分,鋼筋混凝土造,84年4月12日,十二層,
RPTPMLOLJHHGFBB67CC,36,88.76,商業用,鋼筋混凝土造,75年5月15日,七層,
RPRQMLOLJHHGFBB57CC,40,70.31,住家用,鋼筋混凝土造,70年10月30日,五層,
RPTNMLPLJHHGFBB57CC,31,47.64,住家用,鋼筋混凝土造,80年5月28日,七層,
RPTNMLPLJHHGFBB57CC,31,10.81,共有部分,鋼筋混凝土造,80年5月28日,七層,
RPPOMLPLJHHGFBB27CC,34,89.70,住家用,鋼筋混凝土造,77年6月17日,五層,
RPPOMLPLJHHGFBB27CC,34,8.95,共有部分,鋼筋混凝土造,77年6月17日,五層,
RPXPMLOLJHHGFBB08CC,28,51.02,住家用,鋼筋混凝土造,83年4月30日,九層,
RPXPMLOLJHHGFBB08CC,28,9.96,見其他登記事項,鋼筋混凝土造,83年4月30日,九層,
RPROMLPLJHHGFBB47CC,7,57.98,住家用,鋼筋混凝土造,103年9月15日,十一層,
RPROMLPLJHHGFBB47CC,7,5.23,本共有部分係依使用執照之建築概要表記載項目有：防空避難室兼停車空間，水箱，梯廳，梯間，台電配電室，電信室，發電機室，消防機房，污水機房等９項,鋼筋混凝土造,103年9月15日,十一層,
RPROMLPLJHHGFBB47CC,7,22.52,本共有部分係依使用執照之建築概要表記載項目有：公共服務空間，梯廳，梯間，資源回收區，外廊，電梯，樓梯間，電梯機房，水箱等９項,鋼筋混凝土造,103年9月15日,十一層,
RPOQMLOLJHHGFBB27CC,27,144.28,住家用,鋼筋混凝土造,83年8月24日,十七層,
RPSOMLPLJHHGFBB57CC,34,118.89,商業用,鋼筋混凝土造,77年1月16日,十二層,
RPSOMLPLJHHGFBB57CC,34,33.57,共有部分,鋼筋混凝土造,77年1月16日,十二層,
RPQQMLPLJHHGFBB57CC,41,80.66,住家用,鋼筋混凝土造,70年5月18日,五層,
RPSPMLPLJHHGFBB67CC,3,28.35,本共有部分係依使用執照之建築概要表記載項目有：停車空間，一般安全梯，排煙室，緊急用昇降機，消防機房，污水機房，昇降機，水箱，機房，電信機房，防空避難室兼停車空間，台電配電室，緊急發電機室，戶外安全梯，管理員室，管委會使用空間，環保資源室，梯廳，梯間，機械室，水錶室等２１項,鋼筋混凝土造,107年11月30日,十五層,
RPUOMLPLJHHGFBB77CC,28,26.29,住家用,鋼筋混凝土造,82年12月11日,十三層,
RPUOMLPLJHHGFBB77CC,28,10.25,共有部分,鋼筋混凝土造,82年12月11日,十三層,
RPWTMLPLJHHGFCB58CC,28,41.92,住家用,鋼筋混凝土造,83年4月8日,十四層,
RPWTMLPLJHHGFCB58CC,28,15.79,共有部份,鋼筋混凝土造,83年4月8日,十四層,
RPUPMLPLJHHGFBB87CC,3,22.17,本共有部分係依使用執照之建築概要表記載項目有：停車空間，一般安全梯，排煙室，緊急用昇降機，消防機房，污水機房，昇降機，水箱，機房，電信機房，防空避難室兼停車空間，台電配電室，緊急發電機室，戶外安全梯，管理員室，管委會使用空間，環保資源室，梯廳，梯間，機械室，水錶室等２１項,鋼筋混凝土造,107年11月30日,十五層,
RPUPMLPLJHHGFBB87CC,3,39.31,集合住宅,鋼筋混凝土造,107年11月30日,十五層,
RPRQMLPLJHHGFBB67CC,6,80.20,集合住宅,鋼筋混凝土造,104年12月28日,十四層,
RPRQMLPLJHHGFBB67CC,6,46.39,本共有部份係依使用執照之建築概要表記載項目有停車空間，一般安全梯，緊急昇降機，消防機房，機械室，太陽能設備室，防空避難室兼停車空間，台電配電室，緊急發電機室，電信機房，頂蓋型開放空間，門廳，公共服務空間，車道，景觀機房，管委會使用空間，梯廳，排煙室，水箱，泳池設備機房，電錶室，坡道，雨水回收機房，資源回收室，公共管道間：等２５項。,鋼筋混凝土造,104年12月28日,十四層,
RPRQMLPLJHHGFBB67CC,6,16.15,本共有部份係依使用執照之建築概要表記載項目有：緊急昇降機，排煙室，梯廳，水箱，電梯機房，水錶室，太陽能設備室，一般安全梯等８項。,鋼筋混凝土造,104年12月28日,十四層,
RPSQMLPLJHHGFBB77CC,27,62.36,住家用,鋼筋混凝土造,83年12月14日,十七層,
RPSQMLPLJHHGFBB77CC,27,26.00,共有部分,鋼筋混凝土造,83年12月14日,十七層,
RPPWMLPLJHHGFCB18CC,9,152.48,辦公室〈第１２組〉,鋼骨鋼筋混凝土造,101年12月19日,二十九層,
RPPWMLPLJHHGFCB18CC,9,120.45,本共有部分係依使用執照之建築概要表記載項目有：防空避難室兼停車空間、停車空間、電信室、台電配電室、雨水回收池、門廳、排煙室、機械室、水箱、污水機械室、消防機械室、梯廳、緊急發電機室、垃圾處理場、台電配電室專用管道間、梯間、管道間、車道、防災中心、機車停車空間、台電受電箱機房、中繼水箱、管委會使用、電梯機房、管委會、門廊、男廁、女廁、頂蓋型開放空間、造型牆等３０項。,鋼骨鋼筋混凝土造,101年12月19日,二十九層,
RPQWMLPLJHHGFCB28CC,29,78.13,住家用,鋼筋混凝土造,81年7月28日,六層,
RPQWMLPLJHHGFCB28CC,29,18.84,共有部分,鋼筋混凝土造,81年7月28日,六層,
RPQWMLPLJHHGFCB28CC,29,1.63,共有部分,鋼筋混凝土造,81年7月28日,六層,
RPQOMLMLJHHGFAB96CC,24,22.53,住家用,鋼筋混凝土造,87年5月20日,七層,
RPQOMLMLJHHGFAB96CC,24,15.13,共有部份,鋼筋混凝土造,87年5月20日,七層,
RPPNNLPLJHHGFCB37CC,27,108.91,住家用,鋼筋混凝土造,84年1月28日,十六層,
RPPNNLPLJHHGFCB37CC,27,32.15,共有部分,鋼筋混凝土造,84年1月28日,十六層,
RPPNNLPLJHHGFCB37CC,27,22.97,共有部分,鋼筋混凝土造,84年1月28日,十六層,
RPOQMLPLJHHGFBB37CC,38,38.86,住家用,鋼筋混凝土造,72年12月30日,十二層,
RPOUMLPLJHHGFCB87CC,2,48.00,集合住宅,鋼筋混凝土造,108年10月7日,五層,
RPWVMLPLJHHGFCB78CC,29,121.24,商業用,鋼筋混凝土造,82年2月26日,二十三層,
RPWVMLPLJHHGFCB78CC,29,60.16,共有部份,鋼筋混凝土造,82年2月26日,二十三層,
RPOWMLPLJHHGFCB08CC,24,109.37,辦公室,鋼筋混凝土造,87年7月17日,十四層,
RPOWMLPLJHHGFCB08CC,24,59.66,共有部分,鋼筋混凝土造,87年7月17日,十四層,
RPOWMLPLJHHGFCB08CC,24,6.60,共有部分,鋼筋混凝土造,87年7月17日,十四層,
RPRNNLPLJHHGFCB57CC,30,22.74,住家用,鋼筋混凝土造,80年12月6日,十二層,
RPRNNLPLJHHGFCB57CC,30,15.85,共用部份,鋼筋混凝土造,80年12月6日,十二層,
RPQNNLPLJHHGFCB47CC,29,38.10,住家用,鋼筋混凝土造,82年1月12日,十六層,
RPPNMLPLJHHGFFB57CC,4,45.59,集合住宅,鋼筋混凝土造,107年6月20日,七層,
RPQNNLPLJHHGFCB47CC,29,16.68,共用部份,鋼筋混凝土造,82年1月12日,十六層,
RPPNMLPLJHHGFFB57CC,4,22.75,停車空間、機械室、污水機房、消防機械室、梯間、梯廳、一般昇降機、發電機室、車道、水箱、法定防空避難室兼停車空間、機車停車空間、台電配電室、電錶室、電信室、一般安全梯、管委會使用空間、戶外安全梯、公共服務空間、水表室、樓梯間、昇降機道等２２項。,鋼筋混凝土造,107年6月20日,七層,
RPRNMLPLJHHGFHB97CC,27,168.13,住宅　人行道　店舖,鋼筋混凝土造,84年4月20日,四層,
RPOOMLPLJHHGFHB77CC,8,86.69,集合住宅,鋼筋混凝土造,102年8月8日,十四層,
RPOOMLPLJHHGFHB77CC,8,26.03,緊急〈一般、無障礙〉昇降機、排煙室、安全梯、梯廳、樓梯間、水箱、機電空間等７項,鋼筋混凝土造,102年8月8日,十四層,
RPOOMLPLJHHGFHB77CC,8,37.09,停車空間兼防空避難室、緊急〈一般、無障礙〉昇降機、發電機室、蓄水池、消防機房、污水機房、安全梯、排煙室、台電受電室、電信室、梯廳、資源回收室、停車空間、外廊、騎樓等１５項,鋼筋混凝土造,102年8月8日,十四層,
RPROMLPLJHHGFDB67CC,29,32.98,住家用,鋼筋混凝土造,81年9月8日,五層,
RPROMLPLJHHGFDB67CC,29,16.49,共有部分,鋼筋混凝土造,81年9月8日,五層,
RPROMLPLJHHGFAB37CC,27,21.30,辦公室,鋼筋混凝土造,84年6月28日,十三層,
RPROMLPLJHHGFAB37CC,27,21.30,辦公室,鋼筋混凝土造,84年6月28日,十三層,
RPROMLPLJHHGFAB37CC,27,5.30,會議室,鋼筋混凝土造,84年6月28日,十三層,
RPROMLPLJHHGFAB37CC,27,35.26,防空避難室兼停車空間．水箱．梯間．機械室．人行道．停車空間．走道,鋼筋混凝土造,84年6月28日,十三層,
RPUPMLPLJHHGFAB77CC,32,25.87,住家用,鋼筋混凝土造,78年8月5日,十二層,
RPUPMLPLJHHGFAB77CC,32,6.54,共有部份,鋼筋混凝土造,78年8月5日,十二層,
RPTOMLPLJHHGFAB57CC,30,29.16,住家用,鋼筋混凝土造,80年11月18日,十二層,
RPTOMLPLJHHGFAB57CC,30,5.91,共有部份,鋼筋混凝土造,80年11月18日,十二層,
RPPOMLPLJHHGFJB08CC,5,120.61,集合住宅,鋼筋混凝土造,105年11月4日,十五層,
RPPOMLPLJHHGFJB08CC,5,74.54,停車空間、樓梯間、昇降機間、排煙室、消防機房、污水機房、水箱、梯廳、車道、雨水機房、停車空間兼防空避難室、電信室、台電配電室、機房、緊急發電機室、機車停車區、受電箱室、垃圾集中處、門廳、公共服務空間、管委會使用空間、電梯機房、水錶箱室、梯間,鋼筋混凝土造,105年11月4日,十五層,
RPOOMLPLJHHGFDB47DC,26,90.18,住家用,鋼筋混凝土造,85年2月2日,七層,
RPQOMLPLJHHGFDB67DC,28,72.31,人行道、廠房、宿舍、辦公室、康樂室,鋼筋混凝土造,82年9月10日,四層,
RPTOMLQLJHHGFKB68CC,41,49.13,住家用,鋼筋混凝土造,70年5月20日,四層,
RPRUMLPLJHHGFCB28DC,36,206.10,店房、住房、人行道、避難室,鋼筋混凝土造,74年12月2日,三層,
RPTOMLPLJHHGFKB58CC,41,.00,廠房、倉庫、浴廁,鋼架、石棉瓦頂、加磚、水泥平頂、混凝土造,70年1月6日,一層,
RPUOMLQLJHHGFIB58CC,35,90.87,店舖、住宅、梯間、人行道,加強磚造,76年2月17日,二層,
RPRNMLQLJHHGFJB28CC,28,80.00,店舖、集合住宅,鋼筋混凝土造,83年2月3日,七層,
RPRNMLQLJHHGFJB28CC,28,5.29,共有部分,鋼筋混凝土造,83年2月3日,七層,
RPTOMLQLJHHGFAB67CC,43,63.65,住家用,鋼筋混凝土造,68年4月2日,七層,
RPPNMLQLJHHGFJB08CC,44,115.92,店舖、住宅,加強磚造,66年8月30日,二層,
RPROMLOLJHHGFDB57CC,28,65.26,住家用,鋼筋混凝土造,82年9月1日,五層,
RPROMLOLJHHGFDB57CC,28,11.85,共有部分,鋼筋混凝土造,82年9月1日,五層,
RPPOMLQLJHHGFDB67DC,17,206.87,住房、汽車保養所,鋼骨造,93年12月30日,三層,
RPQNMLQLJHHGFAB27CC,6,90.72,集合住宅,鋼筋混凝土造,104年12月21日,二十層,
RPQNMLQLJHHGFAB27CC,6,44.48,本共有部份係依使用執照之建築概要表記載項目有：停車空間、昇降機間（排煙室）、安全梯間、消防機械室、水箱、電信室、停車空間兼防空避難室、泵浦室、台電配電室、泳池機房、水池機房、發電機室、消防中繼水箱室等共１３項。,鋼筋混凝土造,104年12月21日,二十層,
RPQNMLQLJHHGFAB27CC,6,32.81,本共有部份係依使用執照之建築概要表記載項目有：梯廳（排煙室）、昇降機間、昇降機間（排煙室）、安全梯間、水箱室、廣場式開放空間（有頂蓋）、水錶室、防災中心、機械室、中繼機房、垃圾室、垃圾暫存室、公共服務空間、特別安全梯間、管委會使用空間等共１５項。,鋼筋混凝土造,104年12月21日,二十層,
RPPOMLQLJHHGFAB27CC,26,31.37,集合住宅,鋼骨鋼筋混凝土造,85年5月20日,十九層,
RPPOMLQLJHHGFAB27CC,26,13.42,共同使用,鋼骨鋼筋混凝土造,85年5月20日,十九層,
RPPOMLQLJHHGFAB27CC,26,6.02,共同使用,鋼骨鋼筋混凝土造,85年5月20日,十九層,
RPTOMLQLJHHGFIB48CC,46,33.36,住家用,加強磚造,64年7月13日,二層,
RPPQMLQLJHHGFAB47CC,43,104.94,住家用,鋼筋混凝土造,68年5月15日,五層,
RPPNMLQLJHHGFFB67CC,16,21.58,停車空間、住宅,鋼筋混凝土造,95年3月20日,四層,
RPPPMLQLJHHGFAB37CC,38,74.84,集合住宅,鋼筋混凝土造,73年4月23日,七層,
RPWNMLQLJHHGFFB38CC,3,77.80,集合住宅,鋼筋混凝土造,107年9月26日,十五層,
RPWNMLQLJHHGFFB38CC,3,11.10,梯廳、門廳〈風除室〉、門廊、管委會使用空間〈游泳池〉、電信機房、排風機房、泳池機房、進風機房、消防機房、緊急發電機房、機房、垃圾暫存室、泳池水箱、雨水及汙水機房、防空避難室兼停車空間、車道、機車停車空間。,鋼筋混凝土造,107年9月26日,十五層,
RPWNMLQLJHHGFFB38CC,3,.81,特別安全梯、台電配電室,鋼筋混凝土造,107年9月26日,十五層,
RPWNMLQLJHHGFFB38CC,3,22.07,特別安全梯、排煙室、梯廳、水箱、電錶、消防水箱、電梯機房、樓梯間,鋼筋混凝土造,107年9月26日,十五層,
RPRPMLQLJHHGFAB57CC,26,19.17,集合住宅,鋼筋混凝土造,85年5月6日,十八層,
RPRPMLQLJHHGFAB57CC,26,3.30,共同使用,鋼筋混凝土造,85年5月6日,十八層,
RPRPMLQLJHHGFAB57CC,26,3.72,共同使用,鋼筋混凝土造,85年5月6日,十八層,
RPRPMLQLJHHGFAB57CC,26,.89,共同使用,鋼筋混凝土造,85年5月6日,十八層,
RPRPMLQLJHHGFAB57CC,26,1.31,共同使用,鋼筋混凝土造,85年5月6日,十八層,
RPVPMLQLJHHGFAB97CC,31,120.26,店舖、集合住宅、梯間、機械室,鋼筋混凝土造,79年10月6日,七層,
RPOOMLQLJHHGFFB67CC,1,78.20,集合住宅,鋼筋混凝土造,109年7月24日,十五層,
RPOOMLQLJHHGFFB67CC,1,8.78,集合住宅,鋼筋混凝土造,109年7月24日,十五層,
RPOOMLQLJHHGFFB67CC,1,31.69,停車空間，汽車坡道，防空避難室兼停車空間等３項。,鋼筋混凝土造,109年7月24日,十五層,
RPOOMLQLJHHGFFB67CC,1,15.18,消防機房，水箱，梯間，污／雨水機房，進風機房，機械室，排風機房，公用水箱揚水機房，機械區，電信機房，公共水箱，台電配電室，發電機室，管委會使用空間，受電區，景觀機房，泳池機房，電表區，機車坡道，防空避難室兼停車空間，梯廳，警衛室，走廊，特別安全梯，游泳池，汽車坡道，大廳等２７項,鋼筋混凝土造,109年7月24日,十五層,
RPOOMLQLJHHGFFB67CC,1,23.53,排煙室，梯廳兼排煙室，特別安全梯，梯廳，走道，機房，噴灌機房，梯間，電梯機房，消防水箱，水表室，機械室，水箱等１３項,鋼筋混凝土造,109年7月24日,十五層,
RPXNMLQLJHHGFFB48CC,1,90.11,集合住宅,鋼筋混凝土造,109年7月24日,十五層,
RPXNMLQLJHHGFFB48CC,1,12.21,集合住宅,鋼筋混凝土造,109年7月24日,十五層,
RPXNMLQLJHHGFFB48CC,1,31.69,停車空間，汽車坡道，防空避難室兼停車空間等３項。,鋼筋混凝土造,109年7月24日,十五層,
RPXNMLQLJHHGFFB48CC,1,17.45,消防機房，水箱，梯間，污／雨水機房，進風機房，機械室，排風機房，公用水箱揚水機房，機械區，電信機房，公共水箱，台電配電室，發電機室，管委會使用空間，受電區，景觀機房，泳池機房，電表區，機車坡道，防空避難室兼停車空間，梯廳，警衛室，走廊，特別安全梯，游泳池，汽車坡道，大廳等２７項,鋼筋混凝土造,109年7月24日,十五層,
RPXNMLQLJHHGFFB48CC,1,32.16,排煙室，梯廳兼排煙室，特別安全梯，梯廳，走道，機房，噴灌機房，梯間，電梯機房，消防水箱，水表室，機械室，水箱等１３項,鋼筋混凝土造,109年7月24日,十五層,
RPPOMLQLJHHGFFB77CC,1,79.31,集合住宅,鋼筋混凝土造,109年7月24日,十五層,
RPPOMLQLJHHGFFB77CC,1,7.99,集合住宅,鋼筋混凝土造,109年7月24日,十五層,
RPPOMLQLJHHGFFB77CC,1,31.69,停車空間，汽車坡道，防空避難室兼停車空間等３項。,鋼筋混凝土造,109年7月24日,十五層,
RPPOMLQLJHHGFFB77CC,1,15.37,消防機房，水箱，梯間，污／雨水機房，進風機房，機械室，排風機房，公用水箱揚水機房，機械區，電信機房，公共水箱，台電配電室，發電機室，管委會使用空間，受電區，景觀機房，泳池機房，電表區，機車坡道，防空避難室兼停車空間，梯廳，警衛室，走廊，特別安全梯，游泳池，汽車坡道，大廳等２７項,鋼筋混凝土造,109年7月24日,十五層,
RPPOMLQLJHHGFFB77CC,1,28.30,排煙室，梯廳兼排煙室，特別安全梯，梯廳，走道，機房，噴灌機房，梯間，電梯機房，消防水箱，水表室，機械室，水箱等１３項,鋼筋混凝土造,109年7月24日,十五層,
RPTOMLQLJHHGFFB18CC,39,80.90,國民住宅,鋼筋混凝土造,72年2月3日,五層,
RPTOMLQLJHHGFFB18CC,39,1.40,梯間、國民住宅,鋼筋混凝土造,72年2月3日,五層,
RPUOMLQLJHHGFFB28CC,1,133.95,集合住宅,鋼筋混凝土造,109年8月5日,十二層,
RPQOMLQLJHHGFFB87CC,1,90.11,集合住宅,鋼筋混凝土造,109年7月24日,十五層,
RPQOMLQLJHHGFFB87CC,1,12.21,集合住宅,鋼筋混凝土造,109年7月24日,十五層,
RPQOMLQLJHHGFFB87CC,1,17.45,消防機房，水箱，梯間，污／雨水機房，進風機房，機械室，排風機房，公用水箱揚水機房，機械區，電信機房，公共水箱，台電配電室，發電機室，管委會使用空間，受電區，景觀機房，泳池機房，電表區，機車坡道，防空避難室兼停車空間，梯廳，警衛室，走廊，特別安全梯，游泳池，汽車坡道，大廳等２７項,鋼筋混凝土造,109年7月24日,十五層,
RPQOMLQLJHHGFFB87CC,1,32.16,排煙室，梯廳兼排煙室，特別安全梯，梯廳，走道，機房，噴灌機房，梯間，電梯機房，消防水箱，水表室，機械室，水箱等１３項,鋼筋混凝土造,109年7月24日,十五層,
RPSOMLQLJHHGFFB08CC,48,113.19,店舖，住房,加強磚造,62年8月7日,二層,
RPTNMLQLJHHGFDB87CC,25,40.99,住家用,鋼筋混凝土造,86年4月9日,九層,
RPTNMLQLJHHGFDB87CC,25,18.78,共有部分,鋼筋混凝土造,86年4月9日,九層,
RPXNMLQLJHHGFHB68CC,42,119.67,住商用,加強磚造,68年8月13日,二層,
RPQNMLQLJHHGFDB57CC,29,60.40,住家用,鋼筋混凝土造,82年2月8日,十六層,
RPQNMLQLJHHGFDB57CC,30,6.04,共有部分,鋼筋混凝土造,81年2月8日,十六層,
RPQNMLQLJHHGFDB57CC,29,10.58,共有部分,鋼筋混凝土造,82年2月8日,十六層,
RPSNMLQLJHHGFCB67CC,29,85.39,住商用,鋼筋混凝土造,82年6月2日,七層,
RPSNMLQLJHHGFCB67CC,29,23.07,共有部分,鋼筋混凝土造,82年6月2日,七層,
RPSOMLQLJHHGFDB87CC,33,60.24,住商用,鋼筋混凝土造,78年4月28日,五層,
RPSOMLQLJHHGFDB87CC,33,8.58,共有部分,鋼筋混凝土造,78年4月28日,五層,
RPSOMLQLJHHGFDB87CC,33,4.88,共有部分,鋼筋混凝土造,78年4月28日,五層,
RPSOMLQLJHHGFDB87CC,33,.98,共有部分,鋼筋混凝土造,78年4月28日,五層,
RPOOMLQLJHHGFHB87CC,27,238.18,住宅　人行道　店舖,鋼筋混凝土造,83年11月24日,五層,
RPUNMLQLJHHGFCB87CC,25,17.27,住家用,鋼筋混凝土造,86年4月8日,十三層,
RPUNMLQLJHHGFCB87CC,25,10.31,共有部分,鋼筋混凝土造,86年4月8日,十三層,
RPVNMLPLJHHGFAB67CC,33,76.57,住家用,鋼筋混凝土造,77年10月18日,五層,
RPVNMLPLJHHGFAB67CC,33,8.49,共有部份,鋼筋混凝土造,77年10月18日,,
RPRPMLQLJHHGFCB77CC,4,51.00,集合住宅,鋼筋混凝土造,107年1月29日,十二層,
RPRPMLQLJHHGFCB77CC,4,16.41,本共有部份係依使用執照之建築概要表記載項目有：管委會使用空間、行動不便電梯、電梯、樓梯間、排煙室、梯廳、門廳、緊急升降電梯、外廊、管道間、水錶室、機械室、子母水箱等１３項。,鋼筋混凝土造,107年1月29日,十二層,
RPRPMLQLJHHGFCB77CC,4,9.64,本共有部份係依使用執照之建築概要表記載項目有：梯廳、停車空間、消防機房、樓梯間、行動不便電梯、電梯、雨水汙水機械室、水箱、車道、陸上型揚水泵、泳池水箱、機械室、電信室、機房、防空避難室兼停車空間、機車停車空間、垃圾集中室、台電配電室、電錶室、受電室、發電機室等２１項。,鋼筋混凝土造,107年1月29日,十二層,
RPTNMLQLJHHGFCB77CC,28,27.26,住家用,鋼筋混凝土造,83年5月9日,十二層,
RPTNMLQLJHHGFCB77CC,28,8.90,共有部分,鋼筋混凝土造,83年5月9日,十二層,
RPXOMLQLJHHGFCB28CC,28,75.95,住家用,鋼筋混凝土造,83年3月18日,二十層,
RPSOMLQLJHHGFCB77CC,26,189.99,住家用,鋼筋混凝土造,85年1月10日,二十二層,
RPXOMLQLJHHGFCB28CC,28,34.33,共有部分,鋼筋混凝土造,83年3月18日,二十層,
RPSOMLQLJHHGFCB77CC,26,72.78,共有部份,鋼筋混凝土造,85年1月10日,二十二層,
RPSOMLQLJHHGFCB77CC,26,33.05,共有部份,鋼筋混凝土造,85年1月10日,二十二層,
RPQPMLQLJHHGFCB67CC,35,300.53,住商用,鋼筋混凝土造,76年6月11日,四層,
RPPQMLQLJHHGFCB67CC,27,85.76,住商用,鋼筋混凝土造,83年10月21日,十五層,
RPPQMLQLJHHGFCB67CC,27,71.24,住商用,鋼筋混凝土造,83年10月21日,十五層,
RPPQMLQLJHHGFCB67CC,27,47.16,共用部份,鋼筋混凝土造,83年10月21日,十五層,
RPSPMLQLJHHGFBB77CC,36,88.76,商業用,鋼筋混凝土造,75年5月15日,七層,
RPVOMLQLJHHGFCB08CC,27,128.77,住家用,鋼筋混凝土造,83年10月7日,十二層,
RPVOMLQLJHHGFCB08CC,27,45.70,共用部份,鋼筋混凝土造,83年10月7日,十二層,
RPTPMLQLJHHGFBB87CC,29,98.16,住家用,鋼筋混凝土造,82年5月11日,十二層,
RPTPMLQLJHHGFBB87CC,29,26.32,共有部分,鋼筋混凝土造,82年5月11日,十二層,
RPTPMLQLJHHGFCB97CC,28,16.87,住家用,鋼筋混凝土造,83年4月27日,八層,
RPTPMLQLJHHGFCB97CC,28,7.67,共有部份,鋼筋混凝土造,83年4月27日,八層,
RPOQMLQLJHHGFCB57CC,27,62.86,住家用,鋼筋混凝土造,84年1月21日,十九層,
RPOQMLQLJHHGFCB57CC,27,11.16,共用部份,鋼筋混凝土造,84年1月21日,十九層,
RPOQMLQLJHHGFCB57CC,27,11.29,共用部份,鋼筋混凝土造,84年1月21日,十九層,
RPWPMLQLJHHGFBB18CC,30,23.80,住家用,鋼筋混凝土造,81年5月14日,四層,
RPQQMLQLJHHGFCB77CC,27,93.68,住家用,鋼筋混凝土造,83年9月5日,十六層,
RPQQMLQLJHHGFCB77CC,27,35.16,共用部份,鋼筋混凝土造,83年9月5日,十六層,
RPPPMLQLJHHGFBB47CC,26,39.03,住家用,鋼筋混凝土造,85年5月24日,十六層,
RPQPMLQLJHHGFBB57CC,34,107.60,住家用,鋼筋混凝土造,77年6月29日,五層,
RPQPMLQLJHHGFBB57CC,34,7.91,共有部分,鋼筋混凝土造,77年6月29日,五層,
RPSRMLQLJHHGFBB97CC,44,61.08,住家用,鋼筋混凝土造,66年11月16日,四層,
RPWTMLQLJHHGFBB58CC,42,103.01,住家用,鋼筋混凝土造,69年3月21日,五層,
RPWTMLQLJHHGFBB58CC,42,5.69,共有部分,鋼筋混凝土造,69年3月21日,五層,
RPQUMLQLJHHGFBB08CC,26,23.39,住家用,鋼筋混凝土造,84年11月24日,二十四層,
RPXQMLQLJHHGFBB38CC,26,23.43,住家用,鋼筋混凝土造,84年11月24日,二十四層,
RPXQMLQLJHHGFBB38CC,26,11.46,防空避難室，停車空間，門廳，樓梯間，機械室，水箱,鋼筋混凝土造,84年11月24日,二十四層,
RPOSMLQLJHHGFBB67CC,31,138.93,住家用,鋼筋混凝土造,79年11月30日,十二層,
RPOSMLQLJHHGFBB67CC,31,48.60,共有部分,鋼筋混凝土造,79年11月30日,十二層,
RPPSMLQLJHHGFBB77CC,27,39.07,住家用,鋼筋混凝土造,84年2月8日,八層,
RPPSMLQLJHHGFBB77CC,27,12.29,共有部分,鋼筋混凝土造,84年2月8日,八層,
RPPSMLQLJHHGFBB77CC,27,.00,共有部分,鋼筋混凝土造,84年2月8日,八層,
RPUTMLQLJHHGFBB38CC,27,20.41,住家用,鋼筋混凝土造,84年6月26日,二十四層,
RPUTMLQLJHHGFBB38CC,27,5.41,共用部份,鋼筋混凝土造,84年6月26日,二十四層,
RPUTMLQLJHHGFBB38CC,27,4.13,共用部份,鋼筋混凝土造,84年6月26日,二十四層,
RPWPMLQLJHHGFAB08CC,31,224.43,商業用,鋼筋混凝土造,79年10月6日,七層,
RPVNMLRLJHHGFBB97CC,19,84.56,店舖，住房,鋼筋混凝土造,91年8月7日,二十四層,
RPVNMLRLJHHGFBB97CC,19,28.13,店舖，住房,鋼筋混凝土造,91年8月7日,二十四層,
RPVNMLRLJHHGFBB97CC,19,65.16,店舖，住房,鋼筋混凝土造,91年8月7日,二十四層,
RPRUMLQLJHHGFBB18CC,26,23.70,住家用,鋼筋混凝土造,84年11月24日,二十四層,
RPRUMLQLJHHGFBB18CC,26,13.59,防空避難室，停車空間，門廳，樓梯間，機械室，水箱,鋼筋混凝土造,84年11月24日,二十四層,
RPWNMLRLJHHGFCB18CC,27,14.02,住家用,鋼筋混凝土造,83年9月8日,十三層,
RPWNMLRLJHHGFCB18CC,27,8.20,共用部份,鋼筋混凝土造,83年9月8日,十三層,
RPWOMLRLJHHGFCB28CC,27,16.65,住家用,鋼筋混凝土造,83年9月8日,十三層,
RPWOMLRLJHHGFCB28CC,27,9.22,住家用,鋼筋混凝土造,83年9月8日,十三層,
RPRNMLRLJHHGFCB67CC,27,81.10,住家用,鋼筋混凝土造,83年7月29日,十三層,
RPRNMLRLJHHGFCB67CC,27,27.72,共用部份,鋼筋混凝土造,83年7月29日,十三層,
RPXPMLRLJHHGFBB38CC,29,77.36,住家用,鋼筋混凝土造,82年2月12日,五層,
RPXPMLRLJHHGFBB38CC,29,35.70,共有部分,鋼筋混凝土造,82年2月12日,五層,
RPPQMLRLJHHGFCB77CC,31,89.74,住家用,鋼筋混凝土造,79年10月26日,六層,
RPPQMLRLJHHGFCB77CC,31,47.38,共有部份,鋼筋混凝土造,79年10月26日,六層,
RPTNMLRLJHHGFCB87CC,30,83.21,住家用,鋼筋混凝土造,80年11月20日,十四層,
RPTNMLRLJHHGFCB87CC,42,23.32,住商用,鋼筋混凝土造,69年4月8日,三層,
RPTNMLRLJHHGFCB87CC,30,9.98,共用部份,鋼筋混凝土造,81年4月14日,十二層,
RPOOMLRLJHHGFHB97CC,41,47.49,住家用,鋼筋混凝土造,69年12月30日,五層,
RPXNMLRLJHHGFCB28CC,28,77.88,住家用,鋼筋混凝土造,82年8月26日,七層,
RPXNMLRLJHHGFCB28CC,28,28.70,共有部分,鋼筋混凝土造,82年8月26日,七層,
RPSQMLRLJHHGFCB08CC,42,80.34,商業用,鋼筋混凝土造,68年11月14日,五層,
RPXNMLRLJHHGFHB78CC,27,89.30,住家用,鋼筋混凝土造,84年4月6日,十層,
RPXNMLRLJHHGFHB78CC,27,22.36,共有部分,鋼筋混凝土造,84年4月6日,十層,
RPWNMLRLJHHGFAB97CC,11,94.60,集合住宅,鋼筋混凝土造,100年1月5日,十五層,
RPWNMLRLJHHGFAB97CC,11,22.27,本共有部分之項目有Ａ～Ｈ梯梯間排煙室、Ａ～Ｈ水箱、機械室、Ａ～Ｈ梯梯間等四項。,鋼筋混凝土造,100年1月5日,十五層,
RPWNMLRLJHHGFAB97CC,11,19.04,本共有部分之項目有停車空間、Ａ～Ｈ水箱、污水機房、緊急發電室、Ａ～Ｈ梯梯間排煙室、防空避難室兼停車空間、台電配電室Ａ、消防幫浦室、台電配電室Ｂ、管理委員會使用空間（大廳、交誼室、遊戲室、資源回收室）、梯廳、基地內通路、雨遮、頂蓋型廣場式開放空間等十四項。,鋼筋混凝土造,100年1月5日,十五層,
RPQNMLRLJHHGFAB37CC,27,60.40,住家用,鋼筋混凝土造,84年1月13日,十九層,
RPQNMLRLJHHGFAB37CC,27,14.17,共有部份,鋼筋混凝土造,84年1月13日,十九層,
RPQNMLRLJHHGFAB37CC,27,12.77,梯間．水箱．機械室,鋼筋混凝土造,84年1月13日,十九層,
RPQNMLRLJHHGFAB37CC,27,9.12,共有部份,鋼筋混凝土造,84年1月13日,十九層,
RPVNMLRLJHHGFAB87CC,,72.72,住家用,見其他登記事項,,二層,
RPPNMLRLJHHGFJB18CC,29,40.57,集合住宅,鋼筋混凝土造,82年4月15日,七層,
RPPNMLRLJHHGFJB18CC,29,18.69,共用部份,鋼筋混凝土造,82年4月15日,七層,
RPWNMLRLJHHGFJB88CC,3,90.98,集合住宅,鋼筋混凝土造,107年8月31日,十五層,
RPWNMLRLJHHGFJB88CC,3,74.96,停車空間、消防機房、污水雨水機房、水箱、樓梯間、排煙室、昇降機間、車道、電信機房、水景機房、台電配電室、發電機房、防空避難室停車空間、機械室、公共服務空間、管理委員會使用空間、門廳、資源回收室、梯廳、走廊等２０項,鋼筋混凝土造,107年8月31日,十五層,
RPTNMLRLJHHGFJB58CC,27,15.23,集合住宅,鋼筋混凝土造,84年3月24日,五層,
RPTNMLRLJHHGFJB58CC,27,5.16,共有部分,鋼筋混凝土造,84年3月24日,五層,
RPOOMLRLJHHGFJB18CC,28,80.87,集合住宅,鋼筋混凝土造,83年6月27日,十六層,
RPOOMLRLJHHGFJB18CC,28,24.99,防空避難室、梯間、水箱、停車空間、机械室,鋼筋混凝土造,83年6月27日,十六層,
RPUNMLRLJHHGFJB68CC,30,89.41,集合住宅,鋼筋混凝土造,80年7月10日,五層,
RPUNMLRLJHHGFJB68CC,30,7.98,共有部分,鋼筋混凝土造,80年7月10日,五層,
RPQNMLRLJHHGFKB38CC,29,17.14,住家用,鋼筋混凝土造,82年4月25日,六層,
RPQNMLRLJHHGFKB38CC,29,4.40,住家用,鋼筋混凝土造,82年4月25日,六層,
RPQNMLRLJHHGFKB38CC,29,3.47,住家用,鋼筋混凝土造,82年4月25日,六層,
RPSNMLSLJHHGFIB48CC,16,200.17,人行道、停車空間、店舖、住宅、梯間,鋼筋混凝土造,94年10月28日,四層,
RPOPMLSLJHHGFFB97CC,4,85.18,集合住宅,鋼筋混凝土造,106年9月5日,十五層,
RPOPMLSLJHHGFFB97CC,4,11.39,管委會使用空間〔蒸氣室，更衣室，交誼室兼閱讀室，兒童遊戲室，健身房，管理中心，儲藏室〕，廁所，門廳，儲藏室，通廊，信箱間，前廳〔風除室〕，門廊，管委會使用空間〔垃圾儲藏室〕，防空避難室兼停車空間，車道，游泳池機房，機房，垃圾車暫停車位，電信室，排風機房，機車停車空間，水箱機房，進風機房，發電機機房，公共水箱，消防泵浦室，雨水及汙水機房,鋼筋混凝土造,106年9月5日,十五層,
RPOPMLSLJHHGFFB97CC,4,1.20,安全梯﹝無障礙樓梯﹞、台電配電室、電錶區、受電箱、甲梯安全梯,鋼筋混凝土造,106年9月5日,十五層,
RPOPMLSLJHHGFFB97CC,4,24.89,排煙室、梯廳兼排煙室、特別安全梯、特別安全梯﹝無障礙樓梯﹞、樓梯間、水錶室、排煙機房、消防水箱、電梯機房、水箱機房、管道間,鋼筋混凝土造,106年9月5日,十五層,
RPOPMLSLJHHGFFB97CC,4,34.35,防空避難室兼停車空間、車道、停車空間,鋼筋混凝土造,106年9月5日,十五層,
RPQNMLSLJHHGFCB67CC,31,155.57,住家用,鋼筋混凝土造,80年5月22日,十二層,
RPQNMLSLJHHGFCB67CC,31,34.76,共有部分,鋼筋混凝土造,80年5月22日,十二層,
RPXTMLQLJHHGFBB68CC,25,62.39,住家用,鋼筋混凝土造,85年8月27日,七層,
RPXTMLQLJHHGFBB68CC,25,18.45,共有部分,鋼筋混凝土造,85年8月27日,七層,
RPUNMLSLJHHGFJB78CC,1,72.55,集合住宅,鋼筋混凝土造,110年7月1日,八層,
RPUNMLSLJHHGFJB78CC,1,.46,集合住宅,鋼筋混凝土造,110年7月1日,八層,
RPUNMLSLJHHGFJB78CC,1,62.46,防空避難室、停車空間、台電配電室、消防機械室、梯廳、樓梯間、機械室,鋼筋混凝土造,110年7月1日,八層,
RPWNMLSLJHHGFAB08CC,28,33.53,共有部份,鋼筋混凝土造,83年3月4日,八層,
RPWNMLSLJHHGFAB08CC,28,85.84,住家用,鋼筋混凝土造,83年3月4日,八層,
RPVNMLSLJHHGFDB28CC,59,46.18,住家用,磚造,52年3月5日,一層,
RPTNMLSLJHHGFCB97CC,6,136.02,集合住宅,鋼筋混凝土造,105年7月27日,二十三層,
RPTNMLSLJHHGFCB97CC,6,101.15,本共有部分係依使用執照之建築概要表記載項目有：停車空間、機械室、梯廳、排煙室、安全梯、消防機房、消防中繼機房、防空避難室兼停車空間、機車停車空間、發電機室、台電配電室、防災中心、門廳、特別安全梯、開放空間、公共服務空間、垃圾處理室、梯間、樓梯間、水箱等二十項。,鋼筋混凝土造,105年7月27日,二十三層,
RPTOMLSLJHHGFAB87CC,23,81.53,住家用,鋼筋混凝土造,88年2月8日,十四層,
RPTOMLSLJHHGFAB87CC,23,74.01,共有部份,鋼筋混凝土造,88年2月8日,十四層,
RPPOMLSLJHHGFCB67CC,24,122.11,集合住宅,鋼筋混凝土造,86年11月21日,二十一層,
RPPOMLSLJHHGFCB67CC,24,52.86,共有部份,鋼筋混凝土造,86年11月21日,二十一層,
RPSNMLSLJHHGFCB87CC,12,77.37,住家用,鋼筋混凝土造,99年1月12日,二十六層,
RPSNMLSLJHHGFCB87CC,12,63.57,本共有部分之項目有防空避難室兼停車空間、停車空間、發電機室、門廳、消防機房、垃圾處理空間、昇降設備、梯間、水箱、機房、排煙室、梯廳、進氣管道、排氣管道、特別安全梯、車道、污水機房、電信管道、給水管道、弱電管道、電信室、蓄水池、機械室、台電配電室、泳池噴灌機房、社區游泳池、儲藏室、機坑、防災中心、走廊、中繼水箱、中繼機械室、避難平台等三十二項,鋼筋混凝土造,99年1月12日,二十六層,
RPXPMLSLJHHGFCB58CC,28,90.21,住家用,鋼筋混凝土造,83年1月27日,十二層,
RPXPMLSLJHHGFCB58CC,28,20.45,共用部份,鋼筋混凝土造,83年1月27日,十二層,
RPPNMLSLJHHGFBB47CC,32,72.08,住家用,鋼筋混凝土造,79年1月3日,七層,
RPPNMLSLJHHGFBB47CC,32,19.81,共有部分,鋼筋混凝土造,79年1月3日,七層,
RPQNMLSLJHHGFBB57CC,43,72.86,住家用,鋼筋混凝土造,67年12月7日,五層,
RPWNMLSLJHHGFCB28CC,15,116.82,住家用,鋼筋混凝土造,96年6月12日,二十三層,
RPWNMLSLJHHGFCB28CC,15,82.42,共用,鋼筋混凝土造,96年6月12日,二十三層,
RPUPMLSLJHHGFCB28CC,26,15.22,住家用,鋼筋混凝土造,84年11月10日,六層,
RPUPMLSLJHHGFCB28CC,26,4.65,共有部分,鋼筋混凝土造,84年11月10日,六層,
RPUPMLSLJHHGFCB28CC,26,.89,共有部分,鋼筋混凝土造,84年11月10日,六層,
RPUPMLSLJHHGFCB28CC,26,1.77,共有部分,鋼筋混凝土造,84年11月10日,六層,
RPOQMLSLJHHGFCB77CC,3,58.30,集合住宅,鋼筋混凝土造,108年6月11日,十一層,
RPOQMLSLJHHGFCB77CC,3,30.04,本共有部分係依使用執照之建築概要表記仔項目有：停車空間、樓電梯間、梯廳、消防機房、水箱、防空避難室兼停車空間、台電配電室、發電機室、電信室、管委會空間、梯廳兼走廊、儲藏室、機械室、戶外安全梯等１４項。,鋼筋混凝土造,108年6月11日,十一層,
RPQPMLSLJHHGFBB77CC,49,96.78,商業用,鋼筋混凝土加強磚造,62年1月6日,三層,
RPQPMLSLJHHGFBB77CC,28,11.77,共有部份,鋼筋混凝土造,82年12月14日,十三層,
RPUNMLSLJHHGFBB97CC,6,56.48,本共有部分係依使用執照之建築概要表記載項目有：停車空間兼防空避難室．安全梯．台電配電室．車道．無障礙昇降機機道．昇降機間．雨污水機房．水箱．消防機房．電錶室．梯廳．發電機室．停車空間．管委會使用空間．電信室．戶外安全梯．水錶室．機械室等十八項。,鋼筋混凝土造，鋼骨造,104年12月24日,十二層,
RPUNMLSLJHHGFBB97CC,6,84.28,集合住宅,鋼筋混凝土造、鋼骨造,104年12月24日,十二層,
RPRNMLSLJHHGFBB67CC,36,80.61,商業用,鋼筋混凝土造,75年5月15日,七層,
RPOPMLSLJHHGFBB57CC,23,81.30,住家用,鋼筋混凝土造,87年9月14日,十二層,
RPOPMLSLJHHGFBB57CC,23,18.65,共有部分,鋼筋混凝土造,87年9月14日,十二層,
RPOPMLSLJHHGFBB57CC,23,6.38,共有部分,鋼筋混凝土造,87年9月14日,十二層,
RPQNMLRJKHHGFFB77CC,15,143.92,停車空間、住宅,鋼筋混凝土造,96年5月8日,四層,
RPPQMLSLJHHGFBB77CC,23,120.37,人行道．店舖．起居室,鋼筋混凝土造,87年11月16日,十二層,
RPPQMLSLJHHGFBB77CC,23,38.47,共有部分,鋼筋混凝土造,87年11月16日,十二層,
RPSNMLRJKHHGFCB67CC,28,109.63,住家用,鋼筋混凝土造,83年1月18日,十二層,
RPSNMLRJKHHGFCB67CC,28,37.60,共有部分,鋼筋混凝土造,83年1月18日,十二層,
RPSSMLRJKHHGFCB18CC,24,47.76,共用部份,鋼筋混凝土造,86年10月20日,十四層,
RPSSMLRJKHHGFCB18CC,24,107.88,住家用,鋼筋混凝土造,86年10月20日,十四層,
RPXNMLRJKHHGFBB08CC,11,61.04,住家用,鋼筋混凝土造,99年9月27日,十二層,
RPXNMLRJKHHGFBB08CC,11,28.44,本共有部份係依使用執照之建築概要表記載項目有：停車空間．污水機房．消防機房．緊急發電機室．梯廳．樓梯間．昇降機間．水箱．機車停車空間．機房．停車空間兼防空避難室．電信室．台電配電室．門廳．管委會管理室．廣場式頂蓋開放空間．車道．垃圾集中處．梯間．水錶箱室及機械室等２１項。,鋼筋混凝土造,99年9月27日,十二層,
RPTPMLSJKHHGFBB97CC,16,48.54,住家用,鋼筋混凝土造,94年12月8日,十八層,
RPTPMLSJKHHGFBB97CC,16,19.53,共有部分,鋼筋混凝土造,94年12月8日,十八層,
RPTPNLRJKHHGFBB97CC,41,180.50,住家用,鋼筋混凝土加強磚造,70年4月28日,三層,
RPPRMLRJKHHGFCB77CC,7,2755.40,辦公室,鋼筋混凝土造,104年3月20日,十一層,
RPVNMLRLJHHGFJB78CC,30,97.36,集合住宅,鋼筋混凝土造,80年12月27日,七層,
RPVNMLRLJHHGFJB78CC,30,17.37,共有部分,鋼筋混凝土造,80年12月27日,七層,
RPVPMLSJKHHGFBB18CC,50,89.56,住家用,鋼筋混凝土加強磚造,60年8月12日,二層,
RPVQMLSJKHHGFBB28CC,28,29.09,住家用,鋼筋混凝土造,82年10月28日,七層,
RPUPMLSJKHHGFBB08CC,26,23.39,住家用,鋼筋混凝土造,84年11月24日,二十四層,
RPVQMLSJKHHGFBB28CC,28,7.52,共有部分,鋼筋混凝土造,82年10月28日,七層,
RPUPMLSJKHHGFBB08CC,26,13.17,防空避難室，停車空間，門廳，樓梯間，機械室，水箱,鋼筋混凝土造,84年11月24日,二十四層,
RPSSMLSJKHHGFBB18CC,37,86.25,住家用,鋼筋混凝土造,74年5月28日,五層,
RPSSMLSJKHHGFBB18CC,37,3.52,共有部分,鋼筋混凝土造,74年5月28日,五層,
RPWPMLSJKHHGFBB28CC,26,35.40,住家用,鋼筋混凝土造,85年6月6日,十四層,
RPWPMLSJKHHGFBB28CC,26,13.68,共有部分,鋼筋混凝土造,85年6月6日,十四層,
RPPQMLSJKHHGFBB67CC,12,61.44,住家用,鋼筋混凝土造,98年8月5日,十八層,
RPPQMLSJKHHGFBB67CC,12,8.83,共有部分,鋼筋混凝土造,98年8月5日,十八層,
RPPQMLSJKHHGFBB67CC,12,15.95,共有部分,鋼筋混凝土造,98年8月5日,十八層,
RPXPMLSJKHHGFBB38CC,9,66.04,住家用,鋼筋混凝土造,102年7月25日,二十二層,
RPXPMLSJKHHGFBB38CC,9,17.72,本共有部分係依使用執照之建築概要表記載項目有：管委會使用公共設施，垃圾處理室，梯間，梯廳，梯間（排煙室，昇降機間）梯間（梯廳，排煙室，昇降機間），走廊，中繼機械室（中繼水箱），機械室，水箱等１０項,鋼筋混凝土造,102年7月25日,二十二層,
RPXPMLSJKHHGFBB38CC,9,14.15,本共有部分係依使用執照之建築概要表記載項目有：停車空間，車道，污水機房，清水池，消防機房，機房，梯間（梯廳，排煙室，昇降機間），防空避難室兼停車空間，發電機室，電信室，台電配電室，防災中心，公共設施等１３項,鋼筋混凝土造,102年7月25日,二十二層,
RPVSMLSJKHHGFBB48CC,28,23.76,共有部分,鋼筋混凝土造,83年6月2日,九層,
RPVSMLSJKHHGFBB48CC,28,65.53,住家用,鋼筋混凝土造,83年6月2日,九層,
RPVSMLSJKHHGFBB48CC,28,15.63,共有部分,鋼筋混凝土造,83年6月2日,九層,
RPUPMLSJKHHGFKB98CC,1,43.38,集合住宅,鋼筋混凝土造,109年10月15日,十二層,
RPUPMLSJKHHGFKB98CC,1,44.75,防空避難室兼停車空間、雨水機房、排煙室、水箱、汙水機房、消防發電機室、停車空間、台電配電室、電錶室、電信室、景觀機房、公共服務空間、管委會使用空間、梯廳兼排煙室、門廳、車道、梯廳、戶外安全梯、樓梯間、機械室、水錶室、電梯機室,鋼筋混凝土造,109年10月15日,,
RPTSMLSJKHHGFBB28CC,30,51.78,住家用,鋼筋混凝土造,80年12月13日,七層,
RPVQMLSJKHHGFKB56CC,3,15.00,工廠,鋼筋混凝土造,108年1月23日,一層,
RPTSMLSJKHHGFBB28CC,30,17.77,共有部分,鋼筋混凝土造,80年12月13日,七層,
RPQPMLSJKHHGFDB87CC,48,80.00,住家用,加強磚造,63年7月18日,二層,
RPTQMLSJKHHGFKB98CC,29,17.14,住家用,鋼筋混凝土造,82年4月25日,六層,
RPTQMLSJKHHGFKB98CC,29,4.40,住家用,鋼筋混凝土造,82年4月25日,六層,
RPTQMLSJKHHGFKB98CC,29,3.47,住家用,鋼筋混凝土造,82年4月25日,六層,
RPSPMLSJKHHGFIB58CC,30,403.69,農舍,鋼筋混凝土造,81年1月27日,三層,
RPOQMLSJKHHGFIB28CC,,55.96,集合住宅,鋼筋混凝土造,110年9月13日,十三層,
RPSNMLTJKHHGFHB38CC,30,93.72,住家用,鋼筋混凝土造,80年8月28日,六層,
RPOQMLSJKHHGFIB28CC,,44.84,本共有部分之項目有停車空間、揚水泵、污水機房、游泳池水箱、消防機械室、汽機車坡道、樓梯間、雨水機房、汽車坡道、發電機室、垃圾貯存空間、台電配電室、受電箱區、噴灌機房、電信室、門廳、休憩區、公共服務空間、戶外安全梯、安全梯、管理委員會使用空間、游泳池機房及噴泉池機房、男廁、女廁、男更衣室、女更衣室等２６項。,鋼筋混凝土造,110年9月13日,十三層,
RPOQMLSJKHHGFIB28CC,,18.30,本共有部分之項目有一般昇降機、一般昇降機兼行動不便者使用、緊急昇降機、排煙室兼緊急昇降機間、水箱、戶外安全梯、樓梯間、梯廳、安全梯、消防水箱、錶箱室、機械室等１２項。,鋼筋混凝土造,110年9月13日,十三層,
RPSNMLTJKHHGFHB38CC,30,8.76,共有部分,鋼筋混凝土造,80年8月28日,六層,
RPSNMLTJKHHGFHB38CC,30,27.86,共有部分,鋼筋混凝土造,80年8月28日,六層,
RPWNMLTJKHHGFDB38CC,54,39.66,住家用,加強磚造,56年10月20日,二層,
RPSNMLTJKHHGFKB68CC,29,18.86,住家用,鋼筋混凝土造,82年4月25日,六層,
RPSNMLTJKHHGFKB68CC,29,4.40,住家用,鋼筋混凝土造,82年4月25日,六層,
RPSNMLTJKHHGFKB68CC,29,6.25,住家用,鋼筋混凝土造,82年4月25日,六層,
RPPPMLTJKHHGFAB57CC,24,95.86,住家用,鋼筋混凝土造,86年7月23日,十六層,
RPPPMLTJKHHGFAB57CC,15,20.22,共用部分,鋼筋混凝土造,95年12月22日,十五層,
RPSQMLTJKHHGFAB97CC,41,29.10,,鋼筋混凝土造,69年7月31日,七層,
RPPPMLTJKHHGFAB57CC,15,27.55,共用部分,鋼筋混凝土造,95年12月22日,十五層,
RPSQMLTJKHHGFAB97CC,41,4.07,共有部份,鋼筋混凝土造,69年7月31日,七層,
RPOQMLTJKHHGFAB57CC,27,32.78,集合住宅,鋼筋混凝土造,84年6月1日,十二層,
RPRRMLTJKHHGFBB08CC,19,68.89,住家用,鋼筋混凝土造,91年8月7日,二十四層,
RPRRMLTJKHHGFBB08CC,19,24.18,共有部分,鋼筋混凝土造,91年8月7日,二十四層,
RPSRMLTJKHHGFCB28CC,31,187.29,住家用,鋼筋混凝土造,79年11月20日,十五層,
RPSRMLTJKHHGFCB28CC,31,35.44,共有部分,鋼筋混凝土造,79年11月20日,十五層,
RPXOMLKKKHHGFCB67CC,40,20.23,住家用,鋼筋混凝土造,71年7月27日,五層,
RPVRMLTJKHHGFBB48CC,37,73.65,住家用,鋼筋混凝土造,73年11月2日,五層,
RPTPMLKKKHHGFCB37CC,33,22.08,住家用,鋼筋混凝土造,78年2月24日,五層,
RPTPMLKKKHHGFCB37CC,33,9.11,共有部分,鋼筋混凝土造,78年2月24日,五層,
RPWPMLTJKHHGFCB48CC,40,189.04,住商用,鋼筋混凝土造,71年2月24日,三層,
RPWPMLKKKHHGFCB67CC,24,47.23,辦公室,鋼筋混凝土造,86年12月16日,二十三層,
RPUPMLKKKHHGFCB47CC,24,49.35,住家用,鋼筋混凝土造,87年4月28日,十四層,
RPTTMLKKKHHGFBB67CC,17,79.44,住家用,ＲＣ造,94年2月1日,十五層,
RPTTMLKKKHHGFBB67CC,17,57.04,共有部分,ＲＣ造,94年2月1日,十五層,
RPXRMLKKKHHGFBB87CC,38,19.61,住家用,鋼筋混凝土造,72年12月30日,十二層,
RPXRMLKKKHHGFBB87CC,38,6.09,共有部分,鋼筋混凝土造,72年12月30日,十二層,
RPQOMLKKKHHGFDB07CC,,85.60,住家用,加強磚造,,二層,
RPQQMLKKKHHGFCB17CC,29,17.70,住家用,鋼筋混凝土造,82年6月28日,八層,
RPQQMLKKKHHGFCB17CC,29,4.71,共用部份,鋼筋混凝土造,82年6月28日,八層,
RPROMLKKKHHGFBB96CC,31,119.97,住商用,鋼筋混凝土造,79年10月8日,五層,
RPVNMLKKKHHGFIB97CC,31,85.66,集合住宅,鋼筋混凝土造,79年11月2日,十層,
RPVNMLKKKHHGFIB97CC,31,20.62,共用部份,鋼筋混凝土造,79年11月2日,十層,
RPTQMLKKKHHGFBB37CC,27,21.37,住家用,鋼筋混凝土造,83年9月7日,八層,
RPTQMLKKKHHGFBB37CC,27,.00,共有部分,鋼筋混凝土造,83年9月7日,八層,
RPTQMLKKKHHGFBB37CC,27,17.69,共有部分,鋼筋混凝土造,83年9月7日,八層,
RPQNMLKKKHHGFHB37CC,26,57.64,住家用,鋼筋混凝土造,84年8月1日,十四層,
RPQNMLKKKHHGFHB37CC,26,16.73,共用部份,鋼筋混凝土造,84年8月1日,十四層,
RPQPMLKKKHHGFKB87CC,28,87.11,住家用,鋼筋混凝土造,83年6月6日,八層,
RPQPMLKKKHHGFKB87CC,28,8.91,機械室、梯間、水塔,鋼筋混凝土造,83年6月6日,八層,
RPQPMLKKKHHGFKB87CC,28,19.44,地下室、防空避難室、停車空間,鋼筋混凝土造,83年6月6日,八層,
RPWNMLKKKHHGFCB57DC,9,262.11,辦公室〈第１２組〉、機械室,鋼骨鋼筋混凝土造,101年12月19日,二十九層,
RPXPMLTJKHHGFCB58CC,29,274.00,住商用,鋼筋混凝土造,82年6月7日,四層,
RPQRMLSJKHHGFBB87CC,11,90.08,住家用,鋼筋混凝土造,99年9月9日,十八層,
RPQRMLSJKHHGFBB87CC,11,.00,本共有部份係依使用執照之建築概要表記載項目有，停車空間，樓梯間，昇降機間，消防機房兼污水機房，排煙室，水箱，機車停車區，防空避難室兼停車空間，車道，台電配電室，緊急發電機室，機房，電信室等１３項。,鋼筋混凝土造,99年9月9日,十七層,
RPQRMLSJKHHGFBB87CC,11,.00,本共有部份係依使用執照之建築概要表記載項目有，人行道，管委會管理室，門廳，樓梯間，昇降機間，排煙室，梯廳，公設，透空遮牆，水箱，電梯機房，走廊，車道，外廊等１４項。,鋼筋混凝土造,99年9月9日,十七層,
RPQRMLSJKHHGFBB87CC,11,21.49,本共有部份係依使用執照之建築概要表記載項目有，停車空間，樓梯間，昇降機間，消防機房兼污水機房，排煙室，水箱，機車停車區，防空避難室兼停車空間，台電配電室，緊急發電機室，車道，電信室等１２項,鋼筋混凝土造,99年9月9日,十八層,
RPQRMLSJKHHGFBB87CC,11,18.34,本共有部份係依使用執照之建築概要表記載項目有，人行道，管委會管理室，門廳，樓梯間，昇降機間，排煙室，透空遮牆，水箱，電梯機房，車道，機房，管委會使用空間，開放空間，外廊，管委會休憩室，管委會交誼廳，管委會閱覽室，垃圾集中處等１８項。,鋼筋混凝土造,99年9月9日,十八層,
