編號,車位類別,車位價格,車位面積平方公尺,車位所在樓層
Serial number,berth category,berth price,berth area square meter,
RPOQMLLLKHHGFFK28DA,坡道平面,590000,38.56,地下一樓
RPWNMLPLKHHGFFK56DA,坡道機械,600000,9.96,地下二樓
RPXNMLLJLHHGFDK58DA,坡道平面,0,21.00,地下一樓
RPQNMLRLKHHGFEK68DA,一樓平面,0,,一樓
RPPNMLRLKHHGFEK58DA,一樓平面,0,,一樓
RPWOMLLLKHHGFFK88DA,坡道平面,0,24.56,地下二樓
RPPNMLSJLHHGFBK28DA,坡道平面,0,12.96,地下一樓
RPTOMLOJLHHGFBK38DA,一樓平面,0,,一樓
RPVNMLPJJHHGFBK38DA,坡道平面,0,,地下二樓
RPQNMLTKJHHGFEK68DA,一樓平面,0,,一樓
RPRNMLOLJHHGFFK48DA,坡道平面,0,,地下二樓
RPUOMLLLJHHGFBK18DA,坡道平面,0,8.02,地下一樓
RPPNMLQJJHHGFFK28DA,坡道平面,0,,地下一樓
RPTOMLLLJHHGFBK08DA,坡道平面,0,34.00,地下一樓
RPUNMLMKJHHGFDK28DA,坡道平面,1200000,25.92,地下一樓
RPPNMLQJKHHGFDK18DA,坡道平面,0,13.98,地下二樓
RPVNMLSJKHHGFFK56DA,升降平面,0,,地下二樓
RPPNMLKLJHHGFDK67DA,坡道機械,0,,地下一樓
RPPNMLPKJHHGFDK08DA,坡道平面,0,,地下二樓
RPPNMLKKKHHGFBK47DA,升降機械,0,,地下一樓
RPRPMLTJKHHGFFK09DA,一樓平面,0,,一樓
RPPNMLOKKHHGFDK18EA,一樓平面,0,,一樓
RPUOMLMKJHHGFFK58DA,坡道平面,0,,地下一樓
RPSNMLNLJHHGFFK48DA,坡道平面,1300000,28.90,地下二樓
RPSNMLNLJHHGFFK48DA,坡道平面,1300000,28.90,地下二樓
RPQPMLTJKHHGFFK98DA,坡道平面,0,31.18,地下二樓
RPWNMLKKKHHGFFK58DA,坡道平面,0,26.44,地下一樓
RPWNMLKKKHHGFFK58DA,坡道平面,0,26.44,地下一樓
RPPNMLRJKHHGFFK48DA,坡道平面,0,39.44,地下二樓
RPUNMLPKKHHGFDK68DA,坡道平面,0,,地下一樓
RPQSMLLKKHHGFDK38DA,坡道平面,0,26.42,地下二樓
RPTNMLNLJHHGFFK58DA,坡道機械,0,5.96,地下一樓
RPTNMLNLJHHGFFK58DA,其他,0,1.60,地下一樓
RPWNMLLLJHHGFFK68DA,坡道平面,0,37.18,地下三樓
RPRNMLPKJHHGFFK48DA,坡道平面,0,13.93,地下一樓
RPXNMLNKKHHGFDK78DA,坡道平面,0,20.00,地下一樓
RPXNMLLLJHHGFFK78DA,一樓平面,0,,一樓
RPQNMLSKKHHGFBK38DA,坡道平面,0,,地下一樓
RPSNMLSJKHHGFBK48DA,坡道機械,0,,地下一樓
RPQNMLMKKHHGFDK97DA,坡道平面,875000,,地下一樓
RPQNMLMKKHHGFDK97DA,坡道平面,875000,,地下一樓
RPPOMLOKKHHGFDK18DA,坡道平面,0,20.00,地下一樓
RPQNMLLLKHHGFFK18DA,坡道平面,0,37.20,地下一樓
RPVNMLLLKHHGFFK68DA,坡道平面,0,,地下一樓
RPQNMLLKJHHGFFK97DA,坡道平面,1350000,30.54,地下二樓
RPTOMLQKKHHGFDK78DA,坡道平面,0,,地下一樓
RPSNMLPKJHHGFDK38DA,其他,0,,一樓
RPPNMLMLKHHGFCK87DA,升降機械,0,,地下一樓
RPSNMLRKJHHGFDK58DA,坡道平面,0,13.98,地下一樓
RPQNMLRJKHHGFDK38DA,一樓平面,0,,一樓
RPQNMLRJKHHGFDK38DA,一樓平面,0,,一樓
RPTNMLKKKHHGFDK08DA,一樓平面,0,,一樓
RPTNMLKKKHHGFDK08DA,一樓平面,0,,一樓
RPXNMLLLKHHGFEK78DA,一樓平面,0,,一樓
RPSNMLPLJHHGFFK68DA,坡道機械,0,9.91,地下一樓
RPSNMLPLJHHGFFK68DA,坡道機械,0,9.91,地下一樓
RPVNMLPKKHHGFFK98DA,坡道機械,0,,地下一樓
RPQOMLQKKHHGFFK68DA,坡道平面,1400000,29.00,地下一樓
RPROMLQKKHHGFFK78DA,坡道平面,1300000,27.69,地下二樓
RPPNMLSKKHHGFFK68DA,坡道平面,0,35.18,地下三樓
RPUOMLQKKHHGFFK09DA,坡道平面,1300000,29.00,地下二樓
RPSOMLQKKHHGFFK88DA,坡道平面,1400000,29.00,地下一樓
RPVOMLQKKHHGFFK56DA,坡道平面,1300000,29.00,地下二樓
RPSNMLSKKHHGFFK98DA,坡道平面,0,37.76,地下二樓
RPQNMLNLKHHGFBK97DA,一樓平面,0,,一樓
RPUNMLLKKHHGFFK48DA,坡道平面,0,30.92,地下一樓
RPTNMLSKKHHGFFK09DA,坡道平面,0,37.76,地下二樓
RPOOMLOLKHHGFFK38DA,坡道平面,0,,地下一樓
RPQNMLPLKHHGFDK38DA,升降機械,0,,一樓
RPRNMLLJLHHGFBK77DA,一樓平面,0,,一樓
RPWNMLMJLHHGFBK38DA,坡道平面,0,,地下一樓
RPSPMLTJKHHGFFK56DA,一樓平面,0,13.39,一樓
RPXNMLQKKHHGFFK66DA,坡道機械,550000,9.91,地下一樓
RPPNMLLJLHHGFFK97DA,坡道平面,0,,地下一樓
RPQNMLLJLHHGFFK08DA,坡道平面,0,26.68,地下三樓
RPWOMLSJKHHGFDK56DA,坡道平面,0,,地下三樓
RPUNMLOLKHHGFDK68DA,坡道平面,0,,地下一樓
RPPNMLMJLHHGFDK87DA,坡道平面,0,26.42,地下二樓
RPPNMLTKKHHGFBK38DA,坡道平面,0,18.00,地下一樓
RPVNMLOLKHHGFDK78DA,坡道機械,0,,地下一樓
RPQOMLSLJHHGFDK68DA,坡道平面,0,47.22,地下二樓
RPUNMLTJKHHGFDK98DA,坡道平面,900000,25.92,地下一樓
RPROMLLJLHHGFDK08DA,坡道平面,0,21.02,地下一樓
RPXNMLRKKHHGFDK56DA,坡道機械,0,,一樓
RPWNMLQKKHHGFFK56DA,坡道平面,0,26.90,地下二樓
RPOOMLQKKHHGFDK28DA,坡道平面,0,28.42,地下二樓
RPUNMLMLKHHGFDK48DA,坡道平面,0,42.73,地下一樓
RPSNMLRJLHHGFDK68DA,坡道平面,0,,地下一樓
RPWOMLQKKHHGFFK66DA,坡道平面,1300000,29.00,地下二樓
RPOOMLNJLHHGFFK18DA,坡道平面,0,24.56,地下一樓
RPTNMLNJKIGGFBK08DA,升降機械,0,,一樓
RPPNMLRJKHHGFDK28DA,一樓平面,0,,一樓
RPPNMLRJKHHGFDK28DA,一樓平面,0,,一樓
RPSOMLOKKIGGFFK68DA,坡道機械,700000,9.96,地下二樓
RPSOMLQJKIGGFDK58DA,一樓平面,0,,一樓
RPXNMLRKKIGGFBK98DA,坡道機械,0,,地下一樓
RPPNMLNLKIGGFFK28DA,坡道平面,0,27.46,地下二樓
RPQOMLPKKIGGFDK38DA,坡道平面,900000,25.92,地下一樓
RPTNMLLLKIGGFBK08DA,一樓平面,0,,一樓
RPWNMLSJKIGGFFK66DA,坡道平面,0,,地下一樓
RPTNMLSLKIGGFDK98DA,坡道平面,0,,地下二樓
RPVNMLTLKIGGFDK66DA,一樓平面,0,21.02,一樓
RPXNMLOKKIGGFBK68DA,升降機械,0,,地下一樓
RPRNMLNLKIGGFEK38DA,一樓平面,0,,一樓
RPUNMLKMKIGGFDK38DA,坡道平面,0,21.02,地下一樓
RPSNMLNJJHHGFDK08DA,坡道平面,1910000,43.62,地下二樓
RPTNMLNJJHHGFDK18DA,坡道平面,0,27.36,地下三樓
RPTNMLNJJHHGFDK18DA,坡道平面,0,43.62,地下三樓
RPTNMLRLKIGGFFK09DA,一樓平面,0,,一樓
RPWNMLQJJHHGFDK78DA,坡道平面,0,21.07,地下一樓
RPTOMLPJJHHGFFK68DA,一樓平面,0,,一樓
RPUNMLQKKIGGFDK78DA,一樓平面,0,26.43,一樓
RPQNMLRJJHHGFBK08DA,一樓平面,0,,一樓
RPSNMLRJJHHGFDK48DA,升降機械,0,,一樓
RPTNMLPJJHHGFFK58DA,坡道平面,0,38.09,地下一樓
RPSNMLLKJHHGFFK18DA,坡道平面,0,,地下一樓
RPXNMLQKKIGGFFK66DA,一樓平面,0,,一樓
RPXNMLQKKIGGFFK66DA,一樓平面,0,,一樓
RPUNMLKKJHHGFCK97DA,一樓平面,0,,一樓
RPXNMLQJJHHGFFK09DA,坡道機械,0,,地下一樓
RPVNMLPJJHHGFFK78DA,坡道平面,0,33.39,地下三樓
RPUNMLKLKIGGFDK28DA,坡道機械,0,13.89,地下二樓
RPTNMLOKJHHGFBK18DA,一樓平面,0,13.04,一樓
RPUNMLOKJHHGFBK28DA,坡道機械,0,4.28,地下一樓
RPROMLNJJHHGFFK28DA,坡道平面,0,30.91,地下二樓
RPSNMLNJJHHGFBK87DA,坡道平面,0,,地下一樓
RPPNMLSJJHHGFDK28DA,一樓平面,0,,一樓
RPTNMLKKJHHGFDK97DA,坡道平面,0,21.02,地下一樓
RPPRMLMKJHHGFDK18DA,坡道平面,0,16.84,地下一樓
RPPOMLOKKIGGFFK38DA,坡道機械,0,,地下一樓
RPQPMLMKJHHGFFK28DA,坡道平面,0,37.19,地下三樓
RPRNMLOKJHHGFFK38DA,坡道平面,0,,地下一樓
RPQNMLSKJHHGFBK28DA,升降平面,0,,地下一樓
RPXRMLMKJHHGFDK98DA,升降機械,0,,地下一樓
RPTNMLRLKIGGFDK88DA,坡道平面,0,,地下二樓
RPQNMLOLKIGGFDK28DA,一樓平面,0,,一樓
RPQNMLOLKIGGFDK28DA,一樓平面,0,,一樓
RPVNMLRKJHHGFCK78DA,坡道平面,861000,,地下一樓
RPVNMLRKJHHGFCK78DA,一樓平面,400000,,一樓
RPTNMLSKJHHGFDK78DA,坡道平面,0,15.84,地下二樓
RPVNMLPJJHHGFDK58DA,坡道平面,0,,地下一樓
RPVNMLPJJHHGFDK58DA,坡道平面,0,,地下一樓
RPSOMLTKJHHGFFK09DA,坡道機械,0,18.84,地下一樓
RPUOMLKLJHHGFFK48DA,坡道平面,0,26.87,地下二樓
RPQNMLRLKIGGFDK58DA,坡道平面,0,33.50,地下一樓
RPQNMLRLKIGGFDK58DA,坡道平面,0,33.50,地下一樓
RPROMLRJKIGGFFK78DA,坡道平面,0,50.87,地下一樓
RPOOMLSKJHHGFDK38DA,一樓平面,0,14.00,一樓
RPWNMLLLJHHGFBK28DA,升降機械,0,,地下一樓
RPRNMLSKKIGGFDK68DA,坡道平面,0,20.00,地下一樓
RPXNMLSKJHHGFFK76DA,坡道平面,0,,地下一樓
RPVOMLKLJHHGFFK58DA,坡道機械,0,9.91,地下一樓
RPPPMLMJKIGGFFK18DA,坡道平面,0,34.92,地下一樓
RPPPMLMJKIGGFFK18DA,坡道平面,0,34.92,地下一樓
RPVNMLRKJHHGFBK68DA,一樓平面,0,,一樓
RPROMLNLKIGGFBK18DA,一樓平面,0,,一樓
RPUNMLQLJHHGFDK78DA,坡道平面,0,,地下二樓
RPUNMLSLKIGGFFK66DA,坡道機械,0,,地下一樓
RPSNMLTLKIGGFDK98DA,一樓平面,0,20.00,一樓
RPXNMLKLJHHGFDK48DA,一樓平面,0,20.75,一樓
RPWNMLPLJHHGFDK88DA,坡道平面,0,33.40,地下二樓
RPPNMLOLJHHGFFK38EA,坡道機械,0,,地下一樓
RPOOMLOLKIGGFDK18DA,一樓平面,0,,一樓
RPPNMLQLKIGGFDK38DA,一樓平面,0,,一樓
RPROMLPJJHHGFDK28DA,坡道平面,0,15.84,地下一樓
RPPOMLPJJHHGFFK28DA,坡道機械,500000,9.91,地下一樓
RPRNMLOLKIGGFDK38DA,坡道平面,0,28.99,地下一樓
RPVNMLPLJHHGFDK78DA,一樓平面,0,26.44,一樓
RPUNMLSKJHHGFDK88DA,坡道平面,0,30.75,地下一樓
RPQNMLSLJHHGFDK58DA,一樓平面,0,20.00,一樓
RPVNMLMLJHHGFDK48DA,坡道平面,0,,地下二樓
RPVNMLMLJHHGFDK48DA,坡道平面,0,,地下二樓
RPQNMLPLKIGGFDK38DA,坡道平面,0,19.32,地下一樓
RPVNMLRJKHHGFFK09DA,坡道平面,0,,地下一樓
RPVNMLPLJHHGFFK98DA,升降平面,0,,地下一樓
RPQNMLKKJHHGFDK67DA,一樓平面,0,,一樓
RPROMLTKJHHGFFK98DA,坡道平面,0,27.45,地下二樓
RPROMLRLJHHGFDK68DA,坡道平面,0,24.35,地下一樓
RPQOMLMLJHHGFDK08DA,坡道平面,0,,地下一樓
RPUNMLTLKIGGFDK56DA,坡道機械,0,,地下一樓
RPPNMLLMKIGGFDK97DA,一樓平面,0,20.00,一樓
RPPNMLPLKIGGFFK48DA,坡道平面,0,,地下一樓
RPSNMLKKKHHGFFK18DA,坡道平面,0,41.11,地下一樓
RPUNMLKKKHHGFFK38DA,坡道機械,0,5.96,地下一樓
RPPVMLLKKHHGFDK58DA,坡道平面,0,31.70,地下一樓
RPVNMLRKJHHGFFK09DA,坡道平面,0,33.91,地下一樓
RPVNMLRKJHHGFFK09DA,坡道平面,0,33.91,地下一樓
RPTOMLRLJHHGFDK88DA,坡道平面,1300000,42.73,地下二樓
RPOPMLMKJHHGFFK08DA,坡道機械,600000,9.91,地下一樓
RPUNMLRKJHHGFFK98DA,坡道平面,0,27.45,地下一樓
RPWNMLLKKHHGFFK68DA,坡道平面,0,,地下一樓
RPQNMLNKKHHGFFK28DA,坡道平面,0,28.47,地下二樓
RPUOMLOKKHHGFDK68DA,坡道平面,0,24.28,地下一樓
RPRNMLPKKHHGFFK58DA,坡道平面,0,13.93,地下一樓
RPQNMLQKKHHGFFK68EA,坡道平面,0,27.46,地下二樓
RPVNMLLLKHHGFDK58EA,升降機械,0,,地下一樓
RPVNMLKKJHHGFFK38DA,坡道平面,0,30.54,地下二樓
RPVNMLKKJHHGFFK38DA,坡道平面,0,30.54,地下二樓
RPTOMLLJKIGGFDK18DA,坡道平面,0,33.50,地下一樓
RPTOMLLJKIGGFDK18DA,坡道平面,0,33.50,地下一樓
RPOOMLKKKHHGFFK87DA,坡道平面,0,,地下一樓
RPQNMLOKJHHGFDK08DA,一樓平面,0,20.00,一樓
RPQNMLNLKHHGFDK18DA,坡道平面,0,,地下二樓
RPROMLLLKHHGFFK38DA,坡道平面,0,24.56,地下一樓
RPSOMLLLKHHGFFK48DA,坡道機械,0,,地下一樓
RPQNMLMLKHHGFFK38EA,坡道平面,0,29.85,地下一樓
RPROMLNLKHHGFDK38DA,坡道平面,0,,地下一樓
RPPNMLKKJHHGFFK77DA,坡道平面,0,36.72,地下二樓
RPSNMLNLKHHGFFK58DA,坡道平面,0,33.91,地下二樓
RPXNMLSLJHHGFDK66DA,坡道平面,0,23.13,地下一樓
RPUPMLKKKIGGFDK38DA,一樓平面,0,26.44,一樓
RPUOMLOJLHHGFBK48DA,一樓平面,0,,一樓
RPQOMLKMJIGGFDK97DA,一樓平面,0,,一樓
RPRNMLRKJIGGFFK68DA,坡道機械,0,5.96,地下一樓
RPVNMLQKJIGGFDK78DA,一樓平面,0,,一樓
RPVNMLQKJIGGFDK78DA,坡道平面,0,,地下一樓
RPTNMLRKJIGGFDK68DA,其他,0,,一樓
RPPNMLNKKIGGFEK08DA,一樓平面,0,,一樓
RPQNMLSJJIGGFFK58DA,坡道機械,0,8.99,地下一樓
RPQNMLSJJIGGFFK58DA,坡道機械,0,8.99,地下一樓
RPQNMLNKKIGGFBK87DA,一樓平面,0,,一樓
RPQNMLRLJIGGFFK68DA,坡道機械,0,,地下一樓
RPUTMLNKKIGGFDK09DA,坡道平面,0,30.75,地下一樓
RPPNMLMKKIGGFDK87DA,坡道機械,0,,地下一樓
RPPNMLKKKIGGFDK67DA,坡道機械,0,,地下二樓
RPUNMLLLJIGGFDK28DA,一樓平面,0,9.92,一樓
RPQNMLOKKIGGFBK97DA,一樓平面,0,,一樓
RPUNMLOKKIGGFBK38DA,升降平面,0,,地下一樓
RPOOMLSKJIGGFBK18DA,坡道平面,0,25.18,地下一樓
RPSNMLRJKIGGFBK38DA,一樓平面,0,,一樓
RPPNMLQKJIGGFDK18DA,一樓平面,0,,一樓
RPUNMLTJKIGGFFK56DA,坡道平面,0,50.88,地下一樓
RPSOMLOKKIGGFDK48DA,坡道平面,0,40.74,地下一樓
RPSNMLQKKIGGFBK38DA,坡道平面,0,,地下一樓
RPSNMLQKKIGGFBK38DA,坡道機械,0,,地下一樓
RPSNMLRKKIGGFBK48DA,坡道平面,0,,地下二樓
RPQNMLPJKIGGFDK18DA,坡道平面,0,36.11,地下二樓
RPVOMLPKKIGGFDK88DA,坡道平面,0,,地下一樓
RPXNMLQKKIGGFDK09DA,坡道機械,0,9.98,地下一樓
RPRQMLTJKIGGFDK98DA,一樓平面,0,,一樓
RPQNMLPKJIGGFFK38DA,一樓平面,0,4.93,一樓
RPSNMLQKKIGGFFK78DA,坡道平面,0,27.51,地下二樓
RPXQMLQJKIGGFFK86DA,坡道平面,0,33.91,地下一樓
RPSNMLOLJIGGFFK58DA,坡道平面,0,29.01,地下一樓
RPVNMLQKKIGGFFK09DA,坡道平面,0,,地下一樓
RPPNMLPJKIGGFFK28DA,坡道平面,0,28.47,地下二樓
RPWNMLQKKIGGFFK66EA,坡道機械,0,16.44,地下三樓
RPPNMLRKKIGGFFK58DA,坡道平面,0,36.72,地下一樓
RPPNMLRKKIGGFFK58DA,坡道平面,0,36.72,地下一樓
RPSNMLLLKIGGFBK97DA,坡道平面,0,29.76,地下一樓
RPSNMLLLKIGGFDK18DA,坡道平面,0,22.19,地下二樓
RPROMLQKKIGGFDK58DA,坡道平面,0,40.74,地下一樓
RPXNMLKLKIGGFDK58DA,一樓平面,0,21.02,一樓
RPROMLSJJIGGFFK78DA,坡道平面,0,,地下一樓
RPQOMLSJJIGGFFK68DA,坡道平面,0,,地下二樓
RPUOMLSJJIGGFFK09DA,坡道平面,0,,地下二樓
RPWOMLSJJIGGFFK66DA,坡道平面,0,,地下二樓
RPROMLLJKIGGFFK18DA,坡道平面,0,,地下一樓
RPVNMLPKKIGGFFK98DA,坡道機械,0,5.45,地下一樓
RPQOMLKLKIGGFFK18DA,一樓平面,0,,一樓
RPWOMLKLKIGGFFK78DA,坡道平面,0,13.75,地下二樓
RPTOMLQKKIGGFDK78DA,一樓平面,0,23.13,一樓
RPXNMLMLJIGGFFK88DA,坡道機械,600000,9.91,地下一樓
RPTOMLLLKIGGFCK28DA,升降機械,300000,,一樓
RPROMLMKJIGGFFK28DA,坡道平面,0,28.48,地下二樓
RPRNMLMLKIGGFBK97DA,坡道平面,0,,地下一樓
RPSOMLNLKIGGFFK68DA,坡道平面,0,13.49,地下一樓
RPXNMLMLKIGGFFK98DA,坡道平面,0,33.91,地下三樓
RPVOMLNLKIGGFFK98DA,坡道平面,0,33.91,地下三樓
RPROMLKLKIGGFBK87DA,坡道機械,0,,地下一樓
RPQOMLKLKIGGFDK97DA,坡道平面,0,47.23,地下二樓
RPQOMLKLKIGGFDK97DA,坡道平面,0,47.23,地下二樓
RPVOMLLJKIGGFDK38DA,坡道平面,1300000,28.25,地下三樓
RPWOMLLJKIGGFDK48DA,坡道平面,1500000,28.25,地下二樓
RPQNMLPKJIGGFDK18DA,坡道機械,0,31.31,地下二樓
RPPNMLSLJIGGFFK68DA,坡道平面,0,28.29,地下一樓
RPTOMLOKKIGGFFK78DA,坡道平面,0,49.00,地下一樓
RPTOMLOKKIGGFFK78DA,坡道平面,0,49.00,地下一樓
RPROMLOLKIGGFDK48DA,坡道平面,0,26.42,地下一樓
RPUNMLRLKIGGFDK98DA,一樓平面,0,,一樓
RPPNMLNLKIGGFDK08DA,坡道平面,0,,地下一樓
RPWNMLOLJIGGFDK78DA,一樓平面,0,,一樓
RPPNMLOLKIGGFFK38DA,坡道平面,0,27.51,地下一樓
RPWNMLOLKIGGFFK09DA,坡道平面,0,26.23,地下一樓
RPWNMLOLKIGGFFK09DA,坡道平面,0,26.23,地下一樓
RPUNMLNLKIGGFCK48DA,坡道平面,861000,,地下一樓
RPVNMLNLKIGGFCK58DA,坡道平面,840000,,地下一樓
RPWNMLNLKIGGFCK68DA,一樓平面,849000,,一樓
RPTOMLSJJIGGFFK98DA,坡道平面,0,,地下二樓
RPVOMLSJJIGGFFK56DA,坡道平面,0,,地下一樓
RPOOMLLJKIGGFFK87DA,坡道平面,0,,地下二樓
RPUOMLNLKIGGFFK88DA,坡道平面,0,28.48,地下二樓
RPWNMLRLKIGGFDK56DA,坡道平面,0,,地下一樓
RPOOMLMLJIGGFFK08DA,坡道機械,550000,9.91,地下一樓
RPWNMLMLJIGGFFK78DA,坡道機械,550000,9.91,地下一樓
RPQOMLMLJIGGFDK08DA,坡道平面,0,23.13,地下一樓
RPPOMLRLKIGGFDK58DA,坡道平面,1300000,25.69,地下二樓
RPXNMLRLKIGGFFK86DA,一樓平面,0,,一樓
RPOOMLRLKIGGFFK68DA,一樓平面,0,,一樓
RPUNMLLKJHHGFFK38DA,坡道平面,0,,地下一樓
RPWNMLKMKIGGFDK68EA,一樓平面,0,,一樓
RPUNMLPJKIGGFDK58DA,一樓平面,0,14.95,一樓
RPTOMLRLKIGGFDK98DA,坡道平面,0,23.13,地下一樓
RPUOMLRLKIGGFDK09DA,坡道平面,0,23.13,地下一樓
RPPNMLQKJIGGFFK38DA,坡道平面,0,28.48,地下二樓
RPPNMLLLKIGGFFK08DA,坡道平面,0,30.54,地下二樓
RPPNMLLLKIGGFFK08DA,坡道平面,0,30.54,地下二樓
RPOOMLKKKIGGFFK87DA,坡道平面,1350000,30.54,地下二樓
RPXNMLKMKIGGFFK88DA,坡道機械,0,9.96,地下一樓
RPSNMLOJJHHGFFK38DA,坡道機械,0,5.96,地下一樓
RPROMLOJJHHGFDK18DA,坡道機械,0,17.93,地下一樓
RPVNMLNJJHHGFDK38DA,坡道平面,0,26.44,地下一樓
RPUOMLPKKIGGFDK78DA,坡道平面,0,,地下三樓
RPXNMLLJKIGGFFK68DA,坡道平面,0,,地下二樓
RPSOMLSJJIGGFFK88DA,坡道平面,0,,地下二樓
RPUNMLPJJHHGFDK48DA,坡道平面,0,28.93,地下一樓
RPRNMLTJKIGGFFK88DA,坡道平面,0,37.18,地下二樓
RPVNMLTLKIGGFFK86DA,升降機械,500000,5.89,一樓
RPVNMLQJJHHGFDK78EA,坡道平面,0,21.00,地下一樓
RPQNMLPJJHHGFFK28DA,坡道平面,0,31.17,地下一樓
RPUNMLRJJHHGFFK88DA,坡道平面,0,,地下一樓
RPWNMLOJJHHGFFK78DA,坡道平面,0,26.68,地下二樓
RPVNMLOKKIGGFFK88DA,坡道平面,0,30.92,地下二樓
RPUNMLQJJHHGFDK68EA,升降機械,0,,一樓
RPSNMLKMKIGGFDK18DA,坡道機械,0,,地下一樓
RPQNMLLKJHHGFBK57DA,一樓平面,0,,一樓
RPPOMLRJJHHGFFK48DA,坡道平面,0,13.61,地下一樓
RPXOMLQJKIGGFFK66DA,坡道機械,600000,9.91,地下一樓
RPQOMLLJKIGGFFK08DA,坡道平面,0,,地下二樓
RPSNMLKKJHHGFDK87DA,坡道平面,0,33.41,地下二樓
RPQOMLQKKIGGFDK48DA,坡道平面,1300000,42.73,地下二樓
RPSNMLLLJIGGFDK08DA,坡道平面,0,,地下一樓
RPUOMLKKKIGGFDK28DA,坡道機械,0,,一樓
RPPOMLRJKIGGFFK58DA,一樓平面,0,,一樓
RPSOMLPJJHHGFDK38DA,坡道平面,0,21.00,地下一樓
RPRNMLMKJHHGFDK97DA,坡道平面,0,,地下二樓
RPPOMLMLJIGGFFK18DA,坡道平面,0,,地下一樓
RPVRMLMKJHHGFDK78DA,坡道機械,0,,地下一樓
RPSNMLMJKIGGFFK28DA,坡道平面,0,,一樓
RPSNMLRKJHHGFBK38DA,升降機械,0,,一樓
RPSNMLSKJHHGFDK68DA,坡道平面,0,,地下二樓
RPTNMLKMJIGGFDK18DA,坡道平面,0,28.25,地下三樓
RPTNMLKMJIGGFDK18DA,坡道平面,0,24.72,地下三樓
RPWNMLNJJHHGFDK48DA,坡道平面,0,20.00,一樓
RPROMLNKKIGGFFK48DA,坡道平面,0,,地下一樓
RPXNMLOKJHHGFDK88EA,坡道平面,0,26.42,地下一樓
RPWNMLSKJHHGFFK66DA,坡道平面,0,33.91,地下二樓
RPWNMLSKJHHGFDK56EA,坡道平面,0,30.75,地下二樓
RPSNMLKLJHHGFBK77DA,一樓平面,0,,一樓
RPRNMLPJKIGGFDK28DA,坡道平面,0,26.44,地下一樓
RPTNMLTLKIGGFDK09DA,坡道平面,0,23.13,地下一樓
RPTNMLQJKIGGFDK58DA,坡道平面,0,26.44,地下一樓
RPXNMLOKJHHGFFK98DA,坡道平面,0,30.92,地下二樓
RPPNMLKLJHHGFFK87DA,坡道平面,0,36.10,地下三樓
RPUNMLTLKIGGFFK76DA,坡道平面,0,35.43,地下三樓
RPUNMLTLKIGGFFK76DA,坡道平面,0,35.43,地下三樓
RPRNMLQJKIGGFDK38DA,坡道平面,0,26.44,地下一樓
RPVOMLKLJHHGFDK38DA,坡道機械,0,,地下一樓
RPPNMLOLJHHGFEK18DA,坡道平面,800000,27.09,地下一樓
RPQNMLPKKIGGFFK48DA,坡道平面,0,31.18,地下三樓
RPOOMLTJKIGGFDK48DA,坡道平面,0,24.28,地下二樓
RPVNMLQJKIGGFFK98DA,坡道平面,0,28.42,地下一樓
RPROMLOLJHHGFDK38DA,坡道平面,1400000,25.69,地下一樓
RPXNMLSLJHHGFFK86DA,坡道機械,0,5.46,地下一樓
RPTNMLSLJHHGFDK88DA,坡道平面,0,20.00,地下一樓
RPOPMLSJKHHGFDK48DA,坡道平面,0,28.25,地下三樓
RPUOMLLJKIGGFFK48DA,坡道平面,0,,地下二樓
RPRNMLRJJIGGFDK38DA,坡道平面,0,26.44,地下一樓
RPWNMLLJKIGGFFK58DA,坡道平面,0,,地下二樓
RPPOMLQJJHHGFDK18DA,坡道平面,0,28.42,地下一樓
RPWNMLNKJHHGFBK48EA,坡道平面,0,,地下一樓
RPWNMLNKJHHGFBK48EA,坡道平面,0,,地下一樓
RPRNMLMLKHHGFFK48EA,坡道平面,0,29.85,地下二樓
RPVNMLOLJHHGFFK88DA,坡道平面,0,33.91,地下二樓
RPOOMLTJJIGGFDK38DA,坡道平面,0,14.48,地下一樓
RPPNMLQJKIGGFDK18DA,一樓平面,0,,一樓
RPQNMLKMJIGGFFK08DA,坡道平面,1350000,30.54,地下二樓
RPPNMLQJKIGGFFK38DA,坡道平面,0,12.37,地下二樓
RPVNMLLJJIGGFFK38DA,坡道平面,0,26.44,地下一樓
RPSNMLQJKIGGFFK68DA,坡道平面,0,13.75,地下一樓
RPOPMLTJKIGGFDK58DA,坡道機械,0,,地下三樓
RPUNMLPKJIGGFDK58DA,一樓平面,0,,一樓
RPUNMLPKJIGGFDK58DA,一樓平面,0,,一樓
RPOOMLKKKIGGFDK67DA,坡道平面,0,28.74,地下一樓
RPTSMLSJKIGGFDK66DA,坡道平面,0,29.92,地下一樓
RPQOMLSLIIGGFDK58DA,坡道平面,0,27.62,地下二樓
RPVOMLNKKIGGFDK68DA,坡道平面,0,,地下一樓
RPPQMLTJKIGGFDK78DA,坡道平面,1250000,23.29,地下一樓
RPOOMLNKKIGGFFK18DA,坡道平面,0,35.74,地下二樓
RPTNMLTJKIGGFFK09DA,坡道平面,0,50.88,地下一樓
RPPNMLMKKIGGFFK08DA,一樓平面,0,,一樓
RPOOMLNKKIGGFDK97DA,坡道平面,1250000,23.29,地下一樓
RPSNMLTLJIGGFFK09DA,坡道平面,0,13.30,一樓
RPQPMLLLIIGGFDK97DA,坡道平面,1300000,28.25,地下三樓
RPVOMLLJKIGGFFK58DA,坡道平面,550000,21.36,地下一樓
RPTOMLLLIIGGFDK18DA,坡道平面,1300000,28.25,地下三樓
RPVOMLLLIIGGFDK38DA,坡道平面,1500000,28.25,地下二樓
RPPOMLTJJIGGFDK48DA,坡道平面,0,17.07,一樓
RPPNMLNJJIGGFDK77DA,坡道平面,0,26.44,地下一樓
RPOPMLRKKIGGFDK48DA,升降平面,0,,地下一樓
RPSOMLPKKIGGFFK78DA,坡道平面,0,26.24,地下二樓
RPQNMLQLIIGGFFK48DA,坡道平面,0,,地下二樓
RPSNMLQLIIGGFFK68DA,坡道平面,0,,地下二樓
RPUOMLOKKIGGFFK88DA,坡道平面,0,,地下二樓
RPUOMLOKKIGGFFK88DA,坡道平面,0,,地下二樓
RPUNMLOLJIGGFFK78DA,坡道平面,0,33.91,地下三樓
RPUNMLOLJIGGFFK78DA,坡道平面,0,33.91,地下三樓
RPPOMLNJKIGGFFK18DA,升降平面,500000,20.57,地下一樓
RPQNMLLMIIGGFFK08DA,坡道平面,0,30.92,地下二樓
RPRNMLQLIIGGFFK58DA,坡道平面,0,,地下一樓
RPRNMLMLJIGGFBK87DA,其他,0,,一樓
RPQOMLNLKIGGFBK08DA,一樓平面,0,,一樓
RPOOMLLLKIGGFDK87DA,坡道平面,0,15.18,一樓
RPSNMLQLIIGGFDK48DA,坡道平面,0,40.99,地下二樓
RPSNMLQLIIGGFDK48DA,坡道平面,0,36.06,地下二樓
RPSOMLLJKIGGFFK28DA,坡道平面,0,,地下二樓
RPQOMLQJKIGGFDK38DA,坡道平面,0,23.13,地下一樓
RPQNMLSLKIGGFFK88DA,坡道平面,0,45.64,地下二樓
RPVNMLQLIIGGFFK98DA,坡道平面,0,,地下二樓
RPXOMLPJJIGGFDK88DA,坡道平面,0,15.84,地下一樓
RPPNMLLMKIGGFBK77DA,一樓平面,0,,一樓
RPPNMLKMKIGGFFK08DA,坡道平面,0,43.43,地下一樓
RPRNMLRLKIGGFDK68DA,坡道機械,0,,地下二樓
RPQNMLRJJHHGFFK48DA,坡道平面,0,37.90,地下二樓
RPRNMLQJJHHGFBK08DA,一樓平面,0,,一樓
RPUNMLQLIIGGFFK88DA,坡道平面,0,,地下二樓
RPTOMLRLIIGGFDK78DA,坡道平面,0,21.01,地下一樓
RPRNMLLKJHHGFDK87DA,坡道平面,0,,地下一樓
RPTNMLKLJHHGFFK28DA,坡道平面,0,37.90,地下二樓
RPWNMLQLIIGGFFK09DA,坡道平面,0,,地下一樓
RPSOMLQJIIGGFFK58DA,坡道平面,0,39.44,地下二樓
RPRNMLQJKIGGFFK58DA,坡道平面,0,13.75,地下一樓
RPWNMLLJJIGGFFK48DA,一樓平面,0,,一樓
RPRNMLLKJIGGFFK08DA,坡道平面,0,27.80,地下一樓
RPRNMLLKJIGGFFK08DA,坡道平面,0,27.80,地下一樓
RPXNMLTLJIGGFBK56DA,升降機械,0,17.53,一樓
RPXNMLTLJIGGFBK56DA,一樓平面,0,23.37,一樓
RPRPMLQLJIGGFBK48DA,升降機械,0,17.53,一樓
RPOOMLLLIIGGFFK87DA,坡道平面,0,28.07,地下一樓
RPOOMLLLIIGGFFK87DA,坡道平面,0,30.54,地下一樓
RPQNMLSJKIGGFFK68DA,坡道機械,0,9.00,地下一樓
RPQNMLSJKIGGFFK68DA,坡道平面,0,13.49,地下一樓
RPXNMLSKJIGGFDK56DA,坡道平面,900000,33.21,地下二樓
RPVNMLOKKIGGFBK48DA,其他,0,,地下一樓
RPPPMLQJKIGGFDK38DA,坡道平面,1200000,24.36,地下二樓
RPXNMLSJKIGGFDK56DA,坡道機械,700000,18.50,地下一樓
RPROMLNKKIGGFDK28DA,坡道平面,1200000,24.36,地下二樓
RPVNMLNKKIGGFDK58DA,坡道平面,1300000,24.36,地下一樓
RPQOMLTKJIGGFDK68DA,坡道平面,0,15.84,地下二樓
RPPOMLTJKIGGFDK58DA,坡道平面,0,26.42,地下一樓
RPUNMLRKJIGGFFK98DA,坡道平面,0,,地下二樓
RPOOMLSJKIGGFDK38DA,坡道平面,1200000,24.36,地下二樓
RPPNMLRKJHHGFFK48DA,坡道平面,0,45.64,地下一樓
RPPNMLRKJHHGFFK48DA,坡道平面,0,45.64,地下二樓
RPWNMLMLJHHGFDK68EA,一樓平面,0,34.61,一樓
RPVQMLNKKIGGFDK88DA,坡道平面,1300000,24.36,地下二樓
RPTNMLRKKHHGFFK98DA,坡道平面,0,24.56,地下二樓
RPTNMLRKKHHGFFK98DA,坡道平面,0,23.45,地下二樓
RPQSMLKKKIGGFDK28DA,坡道平面,1200000,24.36,地下二樓
RPXOMLQLJIGGFBK98DA,升降機械,0,17.53,一樓
RPOPMLQLJIGGFBK18DA,升降機械,0,17.53,一樓
RPPPMLQLJIGGFBK28DA,升降機械,0,17.53,一樓
RPXNMLTKIIGGFDK56DA,坡道平面,1200000,34.72,地下一樓
SPXNMLTKIIGGFDK66DA,坡道平面,1200000,34.72,地下一樓
RPQOMLNLJIGGFDK18DA,一樓平面,1000000,,一樓
TPXNMLTKIIGGFDK76DA,坡道平面,1200000,34.72,地下一樓
TPXNMLTKIIGGFDK76DA,坡道平面,1200000,34.72,地下一樓
TPXNMLTKIIGGFDK76DA,坡道平面,1200000,34.72,地下一樓
RPQNMLRKKIGGFFK68DA,坡道機械,400000,17.83,地下二樓
RPQRMLKKKIGGFDK18DA,坡道平面,1300000,24.36,地下一樓
RPPNMLSLKIGGFBK38DA,一樓平面,0,,一樓
RPPNMLSLKIGGFBK38DA,一樓平面,0,,一樓
RPTNMLMKJHHGFBK97DA,一樓平面,0,,一樓
RPSTMLNKKIGGFDK88DA,坡道平面,1200000,24.36,地下二樓
RPPOMLMJRHGGFDK48DA,一樓平面,0,21.00,一樓
RPXOMLLLKHHGFDK78DA,一樓平面,0,,一樓
RPQNMLOKKHHGFFK38DA,坡道平面,0,30.12,地下一樓
RPQNMLOKKHHGFFK38DA,坡道平面,0,30.12,地下一樓
RPTNMLSKJHHGFFK98DA,坡道平面,0,,地下一樓
RPVNMLOKKIGGFDK68DA,一樓平面,0,9.92,一樓
RPTQMLKKKIGGFDK38DA,坡道平面,1300000,24.36,地下一樓
RPQPMLQJKIGGFDK48DA,坡道平面,1300000,24.36,地下一樓
RPRNMLOKKIGGFDK28DA,一樓平面,0,9.92,一樓
RPROMLKKKIGGFDK97DA,一樓平面,0,9.92,一樓
RPWNMLNJJHHGFBK28DA,一樓平面,0,,一樓
RPTPMLKKKIGGFDK28DA,坡道平面,1200000,24.36,地下二樓
RPWQMLNKKIGGFDK98DA,坡道平面,1300000,24.36,地下一樓
RPSOMLRKKIGGFDK78DA,坡道機械,600000,18.50,地下一樓
RPPRMLRKKIGGFDK78DA,坡道平面,1250000,24.36,地下一樓
RPWNMLMKJHHGFDK48DA,坡道平面,1300000,24.36,地下一樓
RPORMLNKKIGGFDK28DA,坡道平面,1150000,24.36,地下二樓
RPSNMLRKKHHGFBK48DA,一樓平面,0,,一樓
RPRSMLKKKIGGFDK38DA,坡道平面,1250000,24.36,地下一樓
RPTOMLLJLHHGFDK28DA,坡道平面,1250000,24.36,地下一樓
RPQOMLOLJHHGFDK28DA,坡道機械,700000,18.50,地下一樓
RPXOMLOKKHHGFDK98DA,坡道平面,1250000,24.36,地下一樓
RPWSMLNKKIGGFDK56DA,坡道平面,1250000,24.36,地下一樓
RPXRMLSJKIGGFDK96DA,坡道平面,1150000,24.36,地下二樓
RPQNMLMKJHHGFEK97DA,一樓平面,0,,一樓
RPOOMLMKJHHGFBK57DA,一樓平面,0,,一樓
RPTNMLKMKIGGFFK48DA,其他,0,,地下二樓
RPOOMLRKKHHGFBK18DA,一樓平面,0,,一樓
RPPOMLRKKHHGFBK28DA,一樓平面,0,,一樓
RPOOMLMJLHHGFBK67DA,一樓平面,0,,一樓
RPTOMLLLKHHGFFK58DA,坡道平面,0,24.56,地下一樓
RPVNMLKMJIGGFBK18DA,其他,0,19.34,一樓
RPSNMLKKKIGGFDK97DA,一樓平面,0,9.92,一樓
RPQNMLOKKIGGFDK18DA,一樓平面,0,9.92,一樓
RPPOMLKKKIGGFDK77DA,一樓平面,0,9.92,一樓
RPTRMLKKKIGGFDK48DA,坡道平面,1150000,24.36,地下二樓
RPUOMLQLJIGGFBK68DA,一樓平面,0,23.38,一樓
RPVQMLQJKIGGFDK09DA,坡道平面,1150000,24.36,地下二樓
RPSNMLNKKIGGFDK28DA,坡道機械,600000,18.90,地下一樓
RPOOMLSKJHHGFBK28EA,一樓平面,0,,一樓
RPOQMLTJKIGGFDK68DA,坡道平面,1150000,24.36,地下二樓
RPWOMLQKKIGGFDK09DA,坡道平面,1200000,23.29,地下一樓
RPWRMLSJKIGGFDK86DA,坡道平面,1150000,24.36,地下二樓
RPTNMLMLJHHGFBK08DA,一樓平面,0,,一樓
RPTNMLLKJHHGFBK87DA,一樓平面,0,,一樓
RPWPMLKKKIGGFDK58DA,坡道平面,1200000,23.29,地下一樓
RPURMLSJKIGGFDK66DA,坡道平面,1150000,24.36,地下二樓
RPPQMLRKKIGGFDK68DA,坡道機械,600000,18.90,地下一樓
RPPNMLLJKIGGFBK47DA,其他,0,19.34,一樓
RPQQMLQJKIGGFDK58DA,坡道機械,600000,18.90,地下一樓
RPRNMLPKKIGGFDK38DA,坡道平面,1150000,24.36,地下二樓
RPRQMLRKKIGGFDK88DA,坡道機械,700000,18.90,地下一樓
RPQQMLRKKIGGFDK78DA,坡道機械,700000,18.90,地下一樓
RPSQMLRKKIGGFDK98DA,坡道機械,700000,18.90,地下一樓
RPQNMLLMKIGGFBK87DA,一樓平面,0,,一樓
RPSNMLLMKIGGFBK08DA,一樓平面,0,,一樓
RPPQMLSJKIGGFDK68DA,坡道平面,1150000,24.36,地下二樓
RPXNMLMKJHHGFBK38DA,一樓平面,0,,一樓
RPUNMLLMKIGGFBK28DA,一樓平面,0,,一樓
RPVNMLRKKIGGFDK98DA,坡道平面,1150000,24.36,地下二樓
RPSNMLSKJHHGFBK48DA,一樓平面,0,,一樓
RPRNMLNKJHHGFCK97DA,一樓平面,600000,,一樓
RPXPMLRKKIGGFDK76DA,坡道機械,600000,18.50,地下一樓
RPQPMLSJKIGGFDK68DA,坡道平面,1150000,24.36,地下二樓
RPUNMLTKJHHGFEK09DA,一樓平面,0,,一樓
RPOOMLTLJIGGFBK38DA,一樓平面,0,23.38,一樓
RPWQMLQJKIGGFDK56DA,坡道平面,1250000,24.36,地下一樓
RPORMLSJKIGGFDK68DA,坡道平面,1250000,24.36,地下一樓
RPWQMLKKKIGGFDK68DA,坡道平面,1150000,24.36,地下二樓
RPXNMLKLKIGGFBK38DA,一樓平面,0,,一樓
RPWPMLRKKIGGFDK66DA,坡道機械,600000,18.50,地下一樓
RPVOMLSJKIGGFDK09DA,坡道平面,1150000,24.36,地下二樓
RPWQMLSJKIGGFDK76DA,坡道平面,1150000,24.36,地下二樓
RPRQMLKKKIGGFDK18DA,坡道平面,1150000,24.36,地下二樓
RPSNMLMKJHHGFBK87DA,一樓平面,0,,一樓
RPOSMLSJKIGGFDK78DA,坡道平面,1200000,23.29,地下一樓
RPRPMLQJKIGGFDK58DA,坡道平面,1150000,24.36,地下二樓
RPOOMLQLJIGGFBK08DA,一樓平面,0,23.38,一樓
RPTPMLTJKIGGFDK09DA,坡道平面,1150000,24.36,地下二樓
RPXRMLKKKIGGFDK88DA,坡道平面,1150000,24.36,地下二樓
RPVQMLSJKIGGFDK66DA,坡道平面,1150000,24.36,地下二樓
RPQQMLKKKIGGFDK08DA,坡道平面,1150000,24.36,地下二樓
RPQQMLSJKIGGFDK78DA,坡道平面,1150000,24.36,地下二樓
RPPOMLMKJHHGFBK67DA,一樓平面,0,,一樓
RPPNMLOKKIGGFDK08DA,一樓平面,0,9.92,一樓
RPVNMLTKJHHGFEK56DA,一樓平面,0,,一樓
RPQPMLTJKIGGFDK78DA,坡道平面,1150000,24.36,地下二樓
RPOQMLKKKIGGFDK87DA,坡道平面,1150000,24.36,地下二樓
RPRNMLMKJHHGFBK77DA,一樓平面,0,,一樓
RPXOMLTJKIGGFDK76DA,坡道平面,1150000,24.36,地下二樓
RPVPMLKKKIGGFDK48DA,坡道平面,1150000,24.36,地下二樓
RPOTMLKKKIGGFDK18DA,坡道平面,1200000,24.36,地下一樓
RPQOMLTJKHHGFFK88DA,坡道平面,0,24.56,地下二樓
RPPPMLKMJIGGFBK77DA,其他,0,19.34,一樓
RPVNMLMKJHHGFFK58DA,坡道平面,0,24.56,地下二樓
RPXNMLQLJIGGFBK88DA,一樓平面,0,23.38,一樓
RPVOMLQLJIGGFBK78DA,一樓平面,0,23.38,一樓
RPWNMLQLJIGGFBK78DA,一樓平面,0,23.38,一樓
RPOOMLRKKHHGFFK58DA,坡道平面,0,25.81,地下二樓
RPSNMLPKKIGGFDK48DA,坡道平面,1150000,24.36,地下二樓
RPRSMLNKKIGGFDK68DA,坡道平面,760000,24.36,地下一樓
RPVRMLKKKIGGFDK68DA,坡道平面,1250000,24.36,地下一樓
RPQOMLNKKIGGFDK18DA,坡道平面,780000,24.36,地下二樓
RPVNMLKKKIGGFDK28DA,一樓平面,0,9.92,一樓
RPPOMLNKKIGGFDK08DA,坡道平面,730000,24.36,地下二樓
RPRNMLMKJHHGFEK08DA,一樓平面,0,,一樓
RPROMLTJKHHGFFK98DA,坡道平面,0,24.56,地下二樓
RPPSMLSJKIGGFDK88DA,坡道平面,1200000,24.36,地下一樓
RPRPMLTJKIGGFDK88DA,坡道平面,1250000,24.36,地下一樓
RPOOMLLLKHHGFFK08DA,坡道平面,0,24.56,地下一樓
RPWNMLRKKHHGFBK88DA,一樓平面,0,,一樓
RPWNMLLLKHHGFFK78DA,坡道平面,0,23.45,地下二樓
RPXNMLLLKHHGFFK88DA,坡道平面,0,25.81,地下二樓
RPPOMLLLKHHGFFK18DA,坡道平面,0,24.56,地下一樓
RPSRMLNKKIGGFDK68DA,坡道平面,1150000,24.36,地下二樓
RPWNMLRKKHHGFFK66DA,坡道平面,0,24.56,地下二樓
RPUOMLLJLHHGFDK38DA,坡道平面,1100000,24.36,地下二樓
RPTPMLLLKHHGFFK68DA,坡道平面,0,24.56,地下一樓
RPSPMLLLKHHGFFK58DA,坡道平面,0,24.56,地下一樓
RPPPMLTJKIGGFDK68DA,坡道平面,1200000,24.36,地下一樓
RPRPMLLLKHHGFFK48DA,坡道平面,0,24.56,地下一樓
RPUOMLLLKHHGFFK68DA,坡道平面,0,24.56,地下二樓
RPPSMLKKKIGGFDK18DA,坡道平面,1000000,23.29,地下二樓
RPUPMLLLKHHGFFK78DA,坡道平面,0,25.81,地下一樓
RPVPMLQJKIGGFDK98DA,坡道平面,820000,25.69,地下一樓
RPPPMLRJKIGGFDK48DA,坡道平面,1150000,24.36,地下一樓
RPWNMLNKKIGGFDK68DA,坡道平面,1100000,24.36,地下二樓
RPSPMLNKKIGGFDK48DA,坡道平面,1100000,23.29,地下一樓
RPTNMLLMKIGGFBK18DA,一樓平面,0,,一樓
RPTNMLSKJHHGFBK58DA,一樓平面,0,,一樓
RPOOMLRKKIGGFDK38DA,坡道平面,1100000,23.29,地下一樓
RPVOMLLLKHHGFFK78DA,坡道平面,0,24.56,地下二樓
RPOPMLLLKHHGFFK18DA,坡道平面,0,24.56,地下二樓
RPOOMLMKJHHGFFK97DA,坡道平面,0,24.56,地下一樓
RPXRMLNKKIGGFDK56DA,坡道平面,1100000,24.36,地下二樓
RPUUMLKKKIGGFDK88DA,坡道平面,1100000,24.36,地下二樓
RPWNMLMKJHHGFFK68DA,坡道平面,0,24.56,地下一樓
RPPOMLMKJHHGFFK08DA,坡道平面,0,23.45,地下一樓
RPXNMLMKJHHGFFK78DA,坡道平面,0,24.56,地下一樓
RPQOMLMKJHHGFFK18DA,坡道平面,0,24.56,地下一樓
RPSOMLTJKHHGFFK09DA,坡道平面,0,24.56,地下二樓
RPTOMLTJKHHGFFK56DA,坡道平面,0,24.56,地下一樓
RPVNMLRKKHHGFFK56DA,坡道平面,0,24.56,地下二樓
RPOPMLQKKHHGFFK58DA,坡道平面,0,24.56,地下二樓
RPPOMLTJKHHGFFK78DA,坡道平面,0,24.56,地下二樓
RPUNMLRKKHHGFFK09DA,坡道平面,0,24.56,地下一樓
RPXOMLLLKHHGFFK98DA,坡道平面,0,24.56,地下二樓
RPQPMLLLKHHGFFK38DA,坡道平面,0,24.50,地下二樓
RPTNMLNJLHHGFFK58DA,坡道平面,0,24.56,地下二樓
RPUNMLNJLHHGFFK68DA,坡道平面,0,24.56,地下一樓
RPXOMLQJKIGGFDK09DA,坡道平面,1100000,24.36,地下二樓
RPQOMLLLKHHGFFK28DA,坡道平面,0,24.56,地下二樓
RPWNMLNJLHHGFFK88DA,坡道平面,0,24.56,地下二樓
RPWPMLQJKIGGFDK09DA,坡道機械,700000,18.50,地下一樓
RPSQMLQJKIGGFDK78DA,坡道平面,1150000,24.36,地下一樓
RPXSMLKKKIGGFDK98DA,坡道平面,1100000,24.36,地下二樓
RPSOMLNKKIGGFDK38DA,坡道平面,1100000,24.36,地下二樓
RPSPMLTKJIGGFFK56DA,一樓平面,0,,一樓
RPUNMLOKKIGGFDK58DA,一樓平面,0,9.92,一樓
RPXNMLKMKIGGFDK68DA,一樓平面,0,,一樓
RPXNMLKMKIGGFDK68DA,一樓平面,0,,一樓
RPQUMLKKKIGGFDK48DA,坡道平面,1150000,24.36,地下一樓
RPRQMLQJKIGGFDK68DA,坡道平面,1000000,23.29,地下二樓
RPRNMLLMKIGGFBK97DA,一樓平面,0,,一樓
RPPNMLPLJHHGFEK28DA,一樓平面,0,,一樓
RPVUMLKKKIGGFDK98DA,坡道平面,1000000,23.29,地下二樓
RPPVMLKKKIGGFDK48DA,坡道平面,1000000,23.29,地下二樓
RPQNMLSJKHHGFDK48DA,一樓平面,0,,一樓
RPWOMLQLJIGGFBK88DA,一樓平面,0,23.38,一樓
RPSPMLQJKIGGFDK68DA,坡道平面,1000000,23.29,地下二樓
RPTNMLLKKHHGFBK97DA,一樓平面,0,,一樓
RPTOMLNKKIGGFDK48DA,坡道平面,760000,24.36,地下一樓
RPTNMLNKKIGGFDK38DA,坡道平面,1100000,24.36,地下二樓
RPRRMLSJKIGGFDK98DA,坡道平面,1150000,24.36,地下一樓
RPXNMLRKKHHGFFK76DA,坡道平面,0,24.56,地下二樓
RPUPMLTJKIGGFDK56DA,坡道平面,1100000,24.36,地下二樓
RPUNMLLJKIGGFBK97DA,一樓平面,0,,一樓
RPSNMLLKJHHGFBK77DA,一樓平面,0,,一樓
RPQNMLMKJHHGFBK67DA,一樓平面,0,,一樓
RPTOMLMKJHHGFBK08DA,一樓平面,0,,一樓
RPWNMLRKJHHGFBK78DA,一樓平面,0,,一樓
RPUNMLRKJHHGFBK58DA,一樓平面,0,,一樓
RPROMLNLJIGGFDK28DA,一樓平面,1200000,,一樓
RPVOMLNLJIGGFDK68DA,一樓平面,1200000,,一樓
RPQNMLMLJHHGFBK77DA,一樓平面,0,,一樓
RPPRMLSJKIGGFDK78DA,坡道平面,1150000,24.36,地下一樓
RPPUMLKKKIGGFDK38DA,坡道平面,1000000,23.29,地下二樓
RPUNMLRJKHHGFBK58DA,一樓平面,0,23.38,一樓
RPQRMLNKKIGGFDK48DA,坡道平面,1000000,23.29,地下二樓
RPQRMLSJKIGGFDK88DA,坡道平面,1000000,23.29,地下二樓
RPRPMLSJKIGGFDK78DA,坡道平面,1100000,24.36,地下二樓
RPTTMLKKKIGGFDK68DA,坡道平面,1150000,24.36,地下一樓
RPWPMLTJKIGGFDK76DA,一樓平面,0,9.92,一樓
RPVNMLLMKIGGFBK38DA,一樓平面,0,,一樓
RPUNMLRKKHHGFBK68DA,一樓平面,0,,一樓
RPTNMLSJKHHGFDK78DA,一樓平面,0,,一樓
RPPOMLQLJIGGFBK18DA,一樓平面,0,23.38,一樓
RPSOMLQLJIGGFBK48DA,一樓平面,0,23.38,一樓
RPUOMLNLJIGGFDK58DA,一樓平面,1100000,,一樓
RPTPMLQJKIGGFDK78DA,坡道平面,1150000,24.36,地下一樓
RPRPMLNLJIGGFDK38DA,一樓平面,1000000,,一樓
RPWOMLNLJIGGFDK78DA,一樓平面,1000000,,一樓
RPSNMLLJKIGGFDK97DA,一樓平面,0,15.69,一樓
RPVNMLMKJHHGFBK18DA,一樓平面,0,,一樓
RPUNMLMKJHHGFBK08DA,一樓平面,0,,一樓
RPSOMLMKJHHGFBK97DA,一樓平面,0,,一樓
RPWNMLMKJHHGFBK28DA,一樓平面,0,,一樓
RPUQMLRKKIGGFDK56DA,坡道平面,1150000,24.36,地下一樓
RPQOMLMKJHHGFBK77DA,一樓平面,0,,一樓
RPROMLMKJHHGFBK87DA,一樓平面,0,,一樓
RPUOMLMKJHHGFBK18DA,一樓平面,0,,一樓
RPTNMLRKJHHGFBK48DA,一樓平面,0,,一樓
RPPPMLNLJIGGFDK18DA,一樓平面,1000000,,一樓
RPRNMLTKJHHGFEK78DA,一樓平面,0,,一樓
RPSNMLMLJHHGFBK97DA,一樓平面,0,,一樓
RPRNMLMLJHHGFBK87DA,一樓平面,0,,一樓
RPTOMLNLJIGGFDK48DA,一樓平面,1000000,,一樓
RPRTMLKKKIGGFDK48DA,坡道平面,1000000,23.29,地下二樓
RPOTMLNKKIGGFDK48DA,坡道平面,1100000,24.36,地下二樓
RPSTMLKKKIGGFDK58DA,坡道平面,1150000,24.36,地下一樓
RPROMLRKKHHGFBK58EA,一樓平面,0,,一樓
RPXNMLSJKHHGFDK56DA,一樓平面,0,,一樓
RPUNMLSJKHHGFDK88DA,一樓平面,0,,一樓
RPVNMLSJKHHGFDK98DA,一樓平面,0,,一樓
RPPTMLKKKIGGFDK28DA,坡道平面,1000000,23.29,地下二樓
RPQPMLQLJIGGFBK38DA,升降機械,0,17.53,一樓
RPWNMLSJKIGGFDK09DA,坡道平面,1100000,24.36,地下二樓
RPRUMLKKKIGGFDK58DA,坡道平面,1150000,24.36,地下一樓
RPQOMLQLJIGGFBK28DA,一樓平面,0,23.38,一樓
RPWPMLNKKIGGFDK88DA,坡道平面,1150000,24.36,地下一樓
RPVOMLRKKIGGFDK09DA,坡道平面,1000000,23.29,地下二樓
RPQPMLNLJIGGFDK28DA,一樓平面,1000000,,一樓
RPUPMLQJKIGGFDK88DA,坡道平面,1100000,24.36,地下二樓
RPTPMLSJKIGGFDK98DA,坡道平面,1100000,24.36,地下二樓
RPUQMLQJKIGGFDK98DA,坡道平面,1150000,24.36,地下一樓
RPOPMLNLJIGGFDK08DA,一樓平面,1300000,,一樓
RPOOMLOKKIGGFDK08DA,一樓平面,0,9.92,一樓
RPVOMLRJKIGGFDK98DA,坡道平面,1100000,24.36,地下二樓
RPSOMLNLJIGGFDK38DA,一樓平面,1000000,,一樓
RPQTMLKMJIGGFBK28DA,一樓平面,0,,一樓
RPQTMLKMJIGGFBK28DA,其他,0,19.34,一樓
RPSPMLRKKIGGFDK88DA,坡道平面,0,24.36,地下一樓
RPSPMLRKKIGGFDK88DA,坡道機械,0,18.90,地下一樓
RPRNMLLJKIGGFDK87DA,一樓平面,0,15.69,一樓
RPVPMLNKKIGGFDK78DA,坡道平面,1100000,24.36,地下二樓
RPSNMLKMJIGGFBK87DA,一樓平面,0,,一樓
RPTNMLRKKHHGFBK58DA,一樓平面,0,,一樓
RPVNMLRKKHHGFBK78DA,一樓平面,0,,一樓
RPQPMLRJKIGGFDK58DA,坡道平面,1100000,24.36,地下二樓
RPQTMLKKKIGGFDK38DA,坡道平面,1100000,24.36,地下二樓
RPROMLKMJIGGFBK87DA,一樓平面,0,,一樓
RPXNMLLJKIGGFDK48DA,一樓平面,0,15.69,一樓
RPPQMLQJKIGGFDK48DA,坡道平面,1100000,23.29,地下一樓
RPUPMLNKKIGGFDK68DA,坡道平面,1150000,24.36,地下一樓
RPOPMLQJKIGGFDK28DA,坡道平面,1150000,24.36,地下一樓
RPQPMLRKKIGGFDK68DA,坡道平面,1150000,24.36,地下一樓
RPTNMLKMJIGGFBK97DA,其他,0,19.34,一樓
RPXNMLKKKIGGFDK48DA,一樓平面,0,9.92,一樓
RPQOMLLJKIGGFDK87DA,一樓平面,0,15.69,一樓
RPWNMLKMJIGGFBK28DA,一樓平面,0,,一樓
RPWNMLKMJIGGFBK28DA,其他,0,19.34,一樓
RPWNMLPLJIGGFDK88DA,一樓平面,0,15.69,一樓
RPRNMLLJKIGGFBK67DA,一樓平面,0,,一樓
RPRNMLLJKIGGFBK67DA,其他,0,19.34,一樓
RPRNMLLJJHHGFCK67DA,升降機械,300000,,一樓
RPSNMLLJKIGGFBK77DA,一樓平面,0,,一樓
RPOOMLKMJIGGFBK57DA,一樓平面,0,,一樓
RPOOMLKMJIGGFBK57DA,其他,0,19.34,一樓
RPSPMLKMJIGGFBK08DA,一樓平面,0,,一樓
RPQNMLPLJIGGFDK28DA,一樓平面,0,15.69,一樓
RPPQMLKMJIGGFBK87DA,一樓平面,0,,一樓
RPTNMLLJKIGGFDK08DA,一樓平面,0,15.69,一樓
RPSNMLPJJHHGFCK18DA,一樓平面,708000,,一樓
RPQNMLLJKIGGFBK57DA,其他,0,19.34,一樓
RPTOMLKMJIGGFBK08DA,一樓平面,0,,一樓
RPTOMLKMJIGGFBK08DA,其他,0,19.34,一樓
RPPOMLKMJIGGFBK67DA,一樓平面,0,,一樓
RPQOMLKMJIGGFBK77DA,一樓平面,0,,一樓
RPQOMLKMJIGGFBK77DA,其他,0,19.34,一樓
RPUNMLLJKIGGFDK18DA,一樓平面,0,15.69,一樓
RPTNMLLJKIGGFBK87DA,一樓平面,0,,一樓
RPTNMLLJKIGGFBK87DA,其他,0,19.34,一樓
